   1.50033200      0.170955509      -3.90672421    
 -0.114010468       6.21939916E-03   1.78602282E-02
   1.06680831E-02   9.61201414E-02  0.118108556    
  -2.80408645       1.08220613      0.260594696    
  -3.59809160      -2.53620958      -1.69156647    
  0.117119387       9.24218446E-02  0.369717211    
  0.218535036     -0.128568903     -0.191699654    
  -6.88649490E-02 -0.389928788      -1.41101551    
  0.169854835      0.560063004      0.179038286    
 -0.553886831      -1.02392817      -1.02252007    
  0.205374062      0.304189980       6.55386969E-02
 -0.644900441      -2.47207247E-02 -0.114281490    
 -0.209410027      -1.02279246      0.317262679    
  -2.39153004       1.34612429      -1.76842570    
   18.0999737       8.63543987      -3.75199604    
   3.82359910      -5.74717665      -1.81848907    
  0.970943630       1.94134820      -1.28183794    
 -0.672186077      0.652615309       1.00132799    
   7.22829866       5.69612360      -2.13580871    
  0.178488404      0.389326036      0.423852354    
  -1.46708822       1.02214789       2.40375400    
   1.48853352E-02  -1.67977774      -1.77163649    
  -2.19313002      0.380402684       3.34667420    
 -0.114076503      -6.61720037E-02  -4.31196690E-02
  0.242468074     -0.195304811      0.204978585    
  -7.58747578       44.9224739      -1.19194865    
  -9.39627075       4.23474741      0.710131705    
  -1.42126691     -0.380648613      0.883171022    
   4.06418256E-02   8.41213614E-02   1.34905558E-02
 -0.767471373       4.33516264      0.485556126    
  0.143564641     -0.978851914      -5.00785038E-02
  0.106246807       7.46110156E-02 -0.236402825    
  -8.07294026E-02 -0.476626396      0.331432492    
  0.326260686      0.750428855      -9.91888158E-03
 -0.182442665      -4.07872647E-02   1.27918673    
  0.765790224     -0.610452175      -1.27672553    
 -0.608498275     -0.200211346      0.278652996    
 -0.447746903     -0.334440410      0.127934039    
 -0.248641476     -0.180927008      0.184651017    
 -0.201457933      0.398918897      0.137303188    
 -0.704705298       4.95512560E-02  0.662768841    
   7.21981227E-02 -0.229626089     -0.169793695    
  0.929095626      -8.34289193E-02  0.614815176    
  0.653475583     -0.545467734      0.106186263    
   1.51403880      0.289754093      -3.36380029    
  0.159373403      -6.82142749E-02  -5.31472228E-02
  -1.72955334      0.122835010     -0.651916564    
   6.40355778       1.45744514       1.37447083    
  0.962020636      0.149532184      -8.39043036E-02
   6.10228535E-03  0.112632059     -0.174512461    
  0.112404093       5.56483157E-02  -4.79064230E-03
 -0.438517123      0.306011289      0.114162371    
   1.03576863     -0.494909734      0.186380312    
   3.72832227     -0.721915662      -7.16720724    
  -8.16433430E-02  0.222850248      0.421308011    
  0.730340481      -3.40432000       6.89128861E-02
 -0.859942317      0.428340197      0.775244832    
 -0.699413240     -0.138192415      0.980861723    
  -2.39239883      -3.37946796      -3.65849066    
 -0.274284720      -1.12379193       1.30101752    
  0.810969591     -0.392108321      -1.09832466    
   3.60605240       2.69447684       1.65486121    
 -0.143980354      -7.53267258E-02 -0.146942571    
 -0.620300591       2.88806629      -5.47035837    
  -1.26688409      -1.26097071      -1.33633423    
 -0.162415713     -0.124992207     -0.226940274    
  0.289370298      0.256832480       7.34458789E-02
  0.495399445       7.00860322E-02 -0.805811048    
 -0.343816608      0.117016226      0.286955327    
 -0.192469329      -1.32888067      -1.69910610    
  0.745317578     -0.326642513      0.749468207    
   3.41340804       2.01363540      0.583934665    
   9.52032059E-02  0.126041174      -1.47855170E-02
 -0.123350918     -0.136961803       5.18161394E-02
   3.93128172E-02  -4.73788334E-03   3.85802165E-02
 -0.584465563      0.260446519     -0.564711452    
  0.416007400     -0.772522688      -3.17505226E-02
   1.33315980      0.169955149     -0.822853029    
 -0.261961937     -0.286945522      0.112231620    
  -2.67465040E-03  -5.49038611E-02 -0.141957983    
 -0.242489025       2.59264149E-02   1.66350491E-02
 -0.112356074      0.225756615      -4.17071730E-02
  -4.89792489E-02   3.53163085E-03  -5.02177216E-02
  -4.70405769      0.335059285       2.25040746    
 -0.138670504     -0.367993057      0.328072429    
  0.573958278     -0.900396585     -0.673547089    
 -0.184587896       8.18773210E-02   1.22491084E-03
   4.02761586E-02  0.141849533      0.108082227    
   8.24662223E-02  0.128757268       6.05757497E-02
  0.129063860       3.71815413E-02  0.493863851    
   4.98400675E-03  -1.26626849       2.04268241    
  -4.83740759      -2.60190868      0.513604403    
 -0.154861450      -3.78237367E-02 -0.153137490    
   4.41204834       5.80154133      0.659300029    
  0.430505812       8.97872671E-02 -0.332437962    
 -0.330155909     -0.728913426      -2.83761048    
  -1.01918912     -0.160189211       7.31575564E-02
 -0.130003065      -1.12781179     -0.799935699    
  0.878507435      -1.22357845      0.138705790    
 -0.757608116      -4.33399248     -0.352819234    
  0.112989329     -0.172194064      -8.86102766E-02
   2.81918502      -1.91822100      -2.37160373    
  0.287350267      0.113608614     -0.374895185    
  0.765244365       1.72427320       5.71979955E-02
   6.91341981E-03   6.75757676E-02  -1.29407188E-02
   9.75848436E-02 -0.111283876     -0.113248259    
   6.60388172E-03   8.83050077E-03   3.63657065E-02
  0.517257750      -6.74856329      -1.04909098    
  -3.59378290       3.34135795      0.566127479    
  -8.17111135E-02  0.893191874      0.802816987    
   1.74711263     -0.462523252       1.64152932    
  -1.60589442E-02  0.372112691      -5.08801639E-02
  -4.50802408E-02   1.78455729E-02 -0.218804181    
  -2.98561430      -1.19501758      -2.34477377    
 -0.368974537     -0.222942293     -0.527112722    
 -0.176460981      -1.42495096      0.250399649    
   11.0654860      -4.63066387      -1.96924400    
  0.337058991      -3.27055752E-02 -0.176822841    
   2.46371031      0.543327987      -7.96850324E-02
  -5.58186173E-02  0.165705532     -0.269672304    
   5.87296486E-02   4.40244973E-02 -0.166916996    
  -6.49077771E-03  -8.03323165E-02   1.09450500E-02
  -1.21606696      -2.37639666     -0.327658117    
  0.916751027      -2.91138935       1.78107727    
   7.92798027E-02  -7.17760324E-02   9.90625173E-02
  0.352234274       1.37564909     -0.935427547    
  -1.03610897      -2.16837072      -1.48117208    
  -1.10226238      0.756954491       1.26635277    
 -0.206113294      0.433334172      0.254619509    
 -0.222316504       7.99886230E-03   1.44361305    
  0.909333766     -0.114099734     -0.607359827    
  0.618315876     -0.956357777     -0.589152098    
  0.606851459      -2.67450921E-02  -2.29758525    
  0.978286982      0.619036794     -0.802555382    
  -1.11221615E-02  0.111342095       3.95063981E-02
 -0.332934499      0.156120658      0.349995792    
   8.36594403E-02 -0.127474293      -4.70794216E-02
  -1.13822103     -0.577332616      0.725329936    
  0.478380293      0.740914106      -2.62080450E-02
  -7.80498385E-02  0.323043376     -0.461867839    
  0.200803041     -0.175428033      -3.54157996    
  -2.22553802       1.73926258     -0.899656177    
 -0.804383278       1.85610747       2.59123039    
  0.372032493      0.345089525     -0.416957676    
 -0.952606618     -0.943490744       8.13147947E-02
   3.70907855     -0.917706966      -2.17122197    
 -0.105133153       9.85222980E-02 -0.422807485    
 -0.340759277      0.836589932      0.959761679    
  -4.37412691      -3.16745019     -0.698120832    
 -0.753626943      0.953334451      -1.92659807    
  0.126183704     -0.219291061       6.64315745E-02
 -0.250749201      -3.08889842      -4.62527704    
  0.574355721      0.146193460      -3.89779843E-02
  0.825537384      -1.23627841      -1.43238544    
  0.935573936     -0.186230943     -0.893455684    
  0.156070709      -5.50361946E-02 -0.315261573    
  -2.06713267E-02  0.684047222     -0.300937027    
 -0.250152290     -0.129020780      -3.28186639E-02
   2.22679424      0.819548428      -2.41309834    
 -0.258876354     -0.232876837      0.791634440    
  0.195880830      -6.64711818E-02 -0.166537851    
  -5.25037535E-02   8.43494236E-02   5.41446954E-02
 -0.377344638     -0.374973118       6.21739263E-03
   8.25634897E-02  -6.91544116E-02  0.113967285    
  0.198037013       1.41293514      -1.41259086    
  -9.94997472E-02 -0.361196935     -0.541875601    
  -5.05021624E-02   3.18161435E-02   3.38248983E-02
 -0.252767742      -8.30553025E-02  -4.36874740E-02
  -2.31869030     -0.445449829      -1.76025772    
   1.10099781     -0.304052830      -1.12744021    
  0.113209836       3.56483683E-02  -2.06756592    
  0.388696611     -0.294656277      0.474357694    
 -0.919331610      0.450629652       2.69248080    
  -2.29821420      -3.71671438       3.37216711    
  -1.09842610      -1.08160269      -1.24732566    
  0.795325577      0.123670198     -0.513316333    
   6.42246455E-02  -6.48188442E-02  -6.53427839E-02
  0.533408523      -1.01056981      0.997174442    
  -1.70143902       1.19276476       1.70153725    
   6.62434399E-02  0.416948885      -8.08778480E-02
   3.31036709E-02   6.02307916E-02   2.03860085E-02
 -0.349711746      -7.92376697E-02  -7.29788691E-02
  0.478184253      0.378382385     -0.195785612    
  0.189313516      -6.62157312E-02  0.545323670    
 -0.986221552       4.26430218E-02  0.932096601    
   1.06827867      0.150508359     -0.625135243    
  -10.1225090       11.8867931       17.6832123    
  0.498059362      -1.84183443       2.89187050    
  -2.69000769       1.23927188     -0.987117529    
  0.131301209      -1.64266050       2.76281142    
 -0.223196879      0.202749074     -0.238926053    
   1.09169841       1.02214694     -0.815561473    
  0.325914711      0.131929010      -8.55763853E-02
   1.61194813       1.16645420      -1.21628940    
  0.321129203      0.548482299      0.575730562    
  0.188315079      0.447343767      0.594587386    
  -1.31830776       1.13597643       1.02973735    
 -0.315423220     -0.308805764     -0.166940734    
  0.641153157     -0.185785174      0.382738888    
  -17.4990101      -5.74386492E-02   4.45979071    
   1.15299273     -0.956300437      0.226489797    
   3.00578499      0.750717103     -0.594776034    
  -8.35614465E-03  -1.14726806E-02  -4.58167866E-04
  -3.78856994E-02   7.25405151E-03  0.370718449    
   2.32918970E-02 -0.143168718      0.161329433    
  -2.10988116      -3.31170130       1.50664866    
   2.52061057     -0.450916350       1.15203404    
  0.749835849     -0.257462859       2.73956585    
  0.102621987      0.135870263      -9.94080678E-02
  0.704274476     -0.766894221       1.71252501    
  -3.80750895E-02  -2.96836905E-02   9.44439322E-03
 -0.253363907      -2.38462333E-02   3.49587761E-02
  0.939039111      0.326536566      -2.52024627    
 -0.165095285      -8.96551758E-02  -9.27690119E-02
  -3.87804604      -2.07546473      -1.47223067    
 -0.217544749       1.46364379     -0.377357095    
 -0.520160496       2.81994367     -0.704107225    
  -2.70196939     -0.233041123       2.32787347    
   3.66079330      -2.54915142       1.23670363    
   2.07312815E-02  -6.60625994E-02   4.33660485E-02
  -2.57385825E-03  0.254632026     -0.302268773    
  -4.18854475      -2.15431285     -0.584007442    
 -0.790285647     -0.178796917      0.478186965    
  0.392302722      0.425276697       1.02121413    
   8.93437266E-02  0.310337991     -0.127143010    
  0.780916750      -4.43916702       1.81014705    
  0.335808724      -3.66043039E-02 -0.121618085    
  0.775308132      0.116958477     -0.219019264    
  0.920557439       2.63697553       2.26557970    
  0.558655202      0.107778311     -0.212959051    
  -2.25287199       2.54162526     -0.755168080    
  0.103480063       7.79024586E-02  -9.33675170E-02
 -0.108573124      -3.72350514E-02  -4.23973389E-02
  0.279597014       7.19672516E-02 -0.442780882    
  0.914625227     -0.887991786     -0.185033083    
  -1.41761458     -0.346807629     -0.339548558    
  0.302571535      -5.68625517E-03 -0.167407781    
 -0.162304819     -0.188075334      0.108749993    
   4.16265801E-02  0.103088342     -0.633014560    
  0.597349882      0.297572434     -0.673274815    
  0.448959619      -1.29528177       9.22456160E-02
 -0.218254596      0.327851087      0.258192718    
 -0.423943579      0.548986375     -0.382654339    
  0.110228635      0.343597710     -0.469876677    
   1.46380626E-05  0.883639932     -0.610708416    
 -0.295149565     -0.214715436     -0.232288778    
  -3.82699251      -4.41164114E-02  0.543369532    
  -8.20447356E-02 -0.105504364      -3.39736491E-02
  0.155151337      0.382864028      0.522805274    
   1.88343358      -9.97477174E-02  -1.15780246    
  0.545285046      -1.52633798      0.377005786    
 -0.100906700      0.206432730      -4.26055752E-02
 -0.678433001      -1.89790535      0.916549802    
   1.26679671      0.528733313      -1.51173949    
  0.177383661      -3.23653854E-02  0.116499141    
   2.41080618     -0.194921061       2.77984571    
 -0.192798093       6.53580055E-02   4.22297120E-02
  -2.58669369E-02   4.45134938E-05  -6.92495704E-02
  0.249779582      0.170765013     -0.388116539    
   2.87827611     -0.422611982       6.05829144    
  -2.45572519       6.32838830E-02 -0.537961066    
  0.253034860      0.227773562     -0.140673235    
 -0.241105989      -1.63248277      -1.26356983    
 -0.208029017     -0.269760430      0.552028954    
 -0.181502789      0.312422067       1.70983529    
   2.52260780      0.414769381      -2.38886309    
  -13.9435797       6.62357855       1.62602150    
  -3.55117992E-02   3.25116403E-02   2.27013845E-02
 -0.395588636      0.357304990     -0.416973710    
  0.264188230      0.362604082      0.460031271    
  0.439320713      0.110226050     -0.114941388    
 -0.350105405       2.76668668E-02  0.367058575    
  -3.57538724       4.66554308     -0.349300504    
   2.37470078     -0.836613595      -2.49420953    
  0.191038072      -9.09982845E-02  0.112944037    
   3.80548143       3.25862312      -2.29818535    
   7.23021603      -15.0991821      -20.2270775    
 -0.150383249     -0.200221986       1.18891060    
   1.21489811       2.11803770     -0.701661408    
   6.08817004E-02   4.03005108E-02   3.14831957E-02
  -1.21626222      -2.60244679      -1.12499547    
   3.78060460       2.35780740       2.07846165    
  0.252416521      0.354019612      0.881874084    
  -2.86932683     -0.680506885       1.82011366    
  0.550572813      -4.03292465      0.908757985    
  0.271722227      0.273384899     -0.313464463    
   1.91987492E-02  0.114976637     -0.122511812    
 -0.131756455     -0.505120754      0.791083038    
  0.784620583      -1.28271937      0.622904539    
  -1.61745667       1.42730749       2.67530251    
   2.72089672       3.00390220      -2.60565996    
  0.424053222      0.124938600     -0.189764798    
  -5.88233843E-02 -0.407172829       6.12370521E-02
   3.74761653       1.33522379       2.28415561    
 -0.249768659     -0.278254777       1.72157431    
   2.24948144     -0.962965488       1.76039004    
 -0.309449971       4.76104245E-02   4.04154882E-02
  -9.67364088E-02 -0.153734088      0.204455048    
  -6.27006516E-02   9.92973670E-02  -1.39171910E-03
  -3.49325947E-02  0.115128405      -8.45217779E-02
   5.60598709E-02  -4.03601350E-03  -4.68043946E-02
  -3.42471337       1.25912750     -0.444593638    
   4.11946140E-02  0.159096062     -0.935962200    
 -0.119030982       5.12971431E-02 -0.196549654    
  -2.36206949E-02  0.100077398     -0.220219791    
 -0.685555935      0.363091201     -0.272080421    
   1.76847875E-02   5.53660728E-02   8.21142830E-03
   3.47063318E-03  -7.47096390E-02   1.46722728E-02
  0.290411562       8.16949410E-04  0.343443871    
   6.21711789E-03  0.118592128      0.175313860    
  -5.70555180E-02   2.12529581E-03   1.12268068E-02
  -1.38711883E-02   4.12096828E-02 -0.659518838    
   1.94838059      -1.12053549     -0.512674510    
   1.82522517E-02  0.391897172       1.13187909    
  -4.33506203      -1.07462728       3.06287217    
   1.53120625      -3.04491282       2.45307541    
  -1.59297362E-02  0.944375515      -8.60278606E-02
  0.282256603      -9.62831303E-02 -0.262448609    
 -0.335720688      -4.32160997       3.91270208    
 -0.223300964       2.01047754     -0.795794606    
  -1.22903037      -2.39273328E-02  0.745694876    
  -8.22461510      -6.70135117      -1.64355350    
  0.375291228     -0.355577230     -0.567228854    
  -2.31434202      0.432837933       1.98113501    
   1.58326733       2.62141967       1.21787643    
  0.106429346      0.269624025     -0.228754759    
 -0.164349735      -9.71201584E-02  0.151645005    
  0.418503821      0.542302310      0.402037501    
  -9.72518474E-02  0.275861084      0.107323289    
 -0.249159530     -0.784842908      0.470428765    
   7.39045143E-02  -9.67306346E-02  -7.36077651E-02
  0.715659738      -9.94829610E-02  -2.18715649E-02
  0.550662279      0.853956759       1.38854051    
  0.967782855       1.41877425      -1.34040666    
   9.28671435E-02   6.51018545E-02  -1.14551643E-02
 -0.141774341       1.98744945E-02  -4.92590219E-02
 -0.120681584       9.74476933E-02   1.43718813E-02
 -0.553279877     -0.108884811      0.574042678    
  0.108669072     -0.293446928      0.268131286    
 -0.165936247      0.359170139      0.109934501    
  -1.69079351       2.30256510       4.36503410    
 -0.915745735     -0.484903961     -0.495489985    
 -0.659945309       3.12427211       4.40357924    
  -8.72074962E-02 -0.144821227      0.212562710    
  0.624746084     -0.238221914     -0.937524974    
   1.47205088E-02   6.46976456E-02   1.37128979E-02
  -3.45852089      -1.99108410     -0.970291853    
  0.785625160      -2.68046093       1.69419229    
   4.42269072E-02 -0.241606891       7.12712407E-02
   1.08577274E-02   4.11720900E-03   1.28945746E-02
  -1.12057738E-02   1.99637953E-02   2.22580135E-02
 -0.438363642      -2.08821106       5.39620924    
 -0.781894088       2.25859918E-02   1.15406954    
 -0.684970558      -2.63083596E-02   1.11696494    
 -0.442153841      -4.62527561       2.54189157    
   7.15278164E-02  0.193388239     -0.179161802    
 -0.187858850      -3.44645716E-02   5.91661111E-02
 -0.352868527      -2.04059388E-02  0.621248364    
  -1.53482378       4.78310809E-02   1.31799793    
 -0.357589036      0.529166937      -7.75166824E-02
  -2.52584124      -1.08915687     -0.253562748    
  0.877564132     -0.147996277     -0.455064863    
  -9.12859365E-02   3.83465700E-02  0.108027101    
  -4.01544237      0.624814093      -2.28998923    
  -1.42242849      0.560280204       1.99147666    
 -0.238733858      0.553754330      0.535077512    
   6.02073036E-03  0.157880440      0.290958852    
 -0.668451786      -6.63497970E-02  0.723619163    
 -0.308127940     -0.111883342     -0.189978614    
   2.54505253      0.403955847       1.20983254E-02
   2.01617193       1.65224588       4.34002161    
   3.08690405      0.704969943       1.62702823    
  -3.40464450E-02  0.350440234      -9.55154821E-02
  -1.19247365      -9.24375560E-03 -0.154609457    
  -2.21984816     -0.340482086     -0.283110708    
  -2.09646749     -0.695490837      -3.72554755    
 -0.352978945      -1.98887670     -0.441429287    
  0.284304142      -4.40872647E-02  0.504048944    
   3.50957084       8.49160478E-02  -3.93209028    
  -1.27760768     -0.561398923      -3.33950090    
 -0.161547542      -6.07044064E-02 -0.173876926    
  -3.67470908      -1.40757076E-02   1.89115167    
   1.79406013E-02   6.44605467E-03  0.117553078    
  -2.25418401      0.523268521       2.80118895    
  0.262495100     -0.213114858     -0.117333733    
  -8.13790858E-02  -2.14717537E-03  0.115150765    
   7.70222917E-02  -8.20293929E-03   2.20304020E-02
   3.75448108       5.10854959       1.31678224    
   4.84469235E-02  -1.72378290E-02  0.104251839    
 -0.226140529     -0.387397259       1.03771186    
   7.12696537E-02 -0.130272195       9.07963514E-02
   1.91742443E-02  0.154370844      -8.22336823E-02
   1.86376882       1.25841212      0.208740756    
  0.778492630      -1.31082499       2.83043957    
  0.187724322      0.124720149     -0.456650972    
  -4.30587828E-02 -0.116759956     -0.368323982    
   6.81880191E-02   1.47981191      0.739501655    
 -0.158671871     -0.278034329     -0.212404609    
   1.77298105      0.153437734     -0.253205299    
  -1.47588360      0.213938653      0.159508720    
  0.300996125     -0.160782844      0.119949780    
  0.244470254     -0.197028652     -0.168451935    
   4.11711597     -0.627327502      -1.64226091    
  0.822414160      0.777312160      0.683625996    
  -2.56326366E-02  -2.18156166E-03   1.67665854E-02
  0.117248267       8.58870894E-02 -0.378068238    
 -0.440987617     -0.457518309       1.55321574    
   7.96926487E-03   1.31102836      -1.12892365    
   1.49098361     -0.637346685       2.51922917    
 -0.419018924      -1.26789737       4.42274332    
   7.85466731E-02   2.87070498E-02   6.72126785E-02
  -1.06055760      -1.98373441E-02 -0.239896640    
  0.140831575      -9.51882452E-02   4.85151522E-02
   7.32513294E-02 -0.102270804      -5.48336916E-02
   5.58356009E-02  -7.95749575E-02  0.208791018    
   1.35601068      -1.95869291     -0.134174719    
  -1.70435286      0.543642938       2.35271406    
 -0.127488688      -1.55614913      -1.53913414    
 -0.632754385     -0.348866969      0.631217480    
  -3.23967338      -1.61177158      -2.31388235    
 -0.157743514      -9.54595581E-02 -0.288185716    
  0.870725274       1.93139791       1.05772460    
  -7.25550577E-02   8.41734838E-03  0.107618265    
 -0.650340796      -1.66408002       2.25934482    
  0.685527563     -0.322719485      0.452745080    
  0.148918465      -1.92706455E-02   6.62880018E-02
  0.478477716       1.32040846      0.148565456    
  -1.89800858     -0.354433745      0.211302742    
 -0.277558714      -2.22547388      -1.65203893    
  0.218791410       1.28793521E-02  0.556340218    
  0.755790830      -1.21934187     -0.409515768    
  0.607265353      0.463129491      -1.32102060    
  0.335868210      0.136062786       6.92324340E-02
 -0.407144040      0.156893566      0.136856884    
   4.76579714       3.82176065       1.08985150    
 -0.206050783      -7.95382708E-02  -9.92824063E-02
 -0.959170043      0.564149797     -0.253083944    
 -0.196303427       3.33266817E-02  0.351988256    
  0.147352710      0.925648510     -0.613484025    
   1.94689238     -0.263627678      -1.45720887    
  -2.31182170       2.41291597E-02  0.117222287    
   2.49825263      0.356648326      -2.15677476    
  -4.27725539E-02  -2.50683278E-02   9.41683576E-02
 -0.510370731     -0.862388194      0.712639034    
 -0.676008046      0.791917920      -3.26367712    
  -4.20516443       5.00013733      -1.62060702    
   1.36792791      0.201495275      -1.23913908    
  0.221809492     -0.833437324      0.635668218    
  -4.42780890E-02   1.88286495      0.573282540    
 -0.529221654       3.76190281      -1.20118451    
 -0.537394047       1.09118509     -0.852254748    
 -0.171934277      0.105115183     -0.206522301    
  -3.31500992E-02  0.109926231       3.76544967E-02
  0.486845255      0.274681240     -0.175419629    
  0.596271992       1.40184069      -2.47538018    
  -1.34060824       2.23493910      -2.24073148    
  -2.87051369E-02   9.10305530E-02   5.05292751E-02
 -0.845630169      0.947785258      -2.33862257    
   1.10755646      -1.11548388       9.08104107E-02
   8.60967934E-02 -0.125043944      0.151514515    
  0.637127757      0.216656685       5.94046637E-02
  0.131325379      0.512858212      -5.24037361    
 -0.115261547     -0.331505954      -4.91381399E-02
  -5.18378639      -4.18957376      -5.06025743    
  -3.03219175      -1.11800861     -0.333274662    
  -1.61235619      0.830718219      -4.86485529    
 -0.311376840      0.200184599      0.580811560    
  -6.44872618      -2.33107257      -1.43340194    
  -4.22468805      -1.92118120      0.743856788    
   9.29602534E-02   4.95943278E-02 -0.247833028    
  0.524991572      0.528216004     -0.101328723    
   7.78112113E-02  0.131584480      0.188917249    
 -0.387094110       3.83219838       3.94432807    
  0.919717252      -1.46757030      -1.26568425    
 -0.212364122       2.70494819       3.45471859    
   5.02359867E-02  0.274994671     -0.210209325    
  0.361176312       9.98783931E-02 -0.202748880    
 -0.364303201      -7.98751488E-02  -7.37653524E-02
  0.267730504       4.34119627E-02 -0.223361284    
  -5.69373989       7.28722620     -0.714958251    
  0.169403449       3.23307421E-03  0.121383823    
  -3.14321971     -0.343943715       1.39567888    
  0.664907277      -2.64134169     -0.998075128    
  -1.07701682E-02  -1.75681943E-03   3.29923443E-02
 -0.958002210       2.16098237      -3.22687769    
 -0.773287296      -1.17763698       3.50281429    
  0.141977370      0.118436404      0.129749000    
  0.873184144      -1.32016563       1.39587569    
  0.400257319      -9.21286196E-02  0.269814551    
   5.68337971E-03  -2.79798985      -1.42424750    
  -2.45194077     -0.262667149      0.254231662    
  0.267695874      -8.61860141E-02   1.48391783    
 -0.613953531      0.215378076     -0.361204505    
   4.02430391      -1.23483896       1.80853581    
 -0.408504784     -0.136962667      0.292662770    
   4.34000921      -3.12711644       1.19191182    
   1.33566368      0.803509235     -0.367928565    
 -0.162397295      0.156335801       1.31390691E-02
  0.915661812       1.36263394      0.142571613    
 -0.149814084       3.02469376E-02  0.100468323    
  -1.49201882     -0.272995800      -5.37239499E-02
 -0.205653444      0.383934408     -0.208376572    
  0.357531965      0.120812282      0.499022156    
  0.601200640     -0.386562794     -0.933652699    
   2.46344852       3.30280137      0.604738057    
 -0.254901469       5.74972406E-02  -6.76625073E-02
  0.843934238      0.595227063     -0.903853178    
  -6.99456083E-04  -5.79164475E-02 -0.450899452    
   1.26932347      0.277996004      0.242520943    
 -0.202914968       2.11686158       2.31630230    
   1.88849819     -0.437519580      -2.06057787    
   2.19957810E-02  0.926293731      0.344900787    
  -1.94924548E-02  -8.96347240E-02  -5.50248548E-02
   5.38017079E-02 -0.265218198     -0.126282722    
  0.326709718       6.09809384E-02  -1.13318098    
  -1.74458253      0.430780560     -0.218176350    
  0.539807320      0.180109337     -0.523220956    
 -0.285500437      0.362693101     -0.238643125    
 -0.517106771      0.856545746       1.84708476    
  0.144227758      -2.36382341       2.26933479    
   1.46034360       1.85211253      -1.82140946    
  0.302718788     -0.260431558      0.443872929    
  0.942939878       1.15606928      0.674579263    
 -0.561437786     -0.774939716     -0.511080503    
  0.845777392     -0.310105652      -2.74119735    
   2.91247582       1.89192665      -3.61590290    
   1.17217660      -3.38636827      -2.07332563    
   7.69598456E-03 -0.153985068      0.193900496    
  0.659022272      -2.94830751      -1.92842555    
  0.911032975     -0.853724957      0.456283450    
 -0.860687315      -1.32924247      -3.02797890    
  0.424479336      -7.73853064E-02   3.92748117E-02
  0.324436754      0.123568356     -0.187040314    
   3.44559240       1.38949811       1.19261026    
  -1.72766888       1.13909078       3.13358355    
  0.560339808      -2.46703219       1.56002319    
  0.155081958      -1.24858078E-02 -0.139973983    
 -0.151968628      0.126038909      -1.79704838E-03
  -2.95362401      -1.06222260      -1.12727135E-02
  -1.12500978      -5.46927713E-02  -4.29936163E-02
 -0.213969380      0.338242859      -7.50410333E-02
   6.09698631E-02  -1.99374092      0.545740902    
  0.469326407      0.599963486      -2.19729233    
 -0.582211971     -0.216575488      -3.88763547E-02
  -4.76065063      -4.82781935      0.553751111    
 -0.448294342      -1.46562266      0.719560862    
 -0.532449901      -1.72232342       2.57210755    
  0.700580180      0.392082155     -0.175283492    
   3.95047851E-03   7.12289214E-02  -5.04720211E-02
  0.871040285      -4.22862619E-02 -0.213111162    
  -7.92197287E-02   9.19194221E-02 -0.200625017    
  -2.51385104E-03  -4.47891168E-02 -0.155418888    
  -3.50165623E-03 -0.204676092     -0.560052335    
   7.02829123      -49.8082428      -2.34640026    
  -4.10289955       3.56037092      -1.34936142    
  -1.05123234      0.485643774       1.59725964    
 -0.755365968       6.01907539       10.5065212    
  0.276119769      0.261517286      0.155089706    
  0.465240628      0.510088682       6.80949315E-02
  -2.71805978       2.19415784      0.138625264    
  -7.95249045E-02  0.188612834      -1.40680475E-02
  0.350685388      0.542915285       2.64886928    
  0.574320793       1.03202903      -2.56977940    
  -1.20078778     -0.230150327      -2.24975850E-02
 -0.980411708     -0.722776771      0.860382259    
   5.70084117E-02  0.353519320       6.70936927E-02
   2.49329638      0.700263143      0.613553822    
 -0.607300341     -0.868559599      0.814416051    
   5.35325818E-02  -9.59368050E-03   9.13741067E-02
   1.11040926       1.66257107      0.658658743    
 -0.316535115       1.17868602      0.574444652    
  -6.93550929E-02  0.823698640      -8.87794569E-02
  0.892426610     -0.958659351       1.98356605    
 -0.183540583       9.26175267E-02   7.41204545E-02
   1.47839820      0.898904979      0.405009598    
  -17.4267139      -5.05744791       2.73449850    
  0.185145780      -5.69475163E-03  0.332967192    
  0.165947571       1.69066750E-02  -3.33878100E-02
   2.80953646      -6.41631708E-02   3.03200388    
  0.110447183      0.526771963       8.27435181E-02
 -0.651153266      -2.33989334      -1.78295374    
 -0.225010812       2.02290583     -0.812683761    
 -0.455325156      0.580735207      -1.74513674    
  0.111802697      -5.98995993E-03   5.40513471E-02
   4.45854664      -12.0599709      -1.31559157    
   3.13965883E-03  -7.61174113E-02  -5.63487411E-02
 -0.638574600       5.70041323       4.16611528    
   1.22831762       1.51766932      -2.45927978    
 -0.336294919       3.76934819E-02 -0.154628769    
   1.25207114      0.326469421      -1.00547791    
   5.63567591      -1.58314312      -4.90841198    
 -0.140942365       4.47669476E-02   9.17364843E-04
  -2.48504543      0.535745144      0.381222367    
  0.508936167       1.11347997      0.385478824    
  0.192851812      -1.27673764E-02  -6.23667054E-02
  0.405271262      -6.30847886E-02 -0.310010165    
   2.64298227E-02   2.05826946E-04  -3.52127058E-03
   5.96997213      -2.85781097      0.151382625    
   3.79037745E-02   2.30234377E-02   4.36448753E-02
   9.29285362E-02 -0.105794378       2.42487937E-02
  -1.63173914      0.846525967       2.18822455    
  -4.65665102      -1.71785891       1.86046445    
  -1.00464070      0.689265192      -1.05907023    
   7.00026378E-02  0.320036978     -0.141641647    
  -2.61745118E-02  -8.83724354E-03 -0.220459282    
 -0.129126489      -6.74534813E-02   5.61131127E-02
  0.108372912       2.93407422E-02 -0.127362713    
  0.511325359      0.168260232     -0.484156430    
   4.94581200E-02  0.492594391      0.627499402    
  -2.49011111      -3.62435356E-02   3.28426170    
  -3.17652774      0.294696957       1.70793533    
 -0.290573508     -0.957408965      0.357232332    
   1.45303869     -0.764540672      -5.78138866E-02
  -3.69321816E-02  -7.46002123E-02   4.48265411E-02
  -3.93010926       3.87354231       1.69471776    
  -4.80344556E-02 -0.178263873     -0.139865950    
  0.125505626      0.575460672     -0.714791179    
 -0.231048211      0.221459076       5.94834089E-02
 -0.282190740       7.26693869E-02 -0.122775048    
  -3.88536789E-02   2.86357813E-02  -2.99492069E-02
   3.52109337       1.48544729       1.03126073    
 -0.320859790      -8.50556046E-02   1.54421771    
  0.232421041      -2.38895369      0.644265771    
   2.37754393     -0.862508535      -2.15696526    
  -2.05130763E-02  -2.14650836E-02  -5.58241419E-02
  -2.11003852      0.638935864     -0.376795530    
  0.242808506      -2.08114795E-02   1.58437300    
  -2.56524992       2.92114282      -2.06763268    
  -3.39859629      0.762047470      -1.04088044    
  0.294669837      0.977381349      -6.51330423    
   1.09676206      -2.91775203       1.80453634    
 -0.405725688      0.415222645     -0.165515080    
  0.128539637     -0.232439056      -7.12838843E-02
   2.54729688E-02   1.69573891       7.19400644E-02
  -1.30990517      0.184412941     -0.370774090    
   8.61055553E-02   2.97352411E-02   2.24509044E-03
   2.07336903      -2.83170867       3.95760417    
 -0.330807745       4.04728428E-02 -0.206658155    
  0.154716969     -0.241674185     -0.189436942    
   5.63971214E-02  0.123376086     -0.188014045    
  -5.11992788      -1.50812721      0.337737232    
  -3.57898402      0.399818242      0.160048902    
  -1.09803963      -1.73383975      -2.11245370    
   1.63049173     -0.182002097      0.963823378    
  -8.90692547E-02   6.69676140E-02 -0.191173822    
  -5.84027059E-02  -6.50417805E-02   8.05069357E-02
 -0.127251342       3.99325341E-02  0.173556671    
   6.05774559E-02   5.14000133E-02  -5.70496684E-03
 -0.113326885       3.80454326      -6.33417797    
  -2.73503923      0.422743171     -0.529132724    
   2.51933503      -4.10379219       2.40487337    
   9.90734026E-02  -8.24418850E-03 -0.211533278    
  -9.97508317E-02  -6.42532557E-02  -7.94128180E-02
   5.26620708E-02  -2.13283598E-02   1.22336466E-02
 -0.543138325      0.269635707     -0.533465564    
   7.76660740E-02   1.23583353      0.364565194    
  0.908709705       2.10850120      0.883791029    
  0.261022836     -0.127575696     -0.116284139    
  0.598837674     -0.380870044       1.12576067    
 -0.346948951      0.370051146     -0.802225709    
  -2.64334865E-02   2.02450659E-02 -0.233268768    
  0.255652338      0.906445742      -3.85117579    
  0.937816739      0.512409568      0.811641037    
 -0.384705096     -0.617851615      -2.31390309    
 -0.267757773      0.155911222      0.552324593    
   1.72535098      0.490905613       5.89788072E-02
   1.38012898     -0.107291482      0.646208525    
   1.31422114     -0.995431125     -0.937376559    
 -0.378531337      -1.99451709       1.54306555    
   4.18263115E-02 -0.148202181       4.17244844E-02
  0.458371192     -0.121661566      0.504737735    
   4.36790180       2.52724862     -0.255255729    
   6.58893120E-03  -2.55167056E-02  -1.29303318E-02
  0.149079874     -0.137122244      -7.91649148E-02
  -3.42303205     -0.187772274      -2.35527134    
 -0.520740330      0.109897442     -0.599307299    
 -0.417785496      -2.09638095       1.80221474    
  -7.29286894E-02   4.56440076E-02   5.32252342E-02
  -3.65558863E-02  0.147077680      0.104537427    
  0.112801261     -0.131824568     -0.161279306    
 -0.982954919      0.627428412       1.19332349    
  -2.20094994E-02   8.95478874E-02  -7.47703612E-02
   4.61200029E-02  0.236166388     -0.447772920    
  -1.10631704       1.22606874      -3.94628830E-02
   1.43934395E-02  0.255950660      0.284549952    
  0.206667915       1.29894769     -0.384334594    
   8.21700692E-03  -2.60699708E-02  -6.51901662E-02
 -0.175370052      0.428250045      0.361116767    
   4.76055555E-02   7.59086981E-02   3.73492278E-02
 -0.838414192      -3.03065614E-03  0.967355907    
 -0.168072551       4.15581502E-02 -0.255622298    
  -4.72370243     -0.286996573     -0.723829091    
  0.942614555       1.39394450      -1.08000243    
   1.68527520     -0.659240365      -2.51131344    
  -2.54520798      -2.33637524       2.85764057E-02
  -9.91529751      -1.14781761       7.84889030    
 -0.210651904      -3.26694325E-02  0.169339612    
 -0.188020125     -0.453255504      0.461685956    
  0.362404943      0.152912036     -0.110805169    
  0.366928518      0.172494903     -0.675338566    
   1.25992727      -1.39170778     -0.547829509    
   9.27330703E-02  -7.68306479E-02 -0.409463882    
   2.50814687E-02   1.72117507       2.10626221    
   1.06672716       1.84575665       1.03769600    
   8.67674872E-02 -0.199212939      -3.26632634E-02
   6.38721660E-02  -1.29178585E-02 -0.520081758    
  -4.51375914       1.47902668      -2.17263269    
  0.420961052       1.77525803E-02   8.19319189E-02
 -0.229240164      0.261363298      -5.94194531E-02
 -0.902936876      0.139311969     -0.366265833    
 -0.269592464     -0.543695509      0.941432714    
 -0.750394762     -0.362271428      -1.36567712    
 -0.154478610     -0.854795396     -0.620207846    
   2.76593947     -0.122729421       3.43481469    
   2.69782767E-02  0.137025043     -0.115419358    
 -0.140252098      0.168566108      -7.84244239E-02
   5.81984222E-02  -2.26524398E-02  -2.62400117E-02
  -3.78487730       2.13599689E-02  -2.62981391    
  0.208043590      0.263770014     -0.687242389    
   2.88387854E-02  0.162690267       5.90249598E-02
 -0.387030303      -3.08675878E-02  0.607025743    
 -0.659109950      0.152886704     -0.373177499    
   3.69555578E-02  0.590683877      0.178929314    
  -3.09635973      0.954626083     -0.626940846    
 -0.243925616      0.109670714     -0.963206887    
  -2.10391355       5.12880039       6.89448309    
  0.543311834      0.151948884     -0.321522921    
  -6.65671900E-02  -5.47253946E-03 -0.196999401    
   1.23322344      -1.47119403      0.703761578    
  -2.83898730E-02  0.550082982      -2.19326401    
  0.874745607      -1.75622320      -1.39501429    
  0.269359142      0.587159455      0.421855390    
   2.08279634      -2.85020781       3.38005590    
  0.166310996      0.289088994     -0.339671403    
  0.469054937       1.24317801       3.54698896    
 -0.880926430     -0.998617768       1.46991777    
 -0.187092021     -0.104488596      0.819141150    
   1.60247397       1.82611990      0.822165728    
 -0.150095969      -8.78676623E-02 -0.135212123    
   2.77436495       1.67305183       4.67275190    
  0.391114712      0.117008984      -7.48417601E-02
 -0.323724598       8.35265815E-02  0.384323657    
 -0.208766505     -0.291292489     -0.242988646    
   1.06398743E-02  0.289542288     -0.107410707    
 -0.127292514      0.127872184      0.150151029    
  0.170885727      -1.49790752      -2.39121486E-02
  -2.31726670     -0.609288871     -0.243233621    
  0.716211557       1.89849699      0.455597311    
  -1.71872818      -2.04123044      -1.18922181E-02
   1.45072508      0.457867205      0.591389775    
  -7.91070536E-02  0.173584104      -6.20738678E-02
 -0.303559572      0.129819185      0.460351020    
  0.266390592      -1.51775360     -0.384097308    
   2.17681408      0.301370382       2.19496417    
   1.77742267      -5.21737449E-02   1.56923449    
   3.80044603      -3.09847260     -0.886138201    
 -0.256439120       5.65312058E-02   6.04056828E-02
 -0.422613114       3.09266299E-02  0.234284386    
  0.786315143      0.218650430      -7.89325982E-02
  -5.85313374E-03  0.147555813      0.470501810    
  -1.36317813      0.374451369     -0.905783892    
   1.46279287       3.50189972       1.81843770    
  -4.18325737E-02 -0.169443652      -3.70680206E-02
  -8.01725313E-03  0.362658828     -0.372997195    
   9.76086706E-02   5.32521456E-02 -0.702321589    
  -4.46491316E-02  -1.77992508E-02  -6.60427883E-02
  0.106646694      -6.40520975E-02 -0.195118085    
   1.07128096      -1.61011982       1.74191833    
  0.622851193      0.590133131     -0.689384580    
  -3.83472085      0.366801679      -1.48541784    
  0.124599181      0.546548486       8.47491343E-03
  0.129593328      0.288624257      0.135280743    
 -0.275550455      0.120891415      0.621316791    
   6.26828074E-02  -7.95703828E-02  -5.90501353E-02
   4.66164835E-02  -3.23131941E-02 -0.273331046    
   9.84933674E-02  0.151287183     -0.207287461    
  0.464348763       2.86527205     -0.371671498    
   7.46053979E-02  0.485561699      -1.83855844    
 -0.104492396      0.250687629      -1.05025712E-02
  0.266855001       8.91220719E-02 -0.754776478    
  -5.38194031E-02  -8.53732377E-02 -0.238216370    
  -1.05403185       1.94906616      0.521268845    
   2.63118441E-03 -0.136611328     -0.432386875    
  -1.59862757      0.499083191     -0.301773578    
  0.303691983     -0.108330928      -3.35803628E-02
  0.107478149      0.275913388       1.42559958    
 -0.495152563     -0.267463624     -0.301286727    
  -7.97245577E-02 -0.842611313      -1.74963677    
 -0.125335872       8.24945718E-02  -4.19038534E-02
 -0.120433919      -7.15069845E-02  0.123406835    
  0.109161161      0.195828021     -0.266543299    
   9.11381543E-02   4.44717892E-03   1.01608429E-02
 -0.865379333      0.479050785      -1.49608433    
   8.63893256E-02  0.781382561     -0.186612830    
  0.605847180      -2.47460270       1.45216858    
 -0.518779099      -1.41958559       1.80782020    
  0.152126029       9.43128020E-02  -5.18380711E-03
 -0.235969648     -0.268966615       2.24683285    
   5.23077231E-03   2.95352079E-02  -1.09391557E-02
  -2.84329176      0.164586365       1.57327580    
 -0.419173598       7.53954798E-02   3.64009775E-02
   1.81292128E-02   2.29957718E-02  -4.24518995E-02
   1.40433538      -3.13304114      -3.38447571    
  -1.60064101      -9.14784431       1.89868712    
  0.101219237      0.169775888      -9.11499709E-02
  0.127569541      0.305700511       4.86117043E-02
   2.50960135       2.01508188      -1.61905217    
  0.504127204      -2.02869868       2.63599062    
   5.19035959      -2.68691039      -1.22138584    
  0.601825178       3.60202193       3.40290093    
   5.41427545E-03   8.01605806E-02  -3.01558394E-02
  -1.00746453E-02 -0.778985381     -0.525280237    
   5.66933937E-02  -4.07746583E-02 -0.135211319    
 -0.272574931       2.65583062       4.17039680    
 -0.137299344     -0.101691559     -0.138647959    
 -0.192058772      0.182830662     -0.550183058    
 -0.419271141       3.21504521      0.848769426    
  0.673648596     -0.459031612       1.00185561    
   8.64623412E-02   7.98023790E-02  0.275707155    
   1.78111148      -2.31788707       3.17493272    
  0.246932715       1.81426890E-02 -0.415586710    
  -4.38065603E-02  0.666805208     -0.386481196    
  0.230855405       3.67251709E-02 -0.537719727    
  0.114032827      -8.15025046E-02  0.333680511    
 -0.138573691      -9.99586955E-02 -0.245945603    
  -7.23329112E-02   2.76405457E-02 -0.287910849    
  -6.02054298E-02  0.228908941      0.208183646    
 -0.113150895     -0.232528090     -0.465089411    
  0.459514678       1.62283027      -2.01761484    
  0.330414474      -1.27699816       3.29478121    
  -1.49768174      -3.97548985       2.38937140    
  -2.12187052      0.969101012      -2.29946314E-03
 -0.385775089      -2.15146995       1.71671021    
  0.302041411      -9.91136134E-02 -0.227269009    
   7.83966258E-02  -6.77088872E-02  0.519696951    
  -9.07921325E-03   2.19608116       2.38978839    
  0.386601269      0.620481431       1.18754756    
  0.239003360      -1.12635791       2.59671950    
  -13.3039665      -3.08046365       6.58455992    
  -7.83110037E-03   3.47974114E-02   5.10891788E-02
   3.11667495E-03  -3.67411189E-02  -1.87696074E-04
  0.757953346       1.07496977      0.290753484    
  0.448369861      0.428386629     -0.160293311    
   2.86055133E-02  -1.82503581       1.82511151    
   1.04267144      0.283396363      -1.04328954    
 -0.468510747     -0.314838111     -0.418754339    
  0.133924067       2.82805897E-02 -0.205252394    
  -2.64200163      -4.10922146      -5.63887787    
   1.96908343      -1.29952383       2.64483690    
   3.09442759      0.327762455      0.980290234    
 -0.798156440      -2.56846237       3.54997849    
  -1.33792281       1.20256054     -0.392298669    
 -0.113816477     -0.127841532      -3.89134847E-02
   3.37962675       1.16594243     -0.894343853    
  0.912510931      0.787323773      -1.11102450    
  0.684644163      -1.03941178      0.418738753    
  -2.53537440       4.71022797       2.09854245    
   8.19613710E-02   5.52999787E-02  -5.30777872E-02
  0.235750884      0.290880203      0.119356729    
  -1.04513872      0.542702794      0.353644222    
  -1.58354294      0.505675495      0.863160968    
  -3.05693412      0.573851764       3.87258005    
   2.89392024E-02   1.12320632E-02  -1.07635781E-02
  -1.89588809      -2.41315603     -0.355421275    
  -2.63235426       2.98832560       2.49646044    
  -1.16849663E-02   3.75945382E-02  -4.46016639E-02
  -1.92209506      -3.40983081       1.43199456    
  0.303373843       1.14162886      -1.31776869    
  0.184641927      0.891130745      -1.13707995    
  -5.38166873E-02   2.79809284       1.91027367    
  -3.19561696     -0.789108992     -0.588119745    
   7.98832774E-02   7.45890290E-02  -3.97917479E-02
   1.94434440     -0.416688800       2.87278485    
  -5.01646027E-02 -0.122282617      -2.24102288E-02
  -3.33186531      -2.55176330      0.457716048    
  0.139914349      -7.48292506E-02  -4.82996032E-02
  0.977343082     -0.454687238     -0.899325669    
 -0.111619003      -3.96405719E-03  0.105757922    
  0.195319533      -8.14391971E-02 -0.205177918    
  -5.07834852E-02  -4.43106852E-02   3.11358236E-02
  -8.60438272E-02  -8.06417596E-03   6.60274029E-02
  0.336636901       1.06837523      -2.22016144    
   1.57513142       3.44237900       1.70709836    
   3.58384103E-02  -8.72397199E-02 -0.794894695    
  -3.82901654E-02  0.105651855     -0.166139379    
 -0.653062522      -1.17368686      -1.56523955    
   4.07259274      0.729282558      -2.95391941    
 -0.218643218      0.952760637      -1.04921949    
  0.106686741      -3.05071402     -0.621392787    
  0.105377376       1.94448512E-02  -1.37631819E-02
  0.467727304      -2.39527607       1.41337454    
 -0.194343686     -0.230915412      0.138116732    
  -1.11839330      -1.43824148       2.74749398    
 -0.302231401      0.330491573       3.89242470E-02
   7.41303116E-02  -2.47339034     -0.465620220    
  -7.67576098E-02  -2.99601853E-02   6.02135137E-02
  -5.39474003E-02  -2.77336389E-02   9.20703635E-02
  -7.70282373E-02   1.14707482      0.405780315    
   9.36100483E-02  0.153197050      0.638200462    
   1.76329327      -1.45329046     -0.362376601    
   1.34235883      -2.51929855      -1.17398453    
  0.422568262      0.113598026     -0.244588941    
  -1.16249910E-02 -0.865058720      0.391446590    
  0.409125209       6.90986738E-02 -0.199719578    
   9.82521661E-03  0.138890818       6.97514266E-02
 -0.772798598      -1.84576679E-02 -0.283009827    
  -4.68664020E-02   1.45131713E-02  0.184490234    
   4.18359488E-02  -2.27368949E-03 -0.193354085    
  -2.51231547E-02 -0.176906064      -4.63084914E-02
 -0.811801851       1.08522439      -2.01986432    
   4.11945105       3.12546277      -2.60564899    
   6.06159642E-02   2.89283562E-02 -0.100963458    
 -0.550113738     -0.224660575      0.648299038    
 -0.142323375     -0.216285631       4.72003147E-02
 -0.779614687      0.428043395       1.11353874    
 -0.112821706     -0.405750722      0.454918504    
 -0.138267726      0.348325759     -0.164491087    
  0.146228179     -0.161521673      -1.23860753    
 -0.960074842      -1.59700036      -1.30191934    
  -3.88062382     -0.340786099       3.01100469    
  -4.00573206      0.889936745      0.328559607    
  0.157585576     -0.280929327       8.25510621E-02
  -5.64040184      -10.3344631      -3.02178240    
  0.639207304      0.394756705      0.164719477    
 -0.289649665      0.107537888       4.61198911E-02
 -0.187358037     -0.361868680      -1.08840072    
 -0.173470080      -7.67343640E-02  0.266454518    
  -1.18068945       1.32179499     -0.274556398    
 -0.906960309     -0.935693920      -1.20560598    
   9.28391330E-03  -3.55177894E-02  -1.45971132E-02
  -3.00993538       1.08559680     -0.187155813    
 -0.717462003       1.01284873      -1.88269007    
  0.480820864     -0.484793752     -0.929973304    
  -7.32115954E-02  -3.99242826E-02   5.73726837E-04
   10.3035679       5.36139965      -4.36801338    
 -0.136001796       4.93196392       3.83942580    
  0.168187231      -2.50692487      0.525086582    
  0.118241966      0.544394076     -0.120429166    
   3.04514360     -0.292967767      -2.50069690    
  0.131315976      -9.13153216E-02  0.129899144    
  -1.12845767     -0.170174465      0.775690198    
  -1.34650910      -1.79030728       2.65638256    
  0.375307083      0.279995233      0.309218764    
  0.121481590       7.04804510E-02 -0.196233541    
   1.10935748      -1.27879786     -0.591071725    
  -1.52419992E-02  0.292999953       7.04771951E-02
 -0.206350148      -7.18428846E-03   6.39224723E-02
  -6.11570030E-02  -2.63407528E-02  0.746034265    
  0.304007977     -0.189727366     -0.250205815    
  0.991608083       1.18966460       1.21075380    
 -0.492604315      0.311756253      0.146670341    
  -4.23326939E-02 -0.887030184       1.00347126    
  -2.33631396     -0.314622432     -0.410290450    
 -0.109167472     -0.134192392     -0.131151557    
  -2.57887058E-02  -8.30836371E-02 -0.175765797    
  0.269043624      0.433828592      0.140438408    
  -7.74534196E-02  0.108997971      0.262065768    
 -0.116407178      0.273646295     -0.292746544    
 -0.207851321      0.555456638       1.45436490    
  0.525061548      0.211279690      0.363527209    
   9.02778469E-03 -0.103323840     -0.237910256    
 -0.246453896       3.72740269      0.338251770    
  -2.50632739     -0.995217621      -1.16385841    
   5.98382354E-02   4.90324199E-02  0.113511898    
 -0.411975384     -0.511586070     -0.198785216    
   5.70001267E-02  0.146509469      0.232911244    
  -2.33532476      -1.07493448     -0.973778784    
  -4.37529311E-02  0.809662998      -6.56128302E-02
   5.17246462E-02 -0.855485976      0.872559547    
  0.568358123      0.528947413     -0.862315297    
  -3.46281603E-02  -1.82125084E-02  -3.96126807E-02
  -1.01965046       6.15435466E-02  0.624836624    
  -5.86064570E-02  0.308851868      -1.22040603E-02
   1.16596746      -2.25922149E-02   4.30808783    
  -1.20112491      0.284777939     -0.367388278    
 -0.648089945      -1.16873586      -2.17244101    
   1.00130677     -0.233289301       1.00652099    
  -3.26958489      -1.14353657      -2.17103076    
   1.62468863      0.526273251       5.60659356E-02
  -1.92246079      -3.37071681      -1.81813586    
  -4.30059958       2.13678312     -0.455122918    
  -1.00351226       8.05994347E-02 -0.308724940    
  -8.59656930E-02  0.321679711     -0.122828253    
   7.60378316E-02   1.89336482E-03  -3.72151285E-02
  -3.22205201E-02  -8.33763406E-02  0.142209977    
  0.631244838      0.176492304     -0.485686660    
  0.206915110      -8.12546536E-02 -0.253193170    
  0.489343077      0.495471179      0.166175097    
  -1.19385982      -1.71133685       1.68945682    
   7.61521384E-02   4.41944785E-02 -0.321888119    
  0.194109738       4.12667729E-02   1.60996430E-02
 -0.384241670      0.356883317     -0.552098930    
   1.82371996E-02   9.00387913E-02 -0.239860475    
 -0.356945366     -0.110846199      -9.77236181E-02
  -2.28805304      0.566185296      -6.49693608E-02
   3.85979563E-02  0.152895257      -2.82732863E-02
 -0.508594811      -3.45830345      0.309286714    
   4.05206156       1.90181029      0.738029122    
 -0.656643569      0.335343182       1.64411080    
  -2.04030919      -9.38785151E-02   1.80842710    
   4.93541695E-02   8.25792477E-02  -8.50895979E-03
   1.83774543       3.26292443      0.921464384    
  0.180598497      0.230934575      0.334730446    
 -0.380817324     -0.155976504     -0.189051464    
  -4.16520610E-02  0.163841173     -0.157614440    
  0.645980716      -1.14202797     -0.886990786    
   1.24619842      -2.18155122      -2.78552580    
 -0.101636998       4.47665974E-02  0.207546026    
  -3.77705789       2.11176062      -1.03143203    
  -2.43031359       1.03250718      -1.41422693E-02
   1.86579490       2.75494695       3.10773730    
 -0.125037327      -8.03539371       2.88541298E-02
  -2.33666420      0.122732475      -2.61414194    
   2.50900459      -2.03108478       2.45040655    
 -0.162145987      0.131535515      0.251840949    
 -0.134634614      -5.27818874E-02   6.14265576E-02
 -0.209794641       1.25711715     -0.316266000    
 -0.590498865     -0.782774746      -1.00514352    
 -0.325999320     -0.825466812       1.21343517    
  0.124927178      -5.92194349E-02  0.204263255    
 -0.283316344      -1.17240024     -0.837592959    
  0.857771575      -1.20691741       1.79132998    
  0.256738335       1.84407607E-02  -3.21878726E-03
  0.196648732      -4.77504842E-02  0.620524287    
   1.79803848      -4.97364044      -1.99805331    
   1.84567106      -1.02248549      -2.54439759    
  -1.10709143     -0.136827111      0.519539773    
  -2.65351944E-02  -8.62570405E-02  0.208554089    
