  0.659652412       6.55629411E-02  -1.73221409    
  -4.14925218E-02  -6.04848797E-03  -2.93166377E-02
 -0.129320085      -8.09205472E-02  0.166603237    
  -1.59020960      0.626796305      0.160694569    
  -1.62141669      -1.14076960     -0.773660779    
   6.24264814E-02  0.410266072      0.232666373    
   3.12760174E-02  -3.19507346E-02  0.110547937    
  -4.62837983E-04 -0.243352443     -0.934448719    
   5.58842458E-02  0.412848324      0.232546180    
 -0.292527795     -0.628419220     -0.556236386    
  0.484529763      0.642391086      0.171781451    
 -0.853406131      -3.56496200E-02 -0.162817121    
 -0.209120125      -1.02045214      0.256976247    
  -1.10820949      0.616010129     -0.823805153    
   8.34961319       3.98279142      -1.72575629    
   1.90026915      -2.84295201     -0.895476222    
  0.590404570       1.19199502     -0.754319906    
 -0.431098878      0.496513247      0.655677736    
   3.96575737       3.10914254      -1.17243588    
 -0.172396764     -0.258068174     -0.254787177    
 -0.701944530      0.505129576       1.20306599    
   3.45949046E-02 -0.904480100     -0.959939003    
  -1.18805826      0.218288243       1.84084880    
 -0.544354022     -0.539631426       6.09879661E-03
   6.14944585E-02  -1.31279500E-02  0.210861772    
  -2.57696295       15.2528191     -0.412441730    
  -4.70409060       2.12989235      0.358471692    
 -0.873879492     -0.223622531      0.441015631    
 -0.460208118     -0.484568119     -0.149556771    
 -0.433234155       2.47247434      0.283783436    
  0.181439638     -0.428220719      -7.11406544E-02
  0.209074885       7.55210593E-02  -1.12891896E-02
  -4.92598675E-02 -0.475826859      0.462343007    
   9.13639516E-02  0.350124836      -1.00688087E-02
  -7.89162740E-02  -3.12119406E-02  0.858505249    
  0.531577468     -0.466470122     -0.836671948    
  0.338559538      -2.00361237E-02  -8.56100544E-02
  0.442387998      0.188522696      -1.98763311E-02
  0.374680042     -0.120784543      -9.76325497E-02
  0.404801726     -0.231630266       5.54824434E-02
 -0.579776883      0.139208779      0.538669586    
  -4.95706685E-02  -3.90684232E-04   1.57559104E-03
  0.414464146     -0.104641207      0.260967314    
  0.398143679     -0.432272136      0.106798634    
  0.783382356      0.180669010      -1.72869480    
 -0.301603407      -8.88141021E-02  0.202860311    
  -1.05794322       3.99887636E-02 -0.384099334    
   3.13871074      0.710941315      0.675042927    
  0.512537658       4.18737680E-02   5.00892429E-03
   1.76772289E-02  -2.03048270E-02   7.49877542E-02
   4.03723568E-02   7.83681124E-02  -9.17468369E-02
 -0.553153038      0.472374231      0.180326045    
  0.693537712     -0.317929894      0.124378107    
   1.88350046     -0.369469464      -3.61685753    
  -7.08479434E-02  0.171532333       6.19515888E-02
  0.329184324      -1.52464199       3.01403534E-02
 -0.188612953      0.120881759      0.149721593    
 -0.433248311      -3.58438641E-02  0.646410704    
  -1.19599080      -1.69058573      -1.83173215    
 -0.183873624     -0.669883847      0.820100129    
  0.338184327     -0.157096416     -0.473942190    
   1.73768628       1.30907047      0.786900163    
 -0.120946743       9.47968140E-02  0.100178838    
 -0.343331277       1.60285819      -3.03643107    
 -0.736050129     -0.719086349     -0.786063373    
  0.183484659      0.350248933      0.213701174    
   3.23478654E-02  0.114751674      -4.29406092E-02
  -4.94881608E-02  -7.73847289E-03   8.55122656E-02
  -2.45646052E-02   4.08892743E-02   2.33532228E-02
  -6.70434907E-02 -0.642605782     -0.802712798    
  0.431582689     -0.163372710      0.430540323    
   1.49770451      0.885384440      0.254704654    
 -0.103887111      -6.52976409E-02   1.94429681E-02
   5.20281680E-02   4.67582867E-02   4.92948741E-02
 -0.484135807       7.56182671E-02 -0.377875239    
 -0.409744352      0.281159759     -0.476129651    
  0.401752621     -0.700860083      -4.96463105E-02
  0.371739268      0.120753810     -0.199956685    
  -7.22899064E-02  0.231061235     -0.124629200    
   7.73687214E-02   2.18358468E-02   5.44401407E-02
 -0.481576830     -0.266520351       3.57543491E-02
  0.140713125     -0.177782387      0.152668238    
  -3.65299061E-02   8.56299419E-03  -4.22531627E-02
  -2.13585591      0.171140879       1.01391864    
 -0.271787465     -0.645998776      0.431267202    
  0.392049491     -0.664459050     -0.436290056    
   2.34228354E-02  0.111489862     -0.155353457    
  -1.16707813E-02  -6.63366988E-02  -4.16391827E-02
  0.138548091       3.01413033E-02   1.80894509E-02
   2.91590746E-02   2.74713263E-02 -0.435220301    
   9.53789742E-04 -0.752855241       1.20639133    
  -2.17693043      -1.16185582      0.232403189    
  0.159817606      -1.83130261E-02   1.88196041E-02
   2.05680108       2.69701719      0.313834757    
 -0.186501235       1.60576515E-02  0.415005058    
 -0.142577171     -0.316387087      -1.32487309    
  -4.27246578E-02  -1.69778541E-02  -9.38442722E-03
  -8.80531594E-02 -0.912116528     -0.647983849    
  0.329105347     -0.712332904      0.198357195    
 -0.330201805      -1.87579823     -0.176446602    
  -3.85956727E-02 -0.108139843     -0.138548627    
   1.26146841     -0.849610388      -1.04076231    
  0.517193139      0.242318109     -0.550145864    
  0.450820267      0.909554780       3.31860930E-02
  0.164863333      0.118972465      -8.10913146E-02
  -1.43011035E-02   5.10351397E-02  -2.40496080E-02
   9.00590420E-02   4.83393669E-02   2.14454737E-02
  0.270555615      -3.43340182     -0.536415875    
  -1.81084025       1.66979980      0.279704571    
  0.145248517      0.261233836      0.262397856    
  0.861300945     -0.228428230      0.774155855    
   2.03041099E-02   9.81528535E-02   1.79265756E-02
  0.174106866      -2.35558525E-02  -2.31402423E-02
  -1.38071024     -0.540967584      -1.09045947    
 -0.471312046     -0.292033166     -0.681186318    
 -0.157174364      -1.23937488      0.162156358    
   5.98510790      -2.50638390      -1.06673217    
 -0.626325190       1.14899222E-02  0.253481299    
   1.20350015      0.288026005      -3.74239460E-02
  -2.46178638E-02   9.08637233E-03   3.83519530E-02
  -1.74957272E-02 -0.127087221      0.207370177    
  -2.26804018E-02  0.150414139       4.06586342E-02
 -0.826373041      -1.61056888     -0.240036368    
  0.438626707      -1.36395895      0.803592622    
   6.32598698E-02  -6.04742840E-02   8.19716454E-02
   9.02842656E-02  0.465577126     -0.333116114    
 -0.552073359      -1.16738510     -0.782597363    
 -0.593217909      0.422458619      0.654655576    
   7.52897188E-02  -6.87325448E-02  -2.09510373E-03
 -0.144099876      -1.63883239E-03  0.920671284    
  0.704875886      -9.94382426E-02 -0.388775110    
  0.246180415     -0.429276794     -0.240641698    
  0.383616626      -7.28007257E-02  -1.08527100    
  0.553598225      0.494381040     -0.484847009    
 -0.116811082     -0.455023497     -0.298471898    
  0.313983172      0.131945297     -0.220070288    
  -7.47757778E-02  0.121706255      0.101740725    
 -0.894497752     -0.453512132      0.616727769    
  0.159529448      0.256071866       2.99910326E-02
   6.64319396E-02 -0.107366726      0.177651271    
   8.48930031E-02  -8.19292665E-02  -1.82695591    
  -1.34900439       1.04823971     -0.554746807    
 -0.503649056       1.23321772       1.70596302    
  0.383745939     -0.157727599     -0.167651489    
 -0.771202803     -0.767911136       2.05041282E-02
   1.67968571     -0.417259008     -0.966567516    
  -4.37953621E-02  -3.09699923E-02  -7.49007612E-02
 -0.150423929      0.472580492      0.589403689    
  -2.44127774      -1.77493918     -0.384497732    
 -0.463205516      0.629876792      -1.20838523    
 -0.537436187      0.428203285      -6.16935119E-02
 -0.107409246      -1.34755015      -2.04094052    
  0.810234487      0.147569671     -0.123373397    
  0.399613380     -0.582441211     -0.631780386    
  0.626879513     -0.132195994     -0.607420743    
 -0.332330018      -7.64840022E-02  0.112607852    
   3.42325214E-03 -0.431280673      0.130242512    
 -0.216934055      -9.71809477E-02   6.61215484E-02
   1.08264875      0.400850326      -1.16416836    
  0.219157323      0.215153843     -0.340205282    
  -4.65447195E-02 -0.111741289      0.145161822    
 -0.178685293       9.52761620E-02  0.160413042    
 -0.452503085     -0.514697313      -6.85808733E-02
 -0.128042340       5.69442660E-02  0.105351381    
  0.377115250       1.21480787     -0.923741221    
  0.345946312      0.131002262      0.228094384    
   6.40416890E-02   4.80606593E-02 -0.103051491    
  0.165911078      0.125968039       5.72610348E-02
  -1.10047340     -0.231102377     -0.804267645    
 -0.120509714       2.33975463E-02   4.57210988E-02
   6.54259920E-02   3.51661816E-02  -1.09460855    
  -4.15508263E-02   3.68825309E-02  -2.79688109E-02
 -0.420695126      0.239717156       1.23595297    
  -1.04993248      -1.68552995       1.53881478    
 -0.688712299     -0.691171646     -0.840394020    
  0.577488601      0.136959583     -0.429181278    
   2.98818778E-02  -4.91352156E-02  -6.26635849E-02
  0.347942710     -0.621886253      0.534209490    
 -0.690742910      0.529211462      0.706258297    
  -1.49524119E-02   6.85738623E-02  -2.09559854E-02
 -0.125816464      -1.36292316E-02  -2.56771110E-02
   9.26576182E-02  0.127920777     -0.190953404    
  -9.96647626E-02  -5.58066368E-02   5.38877398E-02
  0.144873962       7.60726631E-02 -0.105279207    
 -0.626268566       8.72462615E-02  0.648502946    
  0.731791198      0.104874425     -0.354318827    
  -4.83196688       5.67624855       8.44544792    
  0.308562040      -1.06868947       1.67762804    
  -2.02031875       1.01679146     -0.666028798    
   6.37221262E-02 -0.896845579       1.51977873    
  0.220793039     -0.311118633      0.114888832    
 -0.137653202     -0.146426693      0.105894901    
 -0.167253807      -6.65341169E-02  0.185815006    
  0.826849818      0.619469285     -0.622861981    
  -1.01490021E-02   1.15804086E-02  0.124065891    
   5.37529998E-02  0.128636345      0.165913180    
 -0.896239460      0.812035799      0.712653935    
  -8.56444538E-02  -6.45759888E-03   1.30594913E-02
  0.581180632      -6.31046593E-02  0.556972086    
  -8.07387829      -2.53798999E-02   2.06097102    
  0.817699611     -0.645814717      0.169168815    
   1.36935127      0.340105236     -0.266639024    
   1.73914284E-02   3.82965729E-02  -4.50698696E-02
  0.101066448     -0.132035002     -0.257716745    
 -0.253603816      -5.61618172E-02  -6.45314623E-03
  -1.22971690      -1.88871241      0.875248671    
  0.874754429     -0.154409483      0.391365141    
  0.337708086     -0.106170028       1.25152528    
  -1.26737887E-02  0.110639438     -0.199223116    
  0.319470495     -0.817413270       1.56944823    
   6.41429350E-02   3.42023894E-02  -3.02810650E-02
  0.113528095      -6.02379479E-02   2.06992216E-02
  0.504569769      0.166076899      -1.36531365    
  -7.70367458E-02 -0.223842233      -9.59284976E-02
  -1.97232544      -1.06682754     -0.754321754    
 -0.132724941      0.728785753     -0.192897931    
 -0.366481304       2.03390217     -0.478355527    
  -1.34938741     -0.122618109       1.18039739    
   1.82425714      -1.24283528      0.625797689    
   2.05175057E-02 -0.141197294      0.149414316    
  0.202707693     -0.186314240      0.468253970    
  -1.80007052     -0.920655191     -0.259809077    
 -0.695320725      -9.60726440E-02  0.411504239    
  0.367080301      0.313123763      0.755786896    
   1.18400678E-02 -0.276171774     -0.133343935    
  0.377267540      -2.08243704      0.846626222    
 -0.382097512      0.127692804       3.02612595E-02
 -0.462354332      -8.62739310E-02  0.136466131    
  0.522637367       1.48166323       1.26998293    
 -0.379160702      -3.17022912E-02   4.76031229E-02
  -1.28563845       1.48269808     -0.434595913    
  0.217625469       8.01997632E-03  -5.11609018E-03
  -5.39596267E-02   8.77017528E-02 -0.112674981    
   1.66644305E-02   5.94722107E-04  -2.97857542E-02
  0.720727444     -0.644081473     -0.136561409    
 -0.967432499     -0.231372774     -0.234592751    
 -0.222645521      -1.02639664E-02   7.43703544E-02
   9.43216681E-02 -0.147435024      -9.96552780E-02
  -5.18680662E-02 -0.151423678      0.276953757    
  -9.12193283E-02  -9.05644521E-02  0.267211348    
  0.435981244      -1.03119242       9.94508415E-02
   3.32249478E-02  -4.18091156E-02  -7.91151635E-03
  0.220787659       2.15260312E-04   9.86843184E-03
   5.25825657E-02  0.498643696     -0.363717973    
  -2.64945887E-02  0.635742784     -0.415433407    
 -0.401059210     -0.172407389     -0.311289817    
  -2.36535740      -1.66607816E-02  0.331951737    
 -0.474527717     -0.550779879     -0.150189579    
  0.154627964      0.481673777      0.353178382    
   1.37684941      -7.98709095E-02 -0.827797830    
  0.279066861     -0.877107799      0.246604353    
   6.36360720E-02  0.148584202      0.254642129    
 -0.428418577      -1.27594507      0.610013187    
  0.724349558      0.314585328     -0.830392718    
 -0.206570804      0.103285529     -0.131822243    
   1.14271533      -9.01881233E-02   1.30352283    
  0.531413496     -0.119842678     -0.140651464    
   1.24599263E-02   5.63448891E-02   3.47256251E-02
 -0.189012781     -0.371092081      0.382018685    
   1.43418694     -0.210613444       2.99141359    
  -1.25213301       3.61365452E-02 -0.256816924    
   3.93414833E-02 -0.366226047      -7.29584135E-03
 -0.149866432     -0.978748202     -0.761829138    
 -0.289006978     -0.408680648      0.649470150    
 -0.122401990      0.157984167      0.744497597    
   1.49313498      0.271544367      -1.42011213    
  -7.52544594       3.57347441      0.877351165    
  0.184104949      0.168328151      0.570457518    
  -1.43534942E-02  -5.25774956E-02   3.39320451E-02
 -0.102692425     -0.180787712     -0.178125262    
  -5.12772612E-02   1.72331948E-02   6.05138065E-03
 -0.466258377      0.129775032      0.654183149    
  -1.55357850       2.05387998     -0.149575919    
   1.48064899     -0.509255707      -1.55017650    
 -0.114446133       5.06840572E-02  -6.98121637E-02
   1.78070259       1.51775479      -1.06652093    
   3.45346761      -7.20883560      -9.65555477    
  -4.76811230E-02 -0.179285541      0.812835097    
  0.640840650       1.11032999     -0.360227346    
  -4.64961007E-02  0.105209060       7.97893330E-02
 -0.963435531      -2.05019546     -0.969999015    
   2.12062502       1.32713473       1.17630064    
  0.145900205      0.259739757      0.526667237    
  -1.37156856     -0.323420167      0.872069597    
  0.244113818      -1.77894068      0.397127539    
  0.245761067      0.371212035     -0.449916929    
   4.05499339E-02   4.25425321E-02  -1.11351581E-03
 -0.141591877     -0.352495432      0.467205793    
  0.505326331     -0.810833395      0.382718593    
 -0.749716640      0.652688503       1.21856356    
   1.39283383       1.54395366      -1.33554935    
  0.622944057      0.105546780     -0.343118310    
  0.145585164     -0.436763972       5.58339730E-02
   1.69229913      0.606148839       1.06016397    
 -0.151854053     -0.116982482       1.21875417    
   1.05968416     -0.419187933      0.810956180    
 -0.241443872       1.59283169E-02  0.214221507    
 -0.104621761      0.183177471     -0.256684750    
  -8.30023512E-02  -7.35496804E-02  0.126015559    
  0.111664243      -2.76081711E-02  -6.23012781E-02
  0.631673038      0.160529539       7.11134002E-02
  -1.83808315      0.652417302     -0.247895211    
  -5.76691590E-02  0.189655304     -0.438987195    
 -0.437061846      0.251319975     -0.641681552    
  0.143447772      -4.54308130E-02  -8.15809742E-02
  -3.79234739E-03   8.71406272E-02  0.294574469    
   5.40259294E-02   5.20333573E-02   3.20618711E-02
  -6.21642917E-04   6.66419417E-02  -5.67588490E-03
 -0.248201802      0.228056788     -0.286399126    
  -4.00235392E-02  -1.44648189E-02 -0.119739681    
 -0.148743227     -0.117935970       3.42918783E-02
   6.31676167E-02   7.78549016E-02 -0.883031428    
  0.728249431     -0.393280238     -0.187142804    
  -2.42842752E-02  0.201056600      0.630303681    
  -1.86680794     -0.469223261       1.31306827    
  0.830873251      -1.61969340       1.29741275    
 -0.298186600      0.427517176     -0.274864703    
  -9.59713459E-02  0.331333965      0.280921251    
 -0.184755385      -2.37800050       2.16126013    
 -0.108070239       1.03413606     -0.385232300    
 -0.818964601      -1.94681957E-02  0.514494121    
  -4.53352308      -3.70446253     -0.922778904    
  0.356624007     -0.325866312     -0.357769758    
  -1.13820457      0.247933522      0.965003908    
  0.907207489       1.48936141      0.693816483    
 -0.193037763      -6.82715103E-02  0.217849344    
  0.157035902     -0.173876330     -0.208524600    
  0.203677848      0.335405380      0.231090918    
  -8.20586458E-04   9.47250202E-02   2.12058201E-02
 -0.239954308     -0.773065627      0.533904374    
 -0.283541024      0.580797374      0.224016190    
 -0.414307803      -8.55503604E-02  0.200754210    
  0.338593423      0.536849499      0.831024230    
  0.535782099      0.842641294     -0.735220611    
   6.97694495E-02 -0.335391253       5.70041053E-02
 -0.196775869     -0.211052299      0.127369300    
  0.440832227     -0.343816817      -2.16991901E-02
  0.152112380      0.148360729     -0.201898217    
   7.58536858E-03  -4.78415824E-02   2.66620219E-02
   7.41564929E-02 -0.334457874      0.102468535    
 -0.689511120      0.962985098       1.81526983    
 -0.697865903     -0.304582417     -0.385349631    
 -0.285474837       1.36860549       1.92385614    
   1.19709177E-02   3.01663913E-02  -4.01698463E-02
 -0.309126288      -2.64442824E-02  0.399460316    
   3.92734744E-02  0.114955768      0.112935878    
  -1.67497706     -0.971263468     -0.476007342    
  0.332857102      -1.18431711      0.783141971    
   6.35364419E-03   5.46677709E-02   1.47774592E-02
   5.63367307E-02   6.24571256E-02 -0.174033105    
   8.24774057E-02   6.27287403E-02  0.138411254    
 -0.215863153      -1.07308781       2.78426504    
 -0.327067792       6.88836798E-02  0.476291329    
 -0.623981595      -1.08300261E-02   1.03121197    
 -0.244086862      -2.61022592       1.43242621    
  -3.86601835E-02 -0.161234319      -5.09377308E-02
 -0.667686403      -1.93803683E-02  0.182300016    
 -0.419542760      -8.59041438E-02  0.878404975    
 -0.927967131       9.55764903E-04  0.890702069    
 -0.316156209      0.629598379      -3.94466445E-02
  -1.56366086     -0.701089501     -0.178301930    
  -5.65588288E-02   1.90237164E-02   1.83646735E-02
 -0.133824080     -0.141940728      0.733416855    
  -1.79486525      0.295654178      -1.02511263    
 -0.807842135      0.339002520       1.15348887    
  0.312144935      -7.57130757E-02 -0.314838678    
  -1.66244768E-02  0.174166158      0.279647052    
 -0.641268432       3.81641416E-03  0.796715021    
   9.53816473E-02  0.209590405      -8.42812359E-02
   1.23880672      0.175626710       1.32298181E-02
  0.981958508      0.830864966       2.15448594    
   1.34967518      0.314469397      0.699425519    
  0.280752748     -0.264734626      0.104999796    
  -1.12311685      -7.43344473E-03 -0.112786017    
  -1.13967538     -0.205759451     -0.155835062    
 -0.910898447     -0.311564595      -1.63000250    
 -0.163466811      -1.00602758     -0.170773491    
  -5.59039861E-02   1.23371314E-02 -0.179027244    
   1.95311642       4.93680798E-02  -2.16964555    
 -0.495408833     -0.211742088      -1.27608824    
  0.118354000       4.35934924E-02  0.103473082    
  -1.89451337      -1.54703138E-02  0.985535264    
   4.06989232E-02   1.25520164E-02   3.51653919E-02
  -1.45159638      0.368367463       1.81585944    
  0.689053237     -0.415466547     -0.132156849    
 -0.115294151      -8.99940357E-02  -2.72249654E-02
  -4.46807668E-02   8.13228413E-02   4.96275574E-02
   1.86553717       2.52523136      0.654524267    
 -0.355970830      0.218279541     -0.131327569    
 -0.220189616     -0.309243917       1.00097644    
   5.95777761E-03  0.141292989       9.86262187E-02
   2.20925324E-02   2.18178872E-02  0.283896267    
   1.18246686      0.791102409      0.178647399    
  0.403034478     -0.649848700       1.45773768    
   8.55125487E-02   3.31419483E-02 -0.148063466    
  0.241578102      0.214031875       8.61266553E-02
   7.00711906E-02  0.962781012      0.494469464    
   6.95850030E-02  0.535535395       3.55687179E-02
  0.937368572      0.102325469      -7.54267648E-02
  -1.20778894      0.232267693      0.108268388    
  0.454651266      -9.74032283E-03  0.267554402    
 -0.200148284       1.64313745E-02  0.126371905    
   1.93965268     -0.300434113     -0.778811157    
  0.407871902      0.315038204      0.371629655    
 -0.134907022     -0.524762928     -0.518952131    
  0.125249714      0.112168096     -0.158164054    
 -0.222805321     -0.282420516      0.940932214    
   1.25744157E-02  0.732199073     -0.582643390    
  0.696138918     -0.293683439       1.13692129    
 -0.186809167     -0.540297091       1.96389687    
   5.01958914E-02  0.133530647       9.01500881E-02
 -0.845001996      -7.59461224E-02 -0.177733436    
  -7.15845684E-03   1.97620802E-02   4.08194177E-02
  0.145566091       8.88567641E-02  -8.71251747E-02
 -0.413021356      0.201902509      -5.79965971E-02
  0.786154985      -1.13506925      -9.36861411E-02
 -0.834257841      0.295647711       1.14427483    
  -4.80953492E-02 -0.864687324     -0.852581203    
 -0.710301697     -0.369218498      0.722484171    
  -1.55110097     -0.768770635      -1.11298144    
  0.104852937      -7.61028379E-02  0.377345175    
  0.516454577      0.994279861      0.490589619    
 -0.122962356      -2.05426849E-02  0.490244716    
 -0.308475703     -0.852705359       1.11190736    
 -0.168138057       9.59479138E-02 -0.102905042    
  0.209237143      -2.96578165E-02   4.61808816E-02
  0.152921319      0.678265452       8.23040381E-02
  -1.07307136     -0.159020230      0.118562780    
 -0.150240675      -1.36675894      -1.02629900    
 -0.318991840     -0.109010652     -0.273771495    
  0.527211308     -0.823551536     -0.296488404    
  0.562344313      0.457935214     -0.933388293    
 -0.160041124     -0.140297234      -4.09896597E-02
   2.57307626E-02  -4.55488041E-02  -2.11864952E-02
   2.19691372       1.77113366      0.503372848    
   4.87530939E-02  0.206321985     -0.184378669    
 -0.860364795      0.507727861     -0.266152859    
   8.10544640E-02   4.78173122E-02 -0.277418017    
   4.69805114E-02  0.537278295     -0.374614954    
  0.958799183     -0.156186432     -0.694576204    
  -1.23632014       4.65775877E-02   2.89229639E-02
   1.32745552      0.195437968      -1.16307604    
  -1.48648359E-02  -7.37868696E-02  0.176198751    
 -0.435415268     -0.707470357      0.535555542    
 -0.393314540      0.444613218      -1.86331654    
  -2.55816936       3.06362700     -0.996328950    
   1.04352999      0.189352363     -0.885783017    
  0.204784274     -0.636321366      0.392439991    
  -2.24496648E-02   1.14714336      0.335861832    
 -0.206578299       1.59099245     -0.494226694    
 -0.371517211      0.716033876     -0.538963020    
   4.48993109E-02 -0.410024554       7.00139105E-02
   5.60896620E-02  0.120798044       2.14574821E-02
 -0.362242460      0.109429531      0.143164620    
  0.385800153      0.886723459      -1.53421175    
 -0.656272054       1.12074077      -1.12502110    
  0.172801286     -0.199252397     -0.147876307    
 -0.406731874      0.459198445      -1.11184740    
  0.717275083     -0.690371096       8.80111456E-02
   9.44293663E-02  -7.79895335E-02   8.03613588E-02
 -0.562601984     -0.155102760       4.48001698E-02
   6.21352717E-02  0.240525231      -2.62722778    
   4.71555218E-02  0.261412501      0.325246662    
  -2.42486000      -1.95960724      -2.36482072    
  -1.49734581     -0.562035561     -0.171282008    
 -0.732778430      0.371773273      -2.20010638    
 -0.401306003      0.312955528      0.771405637    
  -2.89063787      -1.04382789     -0.644941449    
  -2.21992302      -1.01045048      0.386529237    
   2.54876055E-02  -6.57345578E-02  0.159443319    
  0.600469887      0.621487856      -6.37774691E-02
   2.32510585E-02   8.80361646E-02  0.109119758    
 -0.180401191       1.82067668       1.87776375    
  0.497823030     -0.825103045     -0.697826743    
 -0.103979066       1.30089271       1.63812518    
   7.32549578E-02  0.465271294     -0.337428212    
  0.566145003      0.246017486     -0.312893629    
  0.310600847      0.215674371       8.67745876E-02
 -0.554582953      -7.59418234E-02  0.110922918    
  -2.51723552       3.23291874     -0.329359531    
 -0.309781849     -0.178488597     -0.240980059    
  -1.57520139     -0.175433636      0.703464806    
  0.385407090      -1.43582249     -0.555185616    
   4.23161201E-02   1.99070871E-02   1.44865392E-02
 -0.515094936       1.19087708      -1.76963067    
 -0.366740048     -0.561928868       1.69364512    
   2.12887935E-02   8.25599581E-02  0.106919475    
  0.508987963     -0.753636360      0.778717279    
 -0.361000359      0.154214621     -0.243261442    
   1.81005821E-02  -1.87935841     -0.973523974    
  -1.21368313     -0.143339172       9.67612565E-02
  0.179562435      -5.23650348E-02  0.948612630    
  0.149799183      -1.84862353E-02  0.141387954    
   1.06256139     -0.326830953      0.500775754    
  0.447264194       4.76802178E-02 -0.314457715    
   2.11103368      -1.50778985      0.579716861    
  0.793205619      0.494188368     -0.201442704    
  0.471427828     -0.365451753       4.41698357E-02
  0.515191793      0.690668046       9.76437479E-02
 -0.123407416       7.99430236E-02  -8.30951408E-02
 -0.929419875     -0.177959338      -4.38429639E-02
 -0.176783293      0.404520243     -0.185250729    
  0.301246405       5.93213104E-02  0.443930537    
 -0.148116097      0.130867898      0.382153958    
   1.54052114       2.05435085      0.417387664    
   2.50081718E-03 -0.172918111       4.12083231E-02
  0.563495278      0.406471699     -0.588249743    
  0.214481086      0.391217113      0.211694762    
  0.773500681      0.124053888      0.175660431    
  -9.28374976E-02   1.08854902       1.21597588    
   1.24267972     -0.258897990      -1.37604940    
   4.11478132E-02  0.990351379      0.270477891    
   6.68014735E-02  0.301941216       8.88117030E-02
   5.89655526E-03   2.33259965E-02  -1.63192004E-02
  -8.13998934E-03   6.03847094E-02 -0.224300206    
  -1.21196866      0.318757355     -0.133411422    
 -0.339574516       8.27790052E-02  0.383208096    
 -0.396799833      0.329133064     -0.241063759    
 -0.375980198      0.588115633       1.28189456    
   9.81751382E-02  -1.30947471       1.25127411    
   5.22127002E-02   4.55902219E-02  0.116055146    
 -0.269209623       6.88262060E-02 -0.362924904    
  0.477155507      0.508604705      0.340467691    
 -0.442273706     -0.619399846     -0.383776516    
  0.390342921     -0.157932043      -1.31570041    
   1.75415277       1.12034214      -2.13622308    
  0.538684309      -1.57101488     -0.967244208    
   9.37483087E-02   1.68384872E-02 -0.105752937    
  0.313928127      -1.42342067     -0.940333426    
   9.78475139E-02 -0.161660150       4.63340208E-02
 -0.424058020     -0.622337759      -1.46240866    
  0.806562185     -0.206844091       4.72293198E-02
  -5.49381003E-02  -3.23348269E-02   1.80805176E-02
   1.66367197      0.667878211      0.584358037    
 -0.821583271      0.555298865       1.51432979    
  0.382316858      -1.46746910      0.897363245    
   2.19503436E-02  -2.92459875E-03  -3.48187834E-02
  -5.65614551E-02   1.98008213E-02 -0.117202170    
  -1.51875758     -0.549474299       1.59937739E-02
  -1.13828385      -4.80434410E-02 -0.124662921    
  -3.71843353E-02   3.81060019E-02  -1.76784471E-02
  0.102081135      -1.47941387      0.422370374    
   3.38296853E-02  -2.82415375E-02 -0.159120530    
  0.155431569      -9.47405864E-03   1.49534494E-02
  -2.34096551      -2.38220143      0.281632632    
 -0.217742458     -0.587211728      0.333066761    
 -0.242943749     -0.782505512       1.16458166    
  0.623307347      0.294943810     -0.208053827    
   2.81050112E-02  -2.87453569E-02  -3.61807160E-02
  0.602848232      -2.42641754E-02 -0.115227267    
   4.02999483E-02  -2.94981385E-03  0.126769602    
 -0.142266497       3.17438506E-02 -0.517572522    
  -4.65933308E-02  0.219543785      0.107606925    
   2.39028454      -16.9423008     -0.804803967    
  -1.73713279       1.52473032     -0.568705857    
 -0.595855117      0.261011004      0.922824264    
 -0.340633780       2.77227235       4.81690025    
  -2.56096255E-02   3.99510413E-02 -0.269435853    
  0.573471844      0.625156462      0.132037893    
 -0.764216900      0.613480151       5.61787412E-02
  -4.89366688E-02  -1.77555457E-02   2.13026702E-02
  0.196100041      0.257668465       1.30071270    
  0.304858357      0.520490229      -1.31987202    
 -0.918001473      -9.77677852E-02  -5.54475281E-03
  -5.04979715E-02  0.113605440      -1.29034147E-02
  -3.79856303E-02 -0.425855309      -7.46564865E-02
   1.07501316      0.289347023      0.282724470    
 -0.397396892     -0.576374590      0.586495042    
  -7.06868172E-02  -1.89610645E-02 -0.254608870    
  0.717795849       1.06703627      0.389336169    
 -0.218316197      0.856802702      0.489765972    
  -2.45577935E-03  -6.75432235E-02   1.30314287E-02
  0.392637670     -0.428803027      0.932567298    
  0.332094610      -7.82251433E-02  -3.22904289E-02
  0.749137998      0.397860199      0.232901633    
  -7.72550774      -2.23811221       1.21441162    
 -0.314601451      0.138962060      -2.02434808E-02
   3.56965326E-02   3.32827568E-02  -9.21424329E-02
   1.24650717      -1.44055979E-02   1.33764386    
  0.286476165      0.539319158      0.128913760    
 -0.382640630      -1.36338639      -1.04511607    
 -0.149497479       1.10201371     -0.479310870    
 -0.241193995      0.328833759     -0.954458714    
  -4.28958982E-02  -4.00839448E-02  -4.17623222E-02
   1.85030615      -5.02504778     -0.554488659    
 -0.122348838      0.595218837      0.257665813    
 -0.266703308       2.41394711       1.75280356    
  0.595614672      0.658053577      -1.10802162    
 -0.408244967      -8.55620354E-02  -6.01804592E-02
  0.418076485       8.31700489E-02 -0.380420029    
   2.35127211     -0.651426792      -2.04403234    
   6.20784312E-02   4.71447892E-02  -8.19367319E-02
  -1.65846193      0.370607793      0.296680361    
  -1.72099341E-02  -5.43784797E-02  -2.21599173E-02
 -0.211210936       5.49672469E-02   7.55042024E-03
 -0.322455734      -5.77405747E-03   9.77496356E-02
   3.19766812E-02   9.34856199E-03   2.11534202E-02
   3.09393263      -1.47418654       8.03070962E-02
 -0.451537043     -0.198216543     -0.306850493    
  0.251138926     -0.221523762       9.32699367E-02
  -1.01912475      0.528558910       1.44568992    
  -2.41107845     -0.891625702      0.967288017    
 -0.735557616      0.484082758     -0.774237394    
 -0.110431090     -0.706353724     -0.269904196    
  -6.01414219E-02 -0.254644960      0.152524710    
  -3.58493924E-02  -3.04814987E-02  -8.37311968E-02
  0.260618627     -0.161533609       2.16450226E-02
   1.98413320E-02 -0.134851798      0.210697666    
   3.18567641E-02  0.198801309      0.153136224    
  -1.43952370      -2.08378732E-02   1.90772581    
  -1.53310454      0.164072752      0.809242010    
 -0.256216168     -0.845895708      0.320278943    
  0.721551597     -0.253162920     -0.102939270    
   8.41835365E-02 -0.201395661     -0.180881128    
  -1.86547339       1.81737006      0.811768234    
  -2.79162321E-02  -6.07122816E-02  -4.03850041E-02
   9.77205560E-02  0.415816307     -0.473154038    
  0.179139525       3.99792567E-03 -0.178736970    
  0.416411221     -0.151353300       2.91989092E-02
 -0.300154269     -0.127890602      0.111087508    
   1.63057649      0.699127674      0.468923122    
  0.196100414      -9.97736976E-02 -0.349268317    
  0.151141733      -1.25849319      0.375809729    
   1.40747285     -0.504274368      -1.28790176    
  0.104679868      0.192589864      0.346648276    
  -1.41178274      0.440487295     -0.260713935    
  0.163753450       2.41053645E-02  0.956388772    
  -1.10776258       1.27496219     -0.900954664    
  -1.63725400      0.368904740     -0.491418272    
  0.168306887      0.535431027      -3.56072688    
  0.515442014      -1.36812687      0.844815552    
 -0.335383058      0.333620578     -0.215159595    
   7.65776113E-02  -4.73825149E-02   3.87572274E-02
   3.08343060E-02   1.12996626       6.02034070E-02
 -0.992446482      0.137691453     -0.261532724    
   1.39308861E-02   8.56305286E-02   1.72238108E-02
  0.922390938      -1.22879732       1.74350286    
  0.431482404       9.20261070E-02  0.198501185    
  0.209312037     -0.481388390     -0.460266113    
  0.102977499      -3.18172947E-02   3.99816781E-03
  -2.28784084     -0.662488759      0.157181278    
  -2.31661534      0.269171953       7.40614831E-02
 -0.642572224      -1.00185394      -1.21870935    
  0.614933968       2.76689720E-03  0.347059369    
  0.261816025     -0.150787190      0.531615973    
  0.141018674      -7.82199353E-02 -0.171020284    
 -0.385730267       1.20725567E-02  0.359724969    
   1.81839857E-02   9.19612795E-02   3.54365595E-02
  -4.44267318E-02   2.15049148      -3.58868480    
  -1.37285542      0.227224842     -0.235512480    
   1.14111674      -1.81946826       1.07028604    
   4.82923463E-02   9.20697451E-02  -6.64055124E-02
  0.316635817      0.174580932       8.37658271E-02
   7.62769394E-03 -0.125580698      -1.05714425E-05
 -0.470431477      0.248045817     -0.398905486    
   7.77229369E-02   1.06581843      0.310221702    
  0.473020643       1.13660109      0.457463115    
   5.12331463E-02   6.39830157E-03   8.24800599E-03
  0.428263396     -0.270442963      0.742232621    
 -0.218670830      0.249867588     -0.551525831    
 -0.183112681       1.95617937E-02  0.240893483    
  0.115601391      0.449375123      -1.90063560    
  0.737530768      0.438118726      0.632349908    
 -0.192339331     -0.247825116      -1.04901338    
   4.60769162E-02 -0.123212472      -9.48266014E-02
  0.956780255      0.286766589       5.65024614E-02
  0.780847549     -0.119785242      0.373170674    
  0.659952044     -0.508233786     -0.461708963    
 -0.200335696     -0.987944722      0.765374243    
 -0.192971796      -7.78793171E-02   4.68018763E-02
  0.287493348     -0.112007439      0.451622695    
   2.05129862       1.19334495     -0.120256245    
  0.236039415     -0.240942046      0.115483940    
  0.488253564     -0.495867252     -0.209667042    
  -1.62437451      -9.70148370E-02  -1.11359346    
  0.104005814      0.128038198     -0.190527469    
 -0.215961710      -1.02706540      0.905903578    
  -7.50446618E-02   1.64545849E-02   1.81691628E-03
  0.120577388     -0.315206736      -2.22972743E-02
 -0.366664171       1.07209282E-02  0.266567558    
 -0.470888019      0.337154716      0.637902737    
  0.141942620      0.628548443      0.192215011    
 -0.119671613       3.71277407E-02  0.346543640    
 -0.649545968      0.740054011       3.15844454E-02
 -0.109706216      0.344196916      0.562206507    
  0.141790673      0.886075258     -0.237362519    
  -5.51195582E-03  0.132268354      0.227751374    
  0.324383259     -0.396338075     -0.176643446    
 -0.265059203     -0.392134458     -0.270169854    
 -0.333312601       1.67042408E-02  0.325755894    
  -8.91329795E-02 -0.232257947      0.386211485    
  -2.07700276     -0.115544431     -0.343169987    
  -4.78252694E-02   8.89090076E-02   1.53987017E-02
  0.839448631     -0.319918513      -1.24023378    
  -1.20654130      -1.11842406       1.74307823E-02
  -4.02719021     -0.464311212       3.17549372    
  -3.23421368E-03   4.82328236E-02   9.65556204E-02
 -0.182696089     -0.568077803      0.615691841    
 -0.161070764      -7.30634332E-02  0.193538994    
  0.250894666      0.202028692     -0.453416646    
  0.725019038     -0.843095303     -0.353331327    
  -5.99445738E-02 -0.260046482      0.115572929    
   4.02457751E-02   1.16236889       1.35814083    
  0.670862198       1.15268052      0.647752464    
   1.67289991E-02  -5.70734367E-02   2.98373140E-02
   1.22188712E-02   3.10340151E-02  0.102390453    
  -2.11169839      0.693441749      -1.02077007    
 -0.470560491     -0.352693677      0.100163214    
  0.310116112     -0.363357812      -4.07048985E-02
 -0.886834383       7.51313940E-02 -0.389282286    
 -0.184742972     -0.520385325      0.888782978    
 -0.305688918     -0.118079714     -0.664474130    
  -7.25170299E-02 -0.538407207     -0.367849708    
   1.29012823      -6.22075759E-02   1.59375966    
  -3.74558754E-03   6.80382624E-02   1.06604900E-02
  -2.69438829E-02   6.94607571E-02   3.35930847E-03
   9.95748118E-02 -0.100235194      0.126189679    
  -2.23992324       1.54654467E-02  -1.55149114    
  0.233550310      0.395407736     -0.799499512    
   7.66729563E-02  -3.70942429E-02   2.65255570E-02
  0.132459566      -6.60100430E-02 -0.164811969    
 -0.631708741      0.188104630     -0.335556954    
   9.08451097E-04  0.632850170       4.07923684E-02
  -1.71062624      0.527674198     -0.372993022    
   1.49060050E-02  -2.36020833E-02  0.115575105    
  -1.13824594       2.78239202       3.73239827    
   1.81851499E-02   4.85472344E-02  -3.61114889E-02
  -4.73017655E-02  -4.96931151E-02  -8.50502402E-03
  0.636547923     -0.775734842      0.392655283    
  -1.47757037E-02  0.267431408      -1.10071516    
  0.482756376      -1.00729036     -0.760772049    
  -2.69087814E-02   8.82627070E-02   3.47651280E-02
  0.932134032      -1.26895845       1.49369836    
   6.58351928E-06  0.157862604     -0.192170501    
  0.209190816      0.559916973       1.56967115    
 -0.474552184     -0.553493738      0.795421541    
   9.56841372E-03   2.56404411E-02 -0.113949642    
  0.918923080       1.00908339      0.475839645    
  -3.84144336E-02   3.16368602E-03   1.10977162E-02
   1.20595050      0.735412419       2.02067447    
 -0.110386468     -0.135327131      0.138043806    
 -0.288095444       1.42126027E-02  0.427141547    
  -5.71789593E-02  -4.35937867E-02  -4.78347912E-02
  0.244250268     -0.426618725      0.221547425    
  -5.97367547E-02 -0.246489033      -3.29276174E-02
  0.134115815     -0.972493052      -4.10868861E-02
  -1.45625508     -0.352209598     -0.153393939    
  0.282126039      0.885845304      0.203289896    
 -0.832206249     -0.987468958      -2.53776833E-03
   4.11877930E-02   6.82331203E-03   2.96056792E-02
 -0.101955160      -9.42686275E-02   1.70868030E-03
  0.205275297      -8.21067244E-02 -0.262133509    
  0.301062793      -1.11037660     -0.266998649    
   1.01278472      0.153927952      0.997114480    
  0.724680603      -4.02094275E-02  0.644938827    
   1.79377520      -1.44559622     -0.416061699    
 -0.456076145      0.192658991       7.08972588E-02
 -0.629506767       2.41437014E-02  0.402572304    
  0.277909011      -1.24175576E-02   4.22919728E-02
  0.202031508      -6.36028796E-02 -0.254653335    
 -0.951940835      0.289377570     -0.632054389    
  0.737834990       1.76768517      0.902474046    
  0.105999544       1.46706887E-02  0.146930695    
   3.84568125E-02  0.109545350     -0.189671457    
  -6.67236522E-02 -0.102846362      0.346058637    
   1.99505799E-02   6.32262230E-02 -0.110483706    
 -0.136864319     -0.127232015      0.126931459    
  0.577678084     -0.878241956      0.900750935    
  0.527308285      0.467878461     -0.467016339    
  -2.12620401      0.202528939     -0.824353755    
 -0.153508663     -0.216382846      -8.07469711E-02
  0.155168980     -0.122139856     -0.212366566    
  0.134240642       4.80978843E-03 -0.238256261    
 -0.119004399      0.174090177      0.149966359    
 -0.112665020      0.206476733      0.359457105    
   3.51181179E-02  0.278521895     -0.107948788    
  0.303972185       1.86947751     -0.256695360    
   5.26957400E-02  0.282403588     -0.945627987    
  0.281547725      -6.91923648E-02  0.150867924    
   2.33814828E-02   2.23236065E-02 -0.369948477    
 -0.106229648      -7.41374716E-02  -2.61895433E-02
 -0.525848627      0.998515487      0.259055853    
 -0.191321433      0.303015769      0.165862843    
  -1.10905004      0.336180896     -0.200812668    
 -0.648469090      0.170967266       3.41276005E-02
  0.131328687      0.122125380      0.843150139    
 -0.559362292     -0.372184724     -0.358171672    
 -0.337983876      -7.37776309E-02  0.113693722    
   4.04330008E-02  0.183152422      -5.14019392E-02
 -0.152996182       2.87936684E-02 -0.295392752    
 -0.233700141     -0.390026927      0.465132207    
  -4.32226174E-02  0.116917387     -0.204914033    
 -0.434896588      0.430211008     -0.565163314    
   3.17854807E-03 -0.118983202       3.19886133E-02
  0.375372320      -1.48649573      0.884510458    
 -0.302156389     -0.685068905      0.941647351    
  -5.98347262E-02  -1.40433749E-02  -1.09744724E-02
 -0.126308411     -0.148677066       1.38635385    
  0.115831874      -4.06087078E-02 -0.205401748    
  -1.44314575       8.65562931E-02  0.781780064    
   7.97186866E-02   1.55626815E-02 -0.267078876    
  0.133811459     -0.554211080     -0.230302244    
  0.609816372      -1.41723752      -1.48530257    
 -0.722658515      -4.13545179      0.857979059    
   1.07741635E-02  0.103030659      -5.51113971E-02
  -6.91914111E-02 -0.132964686      -4.02580425E-02
   1.23713148      0.998493731     -0.778760850    
  0.300877213      -1.12127209       1.45825982    
   2.42981124      -1.24695492     -0.565635264    
  0.354059577       2.09953570       1.94257689    
   7.70954713E-02 -0.515024662      0.104159757    
   3.79446894E-02 -0.838740528     -0.531040609    
   5.52687719E-02  -9.94467586E-02 -0.109292686    
 -0.117059983       1.29097402       1.99181104    
  -4.53598462E-02  -8.59796256E-02  -7.02729821E-02
  0.205580369     -0.174653038      0.238324583    
 -0.223789498       1.78441477      0.500953436    
  0.505753219     -0.332451999      0.783796668    
  -2.17440017E-02  0.227931723     -0.415962070    
  0.857502639      -1.08959985       1.46890819    
  0.148342222       8.60381275E-02 -0.653266728    
  -3.59445065E-02 -0.342695355      0.100085616    
  0.395704299       9.53599364E-02 -0.790997088    
 -0.309234619      0.174489871      -5.69232926E-02
  -8.48768577E-02  0.191720545      0.228248045    
  0.278769433      -7.33157620E-02  0.471648604    
 -0.219255298     -0.195102751     -0.247842312    
 -0.174468666      0.283134222      0.212779835    
  0.197358876      0.811293006      -1.00730979    
  0.146233842     -0.553508520       1.45030379    
 -0.752723455      -2.01691556       1.21534979    
  -1.48397052      0.681019485       5.41360397E-03
 -0.158122122      -1.05303705      0.827176273    
 -0.365620673     -0.171530321       2.16415850E-03
  0.161014885      -8.79517719E-02  0.729589581    
  0.302879333     -0.198766038      -9.94425267E-02
  0.126576662      0.348121643      0.623681545    
  0.197741121     -0.693909764       1.67352641    
  -7.21468401      -1.68077338       3.57150364    
   4.19279374E-02  -8.48912299E-02  0.298022628    
  -2.58712564E-02  -7.45226908E-03  0.113551870    
  0.252521634      0.468685955      0.139494553    
  -8.56080875E-02  -4.98047061E-02   1.67646371E-02
   2.96937637E-02  -1.15818405       1.15821970    
  0.634290576      0.166675478     -0.508896053    
  0.222314641      0.211181685      0.214980111    
 -0.205776930     -0.101490058      0.142332166    
  -1.21983957      -1.88702548      -2.60284400    
  0.944824398     -0.624250948       1.26844966    
   1.49465585      0.147642702      0.481877685    
 -0.393705010      -1.26404071       1.74957585    
 -0.796742618      0.727099359     -0.269339263    
  0.301887691     -0.154621303     -0.303578377    
   1.54238331      0.545474052     -0.409508765    
  0.641787708      0.561561823     -0.738158762    
  0.510091305     -0.686375260      0.266983718    
  -1.24401081       2.34146357       1.05666411    
   1.05759194E-02  -2.66920403E-02 -0.109486900    
 -0.279761523       5.63830733E-02 -0.100148499    
 -0.733197927      0.379723668      0.261862576    
  -1.04505765      0.349290103      0.610275149    
  -1.50278866      0.294584036       1.91104031    
  -2.03422438E-02   4.85843904E-02  0.165095776    
 -0.903841496      -1.11325598     -0.167351991    
  -1.28551006       1.47501576       1.23465979    
  -2.38038637E-02   7.60936923E-03   6.38223719E-03
  -1.09206188      -1.96428347      0.819540560    
  0.188331038      0.759901702     -0.815862596    
   1.81269925E-02   2.77618486E-02  -3.54385003E-03
  -2.64597312E-02   1.38445675      0.923759341    
  -1.61106610     -0.405168295     -0.291308314    
   6.12828583E-02   7.95267299E-02  -3.27489991E-03
   1.07204509     -0.207483813       1.56719363    
   8.81465450E-02  0.310515493       7.48047722E-04
  -1.90796316      -1.47241664      0.276248932    
   5.67390546E-02  -3.90207991E-02  -1.67015549E-02
  0.647215784     -0.226793006     -0.571166575    
  0.220635340      -1.29139107E-02 -0.196723551    
 -0.280735701     -0.252065510      0.299705297    
  0.101578102      -6.31437302E-02 -0.244088128    
   3.70009132E-02   7.40294307E-02  0.141537771    
  0.155712277      0.529469490      -1.02792299    
   1.18625093       2.58806419       1.19438922    
   9.26571861E-02   6.39238283E-02  0.308277547    
   8.52787215E-03  0.147408217       3.44692282E-02
 -0.235389814     -0.580529809     -0.636906207    
   1.69099665      0.288398147      -1.19591773    
   8.04902986E-02 -0.116583146      0.221868351    
   5.27723804E-02  -1.41688490     -0.291200489    
   5.25261424E-02   3.93449813E-02   1.91501286E-02
  0.267895877      -1.25567353      0.749319792    
  0.195828080       3.34545188E-02   5.00154868E-02
 -0.662930608     -0.805473030       1.65592968    
 -0.302220166      0.543406308      -1.95474774E-02
   7.02089220E-02  -1.52478909     -0.306020766    
  -2.76196492E-03  0.106946573      -1.26572996E-02
  -3.70189585E-02   5.92268929E-02  0.166786611    
  -1.67634673E-02  0.880229652      0.301281959    
  0.143719748      0.146376431      0.687722385    
   1.58076191      -1.19796836     -0.173981056    
  0.661594033      -1.17853165     -0.567744792    
 -0.427371651      -8.80653113E-02  0.310992330    
 -0.263705403     -0.628977597      0.381109357    
  0.491677999      -7.20071346E-02 -0.341493398    
  -2.18087528E-02 -0.493761837     -0.314742684    
 -0.859163046       5.64496145E-02 -0.344308108    
  0.267716378       1.31167583E-02 -0.580960929    
  -1.47971408E-02   1.82576291E-02  -2.31575314E-02
  -2.09163837E-02  -4.21277769E-02   4.11192328E-02
 -0.417954504      0.520267069     -0.952370644    
   1.85536969       1.40156209      -1.16711032    
 -0.256449312       1.81456096E-02  -9.00098607E-02
 -0.505812883     -0.107922010      0.379011482    
  -1.85183156E-03  0.117823280     -0.174833238    
 -0.494947851      0.249243587      0.684162080    
 -0.164437637     -0.353075445      0.456629485    
  0.168907136     -0.288260639       5.20489179E-02
   7.06065223E-02  -7.74086863E-02 -0.807941616    
 -0.494032472     -0.796191633     -0.697851062    
  -2.03192329     -0.177971870       1.58631516    
  -1.90700161      0.440734595      0.164974511    
 -0.430854768      0.365539908     -0.155478194    
  -2.58556604      -4.73776579      -1.39436448    
  0.501252472      0.317267150      0.125284240    
   6.53619468E-02  -6.33455664E-02 -0.135966703    
   2.57877260E-02  -4.98852581E-02 -0.113407545    
   5.24661392E-02   1.62388105E-02  -9.07857195E-02
 -0.653130889      0.781103134     -0.154078007    
 -0.485137135     -0.564252257     -0.675988019    
  -3.15979570E-02 -0.241767570      -2.65941117E-02
  -1.59451306      0.602198303     -0.104054920    
 -0.355915040      0.518812776     -0.923636317    
  0.190127984     -0.281813711     -0.271822512    
   2.48125265E-03 -0.301297843      -8.51933956E-02
   5.67265511       2.94557166      -2.41758418    
  -7.02495575E-02   2.21391749       1.71228051    
   9.92599353E-02  -1.25172889      0.244602576    
   7.48372301E-02 -0.456039637      0.314141870    
   1.50568283     -0.149698958      -1.21549511    
  0.101347335     -0.248639673      0.113543816    
 -0.360600799      -3.16864438E-02  0.241798148    
   1.54915070E-02  -3.44553553E-02   1.24419462E-02
 -0.403201520      -5.58606312E-02 -0.203014404    
  -9.83867347E-02  -1.69233549E-02   4.42230478E-02
  0.769029558     -0.877693176     -0.312319815    
  -8.56706649E-02 -0.168258116     -0.221058175    
 -0.735257089     -0.138554782      0.289822429    
  -8.85540023E-02  -6.85360357E-02  0.262278914    
 -0.119371071      0.137098312      0.366142005    
  0.404974878      0.417935610      0.452547222    
  -9.03969705E-02 -0.578533411      0.216439441    
  -1.35421632E-02 -0.244301498      0.232851267    
  -1.20155251     -0.127260551     -0.200385168    
   3.09150610E-02   9.79245603E-02  -3.31728570E-02
  0.142854422       8.58742557E-03   7.92281702E-04
  -8.20567459E-03  -2.30969433E-02  -1.49203734E-02
   1.88082941E-02   4.21099551E-03  -5.29331714E-02
  0.150093913     -0.407432735      0.302850306    
   2.31923275E-02  0.259225845      0.728498161    
 -0.378890723      -3.15698870E-02 -0.114059955    
   3.77166234E-02   4.27207425E-02   2.01766044E-02
 -0.129506558       2.09352708      0.192067802    
  -1.18526578     -0.474101573     -0.533283651    
  0.114500329      -2.71292664E-02   4.00838815E-02
  0.221909508      0.258482754      0.195460930    
   2.96478607E-02  0.115356959      0.127070650    
  -1.81032598     -0.687940657     -0.908485949    
   6.23511104E-03  0.882868052      -6.62059337E-02
   9.27178115E-02 -0.611281097      0.617310584    
  0.254826576      0.341010213     -0.324422538    
  -6.70342147E-02  -6.32808357E-02   1.88151374E-04
 -0.703553081       9.56943706E-02  0.460510135    
  0.150623605      -1.61484648E-02  -6.74596652E-02
  0.466531038      -1.59534477E-02   1.74963510    
  -1.00108552      0.222520232     -0.301626682    
 -0.344907671     -0.565478325      -1.12632954    
  0.573423564     -0.163922891      0.633565485    
  -1.57735407     -0.537928879      -1.05406332    
  0.744703710      0.253643692       3.13248523E-02
 -0.874357343      -1.50264454     -0.800529420    
  -2.40406084       1.22543669     -0.252350330    
 -0.854939222      -5.53719327E-02 -0.392820030    
   8.81800205E-02 -0.435970068      0.356817573    
  -3.26535255E-02  -4.46938239E-02   7.34267682E-02
 -0.410950989      0.169227257      0.351501644    
  0.207948446       7.91784227E-02 -0.137103617    
  0.395793885     -0.176018462     -0.487471849    
  0.182054490       5.44967614E-02  0.119977579    
 -0.614792764     -0.899113536      0.898279607    
   5.58860451E-02  -7.37587437E-02   8.04680139E-02
  -7.95308352E-02   2.87345052E-02  -6.77357838E-02
  0.144817680     -0.189214379      0.443569630    
  -9.93182957E-02  -5.81004322E-02   6.40413612E-02
  0.352598280      0.124886155      0.254434645    
  -1.49833858      0.363362342      -4.11310233E-02
  -1.46296602E-02  -7.71111846E-02  -6.15585372E-02
 -0.252595574      -1.61987305      0.160457686    
   1.82041109      0.871583700      0.356205881    
 -0.355982989      0.189230070      0.948822498    
 -0.837987423       1.05832703E-02  0.752393961    
  -3.52722034E-02  -1.83327049E-02  -2.83090342E-02
  0.751033902       1.29651761      0.407164335    
   3.77560104E-03   4.28827130E-04   5.33764735E-02
  0.395109713      0.257923186       2.54738070E-02
   1.32497679E-02   4.19841185E-02  -6.23475239E-02
  0.398602098     -0.749202609     -0.535874546    
  0.592274129      -1.02139735      -1.26769650    
  -4.49834354E-02 -0.235629663     -0.145714045    
  -1.75861156      0.991521597     -0.473840743    
  -1.28001499      0.546896219      -1.04341805E-02
  0.797234416       1.15422618       1.30973876    
  -5.32472990E-02  -3.53695774       1.12909414E-02
  -1.37002063       7.46301487E-02  -1.55483580    
   1.38227451      -1.10339713       1.34544039    
   5.88387996E-03   3.33270207E-02   5.85767366E-02
   4.72793356E-02 -0.136465967       2.12190077E-02
   2.11776756E-02  -3.13537829E-02  -2.25333497E-03
 -0.101946808     -0.362350255     -0.565700173    
 -0.246376663     -0.552688897      0.913375080    
  0.100030392       4.04077210E-02 -0.490112126    
 -0.334401816      -1.06323910     -0.863894463    
  0.521722138     -0.671425223       1.03218913    
 -0.601031303      -1.07246675E-02  0.273667157    
  -8.08088705E-02  0.152533710     -0.394334495    
  0.832202554      -2.28128934     -0.920019865    
  0.933771849     -0.517423451      -1.27290809    
 -0.971434116     -0.175476685      0.448601156    
  -8.15289095E-02  -6.14588335E-02  0.384805411    
