  0.187616885       1.28250550E-02 -0.497624636    
  -5.17206714E-02  -2.70925313E-02  -3.22487801E-02
 -0.162649035      -6.36308342E-02   4.18303497E-02
 -0.866764069      0.351120502       9.87743661E-02
 -0.526172578     -0.364551276     -0.261234701    
  -1.87420845E-02  -8.95112306E-02  -5.09566329E-02
  -7.53323212E-02   8.07010010E-02 -0.218480319    
   3.00603453E-02 -0.106518872     -0.481257528    
  -1.14933262E-02 -0.161992386      -8.70670825E-02
  -6.17068633E-02 -0.227071077     -0.166709691    
  0.459119827      0.564090192      0.154042140    
 -0.698355377      -3.77508663E-02 -0.138730824    
 -0.174770325     -0.840015590      0.187780872    
 -0.347058684      0.182655513     -0.263042957    
   3.18249583       1.51706314     -0.652014434    
  0.865552545      -1.28163898     -0.399009436    
  0.349979520      0.709730029     -0.424558550    
 -0.200559974      0.278256744      0.316990644    
   2.22711205       1.73014402     -0.658964753    
 -0.146625802     -0.183568135     -0.196083888    
 -0.247831270      0.196099311      0.468895435    
   3.80340256E-02 -0.396024764     -0.427751571    
 -0.626676321      0.123914234      0.989523351    
 -0.491273522     -0.509789467       2.59327888E-02
  -3.15684499E-03  -7.32295364E-02 -0.126820609    
  -6.92381337E-03   1.13007016E-02   7.40528479E-03
  -2.20639873       1.00865066      0.171755478    
 -0.393117368      -8.67612138E-02  0.123709157    
 -0.387592882     -0.481034875     -0.113800377    
 -0.247356459       1.43917644      0.172715142    
 -0.165402994      0.214225248       5.19234762E-02
   1.18120946E-02  -2.03054734E-02   1.51581820E-02
  -7.85082020E-03 -0.167135239      0.250053316    
  -2.95818429E-02 -0.376519710     -0.133775309    
  -1.81091819E-02  -2.51375530E-02  0.379622191    
  0.319225430     -0.316280603     -0.463037252    
  0.179718703      -2.71849297E-02  -5.49725369E-02
  0.277694553       8.99394974E-02   2.65033040E-02
  -4.05126698E-02  -8.21639001E-02   2.06230916E-02
  0.292827815      -6.14904538E-02   7.10266680E-02
 -0.288246781      0.119381130      0.276969939    
  -1.67123042E-02   3.30328494E-02   8.41967668E-03
 -0.140472680      0.148615837     -0.115477473    
  -5.69625050E-02   4.49702367E-02  -2.59930417E-02
  0.356779993      0.108207069     -0.791349947    
   6.93089887E-02   7.50371739E-02 -0.153531834    
 -0.546917200      -1.22260032E-02 -0.183217302    
   1.37854242      0.308964074      0.297889143    
 -0.240075171      -2.54645720E-02  -4.63088006E-02
 -0.208467796       8.90318900E-02   5.26670851E-02
  -4.68128920E-02  -5.00548854E-02  0.212916702    
 -0.371725589      0.344656825      0.136219829    
  0.247001022      -9.69125628E-02   3.23541053E-02
  0.896283686     -0.180640921      -1.71626759    
  0.141686127     -0.396168143     -0.159985065    
   8.95446017E-02 -0.417394161       7.85103254E-03
  0.240728155     -0.215329051     -0.344036698    
 -0.106805295       3.67948599E-02  0.179587916    
 -0.544118226     -0.770689130     -0.835709572    
 -0.110345595     -0.305348516      0.422826290    
 -0.169022977       2.11815815E-02  0.195783809    
  0.705348253      0.541827321      0.307416141    
  0.116628326      -4.95423302E-02   2.94434885E-03
 -0.192779481      0.908198893      -1.72227359    
 -0.371727258     -0.359374583     -0.416189134    
  -3.71662229E-02   5.84833398E-02  -3.26223783E-02
  -8.93056579E-03   7.02293217E-02  -2.15461291E-02
  -3.16877849E-03  -2.01637372E-02  -1.31596942E-02
   5.54231927E-03  0.155887723     -0.118828669    
   6.85341656E-03 -0.143851951     -0.160124630    
  -8.87305140E-02   3.24128605E-02  -7.14251995E-02
  0.403073132      0.241593271       6.82804361E-02
   1.85834933E-02  -4.79217023E-02   9.49159078E-03
 -0.137509808     -0.132846802      -5.48624471E-02
 -0.343123883       7.85025880E-02 -0.243327737    
  -9.42695811E-02  0.125846907     -0.151294455    
  0.255496711     -0.406190693      -4.96557169E-02
 -0.261167437     -0.201378748       7.40119219E-02
  0.157931656     -0.102152735       4.97163236E-02
  -4.29808423E-02   5.43904863E-03   5.01959473E-02
  -7.59285465E-02 -0.120124437       1.13083515E-02
  -4.24166583E-02   5.21959849E-02  -8.22359473E-02
  -7.63991475E-02   3.09553202E-02  -4.13872711E-02
 -0.722001672       7.56957382E-02  0.336379826    
 -0.239743292     -0.537527084      0.327472389    
  0.191181660     -0.348548234     -0.197049364    
   8.54490250E-02 -0.213074192      0.156586275    
   5.89760803E-02  -2.82110572E-02  -7.35369176E-02
 -0.280478895      -4.01740596E-02  -6.26155064E-02
   7.08319843E-02   7.08973035E-02 -0.511665344    
  -3.66604771E-03 -0.416622937      0.665097058    
 -0.721361816     -0.373437405       7.97756314E-02
   8.28495063E-03  -9.51168407E-03   1.50492936E-02
  0.790795386       1.02744269      0.130079985    
 -0.104224660       5.76450452E-02  0.278618872    
  -2.76382715E-02  -6.82909787E-02 -0.383572966    
  0.414974451      0.128272548       2.63769068E-02
  -4.98051345E-02 -0.649733305     -0.473095238    
  -6.38794005E-02 -0.176298320      0.140567854    
  -8.91913474E-02 -0.491874963      -7.40264952E-02
   4.45148200E-02  -2.12017018E-02   7.37009272E-02
  0.374795854     -0.240901560     -0.289047241    
  0.413623810      0.204531372     -0.406619579    
  0.194218084      0.297033191       2.44051032E-02
  -1.30120432E-02  -1.99650060E-02   2.25473903E-02
  -5.43266311E-02   2.67700776E-02  -5.72138503E-02
 -0.116413355      -4.93252724E-02  -4.97147106E-02
  0.137100250      -1.64889777     -0.259018332    
 -0.831782162      0.750695407      0.123561583    
 -0.143918812     -0.270663291     -0.277420461    
  0.272582650      -7.23540336E-02  0.209922433    
   3.02324500E-02   7.29823187E-02   2.30726786E-02
  -9.48597416E-02  -4.41946536E-02  -2.78076865E-02
 -0.471135885     -0.171366587     -0.375462323    
 -0.379805207     -0.243004218     -0.568497717    
 -0.128297210      -1.00124240       9.97390896E-02
   3.28621507      -1.37797391     -0.587250888    
 -0.628568113      -3.32564823E-02  0.232378766    
  0.385013252      0.101755045      -2.29499629E-03
  -8.06409717E-02   3.87421101E-02  0.114685349    
  -1.28353778E-02   5.07019199E-02 -0.187259495    
   8.65429044E-02 -0.279041886      -3.66768315E-02
 -0.584542811      -1.13398421     -0.182415441    
  0.156322002     -0.460881382      0.240500852    
   1.18379071E-02  -6.78859185E-04   8.23133290E-02
  -7.61641040E-02 -0.250461370      0.158882096    
 -0.255997956     -0.552853823     -0.359540164    
 -0.188363582      0.147429034      0.190674439    
  0.431568831     -0.166235909       7.31339231E-02
  -5.70497140E-02  -1.95146352E-02  0.396616936    
  0.329141885      -4.59478125E-02 -0.134103164    
  -9.00716558E-02  0.215275452       6.55919760E-02
  0.200298920      -8.02485570E-02 -0.280582160    
  0.189570040      0.261029184     -0.187878788    
  -9.92884114E-03 -0.242709190     -0.154585153    
  0.249236196      0.196837902     -0.201943547    
  0.144421667     -0.208027765     -0.192972720    
 -0.636745811     -0.317483187      0.482896030    
 -0.210787341     -0.314537108      -5.43824434E-02
  0.196922839     -0.144646212      0.297869951    
   2.15118211E-02  -2.75153257E-02 -0.835359573    
 -0.826856494      0.634998322     -0.348614722    
 -0.330517888      0.864558876       1.18935597    
 -0.110457644     -0.137602195      0.148678392    
 -0.553375363     -0.554216325      -1.47924172E-02
  0.539213419     -0.133041337     -0.293165624    
   2.48526800E-02   4.59871292E-02  -3.26748006E-02
   7.06129754E-03   6.64503276E-02  0.146657825    
  -1.38873303      -1.01557064     -0.212214842    
 -0.270029396      0.405459553     -0.731181085    
 -0.597732008      0.377215296       4.81658988E-03
  -2.90140957E-02 -0.395186514     -0.624892116    
  0.645344615       8.36037472E-02 -0.110265613    
   5.64848781E-02  -7.56535232E-02  -3.37067358E-02
  0.275462925      -7.61642680E-02 -0.263160229    
  -6.98403418E-02  -3.43175977E-02  -5.12601212E-02
   4.66974415E-02 -0.522178948      0.131447196    
   5.36700785E-02   2.07718052E-02  -2.60156170E-02
  0.409594864      0.151334986     -0.431744277    
  0.349980265      0.365549475     -0.446272761    
   5.51092513E-02 -0.150496483       2.16048677E-03
  0.102051646      -5.16230129E-02 -0.187806040    
 -0.259346962     -0.284556985      -7.08817989E-02
   1.76058412E-02   1.19143315E-02 -0.165495038    
  0.453445315       1.02693474     -0.605488718    
  0.435164869      0.124420546      0.179257050    
  -6.62144125E-02 -0.140977293       9.05764252E-02
  0.227873042      0.201150715       5.21285459E-02
 -0.354683429      -9.96597558E-02 -0.221656978    
  -2.21968312E-02  -1.45375459E-02   2.08753496E-02
   3.27263512E-02   2.83159260E-02 -0.392823637    
 -0.109631240      -4.21868153E-02 -0.229837969    
 -0.113879472       9.53854248E-02  0.327164382    
 -0.365679383     -0.573712826      0.535751700    
 -0.399410546     -0.418833762     -0.531426013    
  0.214243323       6.65214136E-02 -0.167308912    
  -6.51058331E-02   8.04861858E-02  -6.89196400E-04
  0.142749548     -0.240771338      0.139960915    
  -3.33887264E-02   6.64350763E-02   5.32364026E-02
  0.103054114      -1.04393177E-02  -1.34995840E-02
   3.14484462E-02   9.27874818E-02   6.07988425E-02
  -6.75200718E-03  -7.72704333E-02  0.206920162    
 -0.336320043       3.31729129E-02  0.325643837    
 -0.310478002     -0.109578446       4.52872254E-02
 -0.260279238       8.40835720E-02  0.312396139    
  0.264153898       3.83497328E-02 -0.102197610    
  -2.02937984       2.38586378       3.55168772    
  0.192356318     -0.619710386      0.971352041    
  -1.61913252      0.875899434     -0.476940989    
   2.34227683E-02 -0.457164168      0.786714494    
 -0.100563288      0.137556434      -1.51765142E-02
 -0.219348326     -0.288709313      0.223000929    
 -0.182184070      -7.76323527E-02  0.301059663    
  0.300507396      0.243441671     -0.230905682    
  0.104252376      -3.79363745E-02 -0.415451914    
  -7.36077875E-02 -0.195239544     -0.328181952    
 -0.596243501      0.565059483      0.489897370    
  0.240813255       5.69821075E-02 -0.111876003    
  0.337791383       2.21030004E-02  0.444260448    
  -3.07690167      -8.65648314E-03  0.789323330    
  0.480040491     -0.367425561       9.22203958E-02
  0.379612684       9.29985121E-02  -6.80528134E-02
  -6.75029159E-02  -7.05758035E-02   5.38881123E-03
  0.154665709     -0.134297952     -0.199317470    
  0.141471833       6.29320592E-02  -3.35134901E-02
 -0.732438743      -1.09541225      0.522299528    
 -0.173888043       1.40068878E-03  -4.89781201E-02
   7.82382786E-02  -1.48472413E-02  0.322147489    
  -5.34897204E-03  -6.45153373E-02  0.307364017    
   9.30726230E-02 -0.804099739       1.41680110    
  -8.74658376E-02   4.40257080E-02  -4.08663228E-02
  -1.64480135E-02  -2.12250650E-03  -2.06664298E-02
  0.234404698       6.58856630E-02 -0.644668758    
   2.04682797E-02  0.328978837       8.64186659E-02
 -0.916380882     -0.508616567     -0.355157852    
  -1.22215236E-02   1.54233910E-02  -5.10048401E-03
 -0.272575021       1.55778098     -0.344062209    
 -0.567441881      -5.87303042E-02  0.514834285    
  0.806733370     -0.522511363      0.286400914    
 -0.158088014      0.145067692     -0.111319885    
  0.154312536      -4.61688936E-02  0.325687200    
 -0.469066322     -0.234112993      -7.84172565E-02
 -0.381264597      -9.97354742E-03  0.232423395    
  0.248155594      0.170454383      0.410140783    
  -4.05093841E-03  -1.67847257E-02  -8.79794136E-02
  0.151521355     -0.778128505      0.314629585    
 -0.379284948      0.163498014       3.10811475E-02
 -0.414868236      -9.06260535E-02  0.129685730    
  0.295622826      0.818720460      0.699886382    
 -0.655903757      -1.80673767E-02  -5.60416980E-03
 -0.733426988      0.870211184     -0.251325697    
 -0.161997214      -8.31867903E-02   7.86281899E-02
  -9.03439969E-02  -7.13032931E-02   6.43327311E-02
  0.192236483       7.90984482E-02 -0.155891582    
  0.458537698     -0.368933350      -8.44888389E-02
 -0.545251727     -0.125878483     -0.135182038    
  0.231770009      0.100057289     -0.182044759    
  -1.04832668E-02  0.228350341       5.94418198E-02
   2.80263908E-02  0.174807847      -8.92809629E-02
   1.27636455E-02   1.36399223E-02 -0.140875563    
  0.362870306     -0.731337428       8.46155584E-02
  -6.43068850E-02  -8.98707807E-02   2.72411164E-02
 -0.266028345     -0.117073782       4.79339529E-03
  -1.81506504E-03  0.173306689      -2.40603462E-02
  -1.79033447E-02  0.236342743     -0.148234278    
   1.00842249E-02   2.03989055E-02   9.87040065E-03
  -1.53818977      -2.73685367E-03  0.212889478    
 -0.436729044     -0.446707696     -0.126455784    
   3.98168415E-02  0.171611875       6.12041540E-03
   1.02058959      -6.47585019E-02 -0.604534268    
   7.26970807E-02 -0.320455879      0.114050761    
   3.27859260E-02  -1.29686184E-02  0.236947849    
 -0.263365448     -0.848248065      0.404871017    
  0.325001597      0.152948245     -0.348818779    
 -0.118410803       7.10933581E-02  -9.41172168E-02
  0.412206382      -2.71585695E-02  0.455195665    
  0.295772791      -2.46622991E-02  -9.01926756E-02
   1.36549361E-02   2.72713229E-03  -2.04880945E-02
 -0.131999239     -0.331899107      0.304429799    
  0.654403150      -9.66893062E-02   1.33854163    
 -0.473804563       1.29261008E-02  -7.60746077E-02
  0.155241176      -4.23210859E-03  -7.55448639E-02
  -8.49407017E-02 -0.509684443     -0.409180582    
 -0.225953996     -0.336102009      0.453994364    
   1.23683913E-02  -3.27331536E-02 -0.110373355    
  0.897138655      0.184772357     -0.857177973    
  -4.12165165       1.95532441      0.480504960    
  0.154860288       9.31437537E-02  0.382787079    
   5.27116582E-02  0.223104849     -0.140969321    
 -0.201929703     -0.379274338     -0.339099348    
  -4.74688783E-02 -0.304883391       4.22276556E-02
 -0.343643337      0.120206974      0.550447822    
 -0.455970556      0.630351067      -4.06851433E-02
  0.964850843     -0.318410814      -1.00298953    
  -1.14818551E-02   2.46259421E-02   8.72521102E-03
  0.674135089      0.562504768     -0.396424502    
   1.45303881      -3.02962112      -4.05608082    
   5.08074183E-03  -9.80484858E-02  0.337751240    
  0.274607509      0.464215428     -0.144135326    
   9.05214846E-02 -0.189165428     -0.109216623    
 -0.809523106      -1.71463132     -0.866930842    
   1.20803833      0.760674298      0.679246247    
  -1.34717273E-02  -6.14027642E-02  -7.16132075E-02
 -0.494413853     -0.112161443      0.319164366    
   6.58376142E-02 -0.495581627      0.109452754    
   6.34594411E-02  0.142715394     -0.203157455    
 -0.103517771       4.41376567E-02   2.81421375E-03
   1.97227374E-02   6.83770850E-02  -7.58261681E-02
  0.264282197     -0.397969216      0.178508967    
 -0.239229262      0.188851684      0.367037743    
  0.661269367      0.736102343     -0.635584235    
  0.401095808       3.76807004E-02 -0.242248401    
 -0.109485626      0.131157234      -3.71469243E-04
  0.546359718      0.200316682      0.374776483    
  -8.28453526E-02  -2.24305745E-02  0.804685414    
  0.324437976      -8.72525722E-02  0.234612972    
 -0.356657833       1.69608239E-02  0.366714120    
   7.27752745E-02  -6.99820742E-02  0.149304673    
   3.36010531E-02   6.44899011E-02 -0.113635845    
  -4.95105237E-03  0.102023982       4.80210707E-02
  0.470462263      0.139858529       7.92302564E-02
 -0.932510316      0.306788325     -0.134816363    
   7.43890703E-02 -0.182001501      0.164819568    
 -0.405800343      0.261472523     -0.617150128    
 -0.323623061      -1.67897567E-02   7.14617968E-02
  0.472470164     -0.296956211       6.15281239E-02
   2.57270578E-02   8.99626687E-02   5.33703901E-02
  -1.04723629E-02 -0.417590827       2.29582470E-02
 -0.195773080      0.241554797     -0.223005563    
   8.43318179E-03  -7.45511353E-02   6.21009506E-02
  0.160386816      -3.40672247E-02  -3.64901423E-02
   9.49777961E-02   7.33831897E-02 -0.733600795    
 -0.160291404       9.08164531E-02   7.54528940E-02
  -2.45743748E-02  -2.66317725E-02  -7.01235309E-02
 -0.508903563     -0.133297592      0.352534980    
  0.436362505     -0.821138978      0.650779426    
 -0.218247592     -0.145186409     -0.165970460    
  -2.13880427E-02  0.255695879      0.218547568    
 -0.104005389      -1.32296467       1.21024442    
  -3.19771133E-02  0.362496078     -0.119815655    
 -0.401074737      -1.61384046E-02  0.271535844    
  -2.57037067      -2.11026502     -0.538883507    
   1.44708939E-02  -7.71761313E-03   3.37720290E-02
 -0.427685529      0.125944704      0.355379909    
  0.509273052      0.827290833      0.388296783    
  0.207231417      -2.53864541E-03 -0.268947959    
  0.101608150     -0.240655631     -0.197883010    
  -3.87833230E-02 -0.226148829     -0.146740288    
   1.06071560E-02  -2.07099319E-02  0.124024749    
 -0.181271806     -0.577893734      0.448350817    
 -0.242241129      0.545091271      0.207089737    
 -0.506802797     -0.131863728      0.302860200    
  0.167517915      0.263059974      0.384187430    
  0.246919021      0.433596671     -0.333124906    
  0.138274625     -0.296645015       5.02579771E-02
   3.51947658E-02   3.75847593E-02  -2.78588235E-02
  0.218307897     -0.163315952       3.98593098E-02
 -0.151417166     -0.148854285      0.148034677    
  -3.94577980E-02  -9.24372151E-02  0.111564286    
  -2.86886934E-04  0.113610588      -8.41409341E-02
 -0.137765720      0.217636168      0.404958040    
 -0.361606985     -0.125761494     -0.210022077    
  -7.85149336E-02  0.403674871      0.563698351    
  -2.48234551E-02   6.34125769E-02  -8.94172769E-03
 -0.350295871      -1.14513217E-02  0.530716002    
 -0.172812566      -7.89251924E-02 -0.176251665    
 -0.671723008     -0.397439748     -0.197788462    
   6.21212982E-02 -0.289335787      0.232936919    
  -2.14736499E-02  -8.74765441E-02  -8.54838341E-02
  -5.34642488E-02   7.23718666E-04  0.182228491    
  -5.87402657E-02   2.12034024E-02   7.40242824E-02
  -9.61956605E-02 -0.521989226       1.36375642    
  0.122209653      -5.54551966E-02 -0.157193691    
 -0.506431401      -6.69038214E-04  0.844775140    
 -0.137044340      -1.50859690      0.827862978    
   1.38252545E-02  0.253069907      0.148910388    
 -0.488467723       3.73324100E-03  0.146665752    
 -0.354201406      -9.87234041E-02  0.801468194    
 -0.502467453      -2.84704715E-02  0.554933190    
 -0.130776241      0.342029274       1.43584306E-03
 -0.976441562     -0.456563443     -0.124257281    
   5.42582236E-02   8.88276100E-03   4.88469098E-03
  -6.20168112E-02 -0.179015756      0.678570926    
 -0.560619950      0.108230717     -0.321360350    
 -0.416562289      0.191637829      0.616073132    
  0.418600470      -1.21148331E-02 -0.344196409    
   3.17062214E-02 -0.151510403     -0.201098323    
 -0.488512397       4.24068123E-02  0.671839356    
   4.57836837E-02 -0.171222687      0.114644557    
  0.382304370       5.14140055E-02   5.83602209E-03
  0.416040689      0.377223432      0.951439261    
  0.330907553       8.24660510E-02  0.154368490    
   6.01266995E-02   4.89396602E-03  -8.74529593E-03
 -0.920784175      -8.53247941E-03  -6.75807223E-02
 -0.410445154     -0.101901412      -6.58694208E-02
 -0.241975367      -9.63715762E-02 -0.448183179    
  -2.82887146E-02 -0.285743594      -2.45965179E-03
  -1.76585056E-02   2.59338543E-02 -0.407013565    
   1.10160983       2.96741370E-02  -1.20559037    
  -1.33690983E-02  -4.18906286E-03  -2.47270875E-02
 -0.137922361       3.55264805E-02  -2.97714248E-02
 -0.893307686      -1.58002581E-02  0.477280051    
  -7.28747714E-03   3.81205678E-02   5.62907271E-02
 -0.991248429      0.272398829       1.25298512    
  0.634789109     -0.348647743      -8.73558819E-02
   2.90301777E-02   3.06912158E-02  0.159308746    
  0.172885567     -0.182165369     -0.100544743    
  0.847376883       1.13109064      0.294632375    
 -0.429004222      0.222790822      -7.01638758E-02
 -0.181405395     -0.207053155      0.801465333    
   5.75676486E-02   1.48508828E-02   4.06738669E-02
   3.19827236E-02  0.134495690      0.135834441    
  0.727752686      0.472252339      0.150801942    
  0.175254807     -0.261922419      0.643931448    
   2.15151813E-02 -0.133600473      0.184397176    
  0.116249949       6.36148006E-02  -8.36874358E-03
   5.95124885E-02  0.532730043      0.280094206    
   3.52904797E-02  0.570406020      -4.07193862E-02
  0.254567385       5.80907017E-02   3.56333889E-02
 -0.923078537      0.208689466       7.02989399E-02
   2.00632475E-02   7.07118288E-02   4.13927436E-02
  0.157612562       9.82798412E-02 -0.102482654    
  0.719670475     -0.117950402     -0.301056117    
 -0.106263071      -6.94008321E-02  -9.45495963E-02
  -9.57988352E-02 -0.486081123     -0.534605503    
  -6.24477044E-02  -2.60109939E-02   5.50323874E-02
  -5.62033020E-02 -0.123380810      0.415995747    
   1.24157444E-02  0.239529178     -0.151710168    
  0.201785117      -8.56333748E-02  0.288385361    
  -6.02215305E-02 -0.138335809      0.586192846    
   1.77748781E-02 -0.103901669      -4.78651971E-02
 -0.484761685      -8.73946697E-02  -9.00483131E-02
  -3.59581001E-02   6.15226105E-03   2.66008861E-02
  -7.59653226E-02 -0.253194600      0.160943076    
 -0.213106245       5.86207956E-02   6.58133850E-02
  0.409809649     -0.590619326      -6.65717870E-02
 -0.300312936      0.138815627      0.406672001    
   2.24329811E-03 -0.382294923     -0.388580799    
 -0.623723328     -0.309124947      0.640003085    
 -0.604870260     -0.294472069     -0.436870098    
 -0.134978309     -0.261676401      0.193487749    
  0.268386245      0.387466997      0.124919593    
  -1.12082763E-03   6.08693808E-03  -6.16716668E-02
 -0.103695348     -0.347078592      0.408168197    
 -0.250853449      0.128020734     -0.185667604    
 -0.135543019       7.20864683E-02  -6.65399479E-04
  -4.19672504E-02  -5.60252182E-02   2.04235036E-03
 -0.461391449      -2.80302092E-02   5.30188158E-02
  -7.73663744E-02 -0.840022981     -0.641827047    
 -0.318473935     -0.114112943     -0.134386793    
  0.310728878     -0.447355747     -0.183473349    
  0.460767001      0.395855844     -0.604386628    
  0.180432960      0.141230077      -4.28073481E-02
  0.271417916      0.283577919      0.174773440    
  0.803900838      0.658577323      0.186076000    
   5.32606617E-02  -9.16018635E-02  0.203339487    
 -0.647421122      0.385466486     -0.221715778    
   9.33320746E-02   8.92172158E-02 -0.228349522    
  -1.26741696E-02  -3.62051353E-02   1.82685181E-02
  0.293820143      -7.45694488E-02 -0.195512444    
 -0.516002536       4.57558446E-02  -1.77257154E-02
  0.642227829      0.100166008     -0.580578268    
 -0.183376178       8.61944482E-02  0.182772458    
 -0.294015586     -0.463532031      0.337365031    
 -0.226973683      0.243413597      -1.05389535    
  -1.67339098       2.02219319     -0.659425020    
  0.775003433      0.164769143     -0.621470869    
  0.105104022     -0.268651992      0.107698567    
  -1.74095714E-03  0.604639232      0.171039253    
  -2.30029970E-02  0.343469441      -9.09421369E-02
 -0.203864083      0.358840793     -0.260823816    
  -3.07641905E-02   5.78949600E-02  -2.59591509E-02
   8.23866874E-02  -8.76846313E-02  -5.70315979E-02
 -0.332170606      0.203611776      0.118289493    
  0.258994788      0.569527090     -0.965562940    
 -0.261431336      0.470168233     -0.478206456    
  -9.21308845E-02  -6.05595764E-04   2.12032665E-02
 -0.120623700      0.149665773     -0.328800380    
  0.372992933     -0.315908611       6.59129471E-02
 -0.162724689       6.65058345E-02  -5.41223884E-02
 -0.665024102     -0.190509349       9.30033326E-02
   2.50347350E-02   9.25388932E-02  -1.19655955    
  -3.26387584E-02  -6.03728294E-02   2.14771684E-02
 -0.948920548     -0.766956687     -0.921997070    
 -0.592922151     -0.229440421      -6.60180151E-02
 -0.246911809      0.119488284     -0.735276341    
 -0.345688224      0.281244010      0.659428596    
 -0.972071111     -0.350643098     -0.218600020    
  -1.11187983     -0.507162988      0.189233303    
  -3.91328856E-02   3.27977836E-02  -6.39319494E-02
  0.462253094      0.476729572      -1.43606169E-02
  -2.04129629E-02  -3.46393846E-02  -2.90898047E-02
  -6.67014718E-02  0.721632123      0.749989629    
  0.203648344     -0.368088871     -0.301568508    
  -4.27291468E-02  0.514783740      0.624939442    
   1.85713619E-02  0.127994388     -0.120689481    
  0.349084944      0.160952806     -0.193830088    
  -7.81739354E-02  -3.29166837E-02  -2.37203687E-02
 -0.405293167      -5.67368455E-02  -7.77621288E-03
 -0.822141647       1.06749976     -0.123429313    
   7.04946443E-02   3.80321369E-02   4.19719480E-02
 -0.658822775      -7.75354356E-02  0.304521978    
  0.211712778     -0.704319298     -0.286055982    
   6.20394088E-02   5.06027415E-03   4.78841141E-02
 -0.265835136      0.642669737     -0.950034857    
 -0.133314848     -0.211936593      0.656438351    
  -9.77405719E-03  -2.95818578E-02  -4.89904657E-02
  0.249100044     -0.357691020      0.359270960    
 -0.213831335       9.66819525E-02 -0.140573665    
   2.46946961E-02  -1.33443582     -0.704613507    
 -0.395097077      -5.76071106E-02   5.42006828E-03
   8.69708508E-02  -2.18473244E-02  0.447396249    
  0.266115844       1.45368250E-02  0.230087370    
  -5.94166145E-02  -4.05310616E-02  -5.72495498E-02
  0.323375195      -1.32462718E-02 -0.245965660    
  0.891334593     -0.622741461      0.245421872    
  0.325394392      0.207450941      -6.44739270E-02
  0.314896673     -0.252105445       4.62534055E-02
  0.147668719      0.128650039       5.46574853E-02
   2.56516263E-02  -2.64072716E-02  0.145396605    
 -0.408251405      -7.88104981E-02  -2.13149898E-02
  -2.64904704E-02 -0.103154667       3.83298844E-02
  -6.50539994E-02  -1.06496513E-02 -0.100390062    
  -7.42989182E-02  0.123589277      0.315464258    
   1.02517533       1.35613358      0.313262761    
  0.108940095      0.340844542      -9.00200680E-02
  0.262628347      0.195168525     -0.263755679    
  0.183750436      0.269036710       5.09472229E-02
  0.222347543       1.32571831E-02   6.36327788E-02
  -2.88626067E-02  0.479727358      0.563195765    
  0.848275781     -0.153755561     -0.952833474    
   4.52406183E-02  0.827997446      0.186610878    
  -8.37698504E-02 -0.192693278     -0.107972115    
  -3.14471871E-02 -0.114814192       4.61254679E-02
   5.68109713E-02 -0.276445746      0.495331079    
 -0.791921973      0.220401317      -7.05598295E-02
 -0.322391182      0.123141073      0.431790203    
  -1.99329462E-02  -8.75663385E-03  -3.97771318E-03
 -0.275583833      0.394893855      0.881566226    
   6.44152835E-02 -0.685393393      0.658594906    
   1.10248886E-02  -1.67196188E-02   2.02704966E-02
 -0.334438622       5.40500879E-02 -0.465949982    
   6.36113808E-04  -4.73198555E-02   3.39290965E-03
 -0.243024528     -0.343455464     -0.206809878    
  0.109785132      -5.81467450E-02 -0.427836210    
   1.11809540      0.696012139      -1.32472301    
  0.178545222     -0.542950809     -0.342220157    
 -0.166123763       1.14403358E-02   7.36241192E-02
  0.115951940     -0.541155696     -0.368259251    
 -0.126130074      0.321988761     -0.284110218    
 -0.164900288     -0.209867328     -0.539372206    
  0.704570830     -0.194902346       1.91234462E-02
   3.41695249E-02  -1.12654250E-02  0.177964777    
  0.646317065      0.261848211      0.225721717    
 -0.304865628      0.216526330      0.581009924    
  0.253664136     -0.874967158      0.517550588    
  -2.30147541E-02  0.213812888      -6.98798671E-02
  -8.18247162E-03   1.74883697E-02  0.157746896    
 -0.666494548     -0.243565977       2.86662187E-02
 -0.982484758      -3.83463390E-02 -0.148757547    
  -5.31844646E-02  -1.33356620E-02  0.136238858    
  0.121770404      -1.09820461      0.324086308    
  -2.11736187E-02  -3.08156032E-02  -3.40996161E-02
 -0.105135173       8.37415159E-02  -5.99258672E-03
  -1.03787208      -1.06381643      0.135514855    
   6.29135519E-02  0.108141370      -9.93576348E-02
  -7.06034899E-02 -0.212453052      0.313304812    
  0.289374918       8.50397274E-02 -0.130588666    
 -0.235773712      0.106486872      0.220827967    
  -4.49818373E-02   3.96181596E-03   2.43916716E-02
  -8.61238092E-02   4.90303189E-02 -0.255458325    
  -4.48862463E-02   5.36813140E-02  -9.77210477E-02
  0.141255021     -0.283814043      -3.69826257E-02
   1.09620802E-02  -2.52475962E-04   1.29021332E-03
 -0.443916321      0.406883717     -0.142733097    
 -0.262806594       9.71374512E-02  0.423556119    
 -0.120689042       1.04590547       1.79253733    
   5.25676608E-02  -8.23656321E-02  0.199409634    
  0.439792544      0.488853455      0.128303781    
   5.57116000E-03 -0.132648036     -0.177292213    
   4.33483273E-02  -1.94727518E-02  -3.74998525E-02
   9.30792466E-02   7.60774985E-02  0.455891371    
  0.139396206      0.205007508     -0.547382951    
 -0.540412068      -9.11145005E-04   1.07147070E-02
  -2.49857754E-02  -6.68991432E-02   5.53020742E-03
  -1.62832476E-02 -0.494226277     -0.126001209    
  0.138511285       2.03743260E-02   5.13428599E-02
 -0.176411226     -0.268991113      0.317452788    
   1.77376084E-02   9.28774402E-02  0.115394056    
  0.440158963      0.648657084      0.215874374    
 -0.120751649      0.519579113      0.352508515    
  0.256608874     -0.441826761      -3.28333601E-02
   6.10676408E-02  -7.25964904E-02  0.208693698    
 -0.189363644       6.18981421E-02   4.00235653E-02
  0.128879160       7.58148450E-03   6.23618439E-02
  -2.58217692     -0.743133485      0.408858269    
 -0.297582299      0.180190414      0.145142615    
   8.12085345E-02   3.20204422E-02   7.30035640E-03
  0.354866952       9.60242469E-03  0.378807217    
  0.179472163      0.162022173       7.87963644E-02
 -0.219585225     -0.778124988     -0.603290319    
  -8.26031417E-02  0.467651814     -0.228388488    
  -8.25611800E-02  0.136038288     -0.362668872    
  0.103817977      0.110300742       6.35241494E-02
  0.463517815      -1.28544879     -0.149636209    
  -6.74515441E-02  0.498605102      0.237626985    
  -6.42859638E-02  0.639165103      0.453350037    
  0.205106661      0.138984621     -0.294067800    
  0.101434819       7.03604072E-02  -8.28180909E-02
 -0.217974991      -4.75826859E-02  0.200504661    
  0.581613243     -0.149719641     -0.503383636    
  -2.66751684E-02  -4.93041687E-02   7.45935440E-02
  -1.13650954      0.260211766      0.238986969    
 -0.218348250     -0.434784144     -0.112092346    
 -0.455336332      0.120496444      -7.55637139E-02
   5.94224408E-02  -1.55763235E-03  -1.68657657E-02
   6.81989416E-02   4.95814811E-03   6.75509498E-02
   1.54289699     -0.729011178       4.16708738E-02
 -0.239364207      -9.80505422E-02 -0.212467179    
  0.420101881     -0.301284701      0.102140903    
 -0.646882117      0.333689541      0.990403533    
  -1.18282163     -0.439653397      0.479293823    
 -0.493827760      0.308802664     -0.521851063    
 -0.160980001     -0.982744992      -5.94852306E-02
  -1.84345264E-02  0.199236259      -3.43444534E-02
   4.07915562E-04   2.16170475E-02  0.357799053    
 -0.135400578      0.150751397     -0.156955063    
  -7.80272260E-02   3.38017531E-02 -0.148997545    
 -0.111902632     -0.327843547     -0.191791639    
 -0.850138724      -1.12028867E-02   1.13399720    
 -0.576305687       7.56042972E-02  0.294101447    
 -0.171755537     -0.584074497      0.233430445    
  -5.25204465E-03   9.57448632E-02  -5.88089898E-02
  -5.32610118E-02 -0.140897900     -0.102789998    
 -0.742432117      0.698281407      0.331433296    
   2.61028446E-02  0.171147063      0.113626592    
   8.52042902E-03   1.54046193E-02  -8.26672278E-03
 -0.116185792     -0.140110955      0.117524870    
  -5.54593205E-02   1.26526440E-02  -2.70318612E-03
  0.162861705       3.28607261E-02  -5.36323711E-02
  0.555811942      0.252535701      0.150677949    
  0.219205528      -8.18824545E-02 -0.205158994    
   8.51836354E-02 -0.536442995      0.187443301    
  0.840914965     -0.291777551     -0.780877769    
   2.58727334E-02  -8.11625943E-02 -0.215222612    
 -0.942073107      0.301140636     -0.178846985    
   8.20064694E-02   2.72746887E-02  0.392527223    
 -0.290800720      0.347705722     -0.246328324    
 -0.623624980      0.140137911     -0.175757334    
  0.100589849      0.297339439      -1.96926808    
  0.174295753     -0.469643801      0.289773136    
   4.70522493E-02  -6.69681653E-02   6.92869574E-02
  -2.23431643E-02   5.73715568E-03  -1.85577963E-02
   3.37316580E-02  0.661629200       4.73091267E-02
 -0.645252883       8.74837562E-02 -0.157969713    
   8.99927244E-02   5.30038960E-02   4.08136994E-02
  0.286713451     -0.348732233      0.524915040    
  0.127712741       9.36949998E-02   6.18982390E-02
  0.132943287     -0.314654410     -0.332655787    
 -0.147828415      0.139502585     -0.102676272    
 -0.732825458     -0.200674415       5.89753836E-02
  -1.59394288      0.190641180       2.95038782E-02
 -0.364596575     -0.561308622     -0.680265307    
 -0.112491988       3.35095897E-02  -4.96336631E-02
  0.172869474      -6.48637712E-02  0.382603824    
 -0.101114482       3.01631037E-02  0.222148836    
   1.86570566E-02  -9.27048735E-04  -3.08648851E-02
  -4.86381240E-02   6.25067763E-03   4.27885428E-02
  -7.51020759E-03   1.26291537      -2.11644220    
 -0.529454708       9.68570486E-02  -5.69656342E-02
  0.381621242     -0.566493690      0.340048105    
   3.16203712E-03  -6.70261830E-02   5.57118282E-02
 -0.186473653      -3.97112854E-02 -0.101741537    
   9.79458466E-02  -9.53006744E-02   1.42488712E-02
 -0.132596180       7.42294714E-02  -9.44406837E-02
   6.53427690E-02  0.805575609      0.238622099    
  0.201325938      0.497218609      0.187114418    
   8.72416049E-02  -6.67856708E-02   1.82150174E-02
  0.234109789     -0.142599210      0.340022743    
  -2.80683953E-03  -5.01916092E-03  -3.26995552E-02
  0.202609733       3.14562432E-02  -9.98773873E-02
   3.85983698E-02  0.187835485     -0.794891417    
  0.502005637      0.323075294      0.422417402    
  -4.80248556E-02  -1.40389269E-02 -0.192573279    
  -9.77934971E-02  -1.06894225E-02   5.13489842E-02
  0.342621565      0.108416513       4.33272757E-02
  0.230052307      -8.21390301E-02  0.120593488    
  0.136788890     -0.123070844      -9.34708193E-02
  -8.38284492E-02 -0.338067412      0.268600583    
  0.115598001      0.107403852      -8.04129690E-02
  -4.63067740E-02   2.15431675E-02 -0.109500170    
  0.775955915      0.458192527      -4.49271388E-02
  0.319624633     -0.238757044      0.190295324    
  0.395236820     -0.397626609     -0.165512085    
 -0.612559497      -4.66469452E-02 -0.414438009    
   5.60645647E-02 -0.234822273      0.446762443    
  -9.12590399E-02 -0.360813260      0.342451572    
 -0.110502042       3.34990397E-02  -4.27864380E-02
  -6.03452958E-02  0.135413989      -2.96805371E-02
  -5.17627895E-02 -0.118053071       1.80733278E-02
  -5.35140634E-02   6.34668544E-02  0.139904872    
  0.159510791      0.470266461      0.239260271    
 -0.158842936      0.133790195      0.351134717    
 -0.280651718      0.323830932       6.02817722E-02
 -0.116519257      0.161163181      0.353294939    
   6.97882175E-02  0.456606328      -9.81368273E-02
   2.21582479E-03  -7.15464354E-02 -0.119741559    
  0.386509657     -0.428300649     -0.133616075    
 -0.122339576     -0.120150760     -0.106151007    
  0.267174482      -5.91841862E-02 -0.209399164    
  -7.86221325E-02  -6.03872761E-02   6.45313486E-02
 -0.607130289      -2.29901373E-02 -0.128577664    
  0.181787953     -0.435827166      -7.02752918E-02
  0.331490785     -0.121144414     -0.477430105    
 -0.423391998     -0.406073302       9.15161800E-03
 -0.895645142     -0.101118088      0.689905405    
  -8.37311670E-02 -0.108865127      -3.18236873E-02
 -0.120180339     -0.425946265      0.499722630    
  0.105181873       7.87893832E-02 -0.130809471    
  -6.31109476E-02  -6.21890351E-02   9.74464491E-02
  0.336853713     -0.431480974     -0.175709173    
   1.62978321E-02  0.190945297       2.41442323E-02
   4.55624051E-02  0.811213255      0.898841739    
  0.411254048      0.700041413      0.387524337    
  -4.08355482E-02  0.144213378      -4.27555526E-03
  -5.85744856E-03   8.50551389E-03  -8.71724784E-02
 -0.794982374      0.260635704     -0.387365609    
 -0.435658276     -0.371467412      0.123662375    
   5.06030843E-02  -5.74166924E-02  -3.81503738E-02
 -0.681810379       2.03562453E-02 -0.315098256    
 -0.110357054     -0.408476770      0.692498088    
   4.18152325E-02   2.51167640E-02   7.11220652E-02
  -1.56031083E-03   1.90897845E-02   2.11968981E-02
  0.459305733      -2.98828166E-02  0.562597930    
  -4.94670123E-02  -3.76557223E-02   1.67322084E-02
  -1.58594474E-02  -2.38795932E-02   1.25999767E-02
 -0.256623596      0.103072457     -0.250195265    
  -1.38669205       1.10374074E-02 -0.954445004    
  0.187890083      0.350315094     -0.644047379    
  0.177559763      -6.85451627E-02   5.42335473E-02
 -0.194072828       4.08534072E-02  0.190292582    
 -0.320663810      0.119095735     -0.167003855    
   2.40360107E-03  0.230938748      -5.27426489E-02
 -0.905282140      0.278791398     -0.221106797    
   7.00762775E-03 -0.155836880      0.204151422    
 -0.622970641       1.52936542       2.04520202    
 -0.180891097     -0.241200522      0.171955913    
  0.148523569      0.245602474       7.98347406E-03
  0.200748011     -0.274240673      0.151343822    
   1.53015123E-03   6.72841370E-02 -0.349067897    
  0.228723705     -0.502652287     -0.349572659    
  0.146450266     -0.381741762     -0.168293521    
  0.291753590     -0.392139912      0.452010304    
   2.48517897E-02 -0.174363837      0.280272335    
   5.86738810E-02  0.160030261      0.428539038    
 -0.171386570     -0.220006600      0.294801801    
  0.119944565      0.257627875     -0.251460940    
  0.478990227      0.498054326      0.253899157    
  -2.10228320E-02   1.83175486E-02   2.46338937E-02
  0.344530791      0.223081872      0.573096156    
  -9.85964201E-03   6.06775358E-02 -0.254495084    
   5.18391170E-02  -1.37430569E-02 -0.105676882    
   5.69249131E-02  -1.82994176E-04  -6.43836614E-03
  0.187129125     -0.261147708      0.138932005    
  0.109307021      0.195937619      -8.30863714E-02
   8.97951722E-02 -0.488610059      -4.31440249E-02
 -0.898047268     -0.193490312      -9.04023200E-02
  -1.02991443E-02  0.115525082       2.59782746E-02
 -0.276125193     -0.319501489      -1.61560369E-03
 -0.403109759      -8.10203180E-02 -0.130250484    
  -1.20865563E-02   7.24850893E-02  -5.56736141E-02
  0.282666892      -1.69285387E-02 -0.280751109    
  0.282409996     -0.744174063     -0.170321211    
  0.306000531       5.82949333E-02  0.275055915    
  -4.32292484E-02  -1.15100201E-03  -3.69812474E-02
  0.687138438     -0.534555197     -0.157053590    
   8.66710022E-02  -5.48462197E-02  -4.12325002E-03
 -0.423908085      -7.99218949E-04  0.304120213    
 -0.382554829       3.49354446E-02 -0.171386525    
  0.324825913     -0.107498482     -0.321036905    
 -0.610277355      0.207311779     -0.404983461    
  0.332817256      0.792582035      0.391699940    
   1.53425289E-03   1.84292365E-02  -3.86386365E-02
  -7.28366077E-02  -5.44603355E-02  0.129284158    
  -9.15985852E-02 -0.116802573      0.417221069    
   6.91781119E-02  -4.67131920E-02 -0.143409491    
 -0.200067759     -0.259176522      0.197563276    
  0.257183433     -0.401994646      0.371812463    
  0.302636445      0.260839522     -0.216858819    
  -1.16928720      0.108787864     -0.453956932    
 -0.392243117     -0.192719117     -0.257681996    
 -0.173281342       7.65044913E-02  0.156880096    
 -0.252188563      -6.11626171E-03  0.235253438    
  0.216365591     -0.290515482     -0.139954105    
   3.06399819E-02  -8.93066302E-02  -5.92865758E-02
  -4.71893791E-03  0.107736051      -2.33082976E-02
  0.207844257       1.27034247     -0.185167804    
   3.04753166E-02  0.102949493     -0.279929191    
 -0.178966627      -5.81023656E-02 -0.136021823    
   8.24496448E-02  -3.13717276E-02  0.270791173    
   4.77997437E-02   2.84692030E-02 -0.112626940    
 -0.173425630      0.349993050       8.85508507E-02
 -0.109076135       9.94316339E-02   2.11096443E-02
 -0.703611851      0.202091321     -0.117698424    
 -0.675299168      0.173815280       7.65338838E-02
   9.54564139E-02   1.47644076E-02  0.258042723    
 -0.366508365     -0.268678159     -0.242525116    
   1.72199644E-02   6.57182373E-03  -3.82754207E-03
   2.29966585E-02 -0.249077067       9.44801420E-02
 -0.104814596      -2.86828950E-02 -0.161539987    
 -0.212197185     -0.350635737      0.495490462    
   9.82522592E-02 -0.148410603      0.151487574    
  -6.64705411E-02  0.234659135       8.35963264E-02
   4.52136509E-02 -0.541792154      0.165189430    
  0.242502242     -0.869843841      0.549786925    
 -0.149335980     -0.202627167      0.351158231    
  -9.43429172E-02   1.71466898E-02   4.36147861E-02
  -5.96012585E-02  -7.33676553E-02  0.799883544    
  -8.31545219E-02 -0.108283222      0.202999547    
 -0.619346976       4.24252115E-02  0.321786314    
  -4.35521677E-02  -8.69851857E-02  0.156007424    
   9.34382379E-02 -0.365147114      -9.30146798E-02
  0.168919250     -0.461178631     -0.430553466    
 -0.254122704      -1.45982862      0.302828312    
   5.72604453E-03 -0.174993902       8.91238451E-02
  -5.36698997E-02  -8.42923671E-02  -8.62521604E-02
  0.502273560      0.408335000     -0.297181219    
  0.175036103     -0.589848220      0.774570823    
  0.928677559     -0.465528488     -0.209619135    
  0.217705145       1.27406776       1.14289355    
   4.51930836E-02  -9.33137536E-02   2.66132653E-02
   5.52185215E-02 -0.687483549     -0.428684413    
  -7.70936459E-02   9.51296985E-02  -4.01347615E-02
  -3.31922732E-02  0.537305653      0.790717542    
   7.39102662E-02  0.275433272      0.128862828    
  0.189492270     -0.138597935      0.167835280    
 -0.109808691      0.954360604      0.297967702    
  0.294733286     -0.172547743      0.505090833    
   5.03104702E-02  0.197471544     -0.256802142    
  0.335028082     -0.401012927      0.514313400    
  -1.57471281E-04   7.62947649E-02 -0.386049479    
  -1.66821722E-02 -0.258642763      -2.73834541E-03
  0.355008990      0.101382576     -0.676030219    
 -0.428513497      0.168822363      0.107843772    
  0.150399581      -8.11435953E-02 -0.257559955    
  0.218947157      -5.94066083E-02  0.269980788    
   9.79695469E-02   7.77338371E-02  0.103567660    
 -0.201601729      0.203895211       9.16283429E-02
   4.40246053E-02  0.288870066     -0.364570379    
   3.52588072E-02 -0.131360814      0.367998570    
 -0.343264848     -0.935666740      0.569811285    
  -1.06141102      0.486612320       1.00741452E-02
  -3.10206953E-02 -0.356155872      0.274717212    
 -0.202596501     -0.168232471      -7.07002580E-02
  0.129397050      -4.83298413E-02  0.504985154    
   7.39375204E-02  -4.03632149E-02  -2.59861117E-03
  -3.72613929E-02  -1.85958333E-02  -1.62376761E-02
  0.163107678     -0.436548501       1.10657132    
  -3.98460817     -0.938156068       1.97314668    
  -6.65839463E-02   1.27258850E-02   4.59103584E-02
  -2.09016148E-02 -0.109189101       9.51541029E-03
  -5.45495190E-02 -0.240631625     -0.123143584    
 -0.488121480       3.19966413E-02  0.121391177    
   2.83426438E-02 -0.735795557      0.741645873    
  0.175862402       2.79642567E-02  -4.52801809E-02
   2.87477598E-02   5.98733425E-02   4.36387397E-02
  0.158588201       4.90453914E-02  -9.80481356E-02
 -0.456338167     -0.693895221     -0.970690668    
  0.346394241     -0.230314940      0.469240993    
  0.543588459       4.58481647E-02  0.186034217    
 -0.169081658     -0.534040213      0.744588912    
 -0.385434449      0.361698210     -0.154759035    
   8.60284790E-02  0.114889883       3.52324620E-02
  0.478110939      0.183238536     -0.128943011    
  0.399872154      0.351589888     -0.435474068    
  0.281628221     -0.319050848      0.116005398    
 -0.543636918       1.05338538      0.491332710    
  -2.37326790E-02   5.18382154E-02   5.19031286E-02
   8.39544833E-02  -7.76733905E-02   3.12732197E-02
 -0.350446403      0.178641334      0.138250396    
 -0.638487935      0.221877739      0.412889987    
 -0.644966960      0.135573551      0.829673409    
 -0.140700370      -1.35580292E-02 -0.211697519    
 -0.301929742     -0.327188253      -4.77815345E-02
 -0.541462779      0.635620058      0.537735701    
  -6.30493984E-02  -7.25360140E-02   6.08393066E-02
 -0.634403288      -1.15043938      0.482040435    
  0.102549225      0.437829614     -0.435845792    
 -0.187208593     -0.368105501      0.218441308    
  -8.88578594E-03  0.556299865      0.350628227    
 -0.682211637     -0.181906998     -0.114342988    
   1.46024581E-03  -1.02232601E-02   2.51472965E-02
  0.566775918      -8.81253332E-02  0.812308013    
  -5.42125069E-02 -0.375463963       2.06609489E-04
  -1.11402154     -0.868198216      0.174920097    
   6.27608225E-03  -2.03448497E-02  -1.73350964E-02
  0.275526613      -3.10759377E-02 -0.243654802    
 -0.124850176       4.70392480E-02  0.127493396    
  -9.46234018E-02 -0.183159411      0.102215923    
  0.119285963     -0.169335067     -0.260724694    
 -0.133698478     -0.100575536      -8.23111385E-02
   4.05843556E-02  0.157214195     -0.250302017    
  0.966334641       2.10390282      0.909624517    
   8.24290216E-02   8.01908374E-02  0.208495826    
  -6.82456940E-02 -0.164431676      -4.06993851E-02
   4.32843938E-02  -5.02720065E-02   4.50980440E-02
  0.364755809       4.27035354E-02 -0.223781168    
  -1.43042896E-02   3.98077779E-02 -0.212876752    
   2.05684416E-02 -0.430088341      -9.00435746E-02
 -0.135626599      -6.20976575E-02 -0.125158668    
  0.139173076     -0.555498540      0.341127157    
 -0.311232388      -3.46899852E-02 -0.199179232    
 -0.394253880     -0.440179259       1.01437473    
  -9.54512879E-02  0.296867847      -4.50636819E-02
   6.36328235E-02 -0.921067238     -0.200728551    
  -4.17786278E-02  -1.74054485E-02  0.113308951    
  -4.30382229E-03   9.85695273E-02 -0.222478732    
   2.62409318E-02  0.527631521      0.180721879    
  0.102472350       7.02708513E-02  0.355070531    
   1.42486668      -1.01767099      -6.81429356E-02
  0.242877766     -0.367659181     -0.201208562    
 -0.227880999       4.55599558E-03  0.171249479    
 -0.296774328     -0.256686836      0.244267970    
  0.112968549      -7.62881264E-02 -0.151376396    
  -4.56796028E-02 -0.297447175     -0.202150419    
 -0.689252913       8.76107067E-02 -0.294316947    
  0.285261929       3.07235755E-02 -0.499163687    
  -1.67960878E-02  -1.82234496E-02  -3.30308080E-03
  -1.82488710E-02 -0.107011974       7.68214185E-03
 -0.105487257      0.143899903     -0.255887628    
  0.619141102      0.463443071     -0.382385850    
  0.167765200      -6.46756887E-02   5.64723015E-02
  -5.48699349E-02   2.92634629E-02  -1.77399106E-02
   6.77051544E-02  -3.36482860E-02  0.126954615    
 -0.198602751       7.46793896E-02  0.252901018    
  -3.86419296E-02  -2.46044956E-02   8.71424004E-02
  -6.76789358E-02  0.139537528       1.67963356E-02
   1.01848040E-02  -7.00571528E-03 -0.307063341    
 -0.170752138     -0.259368241     -0.279539704    
  -1.01309228      -9.06868502E-02  0.801283181    
 -0.724581718      0.182915926       7.32712001E-02
 -0.399282455      0.284069806      -9.22009274E-02
 -0.961867929      -1.76268721     -0.528790712    
   2.81560235E-02   1.34474020E-02   2.83705583E-03
  -7.26455823E-02   2.56597530E-02  0.124358781    
  -1.71507802E-02  -5.40401973E-03  -2.83795390E-02
  -4.77019623E-02   1.02484645E-02  0.109088369    
 -0.261317939      0.340382785      -5.34459166E-02
 -0.154698297     -0.258130103     -0.258505642    
  0.120583914      0.197403654       8.07696208E-02
 -0.762402117      0.314273536      -5.25315441E-02
 -0.124908321      0.158275366     -0.284854174    
 -0.232478052      0.231504440       6.05706684E-02
   9.32325572E-02 -0.213753179      -6.65085539E-02
   3.21317458       1.66236818      -1.38158917    
  -3.51708792E-02  0.739448667      0.560898483    
   5.37376404E-02 -0.444962353       7.98786357E-02
  0.108426280     -0.470593840      0.364455074    
  0.629086077      -6.79437220E-02 -0.485380888    
   8.16848949E-02 -0.227857083      0.128401622    
  0.204784602       1.93173699E-02 -0.199696243    
   7.81494007E-02  -7.58682862E-02   4.58801463E-02
 -0.405660033       2.73473505E-02 -0.136436120    
 -0.110576689      -2.95568742E-02   4.02352251E-02
  0.487785459     -0.543694437     -0.203653499    
  -3.85005865E-03  -3.94248171E-03   2.03903113E-02
 -0.666207254     -0.133164227      0.286828101    
  0.160870403       9.28954929E-02 -0.245181769    
   2.12345622E-03  -1.65893119E-02  -3.78651917E-02
 -0.136105984     -0.126278698     -0.106792606    
  0.313058496     -0.709683776       8.59873444E-02
  -7.56590115E-03  0.243502185     -0.292089194    
 -0.452291787      -1.23439673E-02  -6.11590669E-02
  -3.93602550E-02   1.20418919E-02   2.19892785E-02
  -6.33349791E-02  -3.99442613E-02   4.49469984E-02
 -0.179982275     -0.442636043     -0.104960717    
   5.49265742E-03   4.95173186E-02 -0.388414055    
   8.58401060E-02 -0.262219816      0.154717445    
   9.58013758E-02  -1.09105911E-02   1.98857263E-02
 -0.477785915       3.44456844E-02  -5.43546788E-02
   1.92649383E-02   6.68783039E-02   2.38632262E-02
  -6.37445822E-02   1.16589558      0.110975392    
 -0.375065416     -0.152988151     -0.151143789    
  -7.22776428E-02   6.12687655E-02   5.36291115E-02
  0.308303744      0.335025936      0.234887764    
  -6.41507329E-04  -2.43651401E-03   1.63298286E-02
  -1.47815013     -0.462204456     -0.845583916    
   3.57195400E-02  0.668801010      -5.24408817E-02
   7.62455687E-02 -0.295758396      0.296729147    
  -8.90884474E-02 -0.211342528       7.58787692E-02
  -4.37375307E-02   1.89023390E-02   5.88128567E-02
 -0.298603356       7.06867129E-02  0.233273089    
 -0.126678437      -9.52869803E-02   7.46425837E-02
   6.90542907E-02  -1.20824706E-02  0.299467117    
 -0.728311896      0.147125766     -0.215531245    
 -0.143559352     -0.184894711     -0.455691159    
  0.174474984      -7.07578957E-02  0.241672128    
 -0.617965400     -0.198879734     -0.423174113    
  -4.75230515E-02  -1.65991001E-02  -8.20216071E-03
 -0.280607373     -0.450736851     -0.228073791    
  -1.36167276      0.722107768     -0.141263679    
 -0.573016167     -0.114808030     -0.346980602    
   3.58597711E-02 -0.252785742      0.280675262    
  -3.57983783E-02  -1.20315896E-02   2.12834403E-02
 -0.203893200      0.143768877       8.64077061E-02
 -0.308915913     -0.142642260      0.146122962    
  0.222574398      -8.66601020E-02 -0.261088103    
 -0.336000681       3.25503573E-02 -0.282259464    
 -0.251533598     -0.386477023      0.400395125    
 -0.191177741       6.11275733E-02 -0.215539664    
   7.29752705E-04  -3.36154178E-03   1.32544283E-02
  0.138660774     -0.103209294      0.329625905    
  0.240451515       2.37236358E-02 -0.103341065    
  0.176527232       6.68982789E-02  0.139540613    
 -0.979094625      0.227583528      -2.35140324E-02
   6.54009804E-02  0.179895759      0.103965446    
  -9.98013988E-02 -0.548249066       7.20289499E-02
  0.571536899      0.295072198      0.142462552    
 -0.131604940       7.17136487E-02  0.394007593    
  -4.08812761E-02   5.28062694E-02   5.68965152E-02
  -2.38829851E-02   4.16366616E-03   5.86490743E-02
  0.112156160      0.151363686      0.105999008    
  -9.35520791E-03  -1.82541199E-02 -0.169841155    
  0.285083115      0.180010751       1.72529612E-02
  -3.19598019E-02  -1.71003398E-02   3.37405242E-02
  0.192922845     -0.378848314     -0.247378260    
  0.213142455     -0.352378130     -0.395284742    
   5.07170893E-03   8.57362747E-02   2.60798782E-02
 -0.634182453      0.364977539     -0.165497422    
 -0.558472991      0.238827169      -6.06195256E-03
  0.194968283      0.257740676      0.300676495    
  -1.47167239E-02  -1.12432182       1.74055400E-03
 -0.816696882       4.50420491E-02 -0.944129825    
  0.745169699     -0.582306921      0.724311233    
 -0.214435518     -0.419611067      -8.05479214E-02
 -0.240338892      0.132357195      -1.03016905E-02
  -5.45104183E-02 -0.471392930      0.136858180    
  0.153556511       4.64389399E-02  -3.65600176E-03
 -0.165699810     -0.315781713      0.600392461    
  0.122210063       4.15131263E-02 -0.340512455    
 -0.330564052     -0.910075724     -0.805269003    
  0.290087432     -0.320627213      0.526937723    
 -0.531825662      -3.13820653E-02  0.349204719    
  -3.65356058E-02  0.192823187     -0.382557422    
  0.303833723     -0.811611176     -0.331414342    
  0.394176483     -0.215464994     -0.522950709    
 -0.723234951     -0.164739430      0.343708754    
   4.85210456E-02   1.71177853E-02 -0.171955481    
