 -0.285738587      0.142671168      0.763147414    
   5.36155589E-02   2.50641294E-02   9.48787946E-03
   9.39718932E-02  -6.98853359E-02  0.174413100    
  0.422414958     -0.375903338     -0.208661973    
  0.433287621      0.498839438      0.444321275    
 -0.191754386     -0.201723605     -0.237633929    
 -0.377765477     -0.612481236     -0.102915689    
   1.84814557E-02   2.37281919E-02  -4.21800427E-02
   9.96275917E-02  0.490694880      0.382676035    
 -0.229266152      0.798608363       8.57541896E-03
 -0.317875832      -4.56057116E-02 -0.109225422    
  0.404010653      -4.60326672E-02  0.255882919    
   3.31674144E-02  0.332130134      -3.38860899E-02
  0.563069463      -8.75156745E-02  0.600094318    
  0.449444503     -0.149151698      0.207436383    
 -0.430453897      0.392817706      0.223319456    
 -0.192631140     -0.474892616      0.171242058    
  0.190320015     -0.609097600     -0.359021097    
   3.68412621E-02  0.112446070       1.08146504E-03
  0.319394171      0.534255505      0.523782194    
  0.180344865     -0.240934700     -0.701110542    
 -0.183474749      0.550569355      0.456297755    
  0.334029615     -0.127960801     -0.452188849    
  0.320993125      0.257860065     -0.116340831    
   2.79579125E-02  -6.51802868E-03  -1.93675384E-02
 -0.124765895     -0.449207723     -0.403291583    
  0.361362636     -0.220651075     -0.416844755    
   4.00046185E-02   5.12518622E-02  -5.47425002E-02
  0.219337299      0.482611477      -2.33969707E-02
  0.100642212     -0.431819677     -0.124026619    
  0.198671788       7.23861530E-02  -7.82428011E-02
  0.231346473     -0.487699479      -2.28463300E-02
 -0.470439434     -0.127279058      -2.47400976E-03
   2.29359027E-02   4.22420725E-02   9.90628824E-03
 -0.148858503     -0.374811679      0.220310122    
 -0.275765359      0.552496731      0.156078711    
  0.502652347      0.285650223     -0.456298500    
 -0.244976684      0.266319036       8.88918117E-02
   6.39310032E-02   2.54944358E-02   2.41601188E-03
   2.48600580E-02  0.169814125      -2.76626386E-02
  0.434516788     -0.455211520     -0.385229170    
  0.521490276      0.514439046     -0.311937541    
   2.36600190E-02  0.228974879       7.25017395E-03
   8.78389273E-03 -0.569432378      0.184249237    
 -0.204823613     -0.245130703      0.570512354    
  -4.01105471E-02 -0.261366546      0.646397293    
  0.577930450      0.163933501     -0.391009241    
 -0.353407532     -0.250269413      0.167473421    
  0.279692948     -0.337382376      0.225113258    
   8.10220689E-02  0.126851618     -0.182967126    
   7.83971697E-02 -0.357348949     -0.259038359    
  0.369221002     -0.525372505     -0.173125148    
 -0.818654478      -1.48020079E-02  -9.05226693E-02
  -8.91158581E-02  0.108130962      0.574624836    
 -0.160768211      0.219604149     -0.119041651    
  -7.02973176E-03  0.828208268      -8.29725489E-02
  -3.82754952E-05   3.15414704E-02   1.17971767E-02
   3.35971266E-02   1.83812361E-02   2.16959603E-02
  0.315655828      0.407400101      0.397501081    
  0.336018950      0.288680822     -0.579371095    
  0.185176954      -3.79545614E-02 -0.235635146    
 -0.410201192     -0.558267534      -1.51319159E-02
  0.511090696       5.57688065E-02  0.426828146    
  -4.80416268E-02 -0.109968722      0.427393198    
  0.297914267      0.352933705      0.513212502    
 -0.119975857     -0.102365501     -0.288874865    
  0.239034131      -2.84703746E-02  0.386843711    
 -0.614084184      0.255748361      0.429543793    
   8.75706598E-02 -0.150954798     -0.248927981    
 -0.355774909      0.328647166      0.683041215    
  0.502460063       9.84288156E-02  0.103701264    
 -0.617627382     -0.476804525     -0.239021569    
   4.15714160E-02 -0.103262968     -0.297986329    
 -0.212246031      -5.94183505E-02 -0.129438698    
  0.415993899     -0.451431483      0.356767923    
   5.08789672E-03 -0.780129254      0.233921617    
 -0.401292354      0.498468846      0.323724598    
  0.216942877      0.466246009      0.117176436    
  0.250967175      0.133485258     -0.139274523    
   3.14949602E-02   6.22389279E-02  0.105512887    
   1.50078358E-02   3.18060555E-02   5.53343538E-03
   2.72968095E-02   4.64033596E-02  -5.01973554E-03
  0.179667056      0.173310101     -0.670749545    
  0.429597944     -0.493190169     -0.378672123    
  0.124906905      0.362528086     -0.373430520    
  -9.79857743E-02  0.739098728      0.157711476    
 -0.470290691      0.570010900      -4.02523056E-02
  0.310617983      -2.12980770E-02 -0.513411880    
  0.718294024       6.00891560E-02  0.350338876    
 -0.116430104     -0.250417709      0.470937818    
  0.198018894      0.365007222     -0.479961008    
  0.704604805      0.308074385     -0.212391660    
 -0.225330278     -0.562635005      0.298201859    
 -0.124824837     -0.634696782      0.250997156    
 -0.242202148     -0.321652651      0.324884295    
 -0.115202941      -8.11563432E-02  0.821156621    
 -0.288819432     -0.399575412     -0.109975159    
  -4.10645455E-02  0.259361118      0.406173319    
  0.446929395      0.372577399     -0.457443058    
 -0.191277459       2.05609109E-03   4.54561263E-02
  0.512671411     -0.457992494      0.427348465    
 -0.734708428      0.324300021       9.09859464E-02
 -0.445213139      -5.61680943E-02  0.411084294    
  0.204901710     -0.137798131       7.06013897E-03
 -0.520149589     -0.317421645      0.445432723    
   7.52422214E-02 -0.144356176      0.407202274    
  0.316090941     -0.601952672      0.318159938    
  0.436505318      0.408318073     -0.159184203    
  0.650950611     -0.238388807       5.34510799E-02
 -0.695878208     -0.297097564     -0.436964571    
 -0.700409770      0.250380307     -0.312066078    
   1.84071511E-02   4.75588627E-02  -6.48809895E-02
  -6.08504936E-02  -9.02023241E-02  0.289152861    
  0.507396400      0.471097946      0.389318883    
  0.279906511      0.115823403      0.329773128    
   3.76839153E-02  0.221620008      -1.28880665E-02
  0.100375026      -4.21457291E-02  -3.59846875E-02
  0.413934439       6.41859472E-02  -7.76344687E-02
 -0.739316046     -0.267310828      -8.20991695E-02
  0.492017478     -0.190062851     -0.614267886    
 -0.296225131       9.62759927E-02 -0.666595817    
   2.01010462E-02  0.189876705     -0.692647874    
  0.139369592      0.186581239       8.97100344E-02
 -0.306285381      0.727265477     -0.163876384    
   6.14134967E-03   5.06860130E-02  -1.64544880E-02
  -4.05460857E-02   1.79459620E-02 -0.406104773    
  0.132228196      0.676980734      0.151396737    
  0.565589428     -0.392181516     -0.480455369    
 -0.410327882       8.09343252E-03 -0.217049465    
   3.37528959E-02   8.34030733E-02 -0.762970567    
  0.346900046      0.281782210      0.284400463    
   7.10209319E-03 -0.568550169      -6.42073378E-02
 -0.698571563      0.370279044      0.267210305    
 -0.166928306     -0.754282176      0.130855858    
 -0.303415328     -0.197996557       1.79344546E-02
 -0.225482687     -0.550906837      0.396336615    
  -8.23607892E-02  0.383723676      0.532119751    
  0.191003829      -3.69159766E-02 -0.387458175    
  0.145840108      0.247846514      0.369107634    
 -0.580001116      0.186773494     -0.292879194    
  -7.17740878E-02  0.303768843      0.605238140    
  0.402594596     -0.201341540      0.195818350    
   5.82656264E-02  -8.74538124E-02 -0.138723716    
  0.246467307      -9.26183686E-02 -0.108764343    
  0.284267873      0.393294185      0.137161553    
 -0.742761910      -8.31890330E-02   5.50715588E-02
  -5.97221926E-02   5.44988327E-02   2.23372858E-02
  0.151765883     -0.347140819      0.180953860    
  0.459160209      0.143816546      -3.60919051E-02
  0.102386311     -0.376502961      0.376415491    
  0.282812297       5.42347468E-02  -7.44355246E-02
   4.91233617E-02  0.316638857      0.730635345    
 -0.496349990     -0.100414984      0.124875985    
   8.20648596E-02  -4.34219688E-02  -1.70774255E-02
 -0.560065269      0.240864724      0.528784454    
  -7.17559233E-02 -0.111063436      0.291357845    
 -0.189763844      0.385958612     -0.119919553    
  0.195464686      0.577921033      0.417797804    
 -0.532565296      0.130486280      0.554478765    
  -2.28845626E-02  -1.76919047E-02   4.82715182E-02
  -4.06486467E-02  -4.53674048E-02  0.122681431    
 -0.149598330      0.192199498      0.776900947    
  0.488483369      0.385783374      0.466226280    
   3.32837366E-02  -1.03696305E-02   1.36992419E-02
  0.400909513      0.310953319      0.142109185    
   9.19658020E-02   9.88922045E-02  -1.39028737E-02
  -7.90181942E-03  -4.37820740E-02   9.22823790E-04
 -0.612650871     -0.457025766       8.10584128E-02
  0.699684799      0.458038300       2.01505832E-02
   9.22446027E-02  -4.73734587E-02 -0.143700153    
  -4.42664921E-02 -0.313459516      0.763630509    
  0.175958946      0.386579216      0.673570633    
  0.170994982     -0.516341507     -0.611584306    
  0.363608897      0.305692196     -0.614646137    
   8.30967724E-02  0.207437143      0.536000729    
 -0.687178731     -0.328024477      0.342559606    
  0.365897804     -0.258184493      0.507996023    
 -0.499589443      0.607843041      0.160799861    
  0.432419479     -0.460703313     -0.561156332    
  0.278872728       2.63743252E-02  -3.08396835E-02
  -8.58455524E-03  -4.13460396E-02   7.51271890E-03
 -0.355389208     -0.268939942     -0.553520143    
  0.196184412     -0.288834155     -0.325662643    
 -0.137306452      -3.35739693E-03 -0.233875558    
  0.215227172     -0.552626669     -0.483955175    
 -0.759632885     -0.138663203      0.328298926    
  0.341643006      0.246066496      0.173124045    
  -1.73248053E-02  0.484844059     -0.189493299    
 -0.664000988      0.488937825      -6.15508817E-02
   7.80598670E-02  0.131842211     -0.596337557    
  0.117408216      0.298317850      0.284860253    
  -6.22804090E-02  0.454915643     -0.474657506    
  0.250298679       4.35939319E-02 -0.684843659    
 -0.561317980     -0.313797176      0.475092798    
 -0.307962835     -0.220390424      0.186809495    
  0.158856884      0.194218293      0.511110365    
   2.15590764E-02 -0.361586004     -0.211064667    
 -0.391267240     -0.506848156      0.433487505    
 -0.205825955     -0.124069288     -0.564674139    
 -0.230003491      0.209062338       9.68955010E-02
 -0.528328061      0.418772310      -5.35641760E-02
 -0.799213946     -0.212865099      -9.20971949E-03
  -3.15314461E-03  0.402567983      0.200426221    
 -0.682270765      0.325620890      0.165371478    
  -1.87561475E-02   1.32590439E-02  -5.07478938E-02
  0.192115650      0.267927468     -0.345322311    
  0.490188807     -0.208185747       2.07602768E-03
 -0.152555779     -0.111560754     -0.824061871    
  -1.91933970E-04   5.61682470E-02 -0.660487413    
 -0.342676044     -0.646732092      0.899959981    
  0.350597024     -0.241650656       2.90320180E-02
  0.263150424     -0.346714139      0.557741225    
  -1.44490115E-02  0.118935294      0.694641411    
  0.467348397       4.04274091E-02  0.109504037    
  0.459824115      0.418723404      0.182677880    
 -0.258489817      0.280509621     -0.229702622    
  -4.41687740E-02  0.325257003      -2.90056784E-02
  0.412102222      0.138330713     -0.580192327    
 -0.608349979      0.236970231     -0.172921181    
 -0.183938876       4.57763821E-02  0.167265758    
 -0.247219160     -0.296503931     -0.631926358    
  0.709667683      0.385917962      0.255908787    
  0.359092623     -0.477274269     -0.398918241    
 -0.606808603     -0.151041552     -0.248538718    
 -0.201785669      0.284028292     -0.304098129    
 -0.396375865      0.581854820     -0.191820800    
  0.370072037     -0.586142957       1.95879452E-02
  0.557329714      0.227891102     -0.357142389    
 -0.100473292     -0.472541958     -0.239391446    
   9.48600918E-02   5.47774322E-03   1.26454178E-02
   3.18094641E-02   2.37934664E-03  -2.38481909E-02
 -0.143604413       3.57396491E-02  0.133087844    
   4.68336456E-02  -8.19937214E-02  -1.21535202E-02
 -0.760695159      -7.52179623E-02  0.229155660    
 -0.615800858      0.190078363       1.17066167E-02
  0.645096183      0.172518149      0.217267618    
  -6.72352612E-02   9.87686217E-02 -0.116722889    
  0.107511647      -3.12842838E-02  -7.12046623E-02
 -0.246289179     -0.612989068     -0.318244904    
  0.301944673      0.450140506      0.437020063    
 -0.433580041      0.119081020      -1.16712842E-02
   6.15679063E-02  0.386521071      0.639510989    
  0.663503885      0.268149287      -8.61308128E-02
   8.17832444E-03   6.38072714E-02   7.79962167E-04
   8.09430107E-02 -0.743161321      0.286571622    
   3.09416745E-03 -0.308182389      0.270120859    
  0.319985390      -5.19580990E-02   2.29424145E-02
  0.468116730      0.208439857       6.33633658E-02
  -7.97834545E-02  0.205174387     -0.338160068    
  -6.72249123E-03   5.69334663E-02   3.38239111E-02
  0.201421976      0.618724704     -0.500835538    
   3.22007835E-02   8.07414576E-02   6.50454499E-03
  -9.55204144E-02  0.388043433     -0.216095671    
 -0.548469365     -0.378265202      0.367025882    
 -0.296291530      0.231961161     -0.327038527    
 -0.538945973      -3.67056690E-02 -0.526102304    
   2.41037048E-02   4.62098606E-02  -2.34130286E-02
   3.74790058E-02  -8.61654710E-03   4.31360379E-02
   2.61993501E-02  0.533109725     -0.414953053    
 -0.543385625      0.175756067     -0.255758911    
  0.763728678       9.28580835E-02 -0.261782736    
 -0.205157638      -7.30047897E-02   2.99554262E-02
   7.27820024E-02  0.442775249      0.515577197    
  0.221452504      0.490300447     -0.240599737    
 -0.326661110      0.243942618       3.15879919E-02
   1.56034688E-02   6.38386533E-02  -9.81271267E-02
  0.392384082     -0.154414892      0.148695275    
 -0.156224281      0.303359747     -0.635576904    
 -0.477840513     -0.509988785      0.374314994    
   7.81444535E-02  0.293885469      0.245829731    
 -0.316898286      -5.80473505E-02 -0.118822187    
  0.214777857     -0.161385939     -0.454659820    
  0.332453758     -0.658025861       6.32003769E-02
 -0.244090989      -5.00051193E-02  0.204184160    
  0.535129607     -0.484672993      0.142348900    
 -0.547769189     -0.286245078      0.369043440    
 -0.574428916      0.294475377       4.59398180E-02
 -0.236615568      0.594247878     -0.495032758    
 -0.504649699     -0.547163904      0.133019656    
 -0.334033132      0.629634500      0.335143924    
 -0.450278819     -0.927568614     -0.588951468    
 -0.257556736     -0.313374430     -0.194539249    
  0.190207109      0.605431914      0.133567408    
  0.583195269      -3.73286940E-03 -0.539782226    
 -0.130827978      0.782537222     -0.254709572    
 -0.152676970      -6.87181903E-03 -0.304731846    
   2.34291852E-02   1.87315196E-02   4.67887148E-02
  0.139626771      -9.19627324E-02   5.40231057E-02
 -0.453523517      0.561572790     -0.158117622    
   2.57582497E-02  0.804587603       3.39370370E-02
 -0.404683977     -0.434583545      0.172615707    
 -0.241454870      -2.63880007E-02  0.682656705    
  0.681177914       7.93632120E-02   9.21846777E-02
   4.52000983E-02  0.237635478     -0.138733283    
   2.80729290E-02  -1.75311472E-02   1.61810722E-02
 -0.620537102     -0.275375456     -0.374405533    
  0.258635193       1.05616422E-02 -0.465774179    
 -0.203553200      -8.77148211E-02 -0.482699275    
 -0.145308450       2.65862197E-02  0.628464341    
   4.45420593E-02   3.59898135E-02  -1.10856257E-02
 -0.456528604     -0.344760299     -0.274840921    
  0.567299664      -2.24335995E-02  0.227249652    
 -0.271339387      0.137910962      0.180500746    
  0.168982372     -0.129568830      0.232861221    
  0.449357837       8.75913799E-02  0.263160169    
  0.531304479     -0.516986966     -0.511358857    
 -0.137759283     -0.576279759     -0.544144630    
 -0.136739865      0.411238760      0.318870187    
  0.162866652     -0.627998948      0.318031490    
   5.20505235E-02   8.43646005E-02  -2.83644907E-02
   9.72616300E-02   6.78059980E-02   5.87327452E-03
 -0.221724406     -0.137004688      0.339921057    
  0.400229633      -9.30694211E-03  0.180617034    
 -0.266029865     -0.181467548      0.373735249    
  0.305994779       8.51489007E-02 -0.763986826    
 -0.289944440      0.497847497     -0.173966661    
  0.428008854      0.103949390      0.322145015    
 -0.350436658     -0.514657378     -0.428310573    
  0.116691105      0.271813601     -0.400857955    
   8.87454376E-02 -0.774656475      0.160044670    
  0.526659429      0.143386960     -0.544608235    
   3.20863463E-02  0.117421493      0.380259842    
  0.135478720      -1.09432572E-02  0.102190569    
  0.281238198     -0.652853847     -0.265248746    
 -0.231029540     -0.431965172     -0.268352658    
 -0.213645726      0.110008463      0.152185857    
  0.142319813      0.611131132      0.422819555    
  -9.89897326E-02  0.438627362      0.180274755    
 -0.411081076      0.503953516      0.255766720    
   7.60292113E-02  0.233623728     -0.407715768    
   1.34681910E-02  0.149099588      -4.88720881E-03
  0.315570354      0.108193710     -0.257101417    
 -0.312520236     -0.598990202     -0.286311775    
  -5.25014065E-02 -0.661305845      0.202909753    
 -0.513399780      0.567405701      -9.94351208E-02
  -4.98898216E-02   9.72144976E-02 -0.135109708    
   4.18033339E-02  -4.15637754E-02  0.415094972    
  0.152263075      0.373869717     -0.542604625    
 -0.377727509      0.573354900      0.182332546    
   5.30936606E-02 -0.296962380     -0.223257452    
  0.128065661     -0.463293582     -0.692563295    
  0.572978973     -0.520046413      0.193251148    
 -0.158598602     -0.383361638     -0.657132506    
  0.306399196      0.151981369      0.295845777    
  0.126951262     -0.136736110     -0.300922185    
 -0.220132023      0.325051546      0.186213076    
  0.489500940      0.330376357      0.431671441    
  0.160126522      0.363125771     -0.658512771    
   6.45616576E-02  -1.66540798E-02 -0.153391436    
  0.406944543      0.110616349     -0.716954529    
   5.42409644E-02  -7.32600456E-03  -3.86466831E-03
 -0.158947811      0.486341417     -0.293888807    
 -0.109401226      0.615605056      0.153389260    
  -1.18543953E-03   3.75525579E-02  -6.79598972E-02
   9.69315916E-02  0.415224642     -0.181174204    
   2.03761961E-02 -0.457383335     -0.548722982    
  0.565932691       2.08520759E-02 -0.357325792    
   3.66019830E-02   8.66654068E-02 -0.178325877    
  0.186312467       6.38819188E-02 -0.566957474    
 -0.253372878     -0.703357399      0.175834939    
  0.293864429      0.254507869      0.254084557    
 -0.120880395      0.108659297       3.81020270E-02
  -9.47962925E-02  0.132895872     -0.362738848    
  0.479357541     -0.470343441      0.433190465    
  0.428651065     -0.245481029     -0.414168656    
 -0.372446984     -0.294884950      0.188217670    
   6.68538660E-02  0.653010190      0.418278724    
  0.110230222      -6.89528137E-02 -0.359538943    
  0.204871371      0.145596489      -1.87356845E-02
  -5.95125603E-03  0.380092323     -0.348686427    
  -2.61436123E-02 -0.196718395      0.211112097    
 -0.760743499     -0.306151509     -0.151385978    
   9.41727683E-02   1.49815937E-03 -0.238199845    
  0.276933670      -6.56880513E-02  -6.59306794E-02
  0.551256895      0.525838614      0.284297436    
  0.178635657      0.385622829      0.720423162    
  -8.08784738E-04   3.41653428E-03  -4.89394777E-02
 -0.292298466     -0.159360260      0.566402972    
   7.05021322E-02  -1.97826605E-02   9.74001549E-03
   6.77298307E-02  -5.69472238E-02  0.210503295    
  0.189394072     -0.630146146     -0.177540049    
  0.551461697      0.189098582     -0.308521181    
  -5.01520634E-02   4.52497602E-02  0.255415142    
   9.24333706E-02  -4.80309576E-02 -0.155602813    
 -0.341777503       9.71776992E-02  -7.10243881E-02
  -1.01503544E-02  -4.50961888E-02  0.150401026    
  -5.96014364E-03  -6.54924009E-03   3.64548564E-02
 -0.491953790     -0.388201237      -7.24076256E-02
   2.74817403E-02   5.93754277E-02  -7.55845057E-03
  0.121168494      -7.60224536E-02 -0.350393683    
  0.109630749      -6.65807538E-03   2.88170055E-02
   6.96553104E-03   5.38223386E-02  -5.91392815E-03
  0.105585448      -9.20050293E-02  0.195415065    
 -0.107198112      0.231847942     -0.657729805    
 -0.291582644      0.315212101     -0.443292022    
  -2.20511202E-03   8.05289000E-02   1.68923438E-02
   1.48958608E-03  0.342642903      0.155936867    
  -2.36077067E-02   6.50247484E-02  -8.73309746E-02
 -0.661040008     -0.224299937     -0.393031478    
  0.255271733     -0.186131492      0.122386105    
  0.146037757      0.129388288       9.86091122E-02
 -0.409651399     -0.621559322      -7.73710534E-02
 -0.133709073     -0.264599919     -0.266892135    
   2.35103257E-02 -0.221672550      0.140211925    
  -2.42537763E-02  0.126808435      0.332690030    
  -6.60352781E-02  0.580084682     -0.400225937    
 -0.270724803      0.228364378     -0.643173397    
   3.92920226E-02 -0.833399355       4.57458608E-02
 -0.718117952      0.222271964     -0.362623006    
   4.49596159E-02  -2.63472777E-02 -0.796743631    
 -0.206136629      -8.18141550E-02   5.24725728E-02
  0.420173675      0.568029344      0.121935539    
  -1.45221520E-02  0.213867441      -1.20807225E-02
  -3.99989747E-02   7.37520233E-02 -0.407959163    
  0.272041500      0.107635252     -0.760189950    
 -0.360216379      0.459437042      0.275038481    
  0.329848260     -0.538418651     -0.442775995    
 -0.646991968      0.222000763      0.219489932    
  0.122336186      -1.90752149E-02  -7.93564990E-02
  0.683151543      0.262786865      0.147590369    
  0.415547639      0.282446533      0.184486136    
 -0.543930709     -0.531235218      -3.32061462E-02
   1.77314989E-02  0.108962297      -2.45718192E-02
  -1.91733036E-02  0.695186019     -0.340925604    
  0.342826039     -0.240721360      0.631629825    
 -0.441884071      0.318640947     -0.174783126    
 -0.115650222      0.199457139      -6.66339174E-02
  0.679388344     -0.393406093     -0.122116894    
  -6.01302460E-02  0.293396473      0.422076494    
  0.693628669      0.294284433     -0.116380177    
 -0.484088808      0.396844238      0.290251046    
 -0.191055223     -0.298964947      -6.23752512E-02
   3.85898277E-02   5.93403261E-03   2.29966007E-02
 -0.137498468       3.98815200E-02   2.16291342E-02
 -0.399356037     -0.598597169      -9.82424468E-02
 -0.358999401     -0.165527314     -0.495048255    
  0.296902567     -0.193210036      0.320066810    
 -0.305741161     -0.540708065      0.522558451    
   4.04300019E-02  0.228317410     -0.660030365    
 -0.675381899      0.421392858      0.237996101    
  0.562182128     -0.295295238      0.376849204    
 -0.222538337      -1.87741276E-02  0.596877038    
  -4.58697677E-02   4.18041758E-02  0.111280650    
  0.239047766      0.534116983     -0.243342444    
  0.100569949      -4.19234484E-02  0.533765078    
  0.107913874      -4.16580439E-02  -5.26140854E-02
 -0.227307007     -0.176573396      0.130867183    
 -0.320946008      0.609333754      0.333622158    
  -7.00719729E-02 -0.570729673     -0.344431698    
   4.73889448E-02 -0.799266696      0.277209103    
  0.641093969     -0.290296495      0.311728567    
   9.92789268E-02 -0.166759372       7.53683299E-02
   1.04391314E-02  -1.38291474E-02  -2.60711126E-02
  0.240045071     -0.642202854     -0.113558955    
  -8.92273784E-02 -0.159650862      0.380673230    
  0.328229189     -0.392111450      0.519327581    
  0.283863813      -2.72544324E-02 -0.662753642    
  0.188768491     -0.482701331      0.626209497    
  0.142609239     -0.126451433      0.363261282    
  0.158965304      -8.25570524E-02   5.70802912E-02
  0.219539568       5.19141257E-02 -0.124425143    
  -3.65474634E-02  0.120821752      0.648617983    
 -0.179562703     -0.304211736      -4.78195921E-02
  0.410386950     -0.176530033      -1.72946416E-02
  0.640147805      0.385825843      -6.23042993E-02
  0.250280112      -9.63611007E-02  0.726343155    
   5.01174815E-02   3.64738330E-03  -1.35120898E-02
  0.703460693      0.332265139      -9.22479630E-02
   4.38289419E-02   6.77059498E-03   4.93465215E-02
  0.672373891      0.104623877     -0.299093544    
 -0.350615650     -0.317271233     -0.242098019    
  0.129147410      0.227632076      0.134406492    
  -7.49914572E-02 -0.424751282     -0.510862768    
   5.96385486E-02  0.641373217      0.409442812    
  0.283864081     -0.471469015     -0.449215978    
  -1.00590345E-02   6.71100244E-02 -0.358443975    
 -0.526207089     -0.324091703      0.392602265    
  0.651530266       7.84239918E-02  0.428968161    
  0.510735154      0.207738310      0.492560714    
  0.611408591     -0.292954892      0.393785328    
  -6.95348382E-02  -2.32411325E-02 -0.207506523    
  0.690105140       6.81077167E-02 -0.203499019    
   9.77884512E-03   7.10985437E-02  -1.11829890E-02
  0.315058142      0.583073795     -0.199165687    
   2.49234978E-02 -0.331528604      0.452331096    
  -2.87159495E-02  0.292412519     -0.689448893    
   9.31486562E-02  -2.36805547E-02  -2.57570110E-02
 -0.243364692      0.619212985     -0.292734116    
 -0.139184088     -0.162188441      0.403666049    
   7.47773983E-03  0.101901874       7.75212720E-02
  0.632715940      0.414502650      0.291833341    
 -0.438556880      -1.63282622E-02 -0.597925127    
   6.82678120E-03   1.39201228E-02  -9.26634818E-02
  -6.84985565E-03 -0.633464992     -0.322955906    
 -0.285895020      0.292780370      0.595218658    
 -0.652143776      0.135216460     -0.115510486    
 -0.725404143     -0.218549907       3.21518928E-02
 -0.244463369      0.618746519     -0.291557193    
   6.54758289E-02 -0.183489054      0.128313452    
   7.67126456E-02   2.50578430E-02  -5.45326024E-02
   5.09809591E-02  0.256287366     -0.163461432    
  0.244762719      -9.00908113E-02 -0.261228353    
  0.118036538     -0.333928704      0.198686704    
  -5.91308326E-02 -0.269089788     -0.694622040    
 -0.137901381     -0.142164841      -5.73411062E-02
   6.39432669E-02   2.14145407E-02   7.27379881E-03
 -0.293987542     -0.431040823      0.566048026    
   3.72946374E-02   1.34636434E-02 -0.452026635    
  0.300085813     -0.258500695      0.265231073    
  -6.15316406E-02 -0.444686830     -0.522837758    
 -0.164301768      -5.87053448E-02  0.225332573    
  -6.87721372E-02 -0.293341279       2.58068405E-02
 -0.213449478      0.457383007      0.586900055    
 -0.245277286     -0.540810883      0.276987135    
  0.187796235     -0.539293528      0.739447355    
  0.374302715     -0.341696590     -0.151179433    
  0.107673228     -0.241453573     -0.464245588    
 -0.451022655      -7.59558156E-02 -0.265457153    
  0.200724110       3.84822264E-02  -4.17235419E-02
   2.55157836E-02   3.60994488E-02   6.92995265E-03
 -0.182067037     -0.727305710      0.188186496    
   2.42702998E-02  -4.99522313E-04   9.46522504E-03
  0.165908247     -0.103492908       7.42360950E-02
  0.504556954      0.534844398      0.162808597    
  -7.20836818E-02  0.286028177      0.765621126    
   4.47653122E-02   1.44014815E-02  -4.87976782E-02
  0.178982794      0.621192813      0.462691098    
 -0.325340927      0.173709095      -5.57058379E-02
  -2.00056639E-02 -0.397932559      -5.46467379E-02
   2.51985737E-03 -0.289958060      0.264667720    
  0.290458947       7.14266226E-02  0.714475811    
 -0.304143906      0.205266744      0.174530774    
 -0.239980072     -0.287208736      -9.88361016E-02
  0.491054267     -0.396197855     -0.360713601    
  0.318314761     -0.299665898     -0.611564577    
   9.85577777E-02   2.68568005E-03   2.35650390E-02
  -3.59876230E-02 -0.336100668     -0.202493876    
   1.51484413E-02   9.25982138E-04   8.06737542E-02
  0.622967482      0.255662262     -0.259263694    
   8.15422684E-02   6.24127733E-03   1.30598648E-02
  -9.95335653E-02 -0.464744598      0.532285392    
  -9.55058411E-02  0.161793381      -7.66526461E-02
  -7.45447818E-04  -2.01779604E-03  -5.56707606E-02
   4.32534628E-02   6.90327957E-02  -6.89047128E-02
  0.382351458      0.462690324     -0.259750277    
  -9.83660296E-03   3.48318517E-02  -5.36142569E-03
   1.58848073E-02  -6.69895932E-02  0.583762050    
 -0.526806056      0.258253038      0.529229641    
  0.512085915     -0.135417953     -0.484765083    
  0.540251791     -0.161090702     -0.564897537    
 -0.110207401     -0.321654707      0.715557873    
   9.50405002E-02  -3.65861058E-02   4.43564355E-02
 -0.231889471      0.307459176     -0.129011959    
 -0.303862244      0.515912712     -0.230908781    
 -0.339729577      0.385027230      -6.96524307E-02
 -0.376340359       4.50725257E-02  0.301450521    
  -1.75777376E-02   9.08176601E-02  0.625421107    
 -0.123078942      0.553140342     -0.248832926    
 -0.266111851     -0.377298117     -0.234226570    
  -8.77553895E-02  0.443867773      0.536994338    
  0.258225173     -0.634450197     -0.131333277    
 -0.562085569      0.335600317     -0.414764911    
 -0.114847153     -0.187928230      0.724973023    
  0.526808023     -0.436833054      -3.54462862E-02
  0.113532163      -9.46588144E-02 -0.226622775    
  -8.48063156E-02  0.420406938      0.395791978    
  0.179564863      -9.40028578E-02   7.93371871E-02
  -3.66512239E-02  0.223401710     -0.726488829    
 -0.376035422      0.575636983      0.111394629    
 -0.392125517     -0.401798338      -4.85343626E-03
  -3.95276546E-02 -0.321944118     -0.539233923    
 -0.116846070      0.300907373       9.19656232E-02
  -6.06269091E-02 -0.177335918      0.428731084    
  0.561683536     -0.396180898     -0.332562804    
   6.38985541E-03 -0.208931193      0.196150452    
  0.534130692      0.412250757     -0.344355583    
  0.127299964     -0.431901336     -0.496183395    
  -1.92378517E-02  0.148895055     -0.223995507    
 -0.521995008     -0.132792681     -0.599295616    
  0.123119816     -0.157633051       9.39524844E-02
   9.50536057E-02  0.415939629      0.361374855    
  0.340076149     -0.242710277      0.631837070    
   2.89721377E-02  0.197328076     -0.314629108    
   1.23947617E-02   7.11134225E-02  -5.41350991E-03
  -6.18410707E-02  0.803862214       1.80745572E-02
  -4.22849096E-02 -0.329146326     -0.476407528    
  -9.92365181E-02  0.499465585      0.123567037    
 -0.608956933      -3.85204912E-03  0.564335346    
  0.134801224     -0.274689108      0.735596538    
  0.211033404     -0.198879287     -0.264865279    
 -0.552427649     -0.129044443      0.605567515    
  0.217278913     -0.404654354      0.523854613    
   1.81583241E-02   4.81218398E-02  -3.81972641E-05
  0.224850714      0.297040582      0.187024817    
  0.413514823     -0.117386371      0.330681711    
 -0.442585111     -0.394347608     -0.271998495    
  -4.77011800E-02 -0.106877223     -0.187896788    
 -0.498509645      0.285801023      -3.20175961E-02
  0.296357244      0.165786862      0.717068970    
 -0.345262319      0.104678497      0.193789780    
  -3.99133861E-02   3.19427773E-02   2.71056909E-02
  0.520504117      0.154216066     -0.287306249    
   1.71263739E-02  -2.65569240E-03   1.91473011E-02
 -0.173388064      -1.01947868      0.359270960    
   9.29791629E-02   4.33266610E-02  -8.40506330E-03
 -0.295152545     -0.134682700     -0.505342662    
 -0.297325760      -8.75765644E-03  0.619536340    
  0.457320988      -9.32692438E-02  -4.08662073E-02
  0.262180746      0.462945640       4.72119711E-02
  0.344195962      -2.09704973E-02 -0.319656670    
  0.566011310     -0.179782152     -0.489704907    
  0.277247071      0.433458954     -0.303808987    
 -0.696773708     -0.311853588      0.340047657    
  0.183121249     -0.123296134     -0.109504037    
  0.598317802      0.135284021     -0.397563756    
   9.94786900E-03   9.85913724E-02   5.80745265E-02
   3.91427949E-02   1.66867040E-02  -1.46471988E-02
  0.192333579       7.51288421E-03  -5.50834015E-02
  0.192887351     -0.110577002     -0.620623767    
 -0.777798355      -5.04993312E-02   9.98498499E-02
 -0.501729250     -0.598160744       1.94843765E-02
 -0.719882488      0.281710565      -6.57861605E-02
 -0.319231659      0.586624682     -0.326973289    
 -0.336880326      -5.00462279E-02  0.337754428    
 -0.419077545       1.26812151E-02  0.212560892    
  0.234996736     -0.356379598       4.57119234E-02
  0.142836481       8.44786465E-02  0.384684533    
  0.351906329     -0.673541903      0.310428113    
  0.780994236       1.23850293E-02  -2.71585304E-03
   4.03011218E-02  0.111236945      0.470525205    
 -0.162259310      0.688383162     -0.368161172    
 -0.277862579     -0.226721093     -0.587670088    
 -0.265170395      0.563680053      0.139388710    
   9.23452247E-03 -0.633747756      -5.75267971E-02
  0.584388494     -0.180303276       1.56370923E-02
  0.249932677     -0.511550367     -0.146544397    
 -0.622868001      0.198640972     -0.445830703    
  0.356784284      0.522860229      0.258323967    
  -3.58245298E-02  0.270044625      0.646010101    
  0.199286073     -0.358033955      0.616797149    
  0.743847430      0.227870062     -0.146224990    
  0.188725352      -8.46419670E-03   2.14725733E-03
  0.262486160      0.319845527      0.408350885    
 -0.297188729      0.174532488      0.166955352    
  -8.55571553E-02  -6.54239133E-02 -0.701923192    
   4.48938571E-02   5.83263673E-03   3.53287384E-02
  0.114312030      -1.38487564E-02  -6.80207610E-02
  -4.91406769E-03   2.22152211E-02   2.89064515E-02
  -5.05063720E-02 -0.293254107      0.179401219    
  0.718544602     -0.127508715     -0.299254209    
 -0.436611950      0.620497167     -0.206640169    
   1.69246979E-02 -0.238285840      0.532820404    
  0.444791853     -0.505202651      0.266894370    
  0.567275167     -0.134649858       1.14577916E-02
  0.174294680     -0.141482204      0.207151994    
  -6.32900745E-04 -0.351674616      -8.88556391E-02
 -0.208628505     -0.622308314     -0.357631952    
  -8.73856843E-02  -2.69434345E-03  0.127037451    
  0.242378682     -0.145621508      0.324774086    
  -1.79757718E-02  0.120360687      0.304432034    
 -0.446657509     -0.589408576      0.138443276    
   4.47682664E-02  -1.10175433E-02  0.723917663    
 -0.275432467     -0.445025742      -2.16983724E-02
 -0.262416929      0.400941014     -0.386745781    
 -0.127854258     -0.147571355      -3.74378674E-02
  0.510659993      0.252956092       7.18920901E-02
  0.212168083     -0.402710766      -4.92448993E-02
  0.300993830      -4.25089970E-02   5.38535323E-03
   4.11013998E-02  0.529363453     -0.615487158    
   5.75772226E-02  -3.82840377E-03  -1.09474808E-02
 -0.292978376      -2.33604908E-02  0.521090627    
 -0.440569162     -0.568361402       5.35381436E-02
 -0.257904798       5.44087589E-02 -0.550960064    
 -0.337930262      0.272511661      0.396728903    
  0.165083781       9.51464176E-02  0.726647735    
 -0.401338995     -0.497244000      0.625451148    
  0.254901767      0.687323749     -0.315711945    
   7.15747699E-02   2.82614026E-02  -2.17556804E-02
  0.625445783     -0.217574030       3.99967432E-02
  -9.67020765E-02   1.71555392E-02   3.95177826E-02
  0.120251387     -0.441612035     -0.666799784    
   9.99629870E-02  -9.88805443E-02  0.191752180    
  0.172748730     -0.454523593     -0.466088682    
 -0.108959869       2.27014907E-02  0.155922502    
   2.52179243E-03  -5.11381328E-02   1.06345136E-02
   2.61305608E-02 -0.720775485       5.06967008E-02
   5.24461493E-02  0.498105407      0.319888800    
 -0.350835532      0.321488589      -4.60899770E-02
 -0.372803569       6.44354224E-02 -0.191829026    
 -0.166933149      -6.28376380E-02  0.222385079    
   8.68664384E-02 -0.135644615      0.158046618    
  0.523797750     -0.166631699      0.589779794    
  -5.66388434E-03  0.209828690      0.161387503    
 -0.446104825      0.202803850      0.605414808    
  0.303744227      0.704326928      0.174076557    
 -0.212588772     -0.259305418      0.596492052    
  -8.34140461E-03   4.09357697E-02 -0.122719444    
   7.52277225E-02  0.112612598     -0.517864823    
  0.131440520      0.350682795     -0.335188359    
  0.182861283      0.390011549       2.72718444E-02
  -7.25275427E-02  0.687084019      0.202272862    
 -0.311371148      -9.35022011E-02  0.222987056    
  -2.05439460E-02 -0.265024722     -0.123405360    
 -0.393127620     -0.348558664      -5.88340834E-02
  -7.93962553E-02   6.41469806E-02   1.69148054E-02
  0.375164121      0.428035825     -0.527920902    
  0.587491155      0.186872721      0.412705481    
  0.338108093      0.374088973     -0.200337797    
  0.244583637     -0.317145407     -0.503576458    
  0.379806757      0.164462611      0.274000049    
  -3.52124907E-02  0.280731350     -0.322526842    
   7.74985477E-02  0.123379171     -0.182577074    
   8.61589462E-02 -0.413245738      -5.91342151E-02
  0.171691865     -0.135427028      0.274775952    
 -0.202541351     -0.193912789       4.80286591E-02
  0.314565837      0.283355743      -2.34408248E-02
  0.336122453      -2.57679494E-05  0.462796092    
  0.350067824       6.37412965E-02 -0.133359656    
  -1.11602331E-02 -0.185241610      0.388910949    
  0.326757461     -0.227406204       1.81726217E-02
  0.497270077     -0.207648382     -0.473825872    
  0.391696125     -0.535584807      0.411874831    
   2.93199755E-02   7.62209445E-02  -3.35456878E-02
  0.453737795     -0.148425967      0.390715122    
  -5.22981510E-02  0.167814255      0.331124842    
  -4.75109890E-02 -0.398082078     -0.190923318    
  0.285535991      0.508434951     -0.376525730    
 -0.625335395     -0.406505376      -6.44001141E-02
 -0.228423372      0.554605842     -0.550039589    
  -7.91212246E-02   6.07799366E-03  0.833498180    
 -0.129188418      0.668874681      0.134834379    
 -0.380396962      0.266537875       2.90924776E-02
 -0.548145473      0.281515986     -0.493801326    
 -0.164453879      0.410112500     -0.513414204    
 -0.147665247     -0.378369212     -0.712909400    
   9.37409997E-02  0.693657696     -0.439400285    
 -0.376938462     -0.529894352      0.144936934    
 -0.510147274     -0.380635083     -0.170752317    
  0.517683029      0.142970979      0.491844326    
 -0.225931302     -0.244046867     -0.719812274    
 -0.323188514     -0.259357452     -0.136703104    
  -2.71445513E-02   8.23142566E-03  0.262430638    
  -3.75199318E-02  0.101547055      -3.77658196E-02
 -0.464518905      0.542873323     -0.304191679    
   8.62786770E-02  -5.14990911E-02  -7.98464417E-02
 -0.297416717      0.560328960      0.297952324    
  0.499753624     -0.171240345      -3.09576094E-02
  -7.05725141E-03   7.94904232E-02   2.06250474E-02
 -0.391768873     -0.470000863     -0.166025206    
  0.515434623      0.152082548      0.207017183    
 -0.665860236      0.210675269     -0.243264884    
   9.32293832E-02   9.61803049E-02  -3.14068981E-02
 -0.353428215       2.38392688E-02  -6.41443357E-02
 -0.677273333     -0.238952354     -0.397522628    
  0.139585853      -9.73289236E-02  0.122777261    
 -0.676966071      0.174662814     -0.164647713    
 -0.468343079      -5.33025712E-02 -0.323245674    
  0.467959702      0.208520293     -0.453829795    
   8.41811225E-02 -0.120737687      0.197549313    
 -0.208455861      0.230950266      0.501574636    
  0.327330530     -0.411018819      0.227807298    
 -0.303576231     -0.541664362     -0.240101188    
   6.89805299E-02  0.281622976     -0.520184278    
 -0.624149501      -4.75676730E-02  0.292212158    
  -3.55246477E-02  0.248113781     -0.598036230    
   6.21751510E-02  -4.23470363E-02  0.331547529    
   3.22133005E-02  -8.91801901E-03   5.38367853E-02
 -0.160560906      0.686228931     -0.177370980    
 -0.671488464     -0.228521109      0.147327274    
  0.491308004     -0.165167138      0.191808268    
  0.120270491     -0.333004326      0.202745944    
 -0.318223387     -0.132822722       7.61080310E-02
  0.246823624       5.16954511E-02 -0.270653874    
 -0.315454483      0.303503305     -0.111589551    
 -0.204339206      0.295708656     -0.303555578    
 -0.250267714      0.322986871     -0.182240665    
   2.35961434E-02   1.97363719E-02   4.27403189E-02
 -0.104856029     -0.637601912      0.544192731    
   2.43207701E-02 -0.309123605     -0.104458064    
 -0.442865938      0.264983773     -0.383044422    
  -5.09550143E-03   1.14105307E-02  -3.38319130E-02
  0.240862712     -0.696719646     -0.335973263    
 -0.343916416     -0.177423060     -0.131264865    
  0.547813058     -0.142925844     -0.131220013    
  0.352816373      -2.58957706E-02 -0.115534589    
  0.318640023      -7.48319775E-02 -0.136826634    
  0.397642195      0.516659856      0.225765854    
 -0.418680817      0.308471084      0.496705830    
 -0.518710613      0.182709709     -0.439071715    
 -0.105913498      0.278706193     -0.658373654    
   8.97734165E-02   7.73998201E-02 -0.445559263    
  0.170096487     -0.404696196      0.457614988    
  0.359199315     -0.686973453      0.254357487    
   1.17682284E-02  0.138288394      -2.81339325E-02
 -0.301164299      0.215991020     -0.327143520    
  0.494518369     -0.570991993     -0.143346563    
   4.84998226E-02   1.72870886E-02  -1.90732609E-02
   5.76442704E-02   2.21805740E-03 -0.588324249    
 -0.160725981      0.275136352      -1.35497097E-02
  0.730630279       3.58418375E-03  0.106782936    
 -0.383772343      0.234482616      0.242943734    
   1.54388854E-02   5.33658033E-03  -1.08648520E-02
 -0.138178214      0.623985887      0.504585207    
 -0.111284792      0.709292591     -0.111629777    
  0.103645608     -0.164180249       7.66960084E-02
 -0.264577448      0.114861988     -0.594412923    
 -0.525684059     -0.456814885      0.235714734    
  -3.30119617E-02  0.425807744     -0.420061439    
 -0.656998634      0.248274401      -2.81166770E-02
  -3.23420428E-02 -0.324618995     -0.215749085    
 -0.210055321      -6.20839000E-02 -0.135298386    
  -3.07130460E-02  0.312778890      0.227099746    
   8.25574994E-02  -9.25323144E-02  0.408614546    
 -0.127522305     -0.639340699     -0.240670145    
   1.32093495E-02  0.118009157      -3.86602804E-02
 -0.555334449      0.458893657     -0.352406889    
   3.62485200E-02  0.117171191      -5.99907301E-02
  -7.31665343E-02   1.08104916E-02 -0.621140420    
 -0.523121953     -0.448863775      0.400251418    
 -0.629275560       7.89997727E-03 -0.357350856    
  0.579235494     -0.279408276      0.433331788    
 -0.325808495      0.587345541      0.320083588    
 -0.151888952     -0.118327439      0.318809420    
  0.284208983       5.48935635E-03 -0.536959767    
 -0.344867587     -0.166941568      0.314293444    
  0.409772903     -0.164660752       3.06208022E-02
 -0.423827201     -0.262622505      -1.36564029E-02
  -1.08385039E-02  0.208693430      0.154614538    
  0.166247502     -0.241519004      0.704418123    
  -5.39675429E-02  0.118286341     -0.833921432    
  0.403310984      0.478385925     -0.226260439    
  0.303592086      -1.39872786E-02  -8.16649385E-03
 -0.331719369      0.577147722     -0.469742894    
 -0.142039523       1.82743948E-02   3.86293158E-02
 -0.398599684       2.35371776E-02 -0.502140641    
  0.453677714      -7.57661983E-02  0.263645291    
 -0.150317803       2.55699493E-02  0.151395217    
 -0.179291576      -1.39171733E-02 -0.334299237    
   8.51049945E-02  -2.68547721E-02  -2.61304174E-02
  0.134739310      -4.14317586E-02   5.36079817E-02
  -3.33397798E-02 -0.195855767     -0.167562410    
  -5.83855733E-02   6.39633462E-02   3.10147647E-02
  0.333435297     -0.163736135     -0.106702730    
  -9.01406556E-02  0.340287536     -0.320082605    
  0.161617115      -5.85024320E-02  0.155049473    
  0.248813927      0.527358472      0.268041134    
 -0.686569631     -0.129330352      0.109906808    
   4.60948236E-02   8.87366831E-02 -0.189488128    
 -0.242971703      0.256391376     -0.681946158    
 -0.644967616       2.23516077E-02 -0.424436301    
  0.167803973      0.393884391     -0.568872511    
  0.442586184     -0.351112038      0.463919103    
  0.185733661      0.451199889      -1.04999738E-02
 -0.715240479     -0.338197917       7.04852566E-02
 -0.372885078     -0.307969183      0.369333684    
 -0.618152857      0.373032063     -0.208970934    
  0.269862950     -0.533223927     -0.246514991    
 -0.617836297      0.220268741      0.262210637    
   4.56162263E-03  -5.69349574E-03   3.96698341E-02
  0.433240026     -0.226324052     -0.608432889    
  0.308086395     -0.112347662     -0.469983280    
  0.387015373      -7.26928040E-02 -0.566700041    
 -0.252672613      0.204496235       9.42820311E-02
   8.22895095E-02 -0.121477522      0.101390176    
  0.131275848     -0.366195679     -0.534564734    
  0.139357805      0.296232551     -0.263551563    
  0.270514131      0.241004705     -0.304954916    
   1.63646135E-02 -0.578290701      0.324623048    
  0.216392890      0.346684992     -0.143031374    
 -0.244885147     -0.612556517     -0.309156120    
  0.504988015      0.524163365      -9.91208404E-02
   8.17653071E-03  -7.00504333E-03  -4.97638993E-02
 -0.222360477       5.40922508E-02 -0.529440403    
   3.17081586E-02  -5.68683520E-02  -1.24116726E-02
  0.120492145      0.310510814     -0.326152265    
   8.04498792E-02  -3.85577194E-02  -3.90155874E-02
 -0.426847249     -0.548621833      0.362100869    
  0.342890143     -0.128066719     -0.719159961    
   9.60566290E-03   4.89269756E-02   8.49422440E-03
 -0.161661997      0.717358053      0.186838508    
   1.17238681E-03   4.80547436E-02 -0.119813718    
  -9.22158733E-02 -0.607636809      0.492697269    
  0.492143720       1.06594229      0.321352243    
 -0.384836853     -0.227761805     -0.699611485    
   3.66290137E-02   6.76921532E-02  -9.55837034E-03
 -0.214936808      0.820376456       5.20218499E-02
  0.373226166       1.73757207E-02  0.124861740    
 -0.469171524     -0.353753388      0.343302161    
 -0.131729424      0.801093459      -4.08817083E-02
  -9.87398922E-02  -3.22175771E-02 -0.188032359    
 -0.358203799      0.492918760     -0.378002495    
  0.414669484     -0.259792805      0.228216842    
  -1.75196417E-02 -0.194440141     -0.144544020    
  -2.19197311E-02   4.66736555E-02   2.83757709E-02
 -0.117213994      0.406895816      0.315444350    
  0.272400707       5.96398860E-02   5.44297956E-02
   1.25050843E-02   5.73381707E-02   9.74602997E-04
 -0.293751717     -0.486386091     -0.332993418    
 -0.459401339       3.79419886E-02 -0.616687417    
  0.935175896     -0.542822719      0.131422669    
 -0.741823792      0.210922882      0.183128968    
  0.396708667     -0.446868330     -0.489900082    
  0.670409799     -0.214455843     -0.231926695    
 -0.272277653     -0.179522023     -0.142693579    
  0.442788571      0.501308441      0.445484698    
  0.248513430     -0.327499032      0.151161253    
 -0.464912057     -0.159677818      0.228378907    
  0.116454750     -0.177245572      0.104852065    
  -3.47766764E-02 -0.225080296     -0.157417849    
  0.151572302     -0.720630765      0.385132611    
 -0.590716302     -0.455062121      0.200289696    
 -0.401050955      0.529599845      -7.06249550E-02
 -0.308944553      0.413282663      -6.62189946E-02
 -0.119682617     -0.151896074      -3.08879223E-02
 -0.237001523     -0.175035506      0.192375749    
 -0.106042549     -0.111307524      0.495546997    
  0.131405607     -0.570802152      -3.54716815E-02
  -3.77947129E-02 -0.129685879      0.824455857    
  0.150138348      0.313743860      0.719849110    
  0.419503242      0.127186239     -0.417112499    
  0.454152226     -0.414308041     -0.386186332    
  0.614466667     -0.102428705     -0.173320368    
 -0.228960380      0.572739124     -0.270891964    
  0.274922639       5.52546903E-02   5.12589179E-02
 -0.458208770     -0.118544027      0.308572650    
 -0.631265998     -0.163631395      0.262911469    
  0.312786967       9.28603560E-02  0.107716143    
  0.337795913     -0.699379921       6.53715059E-02
   9.67992693E-02   7.27600530E-02  -6.19953759E-02
  0.157711133     -0.153069437      0.178132191    
  0.414256096     -0.517297268       1.46951973E-02
 -0.307779849       1.08372439E-02 -0.389630497    
  0.158955902     -0.130432814      0.220835343    
  0.276143134      0.264512032      -2.41454784E-02
  -6.87079038E-04   1.99309383E-02  -6.91614002E-02
  0.337451726     -0.618002772     -0.283026218    
 -0.354427725      0.673711479     -0.210393980    
 -0.228597462      0.175610512     -0.343817592    
 -0.517338991      0.135811776      0.488236517    
  0.291599452      -9.33021531E-02 -0.302922726    
 -0.302374244      -9.05267522E-03  0.618394196    
  0.427633047     -0.237249509      0.573428810    
  0.528592467     -0.393814713     -0.147417441    
 -0.498511374     -0.371744692      -9.73263662E-03
 -0.407980025      0.381156623      0.152184799    
   5.25628105E-02   2.38607451E-02   2.15335749E-04
  0.264339477      0.106273919     -0.251831412    
 -0.392684668     -0.377353996      0.360398114    
  -9.04695541E-02 -0.153406560     -0.214977399    
  0.205591395     -0.147573948       2.24421602E-02
  0.722144902     -0.347590089     -0.210420698    
   3.57960234E-03   1.07184263E-04  -1.51062943E-03
  0.481594384     -0.607991219     -0.188245133    
   4.22796942E-02   2.81306505E-02   9.00716335E-03
  -8.68226495E-03   4.82734554E-02 -0.136215404    
  0.213998809      0.265279174      0.206007347    
   3.78885008E-02  -5.22422716E-02  0.650761962    
  -3.54663432E-02  0.761636436     -0.238261923    
 -0.639069080      -5.43057034E-03 -0.414938450    
  0.356454372     -0.447857141     -0.134883612    
 -0.354092360     -0.556451857     -0.237491012    
  -8.21044669E-02 -0.515220046      -2.21525803E-02
  0.712682724      0.427235603      0.136637107    
 -0.123112231      0.257701129       4.90968563E-02
 -0.345845997     -0.420125633      -2.74197329E-02
 -0.184777334     -0.521994114     -0.408994824    
 -0.640607834       2.28421018E-02 -0.586708128    
  -6.10335767E-02 -0.526624858       5.46037517E-02
  -7.01236129E-02  0.747653484      -2.33035162E-02
  -5.92133626E-02  0.314073086      0.258882940    
  -1.70170516E-02 -0.149986088     -0.159915641    
  0.310850531     -0.490196258     -0.522683442    
  0.127255887      -4.41424660E-02 -0.340169758    
 -0.239874676     -0.340100408      0.182542041    
  0.491617560      -6.50106892E-02  0.118146725    
  0.258020431     -0.143466130      0.725812733    
  -7.39691313E-03  -2.68252031E-03  0.199530602    
  0.626295090       8.03053603E-02  0.376991868    
  0.638581514      -8.22833851E-02  0.260815263    
  0.702075541      0.394081682       3.66230682E-02
  0.128882319     -0.428033710       5.96575141E-02
  -1.65928006E-02  0.317981392      0.323359847    
  0.199805707      0.336376637     -0.621542096    
 -0.202539742     -0.102799758      0.128391519    
  -3.95626724E-02   3.04115340E-02  0.140246570    
  0.510015547      0.202015281     -0.226788059    
 -0.581594050      0.520964563      0.131783217    
   8.83436203E-02 -0.208769977      0.127886295    
  0.203043461      0.352060944     -0.641200900    
  0.633165896       9.25357044E-02  0.442511320    
  0.604570627     -0.261863977       5.52277081E-02
 -0.388545066      -1.50341513E-02 -0.629519761    
  0.274786025     -0.242784873      0.217335254    
 -0.622375011     -0.196128339     -0.372827649    
  0.477364063       1.43206446E-02   1.47613091E-02
  -6.72563259E-03  0.171457499     -0.424867749    
  0.269097120      0.667504072     -0.370875955    
 -0.593450010     -0.141478524     -0.454162270    
  -1.88935865E-02  0.111039281     -0.759082556    
  0.427604109     -0.450580180     -0.553425729    
  0.375074655      0.153636277      0.662880719    
  -4.30392921E-02  -3.14301178E-02  0.133342311    
  0.324003309      0.273055792      0.735613763    
 -0.710674882     -0.223937020      0.119935393    
  -1.97322574E-03  -2.96611525E-03   3.17766704E-02
 -0.202204719      0.673935771      0.260239780    
 -0.510340214      0.612896323      0.140267909    
  -7.89061040E-02 -0.197973654     -0.241010636    
  0.646402717     -0.325823516     -0.118910633    
  0.750458837     -0.177287504       5.04987389E-02
 -0.307271570     -0.517012954     -0.583603323    
  -6.47970960E-02  0.759905815      -3.71914245E-02
  0.111331694     -0.223859459      0.400706172    
 -0.365751922      0.158581585     -0.364061803    
   1.30547397E-02  0.139887974      0.249082357    
   2.88538318E-02  -1.49984080E-02  -9.01779439E-03
   8.94323811E-02  0.336100340     -0.131889150    
 -0.362805367      0.318420410      0.671597362    
  0.207917079       4.60961983E-02 -0.569313824    
 -0.606545389       7.30389729E-02  0.464516312    
 -0.202980503     -0.322332174     -0.404869586    
 -0.202551976      0.355909437     -0.544465840    
  0.178252041       3.77315655E-02 -0.438013166    
 -0.117513739     -0.420152366      0.504817069    
  -5.10526560E-02  0.550296307      0.519379258    
 -0.433103472      0.215943322      0.556493640    
  0.417490244      0.169235140       3.11616343E-03
  0.267069340      0.185955331     -0.632695079    
