 -0.325687319      0.174299270      0.901374042    
  0.397341520       1.44149465E-02   2.35818271E-02
  0.130866766     -0.283844203      0.310449183    
  0.528405488     -0.503288805     -0.311292589    
  0.506267071      0.589765310      0.527438164    
 -0.281347811     -0.430778146     -0.272327214    
 -0.506828010     -0.673910081     -0.105522141    
  0.147997722      0.325931996      0.175371960    
  0.147311538      0.606924236      0.506619334    
 -0.278944701      0.937831819      -1.72321429E-03
 -0.565369725      -7.54266186E-03 -0.170539677    
  0.564567983      -4.01154198E-02  0.388146132    
   6.38309345E-02  0.628101110      -5.51966578E-02
  0.646007061      -9.93070751E-02  0.720499456    
  0.620305419     -0.176906794      0.303383499    
 -0.557946563      0.487848639      0.294730902    
 -0.266555786     -0.617543340      0.207237393    
  0.225501403     -0.733515084     -0.427663773    
  0.131654292      -5.27786906E-04   8.17249566E-02
  0.365535736      0.625922501      0.625463009    
  0.210390717     -0.277589679     -0.838185489    
 -0.224100158      0.656801701      0.577694356    
  0.447542369     -0.179068953     -0.603224635    
  0.496294767      0.387924939     -0.221875280    
   4.89861853E-02   2.37820274E-03   3.35169286E-02
 -0.157404944     -0.582626939     -0.525308132    
  0.465119541     -0.288426638     -0.546631455    
  -8.94205123E-02   4.62502614E-02  0.303886235    
  0.317802370      0.681165457      -3.26799750E-02
  0.125909179     -0.621544778     -0.170220628    
  0.393552274      0.343514502     -0.124363489    
  0.278597564     -0.668355703      -3.65504585E-02
 -0.669441342     -0.185316756       1.64533053E-02
  -8.74205232E-02  0.257602900      0.330047876    
 -0.244389027     -0.530787528      0.290765882    
 -0.347102523      0.731561422      0.141088799    
  0.608184516      0.357397348     -0.560273647    
 -0.387185454      0.465596646      0.147105768    
  0.193300948     -0.289376140      -3.00902836E-02
  -3.71007696E-02  0.506865203     -0.105203867    
  0.514686763     -0.546458662     -0.455183059    
  0.611916304      0.607030153     -0.374054492    
  0.149651781      0.493325949       5.77020738E-03
   6.36739936E-03 -0.734321415      0.224968106    
 -0.292706788     -0.323226213      0.655356586    
  -4.71837632E-02 -0.315650165      0.798160076    
  0.687562406      0.248837844     -0.480128437    
 -0.517857611     -0.369889528      0.231238589    
  0.360330641     -0.517950535      0.329659492    
  0.228249520      0.303210646     -0.367202342    
  0.132724628     -0.553027093     -0.376318783    
  0.437875330     -0.669469774     -0.224524513    
 -0.951835573      -1.58021655E-02  -9.39466804E-02
 -0.109613106      0.146131426      0.754003763    
 -0.373441666      0.364761472     -0.285820395    
  -6.08038995E-03  0.971507668      -9.92477834E-02
   5.93692809E-02  0.332040548      0.328975499    
   9.08014178E-02   1.01246359E-02 -0.139837772    
  0.384465933      0.504194975      0.503385007    
  0.419912606      0.348996699     -0.704802036    
  0.371992856      -5.43147586E-02 -0.431797922    
 -0.510445595     -0.686440408       1.31354285E-02
  0.597266376       6.74535483E-02  0.554467022    
  -7.72682056E-02 -0.150936827      0.647833467    
  0.359783709      0.431177944      0.633671701    
 -0.125197873     -0.394402146     -0.356365979    
  0.331071466      -1.28947268E-03  0.595490336    
 -0.728442550      0.289911568      0.528860629    
  0.122971795     -0.342892259     -0.430383950    
 -0.465222001      0.325433224      0.744217813    
  0.684511542      0.144046232      0.143395305    
 -0.727918208     -0.567949295     -0.273865104    
   5.28266840E-02 -0.208088756     -0.544641256    
 -0.453080565     -0.163709983     -0.128724977    
  0.493629903     -0.560509145      0.410167634    
   1.31151909E-02 -0.911672592      0.272133201    
 -0.503426671      0.579210639      0.434011638    
  0.307279855      0.652302146      0.173775658    
  0.446267664      0.224936202     -0.296446174    
  -1.19890552E-02  -4.31190245E-03 -0.338950932    
   7.58060589E-02  0.127264857     -0.295658112    
 -0.101684473     -0.149289757      0.194734499    
  0.230838567      0.197773159     -0.821559250    
  0.498719841     -0.604039013     -0.443129361    
  0.172290683      0.502769172     -0.532498717    
  -9.87442061E-02  0.898955405      0.177204922    
 -0.577845395      0.689419746      -6.00752421E-02
  0.436429679      -6.09020963E-02 -0.681561053    
  0.865511179       8.73903632E-02  0.407664508    
 -0.150201589     -0.351005137      0.625298917    
  0.263885438      0.472340852     -0.612819731    
  0.826321900      0.364821017     -0.263906032    
 -0.248001501     -0.702235639      0.393124193    
 -0.138231322     -0.766986072      0.316881925    
 -0.339430690     -0.446232766      0.427324206    
 -0.129994810      -9.33737457E-02  0.961503148    
 -0.391080499     -0.594078243     -0.129555926    
  -5.87761030E-02  0.347933203      0.613640189    
  0.709164202      0.200766072     -0.498482943    
 -0.471604973      -5.62382191E-02  0.135542586    
  0.606097877     -0.547724009      0.516971111    
 -0.875148475      0.363293439       7.77039453E-02
 -0.595957458      -9.63974148E-02  0.547154188    
  0.347123742     -0.377398014      -6.30858466E-02
 -0.631670654     -0.360137075      0.546020746    
   7.78090656E-02 -0.205666229      0.642067134    
  0.326560378     -0.726897001      0.374777138    
  0.558764756      0.530234754     -0.224691242    
  0.818307996     -0.291584492       7.56624192E-02
 -0.813586354     -0.244405106     -0.405941933    
 -0.824135244      0.297900558     -0.347783566    
   7.84890950E-02   2.16499120E-02  0.215271860    
 -0.147560686     -0.209466785      0.538687587    
  0.601682544      0.554604530      0.452285975    
  0.385987282      0.177392274      0.504746556    
   8.73824358E-02  0.532498360       9.17857364E-02
   5.52804768E-02   8.00534934E-02   3.44178267E-02
  0.631774366      0.107353278     -0.140859202    
 -0.875715554     -0.314304501      -8.27462226E-02
  0.580604732     -0.220628962     -0.727324665    
 -0.345324427      0.117167339     -0.804429054    
   1.10245906E-02  0.174016744     -0.864365816    
  0.323854327      0.366216689      0.241836548    
 -0.373297602      0.857517481     -0.194242835    
  0.240125760      0.341854602      0.137897357    
  -5.95952049E-02   8.67187977E-03 -0.643519163    
  0.175206229      0.837906063      0.184689924    
  0.662378728     -0.450512797     -0.561041355    
 -0.584397674       2.16877609E-02 -0.296845764    
   4.18433100E-02   8.41757432E-02 -0.910920382    
  0.456792772      0.391837656      0.401142091    
   8.63523036E-03 -0.736120582      -8.41496289E-02
 -0.834742248      0.391437054      0.333534241    
 -0.171303153     -0.898716033      0.136618540    
 -0.486856580     -0.340087354       6.05083108E-02
 -0.274799287     -0.668687999      0.491371393    
  -9.73955020E-02  0.461632907      0.689156175    
  0.266019672      -8.61084387E-02 -0.601700544    
  0.205519423      0.332253337      0.558588684    
 -0.717446983      0.239503711     -0.337924123    
  -8.57542232E-02  0.364012390      0.759859622    
  0.590404987     -0.229567438      0.285378069    
  0.242095307     -0.110143617     -0.413921922    
  0.398767143     -0.375344187       2.01059729E-02
  0.392983288      0.564023733      0.206662983    
 -0.888436258      -9.87744927E-02   6.78059384E-02
 -0.274841726     -0.114613719       4.27591614E-02
  0.201939151     -0.578757465      0.227800533    
  0.658518314      0.203792289      -7.08452761E-02
  0.110090844     -0.528410614      0.515699983    
  0.374273986      0.314519286     -0.158980191    
   4.98433113E-02  0.367580682      0.863287151    
 -0.686752498     -0.153718323      0.159683526    
  0.467338324       4.46674228E-02   7.50898868E-02
 -0.666254401      0.276875913      0.631843626    
 -0.122848853     -0.167781860      0.531602979    
 -0.248089597      0.383464485     -0.102747388    
  0.261943817      0.686878562      0.506003022    
 -0.641236603      0.153631642      0.667766035    
   2.64154579E-02  0.123225316      -2.69898623E-02
 -0.224052429     -0.205311507      0.295235217    
 -0.164064005      0.226630375      0.913972080    
  0.574260414      0.447721779      0.563543558    
  0.131550476      -3.31425555E-02   5.86598702E-02
  0.294491678     -0.152866632      0.482152671    
  0.280817509      0.390165895      -8.94855261E-02
  0.416739017      0.157695174      -6.09442703E-02
 -0.740353465     -0.544355392      0.101509027    
  0.803054094      0.542901516      -1.45324366E-02
  0.190328956      -5.71292453E-02 -0.430314153    
  -5.33742569E-02 -0.361614555      0.895832956    
  0.189742044      0.455316931      0.796204329    
  0.204189822     -0.628490508     -0.679067075    
  0.442831635      0.363291144     -0.735001266    
   9.55107361E-02  0.264019608      0.710463047    
 -0.811307967     -0.380238146      0.394140601    
  0.443630189     -0.307935208      0.658430040    
 -0.602062285      0.727263272      0.178217277    
  0.496628791     -0.536980271     -0.648998201    
  0.560571611       6.18647188E-02 -0.102217838    
  0.287135363      -8.26701745E-02   7.14952275E-02
 -0.429100722     -0.342939615     -0.673153102    
  0.268604428     -0.433299661     -0.456693590    
 -0.510081053     -0.131590605      -9.58573520E-02
  0.248014659     -0.667048991     -0.559996367    
 -0.892671525     -0.151081249      0.375305057    
  0.487963319      0.369069755      0.267528176    
  -4.11224551E-02  0.677406073     -0.277365595    
  0.256571829       7.94524979E-03  0.231656015    
  0.108373843      0.136245042     -0.763759613    
  0.190655366      0.438118994      0.457529813    
  -8.97399858E-02  0.573738575     -0.605460107    
  0.297253788       5.57104051E-02 -0.840014517    
 -0.669115484     -0.356683284      0.576377809    
 -0.459599048     -0.351671875      0.259912103    
  0.190438733      0.250605375      0.679496706    
   3.25396471E-02 -0.575008869     -0.280867785    
 -0.451687813     -0.623853862      0.518638074    
 -0.253915071     -0.175076827     -0.725559354    
 -0.426114470      0.386991739      0.208960712    
 -0.669840574      0.520316541      -8.20034072E-02
 -0.934875965     -0.242930800      -4.07215767E-03
   9.81866289E-03  0.627197981      0.301358402    
 -0.826372445      0.358217329      0.147476345    
 -0.136352375       9.52840522E-02 -0.192352057    
  0.287510574      0.385012627     -0.513829112    
  0.646923780     -0.285728246      -1.26288561E-02
 -0.169537812     -0.134749323     -0.957762420    
   1.98267680E-03   5.28543368E-02 -0.823452115    
 -0.571500361     -0.473121703      0.470783263    
  0.545963168     -0.403504074       3.89205292E-02
  0.316430986     -0.405410290      0.699300289    
  -2.06859279E-02  0.148530558      0.851682663    
  0.662984669       8.12780708E-02  0.158260018    
  0.556326270      0.539967537      0.238032177    
 -0.411071301      0.409630299     -0.354898155    
  -4.80326153E-02 -0.127899304      0.288148433    
  0.506075203      0.176195949     -0.716353655    
 -0.756314158      0.287510961     -0.208772957    
 -0.284460574      0.117887825      0.448070318    
 -0.296703786     -0.371522814     -0.761601508    
  0.815714419      0.442612410      0.324693829    
  0.411638647     -0.592247725     -0.469674796    
 -0.753614306     -0.172769278     -0.243878692    
 -0.319691598      0.455244809     -0.440492421    
 -0.489196688      0.700772822     -0.232337177    
  0.435233802     -0.735607624       1.16886860E-02
  0.680338204      0.301940829     -0.440285206    
 -0.124989197     -0.645339489     -0.296789259    
  0.457777768     -0.134473026      0.101004295    
  -4.53071073E-02  0.329426974      0.246653199    
 -0.312790364       3.61847952E-02  0.351692408    
  0.234868363       5.21768928E-02  -6.64638681E-03
 -0.901375949      -8.85109752E-02  0.260590583    
 -0.782420933      0.219564363       2.09610513E-03
  0.785418332      0.208030343      0.264767438    
 -0.319894880      0.177896589     -0.320078164    
  0.239388511     -0.312549800     -0.259148747    
 -0.309851855     -0.705825984     -0.466670036    
  0.359021008      0.548930705      0.544370830    
 -0.651103139      0.145544603      -2.24365033E-02
   6.74366876E-02  0.452635050      0.776215911    
  0.800796926      0.318947643     -0.127282798    
   2.64171045E-04  0.192400843      0.398269564    
   8.67642984E-02 -0.875508070      0.328935564    
  -2.08757110E-02 -0.479268759      0.475454509    
  0.587535918      -7.51551762E-02   2.38736197E-02
  0.638360977      0.248212576       8.91983286E-02
 -0.125085488      0.337704211     -0.554012656    
  0.161842346     -0.103472978     -0.172018483    
  0.257861406      0.712495267     -0.599190950    
  -4.00645211E-02 -0.237581536      0.263235152    
 -0.152220368      0.574166119     -0.336395830    
 -0.664416730     -0.464917362      0.420882642    
 -0.429243237      0.323231101     -0.449577034    
 -0.642473936      -4.10852320E-02 -0.627155364    
  0.324175030      0.266232669       1.17782904E-02
 -0.142417327      0.272971451     -0.246623352    
   1.21602984E-02  0.651721776     -0.532231092    
 -0.690187395      0.228511810     -0.303839654    
  0.897842169      0.118510403     -0.317711830    
 -0.365292430     -0.160919741       8.93466547E-02
   8.92521590E-02  0.531874955      0.659986258    
  0.311431736      0.646880627     -0.321136951    
 -0.553396404      0.358798116       2.19544377E-02
   8.86169523E-02  -7.04398379E-02  0.162677184    
  0.598168075     -0.199163243      0.227645233    
 -0.172477797      0.390601933     -0.762792230    
 -0.570707202     -0.629037857      0.428761095    
  0.120617539      0.487415105      0.395544350    
 -0.567013562      -8.38198289E-02 -0.220499992    
  0.292723149     -0.231219336     -0.623885810    
  0.380428016     -0.790672243       6.57365546E-02
 -0.442764223     -0.165830404      0.331863314    
  0.636073053     -0.612142682      0.160665721    
 -0.660367310     -0.335992932      0.454470664    
 -0.738770843      0.354812086       3.40231806E-02
 -0.285558343      0.695510209     -0.590203822    
 -0.615572870     -0.659788251      0.164426446    
 -0.411733985      0.746495783      0.418271035    
 -0.116196260     -0.220771462     -0.302321464    
 -0.383995265     -0.473205447     -0.306425065    
  0.251874059      0.773124635      0.171948209    
  0.693722665      -7.78881321E-03 -0.652824640    
 -0.161809638      0.917010248     -0.305448890    
 -0.263532281      -1.42492568E-02 -0.510363340    
  -6.86999559E-02   6.21091276E-02 -0.133201614    
  0.279540539     -0.352302879      0.122518547    
 -0.560051203      0.675186098     -0.192837045    
   4.69336584E-02  0.951123357       6.67917132E-02
 -0.528153479     -0.557232678      0.215732604    
 -0.241866246      -3.55998017E-02  0.860965788    
  0.829024315      0.120466352      0.121216550    
   8.53282213E-02  0.461029053     -0.328891605    
  -7.56607065E-03  0.342934012      -9.40582827E-02
 -0.705370367     -0.399704725     -0.419233471    
  0.354011804       1.75858270E-02 -0.644692481    
 -0.284107327     -0.123942077     -0.632559896    
 -0.159580112       4.56528254E-02  0.798684537    
  0.232111394     -0.255376846     -0.134462833    
 -0.578147411     -0.457584411     -0.353637129    
  0.706970572       2.47550290E-02  0.285666823    
 -0.375707090      0.122307144      0.333901137    
  0.358497441     -0.256115854      0.435241729    
  0.597377241      0.130594119      0.362922937    
  0.429206938     -0.498571664     -0.686750174    
 -0.162694201     -0.677918911     -0.641920567    
 -0.200587720      0.564374268      0.476417184    
  0.171032712     -0.775750220      0.375340194    
  0.331713080       3.01867798E-02   9.45872292E-02
  0.123252250     -0.272667259     -0.187532336    
 -0.360780120     -0.253013104      0.508299828    
  0.588319302       1.73828471E-02  0.287306577    
 -0.385783792     -0.290745556      0.523187935    
  0.356430411      0.100178845     -0.898610830    
 -0.393751055      0.647962153     -0.226820558    
  0.510814786      0.210034132      0.391827077    
 -0.425551265     -0.614610493     -0.521883547    
  0.172188520      0.391525596     -0.578532517    
  0.102537856     -0.911626995      0.179791167    
  0.630404949      0.176961243     -0.669186354    
   5.05536422E-02  0.179221392      0.615604877    
  0.304427326       9.30172279E-02  0.359159559    
  0.328394741     -0.778589070     -0.319943249    
 -0.316389382     -0.576483309     -0.357687593    
 -0.451184988      0.222380757      0.240956739    
  0.217252076      0.712559342      0.510191619    
 -0.134589419      0.638374686      0.246271327    
 -0.524760365      0.609275281      0.314072490    
  0.116290301      0.343874425     -0.603827477    
  0.111461841      0.399623901     -0.235312209    
  0.487896770      0.166272208     -0.397588134    
 -0.420955688     -0.718444884     -0.338249356    
  -5.00295386E-02 -0.801089942      0.253146857    
 -0.620656848      0.675762296     -0.125688285    
 -0.127088904      0.336125344     -0.390085459    
   4.32339422E-02  -4.29048389E-02  0.653246462    
  0.185895175      0.479649991     -0.675472736    
 -0.496244580      0.710856497      0.195232853    
   8.96521062E-02 -0.494195431     -0.336166412    
  0.137325674     -0.541906595     -0.797430396    
  0.687165916     -0.641874135      0.249199972    
 -0.193231001     -0.458047956     -0.779089451    
  0.422904879      0.234335572      0.448141724    
  0.192995846     -0.270835847     -0.523715973    
 -0.331714779      0.482357860      0.310288876    
  0.579202354      0.397814870      0.531243563    
  0.279206812      0.378361642     -0.730141163    
  0.225175142     -0.179802895     -0.396886170    
  0.475851655      0.132815167     -0.846701086    
 -0.142546982      0.271101713     -0.246154413    
 -0.209449708      0.626375139     -0.400484830    
 -0.117521442      0.787832797      0.171954542    
  -4.20606621E-02 -0.126830250      0.232738376    
  0.152911827      0.622541010     -0.285638213    
   7.30136037E-03 -0.563345551     -0.650027990    
  0.702178299       1.82381328E-02 -0.454011708    
   9.41449851E-02  0.320906371     -0.416756690    
  0.226377130       8.32316801E-02 -0.748848021    
 -0.321316332     -0.829414725      0.214415476    
  0.411637485      0.372646093      0.387181073    
 -0.449839056      0.196558669       5.36048785E-02
 -0.156505197      0.192658484     -0.591740429    
  0.553271115     -0.617765129      0.488859117    
  0.537478507     -0.306574076     -0.526746869    
 -0.520608246     -0.420237213      0.251544386    
   7.36357644E-02  0.766162753      0.494155973    
  0.153144568     -0.120618455     -0.603331149    
  0.410754174      0.275769204     -0.209386483    
  -1.86759233E-02  0.533800185     -0.495878965    
  -3.28017138E-02 -0.433790624      0.330750316    
 -0.891889274     -0.358984768     -0.153993785    
  0.172988668       2.02812701E-02 -0.525973380    
  0.525079072     -0.130783334     -0.145935699    
  0.628359258      0.632260680      0.336022168    
  0.188330963      0.450342059      0.840098977    
   2.49255728E-02  0.185505196      0.267611146    
 -0.383437574     -0.209306985      0.706374407    
 -0.258786917      0.418341428     -0.112461820    
  0.238340721     -0.295029342      0.420732379    
  0.205413833     -0.773802519     -0.237369806    
  0.687327266      0.254131734     -0.381291091    
 -0.125569284      0.113134399      0.525773048    
  0.251955867     -0.209772497     -0.469883174    
 -0.570208967      0.137627423     -0.122267231    
 -0.156895980     -0.254483730      0.367121994    
  -5.80247939E-02   6.20115222E-03 -0.396092445    
 -0.644440114     -0.489934117      -7.20806494E-02
 -0.321700037      0.227246538     -0.131027803    
  0.185321197     -0.140620559     -0.588570356    
  0.299820095     -0.197501332      0.161177322    
   3.06641478E-02 -0.104739644     -0.368690610    
  0.188527077     -0.348853797      0.398599148    
 -0.125805065      0.282357812     -0.803026736    
 -0.377974957      0.413451463     -0.563520074    
   4.65605333E-02 -0.200042069      -5.08552976E-02
   5.08187711E-03  0.572924554      0.262695730    
   3.94425727E-02   3.18719633E-03 -0.308589190    
 -0.719528079     -0.280846715     -0.521115720    
  0.424226105     -0.384396166      0.240999579    
  -8.88201594E-02  0.124113187     -0.182876930    
 -0.461180806     -0.685705066     -0.136011913    
 -0.277189523     -0.445873797     -0.435647428    
  -4.94377539E-02 -0.452109516      0.195958823    
  -6.61622509E-02  0.191443413      0.603585720    
  -9.96451899E-02  0.706782103     -0.499152988    
 -0.360184222      0.288152933     -0.735847533    
   5.09428531E-02 -0.967454731       4.44606990E-02
 -0.840387285      0.265758604     -0.403380394    
   5.10736816E-02  -3.22062597E-02 -0.938412607    
 -0.392749727     -0.290866673      0.115561590    
  0.501529157      0.702268958      0.150725320    
 -0.116568491      0.515995443       4.41932231E-02
  -6.19444437E-02   9.21462476E-02 -0.643567979    
  0.316415817      0.126178578     -0.896000981    
 -0.455071479      0.548672974      0.380213857    
  0.373315930     -0.654165089     -0.510642529    
 -0.795797646      0.226874247      0.248698279    
  0.364572853     -0.158090770     -0.231381834    
  0.822542667      0.289774776      0.169820204    
  0.515578866      0.230079055      0.423435122    
 -0.664190352     -0.634820640      -2.97068954E-02
   8.33347663E-02 -0.105601646      0.139930099    
  -4.47968431E-02  0.833106339     -0.401163965    
  0.387020320     -0.287792772      0.775934041    
 -0.601211190      0.412860483     -0.237727463    
 -0.327272892      0.405067682     -0.212796181    
  0.798991203     -0.523406148     -0.152600721    
  -8.31020400E-02  0.382231086      0.618178666    
  0.823707521      0.345391214     -0.160288706    
 -0.597137392      0.478033692      0.385536820    
 -0.318930060     -0.494910657      -7.24626929E-02
  -8.06471612E-03  0.183642238      -7.48461932E-02
 -0.383572549     -0.206060827       9.88310724E-02
 -0.484394073     -0.735428154     -0.112783030    
 -0.450929403     -0.228959069     -0.619723082    
  0.428760678     -0.270029396      0.498080313    
 -0.356530130     -0.639131367      0.614026845    
   5.10333143E-02  0.273047775     -0.812242627    
 -0.786608338      0.519444287      0.252517700    
  0.626848519     -0.345594168      0.504398167    
 -0.216108739      -1.36057697E-02  0.762999237    
 -0.374722719      0.317335904       3.21775675E-02
  0.322537988      0.684287131     -0.313004315    
  0.130184084      -4.10698578E-02  0.723626494    
  0.393882930      -6.82804137E-02 -0.293471068    
 -0.383443147     -0.339258164      0.209097251    
 -0.350004524      0.664896071      0.469341636    
  -9.30810049E-02 -0.697169125     -0.439018160    
   5.31411543E-02 -0.925435841      0.315956056    
  0.790761828     -0.356617182      0.359693706    
  0.117562272     -0.392059505      0.159942806    
  0.110712029      0.302078187      0.167117029    
  0.276541233     -0.789993763     -0.142369553    
 -0.132983744     -0.249575302      0.589575827    
  0.387905031     -0.463966876      0.650801480    
  0.340369642      -2.91051995E-02 -0.821882427    
  0.208332181     -0.577486634      0.752741575    
  0.176990941     -0.178759217      0.620814741    
   4.79178615E-02 -0.260941744      0.454856277    
  0.443357021      0.106396303     -0.294333696    
  -4.61136624E-02  0.154504761      0.813257337    
 -0.255218208     -0.516527891      -2.92204767E-02
  0.595752776     -0.257207036      -5.74398302E-02
  0.754493237      0.442555964     -0.121088363    
  0.288865566     -0.108307801      0.867828548    
 -0.233200222      0.226157859      0.139105767    
  0.831294417      0.380325675     -0.137385592    
 -0.131753132      0.176731989     -0.172388017    
  0.813898623      0.131583080     -0.359322816    
 -0.479593873     -0.447315156     -0.352468312    
  0.235362738      0.446295142      0.291803420    
  -9.85774845E-02 -0.532318413     -0.636963665    
   9.12886485E-02  0.783622026      0.508582115    
  0.326866448     -0.585448086     -0.528502405    
  -1.58362482E-02   8.90048966E-02 -0.616516590    
 -0.642936409     -0.374625444      0.477028877    
  0.826938272       7.74491951E-02  0.475853384    
  0.595384717      0.264127582      0.606223881    
  0.731421292     -0.340258151      0.494950950    
  -8.35660025E-02 -0.289334714     -0.338746518    
  0.833456278       9.80411097E-02 -0.262324870    
 -0.244994029      0.264713973      -7.44934902E-02
  0.397589147      0.723054290     -0.249656752    
   6.39120676E-03 -0.442712873      0.613529861    
  -5.22512831E-02  0.373897970     -0.830633819    
  0.419689685      -6.10681400E-02  0.148431689    
 -0.304259062      0.749969900     -0.360872626    
 -0.198175937     -0.243021667      0.597923517    
  -4.53985073E-02  0.334048867      0.375430703    
  0.692380786      0.512625396      0.369660139    
 -0.574459910      -1.12535655E-02 -0.676966667    
   2.14788970E-03  0.223094985     -0.389660925    
  -1.57070719E-03 -0.773668230     -0.383916080    
 -0.325961411      0.349522740      0.729438186    
 -0.806349933      0.159818128     -0.134144738    
 -0.864866436     -0.254550636       4.66621779E-02
 -0.225059643      0.758499980     -0.397847205    
  -6.36898819E-03 -0.410319000      0.141327649    
  0.181700513     -0.378221124       8.86847377E-02
  0.101648830      0.468765110     -0.361396968    
  0.413507521     -0.173152193     -0.432618976    
  0.123488724     -0.558518887      0.306094617    
  -7.93094039E-02 -0.323567122     -0.834815741    
 -0.296387285     -0.317944735     -0.136688113    
  0.152948737     -0.243367985     -0.167890906    
 -0.348658413     -0.521490574      0.673398733    
   4.77839820E-02   6.58080122E-03 -0.674051166    
  0.406912386     -0.389441103      0.423152089    
  -8.22090134E-02 -0.550962329     -0.642442048    
 -0.319729447     -0.163229316      0.438264012    
 -0.128754377     -0.499922723       4.12925370E-02
 -0.252328753      0.534586847      0.715028584    
 -0.312422484     -0.662900388      0.352415919    
  0.212341696     -0.550737023      0.677772522    
  0.477825135     -0.491653830     -0.232896775    
  0.136342347     -0.336925954     -0.623350501    
 -0.598336816      -9.44937989E-02 -0.349957943    
 -0.157111347       2.62792762E-02   6.75937682E-02
 -0.115898579      -5.05288392E-02 -0.294602066    
 -0.178592652     -0.856898665      0.274131566    
   5.09273186E-02  -4.12032520E-03  -8.30331072E-03
  0.369925469     -0.304367572      0.151509941    
  0.585424721      0.656509936      0.198194280    
  -8.28659907E-02  0.329870075      0.897570312    
  0.286379874       2.65540509E-03  0.125800774    
  0.242371708      0.721911192      0.562153995    
 -0.555035412      0.251659781     -0.119096681    
  -3.59720998E-02 -0.603659749      -7.04738945E-02
  -2.70193964E-02 -0.495400727      0.425389230    
  0.334029138       7.22830892E-02  0.849682987    
 -0.463177621      0.364770293      0.323958814    
 -0.386011630     -0.464906365     -0.157818556    
  0.583362877     -0.483627260     -0.441846043    
  0.386037081     -0.352636546     -0.731596291    
  0.472746432      -1.65095590E-02  -3.49141993E-02
  -5.95770516E-02 -0.566173017     -0.265473813    
   3.57654691E-02  -1.00017963E-02  0.429551542    
  0.753945768      0.317653060     -0.321689308    
  0.395641595      -6.17330410E-02   7.78503641E-02
 -0.132949084     -0.564921618      0.648869872    
 -0.330710888      0.319050461     -0.263388395    
   9.92156751E-03  0.224503383     -0.394786566    
 -0.117533237     -0.137170017     -0.148741901    
  0.482480794      0.583510399     -0.336229950    
  0.322310179     -0.100206554       9.78877489E-03
  -3.84286977E-03  -9.15708914E-02  0.749614358    
 -0.630143046      0.300957620      0.635691285    
  0.625028133     -0.164372101     -0.600182474    
  0.638139546     -0.188636690     -0.674040973    
 -0.121295489     -0.381595224      0.854142666    
  0.386868566      -2.45916527E-02  0.229286194    
 -0.410659075      0.489583015     -0.222566560    
 -0.407723427      0.645776391     -0.293248266    
 -0.490349054      0.543547153     -0.111794524    
 -0.565443575       4.39369977E-02  0.446685791    
  -2.55188532E-02  0.123335369      0.795998931    
 -0.155430987      0.709174573     -0.325626999    
 -0.374061882     -0.531788647     -0.332845777    
 -0.100312643      0.529949784      0.683706939    
  0.235644519     -0.817529440     -0.103028640    
 -0.676921248      0.422147542     -0.452084333    
 -0.128403842     -0.219836265      0.875767469    
  0.618130863     -0.577983856      -5.15128374E-02
  0.165249035     -0.285060674     -0.441020578    
 -0.110386737      0.544391751      0.562606812    
  0.351955444     -0.363018960       8.61283541E-02
  -6.37154430E-02  0.255713880     -0.884874880    
 -0.492857963      0.713367999      0.106495433    
 -0.532850385     -0.535561264       2.50943247E-02
  -6.02283813E-02 -0.412095845     -0.687176466    
 -0.201937437      0.521354914      0.184862554    
  -8.92410278E-02 -0.255033761      0.631030679    
  0.654089272     -0.482749969     -0.416460961    
 -0.101580486     -0.407900929      0.364219546    
  0.637057245      0.496362478     -0.418835700    
  0.151737913     -0.544329882     -0.592344820    
 -0.245341599      0.255746394     -0.430361927    
 -0.614339650     -0.168561652     -0.709080875    
   4.33613919E-02 -0.392542034      0.157588363    
  0.134874970      0.551503539      0.509006441    
  0.416914642     -0.262246579      0.769420207    
   4.70595919E-02  0.344025552     -0.536225498    
  -7.32095242E-02  0.142177820       5.06548174E-02
  -8.09263289E-02  0.950419903       4.62165624E-02
  -6.04034662E-02 -0.439464718     -0.628141761    
 -0.127703160      0.694876075      0.159555942    
 -0.718840957      -6.99799135E-03  0.662414193    
  0.147111818     -0.312693119      0.874428451    
  0.326999694     -0.349654406     -0.416499913    
 -0.652579784     -0.152858555      0.710193157    
  0.263176858     -0.479153067      0.643093228    
  0.300360203      -7.86746144E-02  -5.70440888E-02
  0.352331787      0.468915194      0.306982279    
  0.551218331     -0.134454310      0.475992382    
 -0.558641136     -0.510844052     -0.349167138    
 -0.136242405     -0.218903601     -0.472445399    
 -0.680170000      0.362711817      -6.45738766E-02
  0.332305342      0.157372609      0.846089184    
 -0.387440354      0.165811434      0.358441681    
  0.353229940      -1.70727558E-02 -0.104527257    
  0.664364696      0.209510103     -0.364082843    
  0.352614194       9.83599341E-04   3.71989757E-02
 -0.139141381     -0.802401781      0.596564591    
 -0.217652023      0.195113838       3.28240246E-02
 -0.389304221     -0.199484497     -0.636934638    
 -0.438073725       2.75711361E-02  0.739864767    
  0.648905396     -0.110384516      -9.71458703E-02
  0.361142874      0.650803089       7.70455077E-02
  0.508668423      -2.36991793E-02 -0.465114474    
  0.672155857     -0.211098045     -0.594780922    
  0.374829501      0.567221224     -0.401158035    
 -0.736723423     -0.448249638      0.405305684    
  0.357394993     -0.329215616     -0.250229329    
  0.729110479      0.169243053     -0.490406066    
  0.281189501      0.271209598      -9.76243466E-02
  0.406107754      -5.26758172E-02 -0.143170759    
  0.389111638      0.377203286     -0.146051809    
  0.232744619     -0.119594090     -0.778172255    
 -0.919061601      -6.18397184E-02  0.115362488    
 -0.601053119     -0.721566856       4.29929979E-02
 -0.857195318      0.323650450      -8.56683478E-02
 -0.415377229      0.692233801     -0.408817887    
 -0.489847898     -0.106386647      0.509434879    
 -0.639460206      -1.73804853E-02  0.273982197    
  0.298904300     -0.583640873       3.55920866E-02
  0.201503277      0.142751083      0.596349001    
  0.390300691     -0.808520138      0.349179924    
  0.932723463       3.20868753E-02  -1.29398666E-02
   4.68315892E-02  0.159425020      0.678822756    
 -0.190635249      0.818286002     -0.448364258    
 -0.345068872     -0.304679960     -0.721351802    
 -0.364295095      0.684826970      0.178164765    
   1.11576114E-02 -0.792724073      -7.51547962E-02
  0.724602818     -0.233450457      -1.18829170E-02
  0.305691928     -0.660785198     -0.205505237    
 -0.750712454      0.229847625     -0.503536105    
  0.436884314      0.654606998      0.317324936    
  -4.41474691E-02  0.323237211      0.797548592    
  0.231708750     -0.399129361      0.758945763    
  0.875309348      0.273663580     -0.188459992    
  0.542009056       2.76327226E-02   8.31042137E-03
  0.341867775      0.411002129      0.543455124    
 -0.523630202      0.311597079      0.282643348    
  -9.39859599E-02  -8.38272944E-02 -0.858214974    
 -0.111624464       3.02878302E-02 -0.369632393    
  0.376316249      -3.83269438E-03 -0.317874700    
  0.309647948       7.30395466E-02 -0.102296576    
 -0.156046495     -0.496541649      0.247560099    
  0.853535295     -0.124502219     -0.386090785    
 -0.528641522      0.733156383     -0.246466205    
   9.16631427E-03 -0.305799425      0.707983315    
  0.528052628     -0.639991641      0.307802886    
  0.739581943     -0.142414182      -2.96770665E-03
  0.351861715     -0.284388304      0.409146428    
   1.66536833E-03 -0.568370402     -0.120388396    
 -0.217573225     -0.748918593     -0.472081453    
 -0.257118016      -7.60240331E-02  0.351908654    
  0.386994600     -0.211659431      0.534953415    
  -2.12566815E-02  0.215604633      0.548644364    
 -0.551542759     -0.709752321      0.168691948    
   5.02146333E-02   8.27781949E-03  0.892554998    
 -0.370272607     -0.609118044       3.86843923E-03
 -0.344933391      0.519331813     -0.499695331    
 -0.336622417     -0.311962008      -1.92367025E-02
  0.663919508      0.321962178       9.31060389E-02
  0.263157040     -0.601371706      -8.90060365E-02
  0.564881563      -8.08928162E-02  -5.71231097E-02
   4.30055559E-02  0.619866133     -0.732128322    
  0.329846770       2.49493867E-02 -0.245242342    
 -0.397434473      -4.33133543E-02  0.650977969    
 -0.543187320     -0.693395913       7.95890912E-02
 -0.314940810       5.71790487E-02 -0.672626019    
 -0.442362994      0.354153305      0.541118264    
  0.183441252      0.110480241      0.870258272    
 -0.556266665     -0.492285877      0.514861763    
  0.317750514      0.812251627     -0.367700070    
 -0.193735763       4.70924638E-02  0.196608722    
  0.797037661     -0.193356916       5.21042049E-02
 -0.354006380       1.56174146E-03   1.61400922E-02
   8.75918269E-02 -0.472387999     -0.731512547    
  0.221339077     -0.227056623      0.445607543    
  0.208165497     -0.572047472     -0.558628082    
 -0.350163549      -5.48248887E-02  0.364991039    
  0.391331702      0.376727045     -0.125312209    
   3.87312360E-02 -0.868174851       4.91689295E-02
   9.14628357E-02  0.639641225      0.410425663    
 -0.528907597      0.467647791      -9.18644965E-02
 -0.559497237      0.101529062     -0.275626183    
 -0.296210229     -0.128081545      0.469515026    
   7.95925483E-02 -0.193850681      0.502795041    
  0.604576886     -0.186971322      0.714181066    
  -9.46156122E-03  0.441378415      0.353749156    
 -0.542517781      0.232864708      0.721882045    
  0.363745928      0.837029040      0.204315454    
 -0.258599818     -0.328273386      0.742876649    
  -7.90051147E-02  0.178928062     -0.470061868    
  0.103318267      0.130387425     -0.707570732    
  0.186100304      0.505967736     -0.492285997    
  0.292209238      0.612585723       6.23867512E-02
  -6.04925714E-02  0.850219131      0.232608736    
 -0.525874317     -0.216403097      0.300262064    
  -4.23865803E-02 -0.509468973     -0.142541558    
 -0.560754001     -0.481375426      -3.82937938E-02
 -0.311918586      0.284616143      0.181423038    
  0.454534203      0.511616409     -0.630587935    
  0.683402061      0.258688688      0.502316415    
  0.460133880      0.513830125     -0.290740490    
  0.301456422     -0.401338845     -0.624045551    
  0.524080396      0.260987639      0.394117236    
  -5.91968186E-02  0.449936062     -0.500762880    
  0.239674702      0.314607739     -0.370721787    
  0.103600338     -0.613759816      -8.26819539E-02
  0.309392899     -0.266308129      0.524945974    
 -0.354150981     -0.371253252      0.108058326    
  0.533742964      0.402640611      -5.30393831E-02
  0.435801357       1.34266540E-02  0.630478799    
  0.564809799      0.107516564     -0.243053839    
  -3.89361456E-02 -0.279424220      0.604512513    
  0.522981286     -0.370528847      -1.71049498E-02
  0.605537355     -0.248266205     -0.586432099    
  0.441194236     -0.654792786      0.494053870    
  -8.76879543E-02 -0.201021656     -0.260400862    
  0.571012318     -0.169730708      0.534401298    
 -0.108894147      0.266754091      0.560456812    
  -6.81729168E-02 -0.603762925     -0.246262714    
  0.368468136      0.627561212     -0.467594117    
 -0.762905657     -0.483647436      -6.70498461E-02
 -0.274917066      0.650581002     -0.649018109    
  -8.97514820E-02   1.00117559E-02  0.972952843    
 -0.142828152      0.835539103      0.143523738    
 -0.624466479      0.367945701      -3.30839143E-03
 -0.646438181      0.335989416     -0.573787510    
 -0.211102590      0.516927183     -0.639003575    
 -0.178293690     -0.444581926     -0.832341075    
  0.109491855      0.811935782     -0.518527269    
 -0.484661281     -0.656792402      0.180961728    
 -0.655593038     -0.484858036     -0.199944600    
  0.596355975      0.185871780      0.617035270    
 -0.261998266     -0.301646948     -0.854015410    
 -0.524184108     -0.422240227     -0.161049664    
  -5.53063788E-02   5.37233204E-02  0.569338202    
  0.114237137     -0.157175124      0.216699392    
 -0.561399162      0.643199027     -0.364062726    
  0.417753965      -9.55115706E-02 -0.199414060    
 -0.356040448      0.640327096      0.374318063    
  0.660007954     -0.221706942      -7.45273605E-02
 -0.343900025       7.99054503E-02   4.79259938E-02
 -0.512920499     -0.606024384     -0.220685229    
  0.666872323      0.203275129      0.274341673    
 -0.801503897      0.255868793     -0.276405722    
  0.327025652      0.369073451      -2.29293685E-02
 -0.439699084     -0.106785662     -0.184341654    
 -0.813445151     -0.243949458     -0.405305713    
  0.320546210     -0.241790310      0.303811610    
 -0.820560038      0.208607331     -0.188718170    
 -0.590167820      -6.42236695E-02 -0.419075340    
  0.578832567      0.270179689     -0.575076401    
   9.11252797E-02 -0.226151258      0.401887178    
 -0.261933684      0.292380035      0.668958008    
  0.407233059     -0.581145465      0.289020389    
 -0.398736954     -0.673254728     -0.290116102    
   8.93068835E-02  0.381223053     -0.673906386    
 -0.784500122      -6.59206361E-02  0.348238170    
  -6.51366040E-02  0.325703412     -0.741565585    
   7.62689188E-02  -4.27103676E-02  0.600370705    
  -4.22300212E-03  0.357772887      -9.03225243E-02
 -0.203369543      0.834372580     -0.217688069    
 -0.819947362     -0.269053012      0.167705923    
  0.661868393     -0.205569416      0.260276377    
  0.160072103     -0.557370424      0.244127944    
 -0.373332590      0.196237132      0.369880825    
  0.409296215       9.58504528E-02 -0.440115809    
 -0.498945624      0.440506339     -0.185193926    
 -0.314864039      0.429875135     -0.443777144    
 -0.401648760      0.481880456     -0.298860967    
  -6.90567270E-02  0.157138735     -0.349052519    
 -0.128516465     -0.740982950      0.628399312    
 -0.238148496     -0.436373353     -0.258988440    
 -0.548297882      0.339419216     -0.451406717    
  -7.05945417E-02  -6.95542321E-02  0.131533206    
  0.275503606     -0.817481875     -0.391299337    
 -0.486705363     -0.314545304     -0.197543174    
  0.690677404     -0.169822827     -0.193689093    
  0.576925397      -1.93232372E-02 -0.215328097    
  0.534152567     -0.112479746     -0.264002919    
  0.481542259      0.645794630      0.279161960    
 -0.516146719      0.372311115      0.611122906    
 -0.625308454      0.198942661     -0.513193548    
 -0.123163931      0.350613236     -0.796183765    
  0.123206630       9.95225832E-02 -0.662035108    
  0.191941038     -0.521667421      0.579622090    
  0.408511877     -0.825903296      0.247504249    
  0.119202718      0.469392538     -0.164485827    
 -0.436807662      0.300488979     -0.449760318    
  0.566101134     -0.701433539     -0.179082841    
  0.193125263     -0.146261916     -0.282801390    
   6.95789084E-02  -5.10399137E-03 -0.767270625    
 -0.301721662      0.515446961      -7.05398805E-03
  0.882633328       2.54670046E-02  0.148471385    
 -0.397780508       8.56438726E-02  0.317777991    
   1.79516226E-02  0.119205572       5.86349666E-02
 -0.165240645      0.729388952      0.617159545    
 -0.155957684      0.853864729     -0.147720203    
  0.110082015     -0.422060102      0.204074755    
 -0.322816551      0.168722555     -0.689529955    
 -0.644574583     -0.563041747      0.275074363    
  -5.43149747E-02  0.556937933     -0.556818485    
 -0.808118761      0.290790766      -4.55339625E-02
  -4.78502400E-02 -0.548237205     -0.315111309    
 -0.364326656     -0.178978413     -0.284567505    
  -3.33111882E-02  0.550441742      0.375996917    
   9.46637243E-02 -0.122650087      0.648992300    
 -0.143960476     -0.793217838     -0.266857266    
   9.95298009E-03  0.407706171     -0.281645179    
 -0.657439709      0.543947279     -0.407142997    
  -5.12027703E-02  -6.11435482E-03  0.148715124    
  -8.05126727E-02   2.78664613E-03 -0.790909946    
 -0.647624373     -0.555820107      0.452075511    
 -0.759559810       2.81467792E-02 -0.402600706    
  0.783244371     -0.354772210      0.446826637    
 -0.396971136      0.631760776      0.415062010    
 -0.254832983     -0.210843876      0.526891112    
  0.361755282      -2.63897493E-03 -0.750188053    
 -0.493476123     -0.274885148      0.437342942    
  0.607181609     -0.244241685       3.22202295E-02
 -0.605513453     -0.365532786       9.99300275E-03
  -6.11720141E-03  0.486598819      0.400540888    
  0.198836476     -0.267662376      0.842663109    
  -5.83391972E-02  0.126623377     -0.972381175    
  0.503277719      0.601124763     -0.293352991    
  0.584646106      -2.99905287E-03  -5.09750210E-02
 -0.396194160      0.673667133     -0.557576656    
 -0.408822298      -6.20517842E-02   2.72471290E-02
 -0.509646475       3.67828906E-02 -0.596817732    
  0.601410925      -8.03207979E-02  0.386075199    
 -0.276541919       2.70638503E-02  0.443256199    
 -0.338051975      -5.74595742E-02 -0.512229025    
 -0.186299309      0.225364983       5.15340567E-02
  0.364680260      -8.14483687E-03  0.319797009    
 -0.130411372     -0.402311713     -0.278475821    
 -0.366325557      0.217545897       5.62614724E-02
  0.518196046     -0.274444997     -0.200509682    
 -0.141814083      0.504867494     -0.470079452    
   8.14720392E-02 -0.232339606      0.404078722    
  0.324479699      0.673916817      0.337626100    
 -0.840875328     -0.156242892      0.130035132    
  0.170650199      0.209856093     -0.447540909    
 -0.283084124      0.323790461     -0.809977233    
 -0.758868694       4.34227921E-02 -0.538178504    
  0.202536032      0.498997509     -0.692196846    
  0.516493976     -0.408544838      0.599687815    
  0.283523887      0.664485633      -9.72196832E-03
 -0.850005567     -0.396983892       8.16439539E-02
 -0.465106487     -0.396064132      0.464953512    
 -0.746145487      0.442750365     -0.248485461    
  0.323128223     -0.672786593     -0.312907815    
 -0.751418710      0.230795488      0.343406498    
  0.101712376      0.276274502     -0.138157368    
  0.517713130     -0.263266891     -0.726472557    
  0.415066659     -0.163813815     -0.627022982    
  0.490724087      -9.69169363E-02 -0.709895313    
 -0.374344051      0.356847048      0.209732369    
  0.111716330     -0.460438699      0.149049357    
  0.160032183     -0.456831515     -0.640749574    
  0.233929649      0.457938403     -0.415771037    
  0.399860561      0.342636049     -0.444157064    
   6.43017842E-03 -0.730915487      0.395609021    
  0.337957531      0.529812515     -0.239361003    
 -0.295216948     -0.748020232     -0.373368531    
  0.598161578      0.644091249     -0.135000780    
  0.123341620      0.232714400      0.273387134    
 -0.269214958       5.79139963E-02 -0.675691426    
  -4.23934907E-02  0.371042222      0.104501463    
  0.169924229      0.456633955     -0.503307223    
   5.69985360E-02  0.224587351       4.87031601E-02
 -0.503671169     -0.670210063      0.425176978    
  0.409044683     -0.144739568     -0.852649808    
 -0.301929086      0.156304047       7.12921843E-02
 -0.169701621      0.886666298      0.186199203    
 -0.114982828      0.158474460     -0.482632011    
 -0.111308925     -0.717062771      0.549629092    
   7.17631727E-02  0.150893509     -0.143252015    
 -0.445251703     -0.283016354     -0.817933142    
 -0.116205804      -6.09145463E-02 -0.291839391    
 -0.297751516      0.912077367      -5.42053245E-02
  0.589563310       5.57969436E-02  0.214970604    
 -0.590239763     -0.438286752      0.391945362    
 -0.171090081      0.941769361      -5.46516478E-02
  -8.20484757E-02 -0.264831990     -0.390752107    
 -0.444574654      0.597639441     -0.464783221    
  0.570884168     -0.352493227      0.324326694    
  -4.78254519E-02 -0.416971385     -0.216711566    
  0.338022321       2.31005391E-03  -7.60078505E-02
 -0.169674695      0.568210363      0.476910114    
  0.558604062      0.101077609       8.84507298E-02
   3.31720188E-02  0.147037685      0.377006173    
 -0.382147133     -0.601303995     -0.431809336    
 -0.576328456       6.81148395E-02 -0.714338660    
  0.385724604      -7.96128213E-02  0.241821572    
 -0.894743145      0.216525793      0.191795051    
  0.440767139     -0.544707596     -0.534223914    
  0.833873272     -0.299597800     -0.300240815    
 -0.562705219     -0.288291812     -0.142277151    
  0.576789141      0.597511470      0.493034035    
  0.326883972     -0.550386667      0.207505211    
 -0.642598867     -0.228731185      0.283666372    
  0.177129626     -0.358700871       7.78690949E-02
  -5.32141887E-02 -0.486106038     -0.288651556    
  0.157147229     -0.846819937      0.440484494    
 -0.711639643     -0.551890910      0.230405107    
 -0.512891948      0.664207935      -9.73982662E-02
 -0.440589130      0.584573448     -0.102400996    
 -0.233594015     -0.352216482      -3.30936946E-02
 -0.389533490     -0.325670153      0.287654996    
 -0.136796147     -0.143432811      0.690669894    
  0.141560525     -0.740074337      -4.54993099E-02
  -4.56841290E-02 -0.149584308      0.963131487    
  0.152657777      0.367372066      0.848970234    
  0.544001102      0.173570037     -0.553070545    
  0.541926801     -0.503270984     -0.460288107    
  0.762737274      -9.68833193E-02 -0.243029997    
 -0.293403208      0.667854369     -0.324766308    
  0.529921651      0.138250187      0.123742476    
 -0.634495139     -0.175693557      0.397030085    
 -0.783671200     -0.189673781      0.305480272    
  0.518290818      0.181491911      0.214964330    
  0.382798225     -0.838694870       6.80745691E-02
 -0.270470470       8.23544487E-02  0.228595451    
  0.270594776     -0.388245225      0.316374093    
  0.492938012     -0.671938956       4.85957542E-04
 -0.443381667       1.59120355E-02 -0.518627226    
  0.247286379      -8.21550339E-02  0.473301709    
  0.430403382      0.458897471      -1.48631101E-02
  0.180979013      0.157776445      0.257705152    
  0.390523136     -0.741985202     -0.339209527    
 -0.435399771      0.798665881     -0.245423794    
 -0.364591599      0.251748204     -0.500153065    
 -0.638418436      0.166408494      0.608220339    
  0.450452238     -0.160301775     -0.467351437    
 -0.346436441      -2.05875766E-02  0.778422713    
  0.504903376     -0.271721929      0.709303439    
  0.614747286     -0.523855925     -0.207795769    
 -0.650462985     -0.469118863       7.11021293E-03
 -0.551294267      0.505209863      0.186558977    
  0.349677086      0.101871051      -6.39955625E-02
  0.424281716      0.170863926     -0.412850857    
 -0.471127272     -0.483653814      0.421416521    
 -0.143093497     -0.358272165     -0.400652349    
  0.356538415     -0.373400688      -4.39630002E-02
  0.830580056     -0.201552540     -0.278417259    
  -8.69425014E-02  0.142197892     -0.187183306    
  0.547595501     -0.731247723     -0.228522211    
 -0.113941766       1.09704500E-02 -0.331406593    
  -4.95894961E-02   6.30440861E-02 -0.502305567    
  0.344056278      0.408920437      0.356286168    
   4.15882729E-02  -5.89177161E-02  0.819598854    
  -5.13912737E-02  0.899171233     -0.295761645    
 -0.738371432       4.70767245E-02 -0.323119700    
  0.431775153     -0.612884939     -0.186126113    
 -0.450150281     -0.683628440     -0.294108003    
 -0.109545887     -0.688594401      -4.31254655E-02
  0.825809896      0.503494322      0.154214710    
 -0.151657715      0.459625334      0.377832055    
 -0.472622871     -0.568981111      -7.71783525E-04
 -0.226306096     -0.640731752     -0.518974662    
 -0.205313355      0.267430305     -0.446056545    
  -7.79159665E-02 -0.694402456       6.23566806E-02
 -0.105326273      0.887912810      -1.35197546E-02
  -8.08239952E-02  0.465294182      0.490418971    
 -0.118669778     -0.225400805     -0.391222596    
  0.340895206     -0.596836329     -0.600058377    
  0.188601241      -8.78354535E-02 -0.591902256    
 -0.360338300     -0.481459022      0.242572233    
  0.681387722      -5.84357269E-02  0.163700655    
  0.297253609     -0.162412390      0.865802348    
  -8.09153318E-02   7.06743333E-04  0.510451794    
  0.759243369      0.114679970      0.412823170    
  0.790381670      -8.58790800E-02  0.329100251    
  0.837717175      0.409579784       1.28738508E-02
  0.146321103     -0.636305690       6.04845807E-02
 -0.162348926      0.458831221      0.355298787    
  0.263549954      0.382299423     -0.739128649    
  -6.24398701E-03  0.184311092      -7.16667175E-02
 -0.388032049      0.327096105      -5.55996085E-03
  0.660792470      0.266933978     -0.303579122    
 -0.691236258      0.633807600      0.126032189    
   8.81126598E-02 -0.484569728      0.206755012    
  0.240084037      0.443811357     -0.784074962    
  0.743723810      0.118453398      0.540560126    
  0.723086178     -0.377381563       7.85192102E-02
 -0.477643996      -3.49020362E-02 -0.747908592    
  0.384365588     -0.401278913      0.380746603    
 -0.680011213     -0.188078642     -0.426879764    
  0.681115031       4.87667061E-02   1.19789019E-02
  -1.28550362E-02  0.241463602     -0.635411978    
  0.335717738      0.782732785     -0.433713853    
 -0.681832194     -0.136372298     -0.568897367    
  -2.21110806E-02  0.114597775     -0.908850789    
  0.433061272     -0.503417134     -0.581311405    
  0.443880111      0.161498919      0.783184111    
 -0.208950713     -0.208216175      0.301881194    
  0.365245193      0.312527776      0.853117168    
 -0.855881453     -0.259543151      0.138918638    
  0.174121261      0.261963367     -0.152042910    
 -0.229214579      0.826096296      0.308988750    
 -0.614452362      0.731159389      0.145206049    
 -0.218405381     -0.411519796     -0.396594048    
  0.760165870     -0.380347580     -0.149138659    
  0.931936383     -0.190552637       6.07299618E-02
 -0.357865036     -0.600751877     -0.681827486    
 -0.106716774      0.894812346      -2.86452621E-02
  0.127607837     -0.325381696      0.615356863    
 -0.494273663      0.205964878     -0.473437607    
  -5.32978438E-02  0.185428828      0.576396346    
  0.262202322      0.314254731      -5.92990704E-02
  0.197672933      0.550762892     -0.245269716    
 -0.449349403      0.349881381      0.771638334    
  0.247381583       6.34038597E-02 -0.753804564    
 -0.738884747       8.23719725E-02  0.562984586    
  0.122188002      0.315014571      0.183939084    
 -0.253244191      0.455568433     -0.667380810    
  0.220611900       6.43673688E-02 -0.649190664    
 -0.157223880     -0.526880264      0.625796080    
  -6.20256513E-02  0.646228254      0.651535034    
 -0.534011900      0.254618078      0.675879657    
  0.621958077      0.239919797      -6.97540166E-03
  0.332691163      0.223136380     -0.778586209    
