  0.910468519       9.65610594E-02  -2.38246083    
   1.53302904E-02   3.09270760E-03   2.60858499E-02
   8.14313516E-02   2.63885539E-02 -0.136071980    
  -1.96096611      0.766748011      0.190898716    
  -2.20875907      -1.55637908      -1.04758859    
  0.106438257      0.405510545      0.370221615    
 -0.133289516       5.53740487E-02  0.256771803    
  -2.25852448E-02 -0.296972334      -1.11073720    
  0.105776101      0.553502679      0.262009144    
 -0.384887844     -0.771812677     -0.714283884    
  0.452108890      0.616726995      0.158219606    
 -0.855936348      -3.52589116E-02 -0.161463052    
 -0.215928599      -1.06333268      0.281411409    
  -1.49627554      0.836865902      -1.10990381    
   11.2180634       5.35155249      -2.32184505    
   2.46833968      -3.70078802      -1.16817880    
  0.708894253       1.42845225     -0.919169307    
 -0.522453010      0.567833662      0.785846710    
   4.92729712       3.87163997      -1.45636797    
  -6.57369867E-02 -0.128479049     -0.110587269    
 -0.935281634      0.664194822       1.56990695    
   2.94357352E-02  -1.14873409      -1.21481872    
  -1.48864293      0.267159283       2.29309964    
 -0.502723515     -0.484441847      -9.28065460E-03
  -3.38260010E-02  -3.41896107E-03  -8.90566111E-02
  -4.05068016       23.9794178     -0.641718566    
  -6.08620071       2.74995351      0.461968303    
  -1.06621194     -0.278815210      0.585957408    
 -0.430595398     -0.413192481     -0.141306788    
 -0.533173859       3.02850151      0.343649596    
  0.186786965     -0.668336630      -7.27970079E-02
 -0.125209793      -7.02683851E-02   2.16611512E-02
  -6.46405891E-02 -0.547202349      0.475013286    
  0.191478193      0.571553528      -2.06271857E-02
 -0.112900883      -3.37567180E-02   1.02920079    
  0.616443276     -0.521759748     -0.993396580    
  0.107768789       1.19181955E-03  -3.08814049E-02
  0.348513365      0.168683201      -2.93135401E-02
  0.353961080      -1.80183165E-02 -0.123767495    
  0.281932831     -0.232403517       4.08041198E-03
 -0.666503072      0.123350725      0.613807201    
  -9.87757370E-02  0.150495961       3.46618146E-02
  0.632027149     -0.107494593      0.400286436    
  0.526308000     -0.520367861      0.120765202    
   1.00360763      0.214313105      -2.22039056    
 -0.328322619      -5.32425940E-02  0.176583529    
  -1.28194940       6.54188916E-02 -0.474004924    
   4.10384083      0.931507885      0.881824553    
  0.725922763       7.45184645E-02  -2.22572815E-02
   1.77280176E-02   7.63809606E-02  -4.21314687E-03
   4.70610820E-02   4.69011366E-02   6.23500235E-02
 -0.581817269      0.474784344      0.177385122    
  0.841280639     -0.394093543      0.152906477    
   2.42764711     -0.473539084      -4.66428471    
 -0.132182136      0.330737472      0.259461224    
  0.450555086      -2.09175086       4.11244594E-02
 -0.453705192      0.256626517      0.383588463    
 -0.545251489      -7.33606964E-02  0.790728748    
  -1.55059564      -2.19116378      -2.37327981    
 -0.215283036     -0.826103687      0.984850466    
  0.508521974     -0.241979524     -0.703701377    
   2.29383111       1.72162366       1.04511774    
  -2.25610193E-02  0.135552421      0.224177212    
 -0.425515473       1.98313785      -3.75652575    
 -0.906455815     -0.890353978     -0.960807681    
  0.210118011      0.296829581      0.255732358    
  0.230917364      0.326664448      -3.06017473E-02
  0.193594784      -1.75343193E-02 -0.323364884    
   8.00872371E-02 -0.172973722      -8.75972509E-02
 -0.105811246     -0.861484110      -1.08786952    
  0.567625523     -0.234511495      0.567337692    
   2.07156253       1.22387373      0.353041351    
   9.35687348E-02   5.00801951E-02  -1.01910625E-02
  -1.30579285E-02  -4.05601524E-02   9.78868306E-02
 -0.451254576       6.00035973E-02 -0.364603370    
 -0.505046248      0.304553092     -0.551788151    
  0.434011996     -0.775505304      -4.57611643E-02
  0.708881021      0.147465155     -0.414680868    
   3.52165848E-02   8.93813074E-02  -4.83751558E-02
  -4.22556140E-02  -1.31214131E-02  -3.42949554E-02
 -0.541995108     -0.226326734       3.55455689E-02
  -2.18950454E-02   6.28058426E-03  -1.40765505E-02
 -0.157490656      -2.66300719E-02   6.26599118E-02
  -2.89869022      0.220406368       1.38050151    
 -0.258987457     -0.626614153      0.439817518    
  0.463484854     -0.767184675     -0.528176904    
  0.143895194       3.48665677E-02 -0.148182780    
   4.95358445E-02   9.49445516E-02   3.17708366E-02
  0.340461731      0.145712107       8.38153139E-02
  -8.95163743E-04  -3.21609341E-03 -0.170773968    
   2.43189838E-03 -0.915524364       1.47006464    
  -2.96602893      -1.58929443      0.315453321    
  -7.58404583E-02  -8.57150368E-03   1.89707801E-02
   2.75232530       3.61400151      0.415596038    
 -0.142040610      -1.65780131E-02  0.266399980    
 -0.199712962     -0.441821814      -1.78869343    
 -0.478937119      -8.58338550E-02   1.36793312E-03
 -0.103403106      -1.00500453     -0.711059988    
  0.511255264     -0.899747849      0.188973427    
 -0.457845420      -2.60909104     -0.229860738    
   3.13974023E-02  -8.90677646E-02  -1.99238062E-02
   1.72728229      -1.16975772      -1.43882775    
  0.508908510      0.225937292     -0.561716497    
  0.556019366       1.17928851       3.90763767E-02
   9.99746025E-02   4.67540789E-03  -3.60343382E-02
   6.03119992E-02 -0.128113896      -1.23360986E-03
 -0.213731676      -9.35269147E-02  0.153593063    
  0.343496531      -4.41287899     -0.688174546    
  -2.34065104       2.16662121      0.364587873    
   8.61072019E-02  0.509216249      0.476724178    
   1.13938439     -0.303045750       1.04511583    
   6.87109008E-02  -8.28731805E-02  0.118382357    
  -2.17385087E-02  -2.93498090E-03  -2.49509700E-02
  -1.86072767     -0.736785471      -1.46626389    
 -0.476299703     -0.293004066     -0.683101237    
 -0.167064026      -1.32480383      0.190844700    
   7.48083591      -3.13182878      -1.33243763    
 -0.509745896       2.57928651E-02  0.221732527    
   1.59472680      0.373550832      -5.46144880E-02
  -3.00653931E-02  -5.54724261E-02  0.281874627    
  -3.11038904E-02 -0.111611731      0.219322398    
  -3.50938626E-02  0.246763319      0.253813624    
 -0.947625339      -1.84934115     -0.268553764    
  0.583401084      -1.83125186       1.09745479    
  -6.83492720E-02   6.91850632E-02 -0.167367324    
  0.175266460      0.776526988     -0.536036909    
 -0.701170623      -1.47560239     -0.996582627    
 -0.763782442      0.537137032      0.855466723    
 -0.196980059      0.245181546       9.35625955E-02
 -0.173259199       3.02466843E-03   1.11683619    
  0.812675476     -0.111310907     -0.481440067    
  0.381345510     -0.632845640     -0.370827794    
  0.456973761      -6.06980473E-02  -1.46582508    
  0.710730731      0.554121971     -0.601360083    
 -0.143224463     -0.426159590     -0.288456887    
  0.145765007      -3.91192688E-03  -9.67040062E-02
   4.52606659E-03  -2.87397392E-02   6.25706837E-03
 -0.993676484     -0.505202293      0.663876235    
  0.315846860      0.493170768       1.04900561E-02
  -8.54818821E-02  0.139079660     -0.171881780    
  0.119293436     -0.110297762      -2.34406662    
  -1.61695981       1.25995588     -0.660411239    
 -0.594926059       1.42419779       1.97545350    
  0.478738010      -1.94948725E-03 -0.309106737    
 -0.849437952     -0.844894111       3.80608216E-02
   2.28548145     -0.567327499      -1.32621980    
   8.25929176E-03   2.43262108E-02  0.106460027    
 -0.218851924      0.613911211      0.734852672    
  -3.01465058      -2.18839192     -0.477934092    
 -0.556155145      0.733887970      -1.43657315    
 -0.416020364      0.386118501      -9.25582051E-02
 -0.149996951      -1.86361980      -2.80690360    
  0.814718723      0.164643422     -0.110252738    
  0.536055207     -0.793570518     -0.889402509    
  0.752690792     -0.154128268     -0.723787427    
 -0.153916731      -3.45089054E-03  0.141668350    
  -8.28911085E-03 -0.162264466       5.54554015E-02
   9.63177681E-02   3.10239345E-02  -2.53280960E-02
   1.42852139      0.527727127      -1.54226518    
   4.47546355E-02   3.21046859E-02 -0.122430608    
   6.04518540E-02  0.109278731     -0.146016479    
 -0.284889698      0.202545062      0.245059982    
 -0.483992755     -0.545805931      -5.58774062E-02
 -0.165479407      0.124507450       6.70019537E-02
  0.326626837       1.29085410      -1.08097541    
  0.111410089       6.48707598E-02  0.148298129    
   1.25792623E-02  -9.09220576E-02   1.24696810E-02
 -0.196796298      -9.39675197E-02  -3.88672650E-02
  -1.47187853     -0.296918482      -1.09583724    
  0.312342942      -7.75689781E-02 -0.350631535    
   7.95986205E-02   3.59520949E-02  -1.40866029    
  0.227872699     -0.143496349      0.269765824    
 -0.573625684      0.305385619       1.68338549    
  -1.42037344      -2.28807783       2.08241630    
 -0.823259711     -0.817540050     -0.975766242    
  0.695562124      0.143199489     -0.491621524    
 -0.103162810      0.137223691      0.179483443    
  0.418449581     -0.764986694      0.693799853    
  -1.00261927      0.735907257       1.01288486    
   6.75066486E-02 -0.188632950       3.30248326E-02
   3.29144262E-02  -2.71017775E-02   1.06817577E-03
  0.138335854       7.62838125E-02  -3.26181576E-02
  0.264636517      0.114239447     -0.155055583    
  0.328192681       5.56936599E-02  0.178963587    
 -0.766852140       7.75002167E-02  0.762844026    
  0.876315475      0.124915324     -0.458640575    
  -6.38825750       7.50320721       11.1628761    
  0.366976768      -1.30299950       2.04704690    
  -2.22692466       1.08682668     -0.764423251    
   8.41951147E-02  -1.12412965       1.89864242    
  0.234215185     -0.292268425      0.175672233    
  0.218951762      0.225347683     -0.158502057    
  0.146444723       4.54044379E-02 -0.101101875    
   1.07486331      0.792902350     -0.809768021    
  0.135156751      0.242725894      0.389194459    
  0.124783590      0.307236552      0.402623594    
  -1.03585804      0.922640979      0.816004872    
  -1.02100242E-02  0.116013907       5.28552895E-03
  0.649521470     -0.109007433      0.550813735    
  -10.8469219      -3.47934999E-02   2.76672697    
  0.944315732     -0.760193408      0.193745285    
   1.86792672      0.465117484     -0.367619663    
 -0.118747413     -0.145156205      0.151057422    
  -1.35618597E-02   2.38720551E-02   6.69864640E-02
 -0.160417050       6.94426969E-02  -8.77820477E-02
  -1.49417233      -2.31412888       1.06391954    
   1.38099575     -0.246419385      0.624166131    
  0.464699924     -0.151702002       1.70859396    
   2.62367167E-02  0.253517598     -0.313525647    
  0.438373476     -0.811407864       1.62924099    
 -0.269805402      -9.80606899E-02   2.89296359E-02
  0.303801507     -0.100792393      -2.55283266E-02
  0.638854206      0.215396091      -1.72311974    
 -0.208586991     -0.334891677     -0.167739958    
  -2.54004240      -1.36689603     -0.968754768    
 -0.165895358      0.986803651     -0.258108824    
 -0.414409935       2.27705073     -0.547854722    
  -1.75776517     -0.156187549       1.52599657    
   2.37145519      -1.63189805      0.807785034    
 -0.105580248       2.17270013E-03   9.80400890E-02
  0.155166879     -0.204556644      0.392928869    
  -2.51057291      -1.28769052     -0.356702626    
 -0.778586447     -0.133343890      0.455823064    
  0.394237965      0.363645107      0.876377761    
  -6.76961336E-03  -6.00063317E-02   5.46996072E-02
  0.497622162      -2.78372860       1.13291430    
 -0.148169369       2.61028577E-02   1.60251912E-02
 -0.300430447      -4.91856523E-02   8.09847638E-02
  0.642217696       1.83039665       1.57008553    
   4.89330404E-02  -1.32320980E-02   4.12384309E-02
  -1.57707345       1.80287170     -0.531338394    
   6.42626509E-02  -6.95993006E-02  0.114264920    
  -2.70697158E-02  -9.51309800E-02  0.119477652    
  -1.78110339E-02  -2.26760702E-03   4.01307270E-02
  0.807058156     -0.744983137     -0.155781806    
  -1.13288438     -0.274840117     -0.275127083    
 -0.318230093       1.80296991E-02  0.101661235    
  0.179805756       6.31122105E-03 -0.133853048    
  -3.10336202E-02  -8.33650902E-02  0.275470823    
  -5.86676300E-02  -6.78632185E-02   6.82494119E-02
  0.452321529      -1.14206338      0.100463845    
  -2.37560477E-02   3.16240489E-02   4.65406105E-02
  0.271634132      -5.15828766E-02   5.69511689E-02
   7.46619478E-02  0.525811136     -0.464520723    
  -2.44096443E-02  0.756901681     -0.502748013    
 -0.449093670     -0.229052216     -0.351570785    
  -2.80507398      -2.45462451E-02  0.395298719    
 -0.425203234     -0.521857142     -0.140433267    
  0.175088182      0.519422829      0.461903811    
   1.54362488      -8.70852545E-02 -0.935630322    
  0.368048340      -1.10088575      0.293649644    
  -1.24450419E-02   6.25434704E-03  -5.21151088E-02
 -0.508505583      -1.47778654      0.707167149    
  0.901878476      0.384648532      -1.05144835    
  0.115088545      -5.53690493E-02   8.16563144E-02
   1.52475619     -0.121791571       1.74787295    
  0.497439563     -0.138083652     -0.127513677    
   5.24223633E-02  -8.39569047E-02  -7.59595782E-02
 -0.167133957     -0.284002811      0.320395172    
   1.86128747     -0.273350656       3.89801431    
  -1.62727654       4.52142283E-02 -0.345480829    
 -0.102032334     -0.273419648       6.92171156E-02
 -0.178294301      -1.19337773     -0.924421668    
 -0.291457057     -0.403498143      0.677720547    
 -0.144802660      0.211148456       1.07004356    
   1.80510592      0.315122932      -1.71437657    
  -9.41409302       4.47107840       1.09763086    
  0.147336170      0.172633111      0.554311395    
  0.111375920     -0.159788936       7.83298910E-02
  0.100486286      0.124276727      0.142772615    
  0.290755540      0.172257736      -6.83426410E-02
 -0.483318776      0.116333708      0.632057011    
  -2.15187240       2.82728434     -0.208946392    
   1.75112295     -0.608865559      -1.83648622    
  0.145415261      -5.86596988E-02  0.142483637    
   2.38084865       2.03465295      -1.43133569    
   4.56440449      -9.52979660      -12.7651958    
  -7.99183324E-02 -0.196138024      0.972580075    
  0.819131851       1.42489684     -0.466233999    
   1.84338689E-02  -6.55087382E-02  -3.10447365E-02
  -1.04211068      -2.22178841      -1.02005708    
   2.61489105       1.63392258       1.44505072    
  0.196775436      0.318542987      0.695101023    
  -1.82440674     -0.431697190       1.15766096    
  0.335960150      -2.45291710      0.549483359    
  0.290742874      0.401347399     -0.475835353    
 -0.175452873      -1.73972454E-02   1.30416024E-02
 -0.147225276     -0.440554112      0.620549083    
  0.603515148     -0.977180064      0.465630978    
  -1.01221740      0.888347864       1.65816867    
   1.78772295       1.97894609      -1.71368659    
  0.650509834      0.124662325     -0.338013113    
  0.101320840     -0.561109126       6.90654516E-02
   2.30506301      0.823373735       1.42530227    
 -0.183992073     -0.167527288       1.39641154    
   1.42406654     -0.585864723       1.10046387    
   6.57748505E-02  -6.67419937E-03  -6.54935986E-02
  -3.61680202E-02  0.150476605     -0.175183594    
  0.106775589       6.16966747E-02  -8.06868598E-02
 -0.114799485       9.33566410E-03   9.07949582E-02
  0.604377806      0.141143739       4.85193357E-02
  -2.31512070      0.834985733     -0.307416111    
  -3.56541611E-02  0.204685286     -0.664855003    
 -0.404988199      0.218676314     -0.585978329    
  -9.76808444E-02   2.96777058E-02   7.38939494E-02
 -0.315707445      0.252244115      0.171029672    
   7.37083890E-03  -5.32111451E-02  -6.38839528E-02
  0.178365797      0.233686492     -0.132672638    
 -0.163475543       9.72516239E-02 -0.188587174    
  0.111217961       1.85688417E-02  0.245241612    
   4.08073217E-02 -0.111942559       1.94302518E-02
   3.82608101E-02   6.86488301E-02 -0.885172725    
   1.11488092     -0.621999562     -0.290302187    
  -1.20228380E-02  0.275947094      0.833811939    
  -2.59937119     -0.649470448       1.83182204    
   1.04076207      -2.04625988       1.64280546    
 -0.238552466      0.649553657     -0.245240986    
  -9.65719894E-02  0.186303213      0.177587152    
 -0.229318947      -2.95419264       2.68040586    
 -0.144811511       1.34412658     -0.512837291    
 -0.976213038      -2.10318565E-02  0.602653801    
  -5.62061262      -4.58714771      -1.13515651    
  0.406635314     -0.379891157     -0.471982002    
  -1.49791074      0.305458397       1.27398384    
   1.11280298       1.83331263      0.853124022    
 -0.167059928     -0.108120047      0.217043474    
  -1.96252037E-02   4.78305481E-02   5.56472614E-02
  0.316601306      0.466039360      0.332319051    
   9.74297598E-02 -0.213428259       6.57295287E-02
 -0.256671458     -0.819320023      0.541120648    
 -0.261467934      0.506927371      0.197954059    
 -0.168825358      -1.88830532E-02   4.46027853E-02
  0.412120700      0.648246765       1.02239192    
  0.673037529       1.02916372     -0.927611589    
  -3.24844830E-02  -5.18793315E-02   8.59927386E-03
  -4.06843424E-02  -5.65341301E-03  -9.99692921E-03
  0.424900144     -0.337784231      -5.39022312E-02
  0.131172910       5.25165275E-02 -0.126209915    
   7.81171918E-02 -0.303704232      0.245267317    
   9.42918509E-02 -0.356973559       4.96406555E-02
 -0.986937463       1.36125052       2.57246518    
 -0.802349806     -0.376368910     -0.439427286    
 -0.397013277       1.89019597       2.65949059    
  -4.65862043E-02 -0.253011435      0.206378669    
 -0.166112065      -1.17248613E-02  0.177216962    
  -5.57877347E-02  0.193624765      0.148887888    
  -2.20737243      -1.27614307     -0.624397516    
  0.470549405      -1.63859618       1.05893171    
   3.75843272E-02 -0.210570887      0.251426309    
  -3.35738100E-02  -5.00274748E-02   9.30501297E-02
  -7.96562806E-02   5.00908270E-02  0.207796589    
 -0.281633139      -1.37406254       3.55861211    
 -0.494256496       5.68007305E-02  0.729577780    
 -0.662342429      -1.64142158E-02   1.08830643    
 -0.302800626      -3.20903492       1.76158106    
 -0.108979024     -0.303944319       2.92201564E-02
 -0.644115329      -3.43360305E-02  0.171070427    
 -0.426458657      -7.24073276E-02  0.858059406    
  -1.12693512       1.57405417E-02   1.03603494    
 -0.367932916      0.671862602      -6.01092465E-02
  -1.86018264     -0.822715104     -0.203527182    
  0.384895682      -2.38149781E-02 -0.171706840    
 -0.152220950     -0.102960445      0.668096840    
  -2.45539784      0.394354016      -1.40200531    
 -0.999986351      0.409719825       1.41528642    
   9.41686258E-02  -8.75807405E-02 -0.139110848    
  -6.03609253E-03  0.249579206      0.426693439    
 -0.684924960      -1.90734211E-02  0.813992321    
  0.167305678      0.162379771       1.03801712E-02
   1.64797807      0.240333572       1.48855718E-02
   1.28930819       1.07517886       2.80426264    
   1.87376285      0.432829261      0.979758501    
  0.169450477     -0.238641143       9.37396660E-02
  -1.18079019      -7.56858382E-03 -0.131609961    
  -1.48049891     -0.250535160     -0.198566079    
  -1.26455891     -0.426164597      -2.25523424    
 -0.224938095      -1.32197642     -0.256014138    
   9.35458466E-02  -3.65121965E-03  0.275526375    
   2.41540718       5.97471744E-02  -2.69344211    
 -0.731553257     -0.316145450      -1.89661372    
 -0.195877954      -3.65599468E-02 -0.133147150    
  -2.42759061      -1.47117088E-02   1.25593054    
   1.06080510E-02  -1.62884835E-02  -2.51851715E-02
  -1.69487739      0.416404516       2.11306214    
  0.640721262     -0.407617658     -0.145203114    
   8.54987651E-02   8.60051438E-02   8.95197988E-02
   5.79935387E-02  0.265712410      0.230783805    
   2.42406178       3.28932428      0.850439489    
 -0.152928054      0.103246570     -0.102622613    
 -0.228923753     -0.346560925       1.05084240    
   1.78780556E-02  -7.71756917E-02  -2.67042033E-02
  -9.00437776E-03  -5.09202480E-02  -5.04695699E-02
   1.40105164      0.941962361      0.189461872    
  0.518182814     -0.850739062       1.87575817    
  -8.46566632E-02  -2.54732426E-02  0.157746047    
   4.16961536E-02   5.60022295E-02   8.44744518E-02
   7.09787905E-02   1.14517784      0.581460476    
   7.73643702E-02  0.361969143       8.08239505E-02
   1.21809304      0.119355664     -0.133200750    
  -1.31665468      0.233683273      0.125281706    
  0.519884229      -7.98834562E-02  0.276086479    
 -0.194157630       8.08562711E-02  0.133591563    
   2.58978105     -0.398065686      -1.03595734    
  0.564906895      0.481536001      0.495918125    
 -0.141077831     -0.479755610     -0.443605065    
  -5.15271276E-02  -6.29568920E-02   9.76998806E-02
 -0.297317028     -0.344714940       1.15564251    
   8.74001533E-03  0.930064976     -0.764244318    
  0.939841628     -0.398447156       1.55939245    
 -0.255790532     -0.756999671       2.69719982    
  -3.08188349E-02 -0.101471111      -3.11358217E-02
 -0.955612183      -6.28467798E-02 -0.207816526    
   7.34957233E-02  -2.09512413E-02   2.21278295E-02
  -7.61658698E-02  -4.94004078E-02   5.95164448E-02
 -0.321898162      0.179564059     -0.109916233    
  0.965801060      -1.39609098     -0.106669568    
  -1.10168755      0.371928781       1.51442289    
  -7.31190965E-02  -1.08803272      -1.07007003    
 -0.719886720     -0.382213831      0.726332605    
  -2.05474234      -1.02035940      -1.47194147    
  0.177866310       9.79767367E-02  0.236361057    
  0.626962721       1.28792596      0.667964041    
 -0.150339216      -1.64343938E-02  0.530983746    
 -0.413446456      -1.10295188       1.46358860    
  0.202171996     -0.104719132      0.152135789    
   6.25175089E-02  -1.43913785E-02   3.84020060E-02
  0.260941029      0.916908562      0.105043992    
  -1.34281600     -0.222837955      0.148173913    
 -0.189454332      -1.63254011      -1.21988165    
 -0.152883381      -4.90061454E-02 -0.212108329    
  0.610839188     -0.970909834     -0.339198470    
  0.590073586      0.470833033      -1.07500350    
 -0.161625460     -0.120976083      -4.85187992E-02
 -0.337962866      -2.49507278E-02  -2.44097449E-02
   2.95723033       2.37807202      0.676876247    
   8.50754008E-02  0.122317195      -4.12504673E-02
 -0.923310995      0.545003772     -0.273002565    
  -2.19099000E-02  -2.94848997E-02  0.102245703    
   7.86425620E-02  0.705436587     -0.476820916    
   1.26851368     -0.191065580     -0.933534026    
  -1.57660091       4.23706472E-02   5.44548221E-02
   1.68236101      0.243972123      -1.46424210    
   6.02661073E-02   3.05456035E-02 -0.173654109    
 -0.477459431     -0.785387099      0.608581185    
 -0.479419321      0.549449265      -2.28645587    
  -3.04495883       3.63611174      -1.18111849    
   1.15880370      0.195555300      -1.00674975    
  0.224627286     -0.740629494      0.491321445    
  -3.07853278E-02   1.39106786      0.412192971    
 -0.303374141       2.24075580     -0.705998242    
 -0.434730768      0.853788614     -0.651033521    
  0.101016961     -0.350809902      0.116286166    
  -4.15344201E-02 -0.144707397      -3.63383186E-03
 -0.158631667      -2.82423291E-02   6.81896955E-02
  0.449974775       1.04623950      -1.82462668    
 -0.862562418       1.45700514      -1.46132374    
  0.227549285     -0.289929926     -0.219120130    
 -0.542909265      0.608737648      -1.49028754    
  0.856580079     -0.842947721       9.26898569E-02
   5.52934557E-02  0.145538315     -0.123779178    
 -0.360221207      -9.38419327E-02   1.48434350E-02
   8.24770108E-02  0.321073562      -3.40272427    
   6.18984550E-02  0.288749844      0.241262391    
  -3.23834348      -2.61712861      -3.15971208    
  -1.96185768     -0.732007205     -0.222052887    
 -0.994141102      0.507871866      -2.99083948    
 -0.402142286      0.303991735      0.769386888    
  -3.94166732      -1.42403519     -0.878177226    
  -2.81674528      -1.28168595      0.492851853    
  -4.48047072E-02   8.19088891E-02 -0.188418865    
  0.622162879      0.641416788      -8.30427483E-02
  -6.53078593E-03 -0.139411137     -0.185294494    
 -0.242032275       2.41749597       2.49050879    
  0.633415043      -1.03364062     -0.880592108    
 -0.136367932       1.72043324       2.17982745    
   7.53300935E-02  0.507237315     -0.358411461    
  0.590924025      0.235939592     -0.324622691    
  0.253132015      0.188900366       6.65925592E-02
 -0.468610018      -6.94796816E-02  0.147440806    
  -3.45332670       4.42782736     -0.443059564    
 -0.328646928      -9.93284285E-02 -0.278141767    
  -2.04933500     -0.226335645      0.911948144    
  0.471326828      -1.80559075     -0.691254497    
  -3.38818841E-02  -6.43134713E-02   2.63354219E-02
 -0.647924781       1.48167312      -2.20612979    
 -0.488746375     -0.746720910       2.23809576    
   9.62380506E-03 -0.117863335     -0.166660219    
  0.627212703     -0.937181652      0.974420309    
 -0.269184977      0.117196508     -0.188319817    
   1.41620506E-02  -2.16062188      -1.11201155    
  -1.60133421     -0.182579026      0.145250157    
  0.214363605      -6.51262403E-02   1.14431262    
 -0.227383882       5.46029396E-02 -0.137079254    
   1.94642854     -0.597996235      0.890548825    
  0.378697634       6.32081404E-02 -0.258619457    
   2.77252388      -1.98838925      0.761251986    
  0.983992457      0.605699956     -0.260056466    
  0.433228612     -0.333296090       1.90716404E-02
  0.655535400      0.921701908      0.113223247    
   5.35390340E-03  -2.49073971E-02   6.36205599E-02
  -1.13305044     -0.216188803      -5.08934669E-02
 -0.230585501      0.489276171     -0.238821059    
  0.375409424       9.43999887E-02  0.539386213    
  -9.43814293E-02   6.80437088E-02  0.202228993    
   1.81719220       2.42884135      0.473445714    
  0.184392259     -0.240540549       6.79072887E-02
  0.674372971      0.480809420     -0.710100532    
  0.148371652      0.294820249      0.234730929    
  0.967048168      0.177103475      0.205471173    
 -0.126437634       1.40216160       1.55072045    
   1.44258451     -0.313961565      -1.58886170    
   3.58474217E-02   1.01779008      0.304511696    
  0.105601691      0.400641590      0.111582063    
  -1.12627130E-02  0.271318316      -6.56634271E-02
  0.103575200       7.28912503E-02 -0.590636969    
  -1.39577305      0.359907269     -0.162127182    
 -0.227398708       2.23946627E-02  0.224971831    
 -0.429362535      0.399657845     -0.289337099    
 -0.422962368      0.678043544       1.46812987    
  0.112663470      -1.63104057       1.55985653    
  -2.41714511E-02  -3.81978676E-02  -6.61604553E-02
 -0.110270664       5.14127575E-02 -0.145828024    
  0.639437497      0.730996668      0.456998080    
 -0.503122211     -0.701924860     -0.442107618    
  0.529674113     -0.205540687      -1.75387192    
   2.09879136       1.35004389      -2.57675529    
  0.728050351      -2.11401796      -1.29820895    
   5.90873398E-02   9.96055454E-02 -0.170365095    
  0.417292178      -1.88252151      -1.23814702    
  0.399108112     -0.434981495      0.199680343    
 -0.556559741     -0.835561097      -1.93597925    
  0.776046813     -0.191374734       5.30972183E-02
  0.153520182      0.113458537     -0.259389520    
   2.19896579      0.883843064      0.769164324    
  -1.09391105      0.731617272       2.00178742    
  0.438558549      -1.77519441       1.09967434    
 -0.132424399      -8.34292620E-02  0.229061142    
  -1.99524015E-02  -1.57124102E-02   9.53636616E-02
  -1.95489538     -0.706021428       7.89896306E-03
  -1.17217648      -5.22765853E-02 -0.104308181    
  0.190328360     -0.124069549      -6.54159412E-02
   8.87401775E-02  -1.65268517      0.465194464    
  0.171532363      0.166884154     -0.820974171    
 -0.262892663       4.79830708E-03  -6.34077936E-03
  -3.05592537      -3.10508204      0.361870110    
 -0.299387366     -0.883550048      0.465778261    
 -0.331271261      -1.06922221       1.59299910    
  0.706855237      0.357222229     -0.218100578    
   4.32201736E-02   1.10793300E-02  -4.73228991E-02
  0.754961729      -3.77158411E-02 -0.162798584    
  0.129445672      -4.32136506E-02  0.262590021    
 -0.138531521      -5.67329489E-03 -0.552679718    
  -3.09786340E-03  0.108501047      0.115939803    
   3.75443506      -26.6089554      -1.25822806    
  -2.43800807       2.12804723     -0.800345540    
 -0.746390164      0.335236609       1.14469337    
 -0.462698132       3.72822642       6.49204302    
 -0.103821337      -6.59307763E-02 -0.167638049    
  0.586823940      0.642939031      0.121436670    
  -1.35351145       1.09039092       8.07901472E-02
  -1.97666208E-03 -0.299048752       1.37101840E-02
  0.244922325      0.346606076       1.71697807    
  0.387201011      0.677203715      -1.70495391    
  -1.04367316     -0.144491225      -1.25580169E-02
 -0.404558897     -0.155389801      0.313805193    
  -2.09630765E-02 -0.153019264       4.03411221E-04
   1.51350176      0.416549176      0.386654198    
 -0.480244726     -0.692085862      0.678431213    
 -0.113851659       8.88865814E-02 -0.364051253    
  0.845942080       1.26144755      0.474574894    
 -0.257559538      0.986501753      0.530970275    
  -9.42021832E-02  0.378860921      -1.91709753E-02
  0.549737096     -0.594104826       1.26254344    
  0.339322925      -7.92440400E-02  -5.27370162E-02
  0.995209038      0.564534307      0.292823523    
  -10.5797157      -3.06763577       1.66159809    
  -8.23561475E-02  -5.13844192E-03  -9.99173224E-02
   4.68144976E-02  -4.32300605E-02  0.165377647    
   1.71502972      -2.88845282E-02   1.84456575    
  0.269409895      0.626199484      0.131725460    
 -0.464839667      -1.66256654      -1.27085364    
 -0.176033601       1.39616632     -0.587862313    
 -0.313235641      0.412457526      -1.21392369    
   2.90493220E-02   2.27338821E-02   4.24035154E-02
   2.61806822      -7.09585810     -0.778574228    
 -0.133330673      0.542892039      0.223940834    
 -0.376800239       3.38507295       2.46544027    
  0.788568974      0.919399619      -1.51918936    
 -0.518612027      -5.86909950E-02 -0.132081717    
  0.704304039      0.163661420     -0.597731888    
   3.32066250     -0.926579833      -2.88952971    
  0.112348981       2.66808011E-02  -4.68237326E-02
  -1.91823256      0.423764378      0.323661923    
  0.198926881      0.427316576      0.135486141    
  0.219942465      -6.10604994E-02  -5.03484486E-03
 -0.145906061      -8.90382845E-03   8.39471146E-02
   8.17132182E-04   2.17816755E-02  -2.14963667E-02
   3.94439554      -1.88332152      0.101358585    
 -0.450624019     -0.200810209     -0.268047750    
  -6.33350983E-02   2.39133108E-02   2.05720868E-03
  -1.20877028      0.627289236       1.67561865    
  -3.07793069      -1.13704729       1.23223722    
 -0.833491862      0.557615578     -0.877973020    
  -6.68039620E-02 -0.467170775     -0.357156426    
  -2.00529564E-02 -0.130897775      0.163787156    
  0.209799230       6.29995912E-02 -0.171887144    
  0.390422702     -0.185555711      -8.52182731E-02
  -3.00608817E-02  -2.50597112E-03   1.20485108E-02
   4.69521470E-02  0.381505549      0.382979065    
  -1.75477684      -2.61750966E-02   2.32050562    
  -2.02881336      0.204223573       1.07893634    
 -0.281938225     -0.920485795      0.344373614    
  0.976297021     -0.420472383      -9.30192769E-02
   5.76311629E-03   8.35970342E-02   2.62647457E-02
  -2.47715902       2.42659426       1.07323730    
  0.133171082       5.26282154E-02  -2.11649239E-02
  0.111412071      0.509113789     -0.596201718    
  0.266787648     -0.112708114     -0.212763131    
  0.417402238     -0.143031284       5.45372516E-02
 -0.297947556     -0.108727269      0.139877975    
   2.19772744      0.934980571      0.637702346    
   6.39538839E-02  -4.15812843E-02 -0.185193434    
  0.179140687      -1.61003470      0.460952431    
   1.70182562     -0.613787234      -1.55172575    
  0.162525311      0.237031206      0.390754074    
  -1.63648379      0.505926609     -0.299140573    
  0.192574427       1.85715631E-02   1.18295860    
  -1.54205906       1.76589942      -1.24885917    
  -2.16661024      0.487545133     -0.656905770    
  0.205538213      0.666012406      -4.43377495    
  0.691043139      -1.83537185       1.13323855    
 -0.419658661      0.424518704     -0.238352716    
 -0.161140949       8.96958709E-02 -0.114046328    
   2.82909572E-02   1.32800078       6.34897053E-02
  -1.12061703      0.156079486     -0.302958965    
  -1.78514719E-02  -7.22965673E-02   4.43458045E-03
   1.26446772      -1.70472550       2.40084863    
  0.403951824       4.47369069E-02  0.190613493    
  0.222019851     -0.488521159     -0.446567208    
 -0.175294608       6.93994388E-02   7.10829869E-02
  -3.12832856     -0.913086534      0.210394263    
  -2.69813299      0.309177607       9.89966318E-02
 -0.782947361      -1.22644985      -1.49233150    
  0.949937940      -5.39897271E-02  0.550220191    
  0.253107548     -0.156398967      0.477262646    
  -5.99349812E-02   3.52032855E-02  0.105950959    
 -0.412749857       2.22932380E-02  0.401805937    
  -4.66930456E-02  -9.32225138E-02   1.27626704E-02
  -6.48030043E-02   2.63899302      -4.39941931    
  -1.79150128      0.288941950     -0.326004952    
   1.55038762      -2.49738455       1.46599269    
  -9.52613652E-02 -0.151376024      0.135650888    
  0.365489900      0.248359457       8.72476995E-02
  -4.29765657E-02  0.241997838       3.54897454E-02
 -0.544489443      0.281229287     -0.478990078    
   7.94194490E-02   1.15343738      0.334615469    
  0.607364058       1.44288707      0.589592695    
  -4.73598875E-02   6.83079958E-02   2.30609495E-02
  0.495301872     -0.314254045      0.894437551    
 -0.281873256      0.313913405     -0.682517052    
 -0.168622375       2.92508919E-02  0.285359085    
  0.157136858      0.586308897      -2.48500729    
  0.824372947      0.475347489      0.710491121    
 -0.254160017     -0.361701429      -1.44437671    
   2.48329062E-02  0.170446172      0.149199128    
   1.21556294      0.357484281       5.84497973E-02
  0.994613826     -0.121926457      0.468954653    
  0.875794291     -0.668604314     -0.618448138    
 -0.255536139      -1.30189943       1.00575447    
  -4.74308208E-02   4.43186760E-02  -3.15736793E-02
  0.396778077     -0.134998441      0.541916132    
   2.73979282       1.58991563     -0.160489365    
  -2.39088982E-02  -8.78497958E-05  -1.98788550E-02
  0.461661071     -0.474106371     -0.203636318    
  -2.16136694     -0.124334015      -1.48473537    
 -0.119033143      0.168516085     -0.442172408    
 -0.278321803      -1.35747278       1.18222010    
  -1.88267380E-02 -0.103702530      0.108646140    
   7.64716938E-02 -0.232333511      -4.96993996E-02
 -0.330720872      0.118012302      0.254223198    
 -0.644817531      0.441072226      0.827770591    
  0.107705571      0.610372782      0.126830325    
   3.81506979E-05  -4.81689982E-02   6.00837469E-02
 -0.805460095      0.908670068       1.05228005E-02
  -8.35439414E-02  0.383040577      0.566078484    
  0.165777639       1.04749858     -0.291636229    
  -8.53584148E-03  -2.91226245E-02  -1.31250899E-02
  0.192866847     -0.260553747     -0.154002100    
 -0.241056994     -0.407681167     -0.268820673    
 -0.536222160       7.85793923E-03  0.567525923    
  -2.87196226E-02 -0.187363312      0.360483080    
  -2.86432958     -0.166256085     -0.456968963    
  0.246921510      0.544363320     -0.338938951    
   1.09666479     -0.422948480      -1.62771094    
  -1.61035395      -1.48615634       2.02208124E-02
  -5.76054573     -0.665525019       4.55124140    
   3.40733007E-02  -5.44495098E-02 -0.181950212    
 -0.201724306     -0.586075068      0.614388287    
   2.46308558E-03  -1.68032348E-02  -2.69448552E-02
  0.322299361      0.219036847     -0.588619947    
  0.901719213      -1.02653837     -0.425061941    
  -5.93082085E-02 -0.150985911      0.217524886    
   3.59744504E-02   1.33768404       1.59031236    
  0.796714842       1.37267268      0.772523820    
  -7.56941065E-02  -4.54499498E-02  0.106634922    
  -7.94116035E-03  -2.56338194E-02 -0.301410854    
  -2.82447958      0.926881135      -1.36296964    
 -0.382775724     -0.245851621       5.72969951E-02
  0.292994976     -0.353025407      -2.08704323E-02
 -0.935250223       9.89417136E-02 -0.402023852    
 -0.217750415     -0.550530910      0.941076577    
 -0.456595719     -0.196843669     -0.907444000    
 -0.107683532     -0.681394875     -0.476100087    
   1.73117244      -8.02193508E-02   2.14352608    
   8.02623481E-02 -0.168138266      -9.17672068E-02
  0.172822610     -0.160033599      -6.57043457E-02
   5.63210100E-02 -0.103859283      0.159406081    
  -2.70045638       1.73122883E-02  -1.87338507    
  0.239580497      0.383113503     -0.820131004    
   4.75541726E-02   4.30389419E-02   6.42466322E-02
   3.11211292E-02  -1.73577312E-02  -1.63704287E-02
 -0.698956311      0.192562133     -0.377946287    
   7.81784859E-03  0.710120976       9.30042788E-02
  -2.12993288      0.657132089     -0.450771064    
  -8.55488777E-02   7.32785016E-02 -0.348812789    
  -1.42300320       3.47430611       4.66466904    
  0.316341490      0.154419959     -0.234920338    
  -5.62107489E-02 -0.118762419      0.125055283    
  0.829240918      -1.00149333      0.493915170    
  -2.15483997E-02  0.357717276      -1.44724000    
  0.605441093      -1.24587142     -0.960545778    
   8.70183930E-02  0.384505123      0.225209758    
   1.27487910      -1.73962772       2.05429292    
   7.78092146E-02  0.309251785     -0.346804380    
  0.287600577      0.765811086       2.16392851    
 -0.608314395     -0.700319350       1.01466894    
  -8.52686763E-02 -0.118551925      0.334775716    
   1.13325441       1.26357448      0.584110737    
  -5.39287142E-02  0.152511299      0.143843278    
   1.67139137       1.01335084       2.80675220    
  -6.25624061E-02  -4.77552563E-02   2.47759409E-02
 -0.358320773       4.35011052E-02  0.504553914    
  0.134876713      0.108007543      0.108622111    
  0.185427099     -0.383253098      0.192142516    
   1.76015366E-02 -0.291213036     -0.167319328    
  0.147791266      -1.16290653      -3.68196107E-02
  -1.72771776     -0.433150709     -0.183270454    
  0.418235928       1.21352172      0.283810943    
  -1.10505569      -1.31228817      -6.28004735E-03
  0.554730535      0.162838846      0.238186345    
   3.30584273E-02   5.54307960E-02  -8.24275333E-03
  -3.42612118E-02   1.52250193E-02   5.95177375E-02
  0.296436131      -1.26056063     -0.309029579    
   1.36773741      0.199853733       1.36186135    
   1.05501783      -4.31236513E-02  0.935000479    
   2.39022803      -1.93709874     -0.555918515    
 -0.520167232      0.207771495       8.82320851E-02
 -0.648148060       3.10529247E-02  0.394961834    
  0.545813203       6.20489456E-02   1.42470398E-03
  -3.81207094E-02  -1.40941627E-02   4.75855321E-02
  -1.09618211      0.321171969     -0.728913605    
  0.954141736       2.28658533       1.17581344    
  0.122434847       7.95108899E-02  0.146056220    
   2.00204272E-02  0.280412406     -0.367103755    
  -1.62296626E-03  -5.39238192E-03  -1.29804593E-02
  -4.79451977E-02 -0.125248387      0.166317821    
   7.26070330E-02  -1.46889975E-02  -2.26657558E-02
  0.732503474      -1.10817623       1.16080499    
  0.587107658      0.534244418     -0.561020494    
  -2.63722658      0.252023488      -1.02243590    
  0.140563294       6.70098737E-02   8.47385153E-02
  0.337004393       4.59966511E-02 -0.182175159    
  0.103770331      -3.89568023E-02 -0.189289376    
 -0.132119924      0.238297001      0.286973476    
  -8.86112824E-02  0.157344684      0.416128159    
   1.81147270E-02  -3.32374275E-02  -1.21628903E-02
  0.352839261       2.17640805     -0.292683393    
   5.78587875E-02  0.351553738      -1.23740351    
  0.302896976      0.132471725      0.222259983    
  0.112647519       3.53674218E-02 -0.580099523    
  0.137924612       7.82559663E-02   2.34220065E-02
 -0.692296743       1.29940772      0.340368450    
  -7.92920366E-02  0.178589970      0.178434774    
  -1.28054011      0.394119531     -0.236561060    
 -0.518816888      0.139169514       6.28166180E-03
  0.131090879      0.175300568       1.05816317    
 -0.594399273     -0.376596987     -0.374555498    
 -0.198354542      -7.39463493E-02   2.99756881E-02
  0.132029101       7.83480033E-02   2.36803051E-02
   1.65635999E-03   3.62108387E-02  -7.66724348E-02
 -0.198210612     -0.335894138      0.356344074    
   7.63761103E-02  0.233920425     -0.281293750    
 -0.579497814      0.458220184     -0.867269993    
   7.50988256E-05  0.327349514      -8.84601921E-02
  0.447300255      -1.79115129       1.05851650    
 -0.371818453     -0.916171193       1.21472740    
   7.33400583E-02   6.06293716E-02   5.20017296E-02
 -0.160466984     -0.186426565       1.66349173    
  0.104084969      -2.78874282E-02  -6.23441935E-02
  -1.86907089      0.110687800       1.02087522    
  0.152843282     -0.129602984     -0.169417650    
  0.127370954     -0.520006120     -0.255223483    
  0.845943034      -1.92782593      -2.05032158    
 -0.981404245      -5.61256933       1.16459608    
 -0.152194574      -7.93635696E-02  -9.24095735E-02
  0.113233186      0.239566967       6.91498816E-02
   1.62049711       1.30535197      -1.03184760    
  0.363690436      -1.39724672       1.81541955    
   3.24736929      -1.67343378     -0.759920955    
  0.427804470       2.54691815       2.37691402    
   5.81574440E-02 -0.525756538       9.64445323E-02
   2.53920630E-02 -0.862374365     -0.553403080    
  -5.01589179E-02   7.52914101E-02  0.166632891    
 -0.163059682       1.69717240       2.63968229    
   3.81057337E-02  0.105857842      0.110231116    
   1.93496291E-02  -3.00006811E-02   6.79101646E-02
 -0.283329159       2.21787310      0.606104136    
  0.582079530     -0.391796678      0.878405809    
  -5.93315549E-02  0.127264246     -0.329582363    
   1.13402915      -1.45683336       1.97828424    
  0.209472492       6.69567212E-02 -0.672715902    
  -1.51733251E-03  -7.68765733E-02   6.35071248E-02
  0.380387604       8.05707574E-02 -0.782273769    
  -3.57104652E-02   1.70221403E-02  -9.28810760E-02
  -4.17905077E-02  0.223584265      0.256204158    
  0.229164854      -7.05630630E-02  0.440090239    
 -0.158700898     -0.197102249     -0.229763716    
  -3.49920616E-02  0.127734691      0.135233954    
  0.276418030       1.06402469      -1.32073069    
  0.202181593     -0.771588027       2.00747061    
 -0.974266469      -2.59995747       1.56408775    
  -1.68849754      0.774068832       2.49367999E-03
 -0.226108238      -1.39509368       1.09974170    
 -0.226543099      -4.04056758E-02   6.97352737E-02
  0.152370915      -9.48092863E-02  0.751046360    
  0.180466592     -0.126053497      -7.57524073E-02
  0.215282127      0.454816222      0.834133804    
  0.211777598     -0.827086449       1.96013916    
  -9.00665188      -2.09270835       4.45818949    
   6.60095587E-02  -2.79634893E-02   3.88968438E-02
   3.49740088E-02   2.99200099E-02  -4.24849913E-02
  0.429884493      0.702095926      0.197588295    
  0.297284305      0.156209201      -8.19221064E-02
   3.00818272E-02  -1.36807060       1.36613405    
  0.787321031      0.209247410     -0.695412576    
  0.151242524      0.107555397      0.125433058    
   7.31193833E-03  -7.75287952E-03   1.72386207E-02
  -1.63955796      -2.54287195      -3.49900746    
   1.25467777     -0.828579783       1.68388104    
   1.98100686      0.201830313      0.633389831    
 -0.514297009      -1.65386248       2.28712320    
 -0.976783752      0.886089683     -0.313591659    
  0.220902905     -0.262466908     -0.350283355    
   2.09556293      0.732537806     -0.555769682    
  0.740299523      0.644758880     -0.869049847    
  0.584128320     -0.824795961      0.325120717    
  -1.62651157       3.04345083       1.36509717    
  -1.58725884E-02   5.12550622E-02  0.189693645    
 -0.126519173      -7.39060566E-02  -6.00273199E-02
 -0.864647090      0.449359298      0.299977124    
  -1.22731912      0.403722018      0.695976973    
  -1.96575058      0.378340513       2.49499702    
  -2.24148538E-02  -4.52953856E-03  -3.59567665E-02
  -1.20549989      -1.50904882     -0.226637766    
  -1.68657792       1.92600513       1.60987055    
   5.72536886E-02  -5.48799708E-02   2.10544821E-02
  -1.33829641      -2.39848518       1.00121224    
  0.225653410      0.892595112     -0.985082924    
   8.04606825E-02  0.367080688     -0.419246465    
  -3.52997668E-02   1.81254292       1.22130001    
  -2.09041119     -0.521397233     -0.382228404    
   6.61147088E-02  0.128816262      0.149717361    
   1.33627689     -0.270466119       1.96236539    
  0.162294209      0.385206372       1.29689118E-02
  -2.33359599      -1.79563677      0.330345988    
  -3.05189379E-02  0.113446109      0.129947469    
  0.777046263     -0.306461394     -0.695077002    
  0.103840329      -1.55448951E-02 -0.116293430    
 -0.260067344     -0.153845727      0.267794698    
  -4.01019081E-02   6.16795104E-03  0.153027132    
  -4.55764905E-02  -4.01365384E-02  -1.42526347E-02
  0.210452184      0.698477507      -1.39932907    
   1.30381835       2.84654760       1.34811413    
  -2.79949103E-02  -2.93019116E-02  -5.14571555E-03
   7.93137867E-03   8.64101797E-02  0.129353911    
 -0.369183034     -0.772972882     -0.931897759    
   2.39910936      0.419451505      -1.71841633    
   2.37533804E-02  -2.66808681E-02   2.82488987E-02
   6.89811260E-02  -1.91397262     -0.392359227    
  -1.56726353E-02  -9.65615436E-02  0.173311114    
  0.330301255      -1.60685384      0.952671230    
  0.171284124       6.51004761E-02  -1.92601793E-02
 -0.801903009     -0.997443199       1.98832500    
 -0.357818604      0.560425401      -1.43465784E-03
   7.17173964E-02  -1.82137406     -0.356890708    
  -3.22628417E-03 -0.144382760       5.14705703E-02
  -3.48470127E-03  0.146011308       2.89997365E-02
  -3.82445492E-02   1.00278878      0.344334960    
  0.143228203      0.163996071      0.752111018    
   1.64777112      -1.28374672     -0.231520221    
  0.869247854      -1.58741522     -0.752739847    
 -0.381619990     -0.108783364      0.268914998    
 -0.199828550     -0.751161277      0.407551080    
  0.560278058      -3.80191505E-02 -0.353288591    
  -6.96601626E-03 -0.465315133     -0.292291284    
 -0.883296609       3.24327014E-02 -0.344850481    
  0.202531263      -1.38343242E-03 -0.510240257    
  -2.49947011E-02   4.04714048E-02   9.02291387E-02
   5.34678176E-02   7.99961463E-02  -4.94311042E-02
 -0.543697715      0.696556985      -1.28435242    
   2.52680230       1.91217852      -1.59392321    
  -7.85183161E-02  -9.55608301E-03   1.78981982E-02
 -0.573696971     -0.163098693      0.506020606    
  0.165000871      0.214258909      -3.16166915E-02
 -0.604035199      0.316270918      0.843693137    
 -0.173081741     -0.428059995      0.514219105    
  0.107033186     -0.184187949       4.03094329E-02
   9.66551676E-02 -0.107762396     -0.981707335    
 -0.643022358      -1.04854059     -0.888448179    
  -2.58232021     -0.225804016       2.01022935    
  -2.53456450      0.575868666      0.213628620    
 -0.342942536      0.316576988     -0.158860311    
  -3.48488045      -6.38543129      -1.87354600    
  0.610522926      0.384513259      0.153445661    
  0.183299229     -0.130533844     -0.222837761    
  -5.00810333E-02 -0.185556397     -0.507657409    
 -0.288435876       2.09064838E-02   5.44337276E-03
 -0.826975226      0.964430213     -0.196025804    
 -0.627492785     -0.690295279     -0.852365017    
  -4.80753230E-03  -2.22785212E-03   2.57260236E-03
  -2.02359796      0.749681950     -0.129639834    
 -0.470573664      0.675567389      -1.22542048    
  0.298527211     -0.384619445     -0.523720860    
  -1.18166730E-02   6.65429421E-03   1.20509192E-02
   7.03602791       3.65681458      -2.99181008    
  -8.99162740E-02   3.01838732       2.34133983    
  0.120443344      -1.64161241      0.327785730    
   4.16349433E-02 -0.315897226      0.205232307    
   1.96752572     -0.193000391      -1.60130751    
  -3.28074135E-02   5.91122732E-02  -4.71703149E-02
 -0.649328828      -7.82094225E-02  0.435580224    
  -4.50724224E-03   2.91990470E-02   9.34221316E-03
 -0.217927635      -7.67853707E-02 -0.138770431    
  0.150789812       5.77730909E-02  -9.57686976E-02
  0.878404260      -1.01391339     -0.376182467    
  -2.80896649E-02 -0.160359219     -0.112973161    
 -0.682705462     -0.121853426      0.259592175    
 -0.100246206      -7.43757561E-02  0.527443528    
 -0.141247824      0.152605712      0.298543185    
  0.597064137      0.668768406      0.701827765    
 -0.300833464     -0.384515703      0.251592875    
  -2.07420234E-02 -0.489758521      0.513227642    
  -1.55736399     -0.185834199     -0.268197775    
  -2.35660723E-03 -0.116831414       2.17130762E-02
   8.98565352E-02  -2.91323643E-02   7.97222480E-02
  0.158182994      0.324718028       6.87519759E-02
  -6.19733557E-02   5.25303632E-02  0.323306918    
  0.125081316     -0.353380978      0.277959645    
  -4.68741544E-02  0.363694876      0.984935462    
  -8.91891718E-02  -4.53495421E-02  -6.30716011E-02
   9.37233940E-02  0.144508556      0.200160518    
 -0.164846197       2.58490109      0.235529765    
  -1.58792722     -0.633621335     -0.726134777    
 -0.166779146       6.38113692E-02  -3.96789871E-02
   2.97318604E-02   3.06229666E-02   4.47692573E-02
  -1.49877444E-02  -8.92032087E-02 -0.105902463    
  -1.97569180     -0.807043254     -0.933420420    
  -9.41782538E-03  0.922312260      -6.90286234E-02
   8.82549733E-02 -0.719505668      0.724752009    
  0.384721488      0.436860412     -0.526298285    
  -5.44043556E-02   5.52533790E-02  -2.25208811E-02
 -0.841463506       9.19405520E-02  0.532616735    
  0.210650831     -0.162866548      -5.79767190E-02
  0.675539076      -1.78220943E-02   2.51315594    
  -1.09389949      0.250381142     -0.331879437    
 -0.440421939     -0.752100706      -1.45138645    
  0.730248213     -0.191742286      0.774729729    
  -2.08330965     -0.719077229      -1.38844490    
   1.04062498      0.349360108       3.84064056E-02
  -1.18766427      -2.05968332      -1.10465038    
  -2.96845341       1.49691069     -0.312874913    
 -0.943198860      -1.89968571E-02 -0.385937989    
   9.10463408E-02 -0.418699831      0.279838026    
  -5.89329749E-04   2.90006604E-02  -1.69343948E-02
 -0.394138664      0.110597342      0.399946183    
  0.435132146      0.139172569     -0.310207605    
  0.404364586     -0.183653221     -0.500527501    
  0.382219046      0.265070975      0.192297593    
 -0.794586122      -1.15108049       1.14236951    
   6.33774474E-02 -0.131225884      0.174361631    
   8.68215635E-02  -1.73763204E-02   7.42802396E-02
   9.42275226E-02 -0.163382202      0.338122308    
   4.44799364E-02  -2.06066668E-03   3.61103565E-03
  0.272256315       9.09091681E-02  0.170109317    
  -1.74977970      0.429139644      -4.95767668E-02
   3.90437953E-02   5.12799732E-02  -1.19390767E-02
 -0.330135942      -2.17392302      0.204906285    
   2.48627472       1.17891645      0.470162749    
 -0.455930859      0.239237040       1.18415153    
  -1.20983827      -2.17517279E-02   1.07499814    
   8.59989375E-02   5.54557778E-02   4.12553735E-02
   1.07703996       1.88709486      0.560498714    
  -1.30889611E-02  -2.42157634E-02   1.69221908E-02
  0.295283526      0.179168120       2.80170348E-02
  -6.62091896E-02 -0.124109097      0.163055435    
  0.483292639     -0.892387986     -0.657028198    
  0.788676381      -1.37017560      -1.72379506    
   3.53348739E-02  -9.19684768E-03  -6.79749027E-02
  -2.35987139       1.32584763     -0.639996648    
  -1.63598359      0.697888732      -1.23908315E-02
   1.11621559       1.63112068       1.84577572    
  -7.44725838E-02  -4.86404228       1.64079610E-02
  -1.66140914       8.93072113E-02  -1.87502086    
   1.72058511      -1.38167286       1.67653894    
  0.112517178      0.117050946     -0.148262858    
  -6.85676113E-02 -0.123293743       5.97319528E-02
  -5.68359941E-02  0.476782501     -0.141813278    
 -0.261026919     -0.513124526     -0.731856287    
 -0.277979612     -0.652918518       1.03106081    
   4.31611985E-02   2.64471136E-02 -0.384746194    
 -0.327109665      -1.11895263     -0.872087955    
  0.629926503     -0.841287255       1.27267897    
 -0.525855780      -2.29489175E-03  0.176221207    
  -6.05113916E-02   4.38631848E-02 -0.191402107    
   1.11835277      -3.07915735      -1.23965991    
   1.21002424     -0.671311915      -1.65856433    
  -1.04982829     -0.170798838      0.483349800    
  -8.51440951E-02 -0.112497382      0.495806664    
