   1.45164061      0.164761752      -3.78102565    
 -0.114552744       4.98598218E-02   3.40825841E-02
   4.90681548E-03   9.34293866E-02   4.36171181E-02
  -2.73570585       1.05669618      0.254928440    
  -3.48306465      -2.45516944      -1.63836241    
  0.123096049      0.128991261      0.392186254    
  0.169112295      -9.40247327E-02 -0.166822046    
  -6.54498115E-02 -0.383953154      -1.39168274    
  0.168633536      0.575173557      0.192683116    
 -0.542024195      -1.00704610      -1.00016797    
  0.238333434      0.350690305       7.80603811E-02
 -0.676645398      -2.62123998E-02 -0.120352224    
 -0.211311623      -1.03304803      0.315681875    
  -2.31830645       1.30442512      -1.71457767    
   17.5265617       8.36182117      -3.63283205    
   3.71095252      -5.57709360      -1.76442933    
  0.950115383       1.90098619      -1.25302386    
 -0.662838161      0.649111867      0.987676084    
   7.03680944       5.54429674      -2.07925820    
  0.173703402      0.368497133      0.402392834    
  -1.42381549      0.993044853       2.33589196    
   1.61286034E-02  -1.63766217      -1.72727668    
  -2.13514781      0.371066123       3.26011491    
 -0.175924763     -0.128832743      -4.17080224E-02
  0.199836895     -0.160674915      0.187294945    
  -7.29274654       43.1772423      -1.14609694    
  -9.12069511       4.11113596      0.689464688    
  -1.39581323     -0.373349547      0.860651135    
  -4.63088900E-02   2.78731082E-02  -2.02614181E-02
 -0.748169482       4.22742271      0.473843694    
  0.148425415     -0.962500870      -5.25629707E-02
  0.109039724       8.04477632E-02 -0.209113091    
  -8.08774456E-02 -0.495586872      0.352325112    
  0.320327044      0.748758316      -1.11825261E-02
 -0.177333891      -4.03301902E-02   1.26530361    
  0.755707681     -0.605308950      -1.25709367    
 -0.578693271     -0.190097854      0.263481617    
 -0.397053897     -0.291637868      0.111646779    
 -0.225848630     -0.137031540      0.155049652    
 -0.194930553      0.355125934      0.119754449    
 -0.709011734       5.64150251E-02  0.664955735    
   8.01198334E-02 -0.242271021     -0.166851357    
  0.912524760      -8.59414861E-02  0.601647615    
  0.650736809     -0.551162064      0.108849332    
   1.47212422      0.283546120      -3.27003741    
  0.169083998      -5.89747354E-02  -5.27804568E-02
  -1.69608426      0.118256994     -0.638629436    
   6.21252441       1.41373754       1.33356464    
  0.953654289      0.144079119      -7.90467262E-02
  -2.10810197E-03  0.121974736     -0.120034754    
   8.18978250E-02   3.55446599E-02  -6.26763850E-02
 -0.464507192      0.330402792      0.123565935    
   1.02643251     -0.490005791      0.184789330    
   3.62013125     -0.701276600      -6.95903969    
  -9.26367715E-02  0.246362612      0.426690519    
  0.707447112      -3.29663229       6.66242465E-02
 -0.832432926      0.417438775      0.747651517    
 -0.691203833     -0.133933976      0.971113980    
  -2.32260180      -3.28094816      -3.55193758    
 -0.270008832      -1.10215199       1.27782393    
  0.789459229     -0.381761909      -1.07063174    
   3.49754477       2.61406898       1.60443151    
 -0.110493854      -8.74062777E-02 -0.159592479    
 -0.604166806       2.81296682      -5.32811546    
  -1.23875320      -1.23182702      -1.30674815    
 -0.114392936     -0.120676026     -0.167820185    
  0.306287438      0.285008967       6.66733459E-02
  0.478804767       6.25095367E-02 -0.778411269    
 -0.315478206      0.117229521      0.263194859    
 -0.185554087      -1.29225087      -1.65081608    
  0.736099422     -0.322131574      0.740320206    
   3.30286622       1.94860387      0.564951599    
   5.78571446E-02  0.102652535      -1.04444586E-02
 -0.105047531     -0.121614590       6.59245923E-02
  -4.03373316E-02  -1.36258155E-02  -4.72303480E-02
 -0.586406589      0.268487722     -0.571922004    
  0.421986699     -0.781319380      -3.32110450E-02
   1.28709483      0.168841124     -0.792215943    
 -0.247790292     -0.300344855      0.116812743    
  -3.28087658E-02  -3.63381356E-02 -0.129856408    
 -0.302996933       2.09051650E-04   2.12629922E-02
 -0.141677454      0.250714719      -4.68283705E-02
  -1.79514866E-02   2.07678750E-02 -0.113113709    
  -4.55449390      0.325591743       2.17828631    
 -0.153929651     -0.402431935      0.346807837    
  0.567526519     -0.894047439     -0.664765596    
 -0.209223583       6.66511729E-02   2.62536108E-02
   3.91700603E-02  0.113937140       5.65728731E-02
  0.142739624      0.156732693       7.56890476E-02
  0.122055091       3.43064964E-02  0.479028165    
   4.84509533E-03  -1.23856199       1.99727166    
  -4.68224430      -2.51794028      0.497187674    
 -0.150411561      -2.70844474E-02 -0.127572268    
   4.27407074       5.61970377      0.639044821    
  0.398794621       7.87995160E-02 -0.314034849    
 -0.319554061     -0.705604255      -2.75258684    
 -0.986137629     -0.156155661       6.78072125E-02
 -0.128212750      -1.12245703     -0.795635283    
  0.850889087      -1.20135260      0.143682957    
 -0.732854128      -4.19148445     -0.342711538    
   7.98945650E-02 -0.125282809      -8.16921592E-02
   2.72912312      -1.85656583      -2.29464698    
  0.319816560      0.126933888     -0.406603098    
  0.749569356       1.68284893       5.55957556E-02
  -5.89769110E-02   7.05083832E-02   2.16269977E-02
   6.43777326E-02 -0.103989683      -8.48574191E-02
  -4.39764038E-02  -2.29232367E-02   9.87757519E-02
  0.502828062      -6.55448198      -1.01911509    
  -3.49005914       3.24411988      0.549418449    
  -6.78975210E-02  0.867933214      0.781447470    
   1.69861603     -0.450014383       1.59387314    
  -2.56658029E-02  0.346707821      -7.28521273E-02
  -1.99918412E-02   5.23899868E-03 -0.186501622    
  -2.89289546      -1.15725660      -2.27240777    
 -0.385592043     -0.233535111     -0.550776184    
 -0.176433876      -1.42142808      0.246090919    
   10.7669563      -4.50584841      -1.91620493    
  0.258754224      -2.62907278E-02 -0.127479330    
   2.39376116      0.530532598      -7.81995505E-02
  -4.12284806E-02  0.132964015     -0.238274753    
   6.09288923E-02   5.95616698E-02 -0.200812176    
  -1.31207332E-02  -5.96269630E-02   9.15200934E-02
  -1.19462895      -2.33442640     -0.323027372    
  0.889494419      -2.82285380       1.72490358    
  0.106047608      -9.15916339E-02  0.115587853    
  0.338527322       1.33046722     -0.904810667    
  -1.00904047      -2.11239815      -1.44191504    
  -1.07688439      0.740696669       1.23501086    
 -0.217434868      0.437732697      0.251333952    
 -0.219295710       7.72179710E-03   1.42256916    
  0.908598483     -0.115453616     -0.601074517    
  0.601992548     -0.935091138     -0.573613346    
  0.595320463      -2.98298392E-02  -2.23150897    
  0.960963488      0.616730094     -0.789049506    
  -6.44687116E-02   3.16674635E-02   3.95161007E-03
 -0.327809215      0.142860740      0.337720692    
   6.83716238E-02 -0.131731570      -2.85769403E-02
  -1.13048506     -0.573597729      0.722565114    
  0.472182691      0.731580615      -2.32976582E-02
  -8.69435221E-02  0.323855549     -0.458715498    
  0.194057062     -0.170139819      -3.44350863    
  -2.17633152       1.70047283     -0.880305648    
 -0.787337899       1.82123065       2.54128432    
  0.395285159      0.323386759     -0.420566022    
 -0.948017895     -0.939354181       7.79314563E-02
   3.59153509     -0.888878405      -2.10142827    
 -0.111665137       8.88718218E-02 -0.417739511    
 -0.332629979      0.822519302      0.946015537    
  -4.26149845      -3.08639884     -0.679911137    
 -0.738416731      0.936372519      -1.88831341    
  0.104942031     -0.137718320       2.43695378E-02
 -0.242402539      -2.98727536      -4.47444820    
  0.610408545      0.150957838      -4.63760309E-02
  0.802914441      -1.20180845      -1.38983417    
  0.925363779     -0.184719056     -0.883871615    
  0.171172440      -5.17255366E-02 -0.311005771    
  -2.21764296E-02  0.642715931     -0.280100286    
 -0.222772837     -0.117898673      -2.12845188E-02
   2.16154075      0.795664847      -2.34194326    
 -0.242801249     -0.223493829      0.737102747    
  0.220033675      -5.35270832E-02 -0.198687524    
 -0.104288183      0.122787744       9.94770601E-02
 -0.398362577     -0.403419018       1.60086632E-03
   9.33303908E-02  -9.96118784E-02  0.141955256    
  0.209002182       1.40571725      -1.38745916    
 -0.106108792     -0.339048505     -0.506480694    
  -2.67729182E-02  -2.79193558E-02   2.22483948E-02
 -0.285580337     -0.104228467      -4.81672548E-02
  -2.24979377     -0.433410227      -1.70616210    
   1.04077017     -0.286835462      -1.06834948    
  0.110481277       3.54555026E-02  -2.01657867    
  0.385942221     -0.291992694      0.471079201    
 -0.891308725      0.438890636       2.61065960    
  -2.22544646      -3.59826541       3.26520705    
  -1.07750010      -1.06138146      -1.22673237    
  0.796069920      0.126394957     -0.517085850    
   6.88738078E-02  -7.25599527E-02   1.39663815E-02
  0.525763273     -0.993910730      0.975257277    
  -1.64502549       1.15601218       1.64581919    
   5.65863997E-02  0.391796887      -7.30390474E-02
   8.11537914E-03   2.29030643E-02   3.47304568E-02
 -0.353559613      -8.92301500E-02  -4.69860956E-02
  0.478347033      0.367319643     -0.202409938    
  0.216777548      -5.47146201E-02  0.530807257    
 -0.973059416       4.57212627E-02  0.922263265    
   1.05907869      0.149203420     -0.614658892    
  -9.81135082       11.5215311       17.1399021    
  0.487540156      -1.79799128       2.82308626    
  -2.65294290       1.22721398     -0.969077647    
  0.127447382      -1.60058129       2.69251943    
 -0.183960453      0.178732991     -0.179869995    
   1.02418685      0.961028159     -0.764282942    
  0.345240355      0.139330000      -9.90055725E-02
   1.56958890       1.13705170      -1.18405426    
  0.311443955      0.531553209      0.571621716    
  0.185463935      0.444104880      0.591683090    
  -1.29709542       1.12030661       1.01359034    
 -0.298798740     -0.311750740     -0.154593438    
  0.651561141     -0.181296840      0.403349638    
  -16.9447803      -5.55504523E-02   4.31872797    
   1.13981307     -0.943215609      0.224990487    
   2.91307092      0.727361739     -0.576283813    
  -2.07506120E-03  -1.40595334E-02  -6.16402030E-02
  -4.02298272E-02   1.01564750E-02  0.387219429    
   6.21435791E-02 -0.150051445      0.166312218    
  -2.05929375      -3.22948074       1.47017610    
   2.42803741     -0.434459358       1.10910547    
  0.726753294     -0.248798773       2.65596437    
  0.116474308      0.176459938     -0.146832690    
  0.683190942     -0.771933973       1.70828664    
 -0.111247659      -7.32827857E-02   2.24043839E-02
 -0.205611035      -2.04764679E-02   2.08388586E-02
  0.914922893      0.317514002      -2.45634174    
 -0.195387349     -0.140845045     -0.114532813    
  -3.76749468      -2.01679921      -1.43066621    
 -0.214507639       1.42993379     -0.368881136    
 -0.511793673       2.77658343     -0.691526771    
  -2.62459660     -0.226801485       2.26205921    
   3.55421901      -2.47335482       1.20125425    
   7.48856440E-02  -9.85560194E-02   2.13850196E-02
  -1.05613377E-02  0.198469207     -0.258419067    
  -4.04966736      -2.08255243     -0.565215886    
 -0.797955513     -0.177152708      0.480586320    
  0.395254850      0.422743797       1.01571631    
   8.60535428E-02  0.332424045     -0.113894925    
  0.757516921      -4.30218458       1.75409091    
  0.347582668      -5.15574925E-02 -0.120294787    
  0.701516211      0.104805350     -0.197445318    
  0.897726595       2.57099581       2.20867133    
  0.548975766       9.83718112E-02 -0.198771894    
  -2.19758463       2.48128748     -0.736843824    
   6.09937236E-02   9.69863385E-02 -0.134172052    
 -0.108510777      -2.71388311E-02  -7.24780858E-02
  0.276676416       6.76141158E-02 -0.434336662    
  0.910067916     -0.880414546     -0.183575854    
  -1.39893472     -0.342305094     -0.335616738    
  0.270552844      -1.53311118E-02 -0.138703451    
 -0.173530504     -0.162057295      0.119420029    
   3.46573479E-02   9.89010632E-02 -0.575524151    
  0.554264605      0.276160836     -0.632162094    
  0.450962394      -1.28761303       9.34021026E-02
 -0.193225399      0.308276772      0.234526142    
 -0.376168936      0.475245863     -0.332049251    
  0.109935239      0.371954203     -0.483901411    
  -2.71748542E-03  0.880882204     -0.606556833    
 -0.325511098     -0.227081060     -0.254281014    
  -3.74319959      -4.25187722E-02  0.531226456    
 -0.131724969     -0.173909768      -4.73383851E-02
  0.159233391      0.404330999      0.528686106    
   1.85795045      -9.90465805E-02  -1.14092016    
  0.531935453      -1.49540198      0.371414959    
  -7.62018785E-02  0.180228531      -1.72003321E-02
 -0.665294647      -1.86556840      0.900145590    
   1.23888588      0.517780542      -1.47641337    
  0.218345255      -4.29897979E-02  0.137645021    
   2.33806467     -0.188923851       2.69505310    
 -0.121154532       1.04703475E-02   1.41146444E-02
  -5.10764271E-02   6.04043677E-02  -4.24795002E-02
  0.210590169      0.153499648     -0.326564699    
   2.79381776     -0.410230786       5.87883997    
  -2.38936782       6.18658029E-02 -0.522605002    
  0.213515908      0.234961674     -0.114690393    
 -0.236312479      -1.59880793      -1.23735082    
 -0.219598234     -0.287564903      0.573547781    
 -0.179045171      0.304740667       1.66173398    
   2.46415806      0.406534404      -2.33390188    
  -13.5662470       6.44426870       1.58200157    
  -2.12155953E-02   6.25695661E-02  0.117206588    
 -0.358743131      0.327851057     -0.383222520    
  0.261070311      0.355993539      0.450328171    
  0.453801900      0.122875921     -0.115665048    
 -0.373207271       3.67855057E-02  0.402624488    
  -3.45721292       4.51298141     -0.337669760    
   2.32385492     -0.818140566      -2.44056535    
  0.222957402     -0.108575650      0.140808761    
   3.68735933       3.15723252      -2.22628903    
   7.00808001      -14.6350994      -19.6052971    
 -0.144901365     -0.201608002       1.17781878    
   1.18327403       2.06276894     -0.682720840    
   4.62489687E-02   1.93803031E-02   5.09150699E-02
  -1.20243299      -2.57219648      -1.11689615    
   3.68427420       2.29798985       2.02614713    
  0.250248730      0.354581952      0.875261664    
  -2.78372645     -0.660167158       1.76578307    
  0.532893717      -3.90254164      0.879074514    
  0.284463644      0.296886027     -0.340444297    
   6.72228485E-02  0.117591649     -0.108630911    
 -0.134245276     -0.505402088      0.784671605    
  0.771802425      -1.26116383      0.611838639    
  -1.56790936       1.38334537       2.59187007    
   2.64371252       2.91923428      -2.53192210    
  0.463864118      0.126862153     -0.209882706    
  -4.56905328E-02 -0.444241911       6.49134889E-02
   3.62841558       1.29290891       2.21322012    
 -0.244748041     -0.269558191       1.69887912    
   2.18239307     -0.932386935       1.70667350    
 -0.267559856       4.11770493E-02   4.66106981E-02
  -8.95499438E-02 -0.170350909      0.207800403    
 -0.120549127       8.40807259E-02   2.82862298E-02
  -1.14691723E-03  0.123314381      -9.64090824E-02
  0.155455917       1.11166257E-02  -4.52503823E-02
  -3.33362365       1.22430134     -0.433360279    
   3.43741216E-02  0.165513456     -0.925479829    
 -0.163212448       7.36606121E-02 -0.253082752    
   4.14710818E-03   8.51493478E-02 -0.211222231    
 -0.669027865      0.362308294     -0.236943364    
   5.41380346E-02   2.07602885E-03   6.42277673E-03
   8.22763443E-02  -4.95398268E-02  -2.50271149E-02
  0.278656155      -9.45854932E-03  0.327549756    
   2.47931220E-02  0.126611933      0.223253906    
 -0.103554636       4.67682555E-02  -9.84987710E-04
  -1.07204877E-02   4.40035872E-02 -0.693267524    
   1.88190520      -1.08077502     -0.494927198    
   1.58144832E-02  0.384701580       1.11430228    
  -4.19118404      -1.03942907       2.96078539    
   1.49084270      -2.96264982       2.38625121    
  -3.70921418E-02  0.932529926     -0.102446482    
  0.271625757     -0.109545074     -0.257455677    
 -0.326872200      -4.20824289       3.81052303    
 -0.216874614       1.95658851     -0.771067262    
  -1.21312821      -2.37555113E-02  0.736741483    
  -8.00780678      -6.52533150      -1.60123360    
  0.384829819     -0.365063399     -0.567955792    
  -2.24800491      0.422523499       1.92347705    
   1.54499054       2.55727482       1.18820548    
  0.107967578      0.259367496     -0.217468917    
 -0.188967451      -9.37559605E-02  0.183261827    
  0.417698562      0.545217752      0.403296202    
  -8.35306495E-02  0.230286554       7.71897435E-02
 -0.252280265     -0.794667184      0.480416477    
   1.77012011E-02  -3.13714370E-02  -2.01695301E-02
  0.673444808      -9.26346034E-02  -2.44317185E-02
  0.540701985      0.839273572       1.36196220    
  0.944599092       1.38879180      -1.30812061    
  0.119260997      0.123981431      -9.39875469E-03
 -0.119633302      -8.54995847E-03  -2.46783420E-02
  -4.54057194E-02   3.85799706E-02  -1.08467285E-02
 -0.507913589     -0.109028623      0.532589078    
  0.112358630     -0.316503882      0.284475058    
 -0.140754506      0.316787362       8.82838443E-02
  -1.63246739       2.22460794       4.21649885    
 -0.912675381     -0.479158491     -0.494036824    
 -0.638143420       3.02198863       4.25899553    
  -9.42315236E-02 -0.181527808      0.243766814    
  0.567887425     -0.216755167     -0.853648543    
   3.26641351E-02   2.79458333E-02  -5.06871268E-02
  -3.35524273      -1.93208671     -0.941799402    
  0.759958148      -2.59535861       1.64220870    
   4.77503352E-02 -0.274147600      0.105536900    
   5.88857643E-02  -1.26570594E-02  -3.16086188E-02
   4.79281470E-02   3.31583992E-02   1.14480201E-02
 -0.425344020      -2.02900267       5.24383450    
 -0.762129843       2.58367117E-02   1.12420487    
 -0.686495543      -2.57471036E-02   1.11985552    
 -0.430596709      -4.50805283       2.47725105    
   5.43299131E-02  0.179248840     -0.126829594    
 -0.256686777      -4.32716236E-02   7.84081891E-02
 -0.364875704      -2.59751417E-02  0.652075648    
  -1.50371838       4.51685190E-02   1.29683852    
 -0.367182493      0.554479659      -7.73239583E-02
  -2.47229719      -1.06785917     -0.249624863    
  0.848574221     -0.140261218     -0.437152803    
 -0.110690430       2.88449861E-02  0.192402124    
  -3.88636613      0.605799854      -2.21655703    
  -1.38893449      0.548354805       1.94559169    
 -0.229353681      0.505851746      0.498699278    
   5.92452660E-03  0.178598300      0.328804284    
 -0.676067889      -6.30485713E-02  0.737631142    
 -0.293994546     -0.124464490     -0.171980739    
   2.47351050      0.389870495       1.27663184E-02
   1.95598292       1.60448742       4.21289778    
   2.98734832      0.682664394       1.57399857    
  -5.21462820E-02  0.335886836      -9.15703475E-02
  -1.19823456      -8.94146133E-03 -0.153733000    
  -2.16127539     -0.333581030     -0.276607156    
  -2.02776933     -0.673258126      -3.60409832    
 -0.343083709      -1.93668413     -0.426702380    
  0.279845148      -4.78689969E-02  0.510589898    
   3.41899467       8.27879459E-02  -3.82959962    
  -1.23279691     -0.541201651      -3.22085261    
 -0.197960913      -6.93601817E-02 -0.201600537    
  -3.57196879      -1.41322734E-02   1.83876121    
   2.59802584E-02  -1.28734931E-02  0.101843089    
  -2.20862460      0.514608085       2.74489474    
  0.313979596     -0.245352268     -0.124895267    
  -8.74317884E-02  -2.65178382E-02   8.37551504E-02
  0.110105447       4.06871848E-02   8.13768357E-02
   3.64400530       4.95750093       1.27805984    
   8.63664895E-02  -3.81391346E-02  0.138592467    
 -0.227700591     -0.386350662       1.04530096    
   6.21201657E-02  -9.62565318E-02  0.108194426    
   1.43316779E-02  0.180725887     -0.128438294    
   1.82785416       1.23397160      0.207471728    
  0.757491231      -1.27333164       2.75263309    
  0.151893660       9.10596177E-02 -0.371865988    
  -5.76397628E-02 -0.135609433     -0.363713056    
   6.85427561E-02   1.45640516      0.728769481    
 -0.132623702     -0.273955256     -0.175473437    
   1.73139632      0.150750190     -0.243876621    
  -1.46759117      0.216397449      0.157155141    
  0.342372596     -0.163983643      0.142835394    
  0.244118288     -0.192253277     -0.163706228    
   3.99101567     -0.608456492      -1.59212399    
  0.805323958      0.756676972      0.672087252    
  -5.85457943E-02  -9.07137096E-02  -4.34110239E-02
  0.111579329       8.66736472E-02 -0.357442975    
 -0.430435419     -0.449566424       1.52455473    
   7.57212099E-03   1.28321481      -1.10148752    
   1.44628000     -0.617940128       2.44111419    
 -0.405498803      -1.22565138       4.28013086    
  0.114999160       6.18401505E-02  0.104392022    
  -1.05967975      -2.38693133E-02 -0.239061311    
  0.122136526      -5.67105897E-02   2.99700126E-02
   9.06262845E-02 -0.107033044      -6.97462186E-02
   7.16663748E-02  -8.70386064E-02  0.185688391    
   1.32514369      -1.91430080     -0.132046163    
  -1.65552258      0.529664457       2.28455043    
 -0.123129822      -1.51980233      -1.50223243    
 -0.645721376     -0.355017066      0.644734085    
  -3.14182520      -1.56292021      -2.24443364    
 -0.128445327      -5.38986549E-02 -0.290264130    
  0.850719452       1.88029528       1.02693462    
  -9.13173556E-02   6.67712791E-03  0.184895888    
 -0.631303787      -1.61873078       2.19462776    
  0.658207715     -0.312691540      0.436052531    
  0.109178603      -4.42946795E-03   3.37927863E-02
  0.462238938       1.29339421      0.145464495    
  -1.85552788     -0.344366819      0.206503868    
 -0.270451635      -2.17786908      -1.61733055    
  0.210823089       1.53052546E-02  0.511802137    
  0.746328950      -1.20305479     -0.405087888    
  0.608090758      0.465465367      -1.30527675    
  0.333353728      0.138104796       7.15531185E-02
 -0.429995865      0.146844581      0.127535403    
   4.61566305       3.70192909       1.05558169    
 -0.217220008     -0.113570370      -8.67922232E-02
 -0.962443769      0.566208005     -0.256396085    
 -0.195729062       2.82326937E-02  0.367339909    
  0.142417938      0.915013254     -0.606638253    
   1.89287734     -0.258288920      -1.41561830    
  -2.25362563       2.57665813E-02  0.112053625    
   2.43178391      0.347317517      -2.10029411    
  -5.73538840E-02   2.92785503E-02   4.69381660E-02
 -0.510563254     -0.860803962      0.707205474    
 -0.660049736      0.772082627      -3.18389750    
  -4.10883045       4.88689423      -1.58414304    
   1.35376692      0.201242819      -1.22251630    
  0.223911554     -0.832164824      0.627917349    
  -4.34737615E-02   1.84583378      0.561018705    
 -0.510644734       3.63659883      -1.16038954    
 -0.531331241       1.07561648     -0.838547647    
 -0.155097380      0.117123023     -0.175120205    
 -0.105136044       9.26267952E-02   2.15541981E-02
  0.467888534      0.250741422     -0.166252404    
  0.584394038       1.37334073      -2.42317295    
  -1.30150330       2.17125940      -2.17688322    
   2.34919116E-02  -1.64863467E-02  -1.93454977E-02
 -0.821446598      0.920456171      -2.27022648    
   1.09041846      -1.09654176       9.14008468E-02
   3.06633972E-02 -0.126440898      0.132705227    
  0.575169802      0.196287006       5.33369817E-02
  0.127249420      0.496933937      -5.08813953    
 -0.101499766     -0.297240913      -5.66307418E-02
  -5.02192402      -4.05874872      -4.90213966    
  -2.94471002      -1.08654332     -0.324185342    
  -1.56117356      0.803947687      -4.70955801    
 -0.325233340      0.213276088      0.607712328    
  -6.24035406      -2.25567436      -1.38727927    
  -4.10828686      -1.86826253      0.723135233    
   8.45769942E-02   6.10601380E-02 -0.289054334    
  0.542289376      0.547363222     -0.101044379    
   6.06995896E-02  0.116702214      0.172950447    
 -0.375097632       3.71495628       3.82380676    
  0.897412658      -1.43368852      -1.23548722    
 -0.206107110       2.62371492       3.34946251    
   5.52504770E-02  0.318941891     -0.236991271    
  0.401209772      0.116404548     -0.223185048    
 -0.346402913      -7.26299584E-02  -8.33241045E-02
  0.218413427       3.79868411E-02 -0.154534489    
  -5.50726032       7.04923582     -0.692330897    
  0.121826380       3.61468047E-02   7.76541829E-02
  -3.05366063     -0.334336340       1.35601997    
  0.649302006      -2.57369256     -0.973283887    
  -1.22516174E-02  -1.59674212E-02  -2.71081477E-02
 -0.932545364       2.10512853      -3.14291501    
 -0.749915004      -1.14219117       3.39897871    
   8.95043537E-02   9.72524062E-02  0.120989084    
  0.854103267      -1.29042625       1.36275244    
  0.368024707      -8.32600072E-02  0.248076648    
   6.36608340E-03  -2.74650502      -1.39910936    
  -2.38397336     -0.256498367      0.245497763    
  0.264432073      -8.48864838E-02   1.46104121    
 -0.598220408      0.207613617     -0.351932764    
   3.85232306      -1.18218172       1.73255205    
 -0.338369429     -0.108801045      0.247353822    
   4.21006727      -3.03273582       1.15622067    
   1.31093049      0.789867759     -0.360102504    
  -9.12147090E-02   8.89432877E-02  -2.86601596E-02
  0.897082806       1.33041942      0.140413910    
 -0.119493231       2.70306636E-02   5.40938973E-02
  -1.46763742     -0.269555181      -5.35804220E-02
 -0.217829764      0.410806149     -0.220058411    
  0.368479937      0.121614613      0.515917540    
  0.545399070     -0.352033347     -0.850121081    
   2.41037083       3.23103666      0.593963861    
 -0.195758402       7.04953223E-02  -6.40162751E-02
  0.834044933      0.588529050     -0.892226994    
  -1.43124945E-02  -7.18608052E-02 -0.386280924    
   1.25080454      0.270718366      0.240594223    
 -0.196739942       2.05880976       2.25400901    
   1.85290277     -0.427673638      -2.02287269    
   2.31054202E-02  0.942034602      0.344465822    
  -2.06524786E-03  -4.91382293E-02  -2.00440250E-02
   3.67768630E-02 -0.238519385      -9.80959535E-02
  0.310505778       6.21821992E-02  -1.09825277    
  -1.71960843      0.425921977     -0.214027181    
  0.488456488      0.152003333     -0.476503909    
 -0.310373813      0.378215998     -0.252582014    
 -0.510133266      0.843252718       1.81847513    
  0.141726851      -2.30427170       2.21140194    
   1.24729407       1.58549440      -1.55230618    
  0.289074212     -0.246253818      0.422968984    
  0.920835674       1.12464476      0.658996642    
 -0.560909212     -0.774983168     -0.508628190    
  0.820104480     -0.301773459      -2.66128254    
   2.84522510       1.84716368      -3.53004909    
   1.13552964      -3.28146696      -2.00939798    
   4.84161638E-03 -0.163956940      0.207596421    
  0.639166057      -2.86088562      -1.87181747    
  0.873617411     -0.824496448      0.437806547    
 -0.835841596      -1.28881299      -2.93862367    
  0.473831832      -9.27754045E-02   4.31014858E-02
  0.335485876      0.135510251     -0.210422397    
   3.34309077       1.34792113       1.15781689    
  -1.67561150       1.10565150       3.04071355    
  0.550807774      -2.41132712       1.52282441    
  0.108498044       1.13875913E-02 -0.120002694    
 -0.103589803      0.103346273      -5.09999171E-02
  -2.87223744      -1.03321779      -9.63166915E-03
  -1.13577938      -5.47957383E-02  -4.81285416E-02
 -0.206957281      0.298744321      -5.70079610E-02
   6.33557513E-02  -1.96842504      0.539843738    
  0.445508063      0.564859331      -2.08667231    
 -0.579543233     -0.205165118      -3.77125479E-02
  -4.61899567      -4.68471050      0.537802100    
 -0.437367797      -1.42145216      0.700450182    
 -0.516069591      -1.66915858       2.49231958    
  0.712312162      0.395143390     -0.181556806    
   2.99115051E-02   7.27349520E-02  -7.61450529E-02
  0.872606099      -4.34925258E-02 -0.211621985    
  -8.47895667E-02   8.33521858E-02 -0.192081213    
  -2.13795640E-02  -5.02600446E-02 -0.230721265    
  -3.16819455E-03 -0.205910429     -0.525733709    
   6.75547314      -47.8749847      -2.25572062    
  -3.96477103       3.44154763      -1.30384457    
  -1.02818406      0.474127054       1.56274176    
 -0.730986953       5.82829094       10.1721830    
  0.259157985      0.241502419      0.169922307    
  0.484661490      0.531889617       7.38697127E-02
  -2.60580826       2.10336304      0.133881956    
  -3.19742635E-02  0.147255778      -1.15346303E-02
  0.342250377      0.527150631       2.57366133    
  0.559162438       1.00334799      -2.50009513    
  -1.19435322     -0.224581450      -2.15981603E-02
 -0.937877774     -0.679414213      0.818581164    
   5.89395612E-02  0.365032941       7.15658069E-02
   2.41420889      0.677369654      0.595480204    
 -0.599897325     -0.858061492      0.806757212    
   3.73888202E-02   5.14113344E-02   3.66167463E-02
   1.09036922       1.63187265      0.644280672    
 -0.313589334       1.16812086      0.573548198    
  -7.69270360E-02  0.800162792      -8.43778700E-02
  0.865351677     -0.929643393       1.92606556    
 -0.188086137       9.08966139E-02   7.45338649E-02
   1.44216180      0.873546958      0.396873146    
  -16.8562355      -4.89166546       2.64510250    
  0.202163473      -1.75873358E-02  0.322234660    
  0.155065432       3.16954590E-02  -6.89577609E-02
   2.71937680      -6.12190217E-02   2.93398070    
  0.128791675      0.552383244       9.01428759E-02
 -0.636032581      -2.28507710      -1.74145949    
 -0.221470714       1.97385740     -0.795158923    
 -0.444952309      0.568038702      -1.70468080    
  0.131503791      -1.62894023E-03   8.05997625E-02
   4.30524349      -11.6464834      -1.27086079    
  -4.36241105E-02   8.46848078E-03  -1.01183662E-02
 -0.616822362       5.50797558       4.02473116    
   1.19251180       1.46891928      -2.38272691    
 -0.378844827       3.13174278E-02 -0.162855119    
   1.21110582      0.314076841     -0.975256860    
   5.44315290      -1.52857208      -4.74051380    
 -0.190613851       3.58119383E-02   9.70102660E-03
  -2.44020557      0.526998639      0.376774102    
  0.486537933       1.06490159      0.367703795    
  0.245892808      -2.86055263E-02  -6.24984764E-02
  0.396753699      -6.33541793E-02 -0.297168523    
   1.19962245E-02   4.11803368E-04   6.55637681E-03
   5.80174160      -2.77689266      0.147249028    
  -6.19104281E-02  -2.10636668E-02   1.55271748E-02
   6.96453750E-02  -8.22077766E-02   1.47332754E-02
  -1.59790528      0.828839839       2.14702702    
  -4.52588701      -1.66975522       1.80841219    
 -0.993519247      0.680300593      -1.04701805    
   5.97905479E-02  0.265905648     -0.198809624    
  -2.25440953E-02   1.59924775E-02 -0.245069861    
  -7.52511695E-02  -4.19068262E-02   7.95421004E-02
  0.174440175      -1.22722704E-04 -0.147345960    
  0.484212577      0.161746785     -0.464512765    
   4.97885235E-02  0.493156403      0.618404150    
  -2.42968726      -3.55443135E-02   3.20498872    
  -3.08237028      0.287316710       1.65622389    
 -0.292496413     -0.961022079      0.358247250    
   1.41814733     -0.738341391      -6.10732548E-02
  -8.47834498E-02  -5.08408174E-02   7.93506876E-02
  -3.80958676       3.75350881       1.64315534    
  -7.62813464E-02 -0.194488510     -0.116282746    
  0.125472397      0.577276170     -0.713037670    
 -0.189929858      0.157876343       5.60079999E-02
 -0.225760102       5.82770817E-02  -9.26669762E-02
  -3.72330565E-03   2.69125458E-02  -7.40622580E-02
   3.41219568       1.44013321      0.998904169    
 -0.292469949      -7.66006634E-02   1.39827573    
  0.228395343      -2.32666063      0.629830778    
   2.32255816     -0.842391193      -2.10763979    
   4.94896956E-02   4.91737574E-02   1.96441077E-02
  -2.07341981      0.628775239     -0.370899916    
  0.239332855      -1.66674498E-02   1.55698717    
  -2.48070621       2.82569599      -1.99998367    
  -3.29735851      0.739518940      -1.00933003    
  0.287251651      0.951515138      -6.34064341    
   1.06352901      -2.82895207       1.74936295    
 -0.419754952      0.427833498     -0.176707089    
  0.126630649     -0.200859904      -4.89709489E-02
   2.55730189E-02   1.66994965       7.14069605E-02
  -1.29990625      0.182675079     -0.366767675    
  0.101425692       1.29808439E-03  -1.54017955E-02
   2.00637865      -2.73833656       3.82859015    
 -0.274716496       2.32988484E-02 -0.167499617    
  0.169675052     -0.283127308     -0.226111978    
   7.28440806E-02   8.88563991E-02 -0.179450005    
  -4.95486116      -1.45875084      0.327175468    
  -3.50702858      0.392407566      0.154967591    
  -1.07264876      -1.69287133      -2.06223297    
   1.57789838     -0.171815217      0.932036936    
  -4.39942330E-02   3.17284353E-02 -0.125520751    
  -9.24502760E-02  -6.94254562E-02  0.138751119    
 -0.175947756       4.16576155E-02  0.220059961    
   6.34058714E-02   3.83638814E-02  -2.08495613E-02
 -0.109297782       3.70769334      -6.17339134    
  -2.65867043      0.412017405     -0.512687564    
   2.43904281      -3.97062230       2.32702041    
   8.42880458E-02   1.70322843E-02 -0.174706206    
  -5.17207235E-02  -1.05124880E-02  -4.31664661E-02
   7.13884979E-02   4.39658090E-02   4.86556664E-02
 -0.552463591      0.275446445     -0.537150860    
   7.83995315E-02   1.23572576      0.363776982    
  0.884469569       2.05611682      0.860111117    
  0.268871963     -0.154049203     -0.116020456    
  0.592279851     -0.376841158       1.11249292    
 -0.346375048      0.369869918     -0.801399350    
  -1.09976968E-02   7.48133101E-03 -0.232479379    
  0.247487888      0.880079985      -3.73874807    
  0.932685375      0.511541069      0.807376087    
 -0.374439359     -0.597290933      -2.24439430    
 -0.250964433      0.166885048      0.539797366    
   1.68735635      0.481045216       5.91118224E-02
   1.35306108     -0.109242722      0.633502960    
   1.28067470     -0.970578074     -0.912826061    
 -0.368637025      -1.93901432       1.49967527    
   8.25611204E-02 -0.175530076       5.04854992E-02
  0.462365240     -0.125338763      0.519677043    
   4.23312283       2.44967175     -0.247385934    
  -4.81037833E-02   5.15892431E-02  -2.78298389E-02
  0.196926981     -0.191577688      -9.86598283E-02
  -3.31890440     -0.182582423      -2.28345776    
 -0.496662080      0.117668718     -0.599293411    
 -0.406583518      -2.03688025       1.75224566    
  -9.98963416E-02   9.91228670E-02   2.98311207E-02
  -4.46516089E-02  0.174678400      0.122001633    
  0.103658929      -6.68854490E-02 -0.128441051    
 -0.958113611      0.614327490       1.16644084    
  -9.38678160E-03  0.180236876      -5.98187931E-02
   4.97700423E-02  0.225485981     -0.444179833    
  -1.08443308       1.20314801      -3.51335965E-02
   5.86971268E-03  0.282525569      0.326504260    
  0.204202816       1.28427780     -0.378279567    
  -5.26891742E-03   1.85970701E-02  -4.60008532E-02
 -0.165401593      0.390572876      0.327764720    
   2.51393802E-02  -6.33451529E-03  -1.77018438E-02
 -0.818950415      -2.36832839E-03  0.939895093    
 -0.134506643       4.50708903E-02 -0.235802174    
  -4.56983185     -0.276983589     -0.701774478    
  0.886947036       1.32735336      -1.02075553    
   1.63737512     -0.640120685      -2.43943143    
  -2.46854210      -2.26666188       2.78860051E-02
  -9.56923962      -1.10764694       7.57422161    
 -0.197917119      -2.38181297E-02  0.171720788    
 -0.192867264     -0.473732322      0.482851565    
  0.367852747      0.156035513     -0.121640094    
  0.370506257      0.180192515     -0.679889858    
   1.23270452      -1.36420810     -0.538832545    
   8.72621983E-02  -4.91911285E-02 -0.383607119    
   2.60055196E-02   1.69078493       2.06508231    
   1.04601228       1.80847788       1.01718020    
   9.71502438E-02 -0.220736638      -4.18847501E-02
   5.86365759E-02  -1.84495486E-02 -0.529226243    
  -4.37378216       1.43330932      -2.10556364    
  0.363430977       2.68602259E-02   6.85664490E-02
 -0.180285871      0.206234440      -4.09832634E-02
 -0.914254427      0.136987999     -0.372733921    
 -0.266946852     -0.548021317      0.947281063    
 -0.728812873     -0.349653393      -1.33213449    
 -0.152810425     -0.847615600     -0.613057137    
   2.68054271     -0.119234659       3.32820892    
   6.84561627E-03  0.165103644      -9.30368826E-02
 -0.112971231      0.133401796      -2.77938824E-02
   6.85843155E-02   1.14509463E-02  -8.79367590E-02
  -3.69536638       2.09959857E-02  -2.56743717    
  0.213902116      0.278940558     -0.709625185    
   3.78124714E-02  0.129000515       6.67189062E-02
 -0.366603255      -3.07459757E-02  0.580609083    
 -0.674417138      0.158230320     -0.379880488    
   3.39789987E-02  0.616415918      0.176165298    
  -3.01744175      0.930342674     -0.612608314    
 -0.235089108      0.107763812     -0.925743997    
  -2.04726386       4.99115658       6.70895672    
  0.542216122      0.156726673     -0.327113777    
  -6.23085499E-02   2.28114817E-02 -0.217197612    
   1.20189035      -1.43482971      0.687643170    
  -2.82110758E-02  0.535004497      -2.13471103    
  0.853319585      -1.71597302      -1.36047876    
  0.258084148      0.583405554      0.413943291    
   2.01599741      -2.75835943       3.27031755    
  0.166532725      0.307553500     -0.358639032    
  0.454153448       1.20397210       3.43327498    
 -0.860197484     -0.975767851       1.43470120    
 -0.182323232     -0.109851465      0.793684602    
   1.56529045       1.78121042      0.803262889    
 -0.133294880     -0.113444850     -0.154882073    
   2.68293142       1.61833251       4.51798391    
  0.390586019      0.127645105      -7.68688619E-02
 -0.338020653       8.35723579E-02  0.409506917    
 -0.199306920     -0.267224520     -0.227120474    
   4.60546836E-03  0.255943626      -8.79571214E-02
  -7.87077993E-02  0.127753049      0.116671801    
  0.169205949      -1.47510862      -2.49998830E-02
  -2.27070498     -0.595364630     -0.238582894    
  0.692529559       1.84513068      0.442100853    
  -1.66910088      -1.98228431      -1.14424266E-02
   1.38197541      0.435162455      0.564853191    
  -6.84240013E-02  0.104468286      -5.45005538E-02
 -0.299290061      0.127220809      0.451259881    
  0.269601256      -1.50085497     -0.379059851    
   2.11088586      0.293163210       2.12707400    
   1.71962857      -5.13588749E-02   1.51862419    
   3.68367887      -3.00234890     -0.858783722    
 -0.307696968       8.22400972E-02   6.95652291E-02
 -0.458674908       3.16852890E-02  0.257631153    
  0.780758023      0.208341047      -7.28011876E-02
  -1.37113752E-02  0.139709771      0.470279455    
  -1.34463632      0.370936185     -0.893459857    
   1.42079651       3.40176225       1.76544988    
  -5.96511289E-02 -0.195126936      -5.44533357E-02
  -7.13439332E-03  0.372769445     -0.390048742    
   9.19552296E-02   5.03305458E-02 -0.674671054    
  -4.50292937E-02   1.25659043E-02  -6.51561245E-02
  0.111921094      -6.06287532E-02 -0.178612411    
   1.04423058      -1.57002199       1.69510508    
  0.625271618      0.590492368     -0.683240712    
  -3.73606563      0.357366979      -1.44727600    
  0.137829795      0.535068631       1.99583527E-02
  0.169920057      0.294168234      0.111560792    
 -0.253061473      0.103640571      0.577916205    
   5.83466552E-02  -5.02031818E-02   3.30754928E-02
   4.03603949E-02  -5.06612621E-02 -0.184831440    
   7.56820813E-02  0.132516205     -0.156220004    
  0.455347806       2.81001782     -0.365342557    
   7.30302706E-02  0.475577295      -1.79238260    
  -6.12165406E-02  0.280328304       2.39364635E-02
  0.258380979       8.50973800E-02 -0.754564881    
  -6.58939853E-02  -7.81353191E-02 -0.177252114    
  -1.02545309       1.89769697      0.506891310    
   1.46278758E-02 -0.148284569     -0.400962651    
  -1.57630432      0.491764635     -0.297224253    
  0.248642668      -9.11136940E-02  -2.48739161E-02
  0.110284604      0.268538415       1.40092266    
 -0.516110182     -0.283791125     -0.313936174    
  -7.06800446E-02 -0.759758294      -1.57479882    
 -0.146421045       2.28485763E-02  -5.17703630E-02
 -0.113286495      -9.35799703E-02  0.167811781    
   9.26973969E-02  0.167793572     -0.227681950    
  0.139312133       5.99363744E-02  -3.56564336E-02
 -0.844063759      0.478663087      -1.44753337    
   8.14604163E-02  0.760255933     -0.182936490    
  0.593400955      -2.41970468       1.42040491    
 -0.507350266      -1.37949252       1.76062858    
  0.174284011       7.26932511E-02  -8.42378568E-03
 -0.229991600     -0.262446254       2.20141387    
   8.03731941E-03   5.56349754E-02  -4.14268561E-02
  -2.76383400      0.160195038       1.52810347    
 -0.369586468       5.38404509E-02   6.72803894E-02
   3.79932784E-02  -6.42964616E-02 -0.103317454    
   1.35810351      -3.03334904      -3.27404928    
  -1.54909265      -8.85357285       1.83757889    
  0.125527352      0.162121624      -5.05914539E-02
  0.140859693      0.333145946       5.86808771E-02
   2.43673277       1.95699406      -1.57088470    
  0.492862970      -1.97732711       2.56901884    
   5.02911949      -2.60282755      -1.18308008    
  0.587438405       3.51485205       3.31808043    
   2.61668442E-03  -3.72103974E-02  -6.34984765E-03
  -6.42119255E-03 -0.793486655     -0.531802237    
   5.52440658E-02  -7.92972967E-02  -6.37806430E-02
 -0.263482362       2.57651639       4.04372597    
 -0.145583779     -0.102379844     -0.150068179    
 -0.194047824      0.177560493     -0.528061748    
 -0.408226401       3.13371253      0.829015493    
  0.669796228     -0.456931680      0.995902061    
   7.41285756E-02   5.29668555E-02  0.267841011    
   1.72778976      -2.24687243       3.07613826    
  0.253423423       2.15187967E-02 -0.455823898    
  -4.20096405E-02  0.632131040     -0.363622844    
  0.251568377       4.03452255E-02 -0.572754562    
  0.131090388      -9.79719609E-02  0.329776645    
 -0.119247042     -0.102995552     -0.226799414    
  -6.39187098E-02   1.54903457E-02 -0.211312145    
  -4.15908471E-02  0.216779247      0.201496243    
  -9.72146466E-02 -0.236509368     -0.440166354    
  0.444586337       1.57810926      -1.96178412    
  0.319907814      -1.23550355       3.18938446    
  -1.45437527      -3.86171818       2.32104301    
  -2.08827734      0.954043448      -1.93014613E-03
 -0.372548997      -2.09108353       1.66655803    
  0.308689684      -8.26324299E-02 -0.208802491    
   8.59328583E-02  -7.32452422E-02  0.556124687    
  -7.29903858E-03   1.96649861       2.13911748    
  0.374043524      0.610169053       1.16402817    
  0.236935675      -1.10218132       2.54569411    
  -12.9459848      -2.99818420       6.40742540    
  -6.84524924E-02   5.94063811E-02   7.89383054E-03
   1.28388721E-02   2.18070485E-02  -8.00604001E-03
  0.734891474       1.05004585      0.284479588    
  0.451252818      0.422715545     -0.156278342    
   2.89129913E-02  -1.78884912       1.78847933    
   1.02581000      0.278226763      -1.01850104    
 -0.433695406     -0.296344638     -0.391800255    
  0.158364862       3.50549854E-02 -0.232013717    
  -2.55864763      -3.97898102      -5.46095181    
   1.91061163      -1.26099014       2.56601739    
   3.00359845      0.317369431      0.951998591    
 -0.774718165      -2.49300814       3.44572520    
  -1.31105196       1.17873430     -0.386814684    
  -9.20125172E-02 -0.176192462      -8.71650875E-02
   3.27426338       1.13041937     -0.866572976    
  0.901162863      0.778127611      -1.09431899    
  0.679238319      -1.02661121      0.413086653    
  -2.45997405       4.57200098       2.03768802    
   8.87260586E-02   5.88201620E-02  -9.55318362E-02
  0.248220816      0.274852544      0.121131562    
  -1.03619540      0.538085163      0.351063639    
  -1.55733323      0.498275429      0.850969791    
  -2.96670341      0.557713807       3.75861931    
   6.52170181E-02  -1.22937951E-02   1.27319889E-02
  -1.83958650      -2.33943582     -0.345061690    
  -2.55415654       2.90051436       2.42311835    
  -2.10006814E-03  -7.36366864E-03  -4.10972498E-02
  -1.87384331      -3.32666636       1.39638674    
  0.297620267       1.12382615      -1.29349446    
  0.176715046      0.852723777      -1.08355224    
  -5.23803830E-02   2.71755338       1.85387695    
  -3.10518026     -0.767208517     -0.571307957    
   6.74038455E-02   5.60002699E-02  -9.90595296E-02
   1.89467204     -0.404726774       2.79836512    
   1.57103185E-02  -5.51702715E-02  -6.34565018E-03
  -3.24959564      -2.48949885      0.447256088    
  0.144313425     -0.109455198      -6.27460927E-02
  0.965214789     -0.444924742     -0.885903418    
 -0.138358518      -1.38540920E-02  0.146063864    
  0.181531444      -5.67031652E-02 -0.195186675    
  -8.78967494E-02  -6.45251647E-02   9.72772166E-02
  -2.79121306E-02   1.69722792E-02   8.52916688E-02
  0.326416492       1.03900182      -2.15460110    
   1.55307817       3.39386797       1.67765474    
   2.70158723E-02  -8.92738774E-02 -0.755757630    
  -4.74990979E-02   8.99133235E-02 -0.200918093    
 -0.630772889      -1.14262426      -1.51519346    
   3.93402004      0.703597486      -2.85158420    
 -0.202745602      0.880690277     -0.970437467    
  0.103585765      -2.95811534     -0.602769315    
  0.129932180       5.90489842E-02  -4.06621695E-02
  0.456736565      -2.33162522       1.37601030    
 -0.202512562     -0.234742790      0.134282336    
  -1.09276676      -1.40227818       2.68578458    
 -0.320898592      0.366502970       3.69713716E-02
   7.39741698E-02  -2.42141747     -0.456994832    
  -9.00215209E-02   9.19511169E-03   8.57681409E-02
  -5.23066856E-02  -8.58493820E-02  0.102939963    
  -7.48631731E-02   1.14227653      0.403127611    
   9.98743773E-02  0.157181650      0.661819518    
   1.75583005      -1.44095433     -0.351857156    
   1.30390286      -2.44341278      -1.13967359    
  0.333731711       8.37309808E-02 -0.196526408    
  -2.78386027E-02 -0.863703012      0.396236986    
  0.442691773       5.91733307E-02 -0.222828135    
   2.09711846E-02   5.36065921E-02   2.18284316E-02
 -0.792639017      -1.47417299E-02 -0.291942090    
  -4.64170389E-02   4.35915822E-03  0.112752602    
   4.99706008E-02  -2.29157545E-02 -0.230536178    
  -4.07695994E-02 -0.208931774      -2.07619146E-02
 -0.790686011       1.05419922      -1.96097636    
   3.98737764       3.02483892      -2.52175927    
  0.129094750       3.72232348E-02 -0.106224023    
 -0.559695721     -0.222934365      0.644208312    
 -0.100602947     -0.200795785       8.57595950E-02
 -0.768559456      0.420647800       1.09580278    
 -0.120832667     -0.417823374      0.471001476    
 -0.138627648      0.347473085     -0.158368230    
  0.142763913     -0.158289105      -1.22461486    
 -0.935054183      -1.55356288      -1.26909316    
  -3.77325559     -0.331259906       2.92820907    
  -3.88443995      0.864109755      0.319075942    
  0.135928035     -0.221210510       6.29398674E-02
  -5.46087217      -10.0055656      -2.92615557    
  0.648658812      0.400611818      0.166956529    
 -0.234786808       9.14098993E-02   5.93845956E-02
 -0.177834392     -0.350769073      -1.04935622    
 -0.214056775      -7.48763531E-02  0.268247515    
  -1.15396678       1.29543364     -0.268696904    
 -0.886210501     -0.917691529      -1.17904449    
   3.91574688E-02   5.34417853E-02   1.18958037E-02
  -2.92947698       1.05825520     -0.182488263    
 -0.698192596      0.986287773      -1.83064139    
  0.469144344     -0.481209010     -0.902934551    
 -0.101864882      -7.45935440E-02  -7.52040511E-03
   10.0314493       5.21944237      -4.25340271    
 -0.132184163       4.77311420       3.71502090    
  0.164393872      -2.43748546      0.509110451    
  0.104949623      0.496464998     -0.112753361    
   2.95650673     -0.284842253      -2.42671680    
  0.115386866      -8.90407115E-02  0.123762876    
  -1.09479618     -0.163386077      0.751286626    
  -1.14658546      -1.52100861       2.26591682    
  0.357988387      0.253962189      0.290055215    
  0.155283526       8.82594436E-02 -0.221845761    
   1.09250700      -1.25965703     -0.574222088    
  -8.47379025E-03  0.298798114       9.19116586E-02
 -0.278343827      -2.11876426E-02   9.59217995E-02
  -6.61162809E-02  -3.20337936E-02  0.742874324    
  0.269071877     -0.168068767     -0.234264791    
  0.960955203       1.14892030       1.17140567    
 -0.497228324      0.254985362      0.165426195    
  -4.04629670E-02 -0.859201312      0.967809796    
  -2.27425289     -0.304322094     -0.399115145    
  -8.71702805E-02 -0.112776928      -7.99064636E-02
  -6.15029857E-02  -8.86872485E-02 -0.201668382    
  0.271837085      0.446232855      0.142025322    
  -8.40529278E-02  0.112408228      0.303068131    
 -0.100519530      0.232317835     -0.236533254    
 -0.195063174      0.541727841       1.42054665    
  0.503870606      0.194209009      0.343052626    
  -2.45616026E-03 -0.106430911     -0.230730042    
 -0.239783645       3.63375401      0.329812169    
  -2.43157601     -0.965842068      -1.12825906    
   6.96021095E-02   3.78979594E-02  0.116714001    
 -0.392095208     -0.490978986     -0.189858913    
   5.39364442E-02  0.124759935      0.203884363    
  -2.30713367      -1.05357289     -0.971184671    
  -3.91815789E-02  0.831779957      -6.39611855E-02
   5.63945062E-02 -0.849523425      0.864542127    
  0.557442904      0.525750399     -0.840875268    
  -6.02017157E-04  -9.09090340E-02  -2.52978392E-02
  -1.01147449       6.44937009E-02  0.620783567    
  -7.18153641E-02  0.288052946      -6.74861018E-03
   1.12546158      -2.22124495E-02   4.15976524    
  -1.19799399      0.283473432     -0.366300672    
 -0.631573379      -1.13532710      -2.11459589    
  0.983014822     -0.230796471      0.991716385    
  -3.17175961      -1.10853899      -2.10654736    
   1.58045661      0.513257086       5.45739233E-02
  -1.86179423      -3.26248479      -1.75923550    
  -4.19047689       2.08390951     -0.443372458    
  -1.00663674       7.24476576E-02 -0.318019927    
  -6.20040186E-02  0.243619934     -0.106451362    
   8.30181241E-02   2.26775669E-02  -2.70481780E-02
  -8.11918154E-02  -7.37684146E-02  0.200648770    
  0.628045142      0.176337376     -0.480142802    
  0.240904748     -0.100201696     -0.296028107    
  0.492572159      0.487163454      0.173784524    
  -1.16187561      -1.66628838       1.64529586    
   6.27743453E-02   6.00197092E-02 -0.320485026    
  0.198955551       4.44066077E-02   3.30097452E-02
 -0.338548213      0.307282776     -0.481253147    
   2.30169464E-02   6.75797313E-02 -0.197282985    
 -0.336948663     -0.101773396      -9.56408903E-02
  -2.24590325      0.555544078      -6.38719499E-02
   5.25508188E-02  0.126935840      -4.74672467E-02
 -0.493993193      -3.35290003      0.300734848    
   3.92273498       1.84207428      0.715962350    
 -0.641681314      0.328141123       1.60994279    
  -1.97324550      -8.80101323E-02   1.74905539    
   6.20442927E-02   2.63630468E-02  -4.95361071E-03
   1.77512670       3.14974976      0.891701341    
  0.179970756      0.224199668      0.341998696    
 -0.361079991     -0.144246235     -0.169434115    
  -3.87697853E-02  0.173686966     -0.169562384    
  0.634353936      -1.12510681     -0.870593309    
   1.20857656      -2.11487937      -2.69820166    
 -0.103512622       6.61301017E-02  0.235543206    
  -3.65991259       2.04683042     -0.999125838    
  -2.36642456       1.00565755      -1.40521117E-02
   1.80387688       2.66204906       3.00344348    
 -0.120828278      -7.77157688       2.78168377E-02
  -2.28142500      0.120004430      -2.55372238    
   2.44417405      -1.97767222       2.38668489    
 -0.156222031      0.103113875      0.240560859    
 -0.112362847      -6.34060130E-02   4.11018357E-02
 -0.199090093       1.20150828     -0.304552972    
 -0.565716505     -0.764123380     -0.987015665    
 -0.323257685     -0.814050972       1.20242238    
  0.104633585      -5.85419536E-02  0.213585183    
 -0.288332909      -1.17216396     -0.843255281    
  0.839989066      -1.17805183       1.75028026    
  0.189153016       1.36045348E-02  -2.25566700E-02
  0.182544783      -5.01484722E-02  0.582849026    
   1.74165034      -4.81648445      -1.93513775    
   1.79381561     -0.994073272      -2.47206306    
  -1.10845399     -0.140615046      0.519066453    
  -3.52762043E-02  -9.98956189E-02  0.267949253    
