  0.243259028       1.85996927E-02 -0.643363178    
  -8.81054532E-03  -5.28007261E-02  -7.49785602E-02
 -0.203372166      -8.70667547E-02   7.82410577E-02
 -0.952493370      0.384198159      0.106360793    
 -0.652600408     -0.454422861     -0.320969135    
  -3.06930877E-02   1.81756224E-02  -5.38258292E-02
  -5.75407930E-02   7.52461776E-02 -0.245568886    
   2.82964893E-02 -0.125927195     -0.545368910    
  -1.25441616E-02  -9.76645648E-02  -5.06405458E-02
  -9.31976214E-02 -0.290105730     -0.224784479    
  0.468189776      0.581589460      0.158555701    
 -0.727603793      -3.79429534E-02 -0.143598720    
 -0.180230841     -0.867882073      0.197339147    
 -0.439559162      0.235294193     -0.331539601    
   3.75711870       1.79128134     -0.771401465    
  0.981878221      -1.45691717     -0.454789430    
  0.379206806      0.768626273     -0.464011997    
 -0.232185155      0.312065959      0.364851505    
   2.42104840       1.88400447     -0.716235518    
 -0.165514469     -0.211609617     -0.225273579    
 -0.301997930      0.233361408      0.560425937    
   3.86259593E-02 -0.459864706     -0.494776517    
 -0.691099703      0.134829909       1.08789086    
 -0.506394625     -0.522308290       2.44900119E-02
  -2.06721108E-02  -3.39274071E-02  -9.60052833E-02
 -0.218694299       1.28799033      -4.54959422E-02
  -2.48502231       1.13382530      0.192569822    
 -0.461598277     -0.106086411      0.164558947    
 -0.404701442     -0.492729455     -0.120785952    
 -0.268453419       1.55707538      0.185425699    
 -0.105174541      0.183050111       3.05653811E-02
  0.114998877      -2.25017313E-04   2.63652075E-02
  -1.29391309E-02 -0.218288407      0.295277685    
  -2.88073029E-02 -0.332811028     -0.110361643    
  -2.43413057E-02  -2.69500911E-02  0.451075375    
  0.348257035     -0.338110209     -0.512330532    
  0.238487750      -3.16004045E-02  -6.78796470E-02
  0.323300332      0.110725448       2.12130435E-02
   4.09360714E-02 -0.137577668       1.11266095E-02
  0.331737041      -8.80409926E-02   7.57238567E-02
 -0.333447009      0.127178028      0.318995804    
   7.53336176E-02   2.18991004E-02  -2.27560215E-02
 -0.118802607      0.105271071      -9.97007191E-02
   7.42977299E-03  -6.92524537E-02   1.33885117E-02
  0.406910837      0.117022708     -0.901020288    
   5.17924018E-02   4.94823270E-02 -0.104199551    
 -0.614891410      -5.92151191E-03 -0.209918678    
   1.57656085      0.354179561      0.340332508    
 -0.173795998      -3.09360456E-02  -2.55241711E-02
 -0.233766481       8.31957012E-02   6.45406991E-02
  -5.43566830E-02  -6.92102015E-02  0.226447731    
 -0.402988970      0.369094312      0.146098703    
  0.313380688     -0.129781604       4.47051302E-02
   1.00679493     -0.201769605      -1.92901623    
  0.136333451     -0.365196407     -0.158028454    
  0.119609594     -0.551807225       1.07848942E-02
  0.225095630     -0.197777614     -0.312765419    
 -0.158390224       2.98305154E-02  0.258889854    
 -0.617972732     -0.874961376     -0.948763847    
 -0.120489918     -0.353998601      0.477179676    
 -0.121478684       1.32421432E-02  0.138040110    
  0.823586762      0.629795074      0.362366319    
  0.141858935      -7.71376640E-02  -2.78518107E-02
 -0.209698334      0.986351013      -1.86999559    
 -0.417724401     -0.404749930     -0.463219404    
   4.17729001E-03  0.147332907       1.90126710E-03
  -5.06071374E-03  -3.12167164E-02   4.83752182E-03
  -5.32221049E-02   3.45838889E-02   2.53815837E-02
  -1.18862204E-02  0.196508467     -0.124287955    
  -1.40776997E-03 -0.215901464     -0.250443310    
   1.04843583E-02   1.42059242E-02   1.50830057E-02
  0.532837510      0.317613363       9.04523209E-02
   8.12671706E-02  -3.80064845E-02  -4.23999242E-02
 -0.155294046     -0.137011573      -9.54158083E-02
 -0.375378072       8.12781528E-02 -0.270888090    
 -0.144135743      0.158198580     -0.209466919    
  0.280486077     -0.452465832      -5.09307384E-02
 -0.240188584     -0.172930539       7.28335008E-02
  0.101286173      -8.85130614E-02   4.50725667E-02
 -0.122441165      -4.10530716E-04   2.49244813E-02
 -0.151734158     -0.168324634       1.81646179E-02
  -5.28395362E-03   1.18029378E-02   3.06844674E-02
  -1.21462960E-02  -9.15958639E-03  -3.13982926E-03
 -0.884218037       8.70540962E-02  0.414017797    
 -0.247193485     -0.559784710      0.345191628    
  0.221275523     -0.396775961     -0.230725408    
   6.75106570E-02 -0.208329409      0.162018657    
   5.47054708E-02   1.93275362E-02  -4.58757877E-02
 -0.293951660      -4.15059328E-02  -6.58888146E-02
   6.92676008E-02   6.92244992E-02 -0.522614002    
  -2.58575613E-03 -0.457906693      0.731522739    
 -0.887588918     -0.463664114       9.72678885E-02
  -5.93899712E-02  -4.54387143E-02   2.50214953E-02
  0.933066547       1.21507335      0.150519580    
 -0.123873062       5.64393401E-02  0.323801368    
  -4.25330698E-02  -9.84658003E-02 -0.501661479    
  0.404798001      0.120402850       2.52480898E-02
  -5.44279888E-02 -0.686510980     -0.497447073    
  -1.72951072E-02 -0.261715233      0.161037460    
 -0.117558084     -0.654405534      -8.66897851E-02
   5.96888959E-02  -9.02353413E-03  0.120423570    
  0.479657650     -0.312586248     -0.376980931    
  0.436046273      0.214758009     -0.430785835    
  0.231468260      0.379964322       2.55929939E-02
  -4.28772606E-02  -8.00673813E-02   4.66196202E-02
  -7.89169744E-02   5.64066470E-02  -7.41921961E-02
  -5.62578514E-02  -4.64371406E-02  -2.00478695E-02
  0.152161449      -1.84947217     -0.290282905    
 -0.943314552      0.855700016      0.141291216    
  -8.55184868E-02 -0.241304621     -0.237572059    
  0.348609060      -9.20297205E-02  0.281326205    
   4.13873345E-02  -4.85176407E-03   4.19655479E-02
 -0.145637468      -3.29571217E-02  -4.02431861E-02
 -0.578112483     -0.214601576     -0.459932894    
 -0.396180540     -0.252170235     -0.589515924    
 -0.132197231      -1.03422761      0.107458279    
   3.58675551      -1.50360465     -0.640638232    
 -0.641840816      -2.80070789E-02  0.239632964    
  0.489085168      0.125741288      -5.41325798E-03
  -5.81969246E-02   5.97726461E-03   7.85868540E-02
  -9.67747346E-03   6.07499741E-02 -0.198878333    
   8.62646401E-02 -0.282443702      -5.40335327E-02
 -0.613366306      -1.19083560     -0.189455003    
  0.190761492     -0.568748236      0.307487488    
   3.90260071E-02  -2.21102647E-02  0.150986537    
  -6.58081993E-02 -0.211534426      0.122424595    
 -0.291604400     -0.627609432     -0.410834014    
 -0.245684788      0.187980548      0.255616635    
  0.420204133     -0.168563977       6.84567094E-02
  -7.01121464E-02  -1.74532179E-02  0.472951829    
  0.390208155      -5.50307110E-02 -0.170403227    
  -7.66715258E-02  0.163264126       4.82783429E-02
  0.228276178      -8.21807981E-02 -0.384506166    
  0.238613725      0.300103575     -0.229332387    
  -2.45278943E-02 -0.292869538     -0.185806826    
  0.274664313      0.202767476     -0.216847584    
  0.137478143     -0.199115932     -0.184964418    
 -0.671657443     -0.336032301      0.501950145    
 -0.194398537     -0.293592423      -4.24868874E-02
  0.196753889     -0.153826997      0.310389876    
   2.88148988E-02  -3.40559408E-02 -0.951944709    
 -0.888535261      0.684090614     -0.373283476    
 -0.350399107      0.907591164       1.24945641    
  -4.35182601E-02 -0.183735371      0.130399197    
 -0.584129453     -0.584832251      -1.07375188E-02
  0.672056019     -0.166166350     -0.371039122    
   4.26263735E-02   8.61908346E-02  -3.71717997E-02
  -1.29427807E-02  0.129976675      0.224068701    
  -1.50771463      -1.10145867     -0.231768712    
 -0.293549657      0.433886349     -0.790099084    
 -0.601792812      0.390567422      -2.70518078E-03
  -3.78114060E-02 -0.504043818     -0.787108898    
  0.675841033       9.22477245E-02 -0.113547772    
  0.112696782     -0.153332829     -0.122062400    
  0.327462286      -8.33786279E-02 -0.313834935    
 -0.156893432      -6.33272752E-02  -4.27272767E-02
   4.24124077E-02 -0.532280266      0.137453482    
  -3.51665765E-02   2.83182263E-02   4.25565392E-02
  0.490541637      0.181274623     -0.519081116    
  0.343799293      0.357730120     -0.444725603    
   4.96998988E-02 -0.198156700       4.21754420E-02
  0.110628881      -5.36353253E-02 -0.195908502    
 -0.295264900     -0.326428950      -7.32247904E-02
   4.16622199E-02  -1.37755871E-02 -0.186360314    
  0.446332127       1.05178106     -0.643213451    
  0.443483740      0.131184459      0.193696111    
  -9.17612836E-02 -0.149584830      0.117005415    
  0.246794909      0.217984572       6.00665919E-02
 -0.447833240     -0.116259903     -0.294268966    
 -0.113606386      -2.95160729E-02   6.63189739E-02
   3.70100774E-02   2.94497218E-02 -0.486397117    
 -0.126300469      -3.72374132E-02 -0.255077749    
 -0.151955873      0.115801834      0.441985011    
 -0.443872452     -0.700653076      0.650301576    
 -0.435897321     -0.453681469     -0.571702778    
  0.272757739       8.09553042E-02 -0.212077230    
   3.80187854E-03  -3.74657102E-03   2.47306284E-02
  0.175320551     -0.297661811      0.195283949    
 -0.122022480      0.138047367      0.145642415    
   9.74582657E-02  -4.51203175E-02  -1.35580692E-02
   5.35277016E-02   8.54920074E-02   4.64843921E-02
  -2.74274461E-02  -9.05252397E-02  0.175199673    
 -0.334889829       2.29979269E-02  0.318338007    
 -0.306872755      -9.24339965E-02  -1.66604482E-03
 -0.312144607       8.75080153E-02  0.363609403    
  0.338495910       4.94023301E-02 -0.137151361    
  -2.34092546       2.75169253       4.09572840    
  0.206429243     -0.672014236       1.05345464    
  -1.66591096      0.892866671     -0.498834968    
   2.85228621E-02 -0.508818686      0.873364329    
  -7.04657659E-02   5.68655506E-02  -4.24134657E-02
 -0.227258459     -0.295376897      0.224079922    
 -0.198193312      -8.50319117E-02  0.316180348    
  0.368152261      0.292867064     -0.280490458    
   8.80558565E-02  -4.74530868E-02 -0.399005711    
  -7.08261356E-02 -0.185673624     -0.315491468    
 -0.633445084      0.596483648      0.517795861    
  0.261133760       4.48922999E-02 -0.107215174    
  0.373622328       1.29407877E-02  0.467491597    
  -3.63282037      -1.04824025E-02  0.930785537    
  0.526815951     -0.404873937      0.103034683    
  0.501248300      0.123072475      -9.17454660E-02
  -5.71799837E-03   5.73180057E-03  -3.85563704E-03
  0.166663885     -0.151472881     -0.233099461    
  0.144059807       2.62305997E-02   5.37160318E-03
 -0.789616883      -1.18619704      0.562809050    
  -8.50975215E-02  -8.58678715E-04  -2.95966510E-02
  0.111152112      -2.64829956E-02  0.440126777    
  -5.38892811E-03  -7.53741041E-02  0.293929905    
  0.118894309     -0.807330132       1.43706322    
  -9.43245739E-02   1.54397823E-02  -2.62225065E-02
  -9.34541821E-02   3.34213413E-02  -5.71838580E-02
  0.267420173       7.79996142E-02 -0.732723296    
   2.77266838E-02  0.307748735       8.16842914E-02
  -1.03720057     -0.572668195     -0.401069552    
  -4.03805561E-02  0.141010851      -4.31560278E-02
 -0.283450365       1.61369610     -0.359733880    
 -0.659522951      -6.62138909E-02  0.593770385    
  0.923338830     -0.604550898      0.325410664    
 -0.111894377      0.135292694     -0.123858228    
  0.169776365      -6.67880103E-02  0.362496734    
 -0.624291062     -0.314226508      -9.96690989E-02
 -0.431389779      -2.03565843E-02  0.261912942    
  0.268632323      0.191176713      0.459914088    
   2.98496149E-03  -8.27941597E-02 -0.142478973    
  0.177793771     -0.927941978      0.375677139    
 -0.403551817      0.167720094       3.27604301E-02
 -0.441359729      -9.46436450E-02  0.136269599    
  0.322147876      0.895655692      0.766002059    
 -0.643694043      -2.06216890E-02   1.18998846E-03
 -0.797263205      0.941933095     -0.272735834    
 -0.170024455      -6.17571659E-02   4.29036580E-02
  -4.51139361E-02  -9.00709927E-02   6.64694980E-02
  0.211597130       8.89191926E-02 -0.176112771    
  0.496934652     -0.407260537      -9.20099244E-02
 -0.604631603     -0.140454605     -0.149064913    
  0.226884112       8.58469903E-02 -0.168175191    
  -3.77274528E-02  0.215381667       6.99191168E-02
   1.28465379E-02  0.139734238      -9.11178365E-02
   2.22801622E-02   3.46293263E-02  -6.17709532E-02
  0.375112623     -0.772402346       8.72128531E-02
  -1.99841969E-02  -7.49678016E-02   8.06773268E-03
 -0.265049100     -0.108283423       3.96426488E-03
   5.85099915E-03  0.242621213      -7.60676488E-02
  -2.08248235E-02  0.301192671     -0.190446049    
  -9.97533053E-02  -7.20775221E-04  -5.96189052E-02
  -1.63332069      -4.28340491E-03  0.226609081    
 -0.451369733     -0.468870789     -0.132165179    
   6.58970922E-02  0.236827999       5.72315454E-02
   1.06475627      -6.65505379E-02 -0.631649792    
  0.101457357     -0.399237990      0.135128438    
   4.48292643E-02   1.23089589E-02  0.280091345    
 -0.283400595     -0.901427269      0.430306584    
  0.378035665      0.174763069     -0.410880238    
 -0.166668370       9.90101695E-02 -0.123370543    
  0.499083102      -3.48179638E-02  0.555568933    
  0.348251939      -3.92360501E-02 -0.102102540    
  -7.40785152E-03   2.61355955E-02  -3.17413323E-02
 -0.144181117     -0.350363970      0.326871067    
  0.742265821     -0.109391548       1.52438807    
 -0.572335601       1.61371808E-02  -9.85525548E-02
  0.176772088      -7.73554742E-02  -8.38885978E-02
  -9.34331268E-02 -0.569765508     -0.454300255    
 -0.237417176     -0.350963801      0.487166256    
  -3.72608155E-02   1.42378937E-02   4.01776284E-03
  0.966419756      0.195190921     -0.922503233    
  -4.50028849       2.13538265      0.524640024    
  0.167746112      0.107499093      0.420664489    
   4.55606394E-02  0.238619432     -0.149660856    
 -0.199451536     -0.373946667     -0.337066323    
  -6.65048510E-02 -0.313933104       4.71794009E-02
 -0.363493443      0.123360634      0.573261380    
 -0.580520630      0.792927384      -5.30168153E-02
   1.02461457     -0.340581328      -1.06640017    
  -2.09528077E-02   1.87259838E-02  -1.67660341E-02
  0.800267935      0.671587110     -0.472329617    
   1.67540467      -3.49416018      -4.67851400    
  -1.07059954E-04 -0.112718128      0.410402268    
  0.320352852      0.544846237     -0.170738578    
   8.59273672E-02 -0.187955201     -0.118043773    
 -0.827485621      -1.75385690     -0.879417598    
   1.31150019      0.824902117      0.735668063    
  -2.17702100E-03   1.93458200E-02   2.22466905E-02
 -0.599276483     -0.137463242      0.385573208    
   8.72761160E-02 -0.647738874      0.143153176    
   9.39674228E-02  0.185341403     -0.250799835    
  -8.02225024E-02   5.81113733E-02  -2.01731436E-02
  -4.67659682E-02  -1.52721200E-02  -9.68974270E-03
  0.298004866     -0.454215050      0.206334397    
 -0.300894439      0.245568827      0.469789654    
  0.744743168      0.828410566     -0.715386093    
  0.441726923       4.62832786E-02 -0.261600703    
  -4.28233892E-02   9.28451195E-02  -4.85208444E-03
  0.678899527      0.247192100      0.454365700    
  -9.13205147E-02  -3.25612500E-02  0.858648777    
  0.416578144     -0.127787188      0.305548877    
 -0.360866487       1.83995459E-02  0.367479563    
   3.51927429E-02  -5.85593507E-02   7.80545622E-02
  -1.80142932E-03   4.03316580E-02  -2.85724513E-02
  -3.74480486E-02  0.112823159       4.67106998E-02
  0.504404783      0.146658882       8.08066428E-02
  -1.03805256      0.346916854     -0.148145184    
   3.61165777E-02 -0.127798334      0.144902363    
 -0.415120870      0.263955235     -0.628170848    
 -0.287792444      -1.24918986E-02   6.52154163E-02
  0.439119697     -0.262645602      0.100776397    
   7.13377772E-03   2.11353991E-02   1.95608344E-02
  -1.85036920E-02 -0.405221492       3.05776801E-02
 -0.215105504      0.256595969     -0.244602576    
   1.70952417E-02  -2.64796279E-02   5.52494824E-02
  0.162659094       7.85714295E-03  -3.81605066E-02
   9.29993019E-02   7.54389465E-02 -0.761211276    
  -8.62622559E-02   5.56974486E-02   4.70673032E-02
  -3.13006788E-02   6.99294824E-03   6.56848326E-02
 -0.665344954     -0.172134221      0.463078350    
  0.482039183     -0.912842512      0.725119412    
 -0.250136405      -7.82051831E-02 -0.196701735    
  -3.28101814E-02  0.285735816      0.242943242    
 -0.112994634      -1.44191301       1.31755972    
  -4.15887125E-02  0.451698810     -0.154591769    
 -0.460998893      -1.67054366E-02  0.308059573    
  -2.78914785      -2.28794527     -0.581705928    
   9.84409675E-02  -8.49397704E-02  -2.67811567E-02
 -0.514046252      0.141662732      0.429448873    
  0.556119561      0.904878557      0.423927605    
  0.168871984       2.47826683E-03 -0.231865421    
  0.121252328     -0.256753355     -0.219945952    
  -4.17263918E-02 -0.175669953     -0.119515717    
   1.22421784E-02  -5.53888790E-02   7.84476623E-02
 -0.189915583     -0.607956409      0.464046568    
 -0.251659572      0.561053991      0.213947579    
 -0.511825740     -0.131509244      0.301063985    
  0.190478772      0.301013887      0.444062114    
  0.283358902      0.486706585     -0.383196324    
  0.143504679     -0.329994202       5.63766249E-02
   6.52974099E-03  -3.33186239E-02   4.70953509E-02
  0.265505284     -0.200121030       3.47494632E-02
 -0.130058885     -0.129097670      0.120806791    
  -2.80962326E-02  -9.43674296E-02   8.34789947E-02
  -1.87805369E-02  0.101624623      -5.53863831E-02
 -0.201114982      0.304796010      0.568960547    
 -0.413340658     -0.150092378     -0.238118678    
 -0.102131709      0.514239311      0.719531357    
  -3.49574573E-02  0.140613765      -1.61118452E-02
 -0.355050206      -1.41821709E-02  0.530378520    
 -0.160947740      -9.87105519E-02 -0.188947380    
 -0.788479805     -0.464315295     -0.230140671    
   9.54826996E-02 -0.399079740      0.302005142    
  -3.37560773E-02  -8.33227634E-02 -0.151234746    
  -4.93056215E-02  -8.35578050E-03  0.176324606    
  -8.79149362E-02  -3.09087895E-02   5.40714599E-02
 -0.109594822     -0.584094226       1.52440977    
   9.01590660E-02  -2.49948353E-02 -0.120998062    
 -0.523041785      -1.64691394E-03  0.871980906    
 -0.149004936      -1.63323557      0.896209419    
   1.34338215E-02  0.259415537      0.138785243    
 -0.525330842       1.70967472E-03  0.155229628    
 -0.364810586      -9.80414748E-02  0.818233073    
 -0.555498719      -2.52174642E-02  0.598883629    
 -0.159666955      0.395418048      -2.01394642E-03
  -1.04660380     -0.486029983     -0.130889058    
  -1.78635474E-02  -5.19648604E-02  -3.09418142E-02
  -7.10701197E-02 -0.177396968      0.697108030    
 -0.703794003      0.129955158     -0.403040856    
 -0.464430183      0.210132435      0.682648122    
  0.421565026      -1.96421798E-02 -0.353980988    
   3.16374712E-02 -0.143991247     -0.198196948    
 -0.510936379       3.84810902E-02  0.693316519    
   1.69178471E-02 -0.177296892       9.79322568E-02
  0.491212040       6.65359199E-02   7.50467181E-03
  0.480493069      0.429060549       1.08852184    
  0.454639018      0.110897504      0.219938368    
  0.142576352      -4.97665629E-02   1.53223090E-02
 -0.951198697      -8.23012181E-03  -7.32862502E-02
 -0.505525053     -0.116489485      -7.73096085E-02
 -0.320641547     -0.121505678     -0.587284148    
  -4.56855670E-02 -0.386054337      -2.40484979E-02
  -2.71742307E-02   2.62010247E-02 -0.414173245    
   1.19804060       3.19692791E-02  -1.31464958    
  -7.81586319E-02  -3.33389118E-02 -0.197501183    
  -6.32375628E-02  -7.65761919E-03  -2.54419968E-02
  -1.00907969      -1.59087591E-02  0.536333025    
  -7.39306957E-02  -1.87670290E-02   3.82614993E-02
  -1.04429519      0.283776909       1.31801832    
  0.650724769     -0.361238509      -9.37918425E-02
   6.45121560E-02   4.76889536E-02  0.146237791    
  0.164672688     -0.200804323     -0.118167959    
  0.961716831       1.28781319      0.335534394    
 -0.439095080      0.232452482      -8.10392424E-02
 -0.187349275     -0.220465839      0.831919730    
   9.97949317E-02   2.36631092E-02   7.50615541E-03
   3.96778435E-02  0.143157780      0.192659765    
  0.783720195      0.511727452      0.154768765    
  0.202860907     -0.307584792      0.740929008    
   1.32599706E-03 -0.100126617      0.147292927    
  0.171883911      0.110016495       4.32590302E-03
   6.19719513E-02  0.590229571      0.309251398    
   4.06672284E-02  0.583234549      -3.24581936E-02
  0.352542609       6.60870746E-02   2.37146020E-02
 -0.962024271      0.212907001       7.50947595E-02
  0.101176240       8.49675611E-02   9.97281745E-02
  0.161278874       8.64861459E-02 -0.114699766    
  0.860840738     -0.138951868     -0.355924666    
  -3.07057854E-02  -5.07377647E-02  -1.20601114E-02
 -0.101954326     -0.498787373     -0.541266382    
   3.60322557E-03   3.45682316E-02  -3.37103046E-02
  -7.73722231E-02 -0.145999864      0.489174455    
   1.39009757E-02  0.312015712     -0.212569579    
  0.264831573     -0.111269772      0.394303679    
  -7.45787621E-02 -0.184511483      0.746689975    
  -4.76909280E-02  -7.55255073E-02  -4.16868292E-02
 -0.540378988      -8.67576525E-02 -0.103448801    
  -3.32818404E-02   2.96704341E-02   6.42784163E-02
  -6.06751665E-02 -0.214865014      0.126670331    
 -0.271111876       8.80640149E-02   5.50518967E-02
  0.456802487     -0.657962799      -7.02105314E-02
 -0.366190553      0.158731058      0.497057438    
  -3.38391890E-03 -0.444337308     -0.447902441    
 -0.638391674     -0.318488568      0.654940486    
 -0.714561284     -0.349515855     -0.515708089    
 -0.111885943     -0.260548681      0.239114672    
  0.302306235      0.464850187      0.170087203    
  -1.63217708E-02  -1.26023497E-02   6.82064295E-02
 -0.128044739     -0.409768313      0.494647950    
 -0.270626366      0.138933748     -0.195184246    
 -0.159621820       7.56656677E-02  -1.28836781E-02
  -4.50412668E-02   8.41714665E-02   2.31082067E-02
 -0.543828130      -4.39346805E-02   6.17618561E-02
  -8.55746418E-02 -0.902931690     -0.687896013    
 -0.341807216     -0.121663898     -0.164008141    
  0.341530949     -0.498988986     -0.199814290    
  0.476658195      0.406575412     -0.646917939    
  0.183644757      0.147101387      -3.38275395E-02
  0.273098052      0.266988754      0.168836385    
  0.961595774      0.784661531      0.221894473    
   2.47078929E-02  -9.23740566E-02  0.153623611    
 -0.679024518      0.403659791     -0.229389444    
  0.104666963       9.64920372E-02 -0.268811673    
  -7.13951513E-03   6.65765032E-02  -7.33583122E-02
  0.381594449      -8.67900699E-02 -0.258872479    
 -0.608372808       4.66165356E-02  -1.23470258E-02
  0.722935915      0.111580022     -0.649277329    
 -0.188628361       7.56762102E-02  0.221324205    
 -0.315466613     -0.499188006      0.365580142    
 -0.246468797      0.267008573      -1.14855385    
  -1.77245319       2.13893676     -0.697205424    
  0.809820592      0.168824360     -0.654339135    
  0.124597810     -0.327755839      0.150636405    
  -4.08274960E-03  0.675123930      0.191907406    
  -4.45058867E-02  0.495025396     -0.138727650    
 -0.227705076      0.409629285     -0.299534082    
  -5.59384897E-02  -5.81516251E-02  -4.01329957E-02
   5.94400018E-02 -0.131287530      -6.46350980E-02
 -0.357283175      0.204789445      0.129427239    
  0.274190784      0.607380211      -1.03270590    
 -0.307711661      0.547707081     -0.554803014    
 -0.127607927       2.46563349E-02   4.44831848E-02
 -0.158321500      0.190322772     -0.428578168    
  0.420932412     -0.366507083       6.97524175E-02
 -0.195477471       3.34777795E-02  -1.78578161E-02
 -0.667658269     -0.190721720       8.91166404E-02
   2.93149222E-02  0.109280959      -1.35930216    
  -2.40302328E-02  -2.10010614E-02  0.122555256    
  -1.11427903     -0.900610566      -1.08382463    
 -0.701572239     -0.269394517      -7.87175521E-02
 -0.302689642      0.148360744     -0.903155327    
 -0.355406672      0.288268000      0.680733919    
  -1.18879020     -0.428813070     -0.266801417    
  -1.23853588     -0.564712107      0.211722687    
   4.80276458E-02   6.44508097E-03  -2.16800123E-02
  0.485696793      0.501160979      -2.04955004E-02
  -7.62406886E-02   3.33182290E-02   3.44709978E-02
  -7.94667453E-02  0.846754611      0.878163099    
  0.241939038     -0.427730799     -0.352521449    
  -4.95806560E-02  0.605880737      0.741718888    
   3.10646426E-02  0.192318216     -0.169690430    
  0.388389260      0.178335041     -0.215408728    
   2.29239464E-02   1.16321482E-02   8.91898014E-03
 -0.445040792      -6.20049797E-02   6.90592127E-03
  -1.01181221       1.31011045     -0.146537125    
   2.60774940E-02  -5.82202002E-02   2.15973202E-02
 -0.767615855      -8.90903696E-02  0.351874530    
  0.233023778     -0.791904509     -0.318709522    
   6.92631081E-02   1.67429280E-02   5.06785884E-03
 -0.294399798      0.706075132      -1.04440832    
 -0.160692379     -0.252761632      0.778567255    
  -9.47704315E-02  -1.99142843E-02   1.75244827E-03
  0.283006072     -0.408114314      0.412828207    
 -0.257996053      0.114328116     -0.167687699    
   2.40758229E-02  -1.39809608     -0.736202776    
 -0.501300037      -6.89220876E-02   1.60027351E-02
   9.92880240E-02  -2.61285007E-02  0.517304838    
  0.278755486       1.21730296E-02  0.242764413    
  -8.63765255E-02  -4.02731150E-02  -5.75632825E-02
  0.355121493      -4.94129490E-03 -0.265558481    
   1.03000998     -0.723116100      0.283430994    
  0.390836865      0.248272628      -8.23376030E-02
  0.349471122     -0.278210461       4.84043732E-02
  0.206826314      0.210373774       6.37806728E-02
   6.29571527E-02  -5.22303507E-02  0.146202162    
 -0.482454777      -9.26436335E-02  -2.39560939E-02
  -3.73768387E-03  -6.08349629E-02   2.65463851E-02
   5.08271717E-03  -2.38309465E-02   8.12863931E-03
  -8.85045752E-02  0.135329664      0.348336875    
   1.08401203       1.43579721      0.325056702    
   8.64627138E-02  0.325713754      -8.53661299E-02
  0.306410611      0.226293743     -0.309522271    
  0.201099262      0.303805649       7.56779164E-02
  0.309114218       2.68886406E-02   8.22319388E-02
  -3.59262787E-02  0.552205622      0.640886843    
  0.894896388     -0.165915579      -1.00310802    
   4.54603806E-02  0.854559541      0.197317585    
  -8.46332163E-02 -0.185493022     -0.102701113    
  -3.58886421E-02 -0.169953644       6.70688823E-02
   4.32181172E-02 -0.243141651      0.450320750    
 -0.846638680      0.233496383      -7.85684288E-02
 -0.335564762      0.122834653      0.440614223    
 -0.122110024       5.54319248E-02  -4.68495153E-02
 -0.288011223      0.418970525      0.931681514    
   6.94333091E-02 -0.758948088      0.727761149    
  -1.84014626E-02  -7.17598200E-02  -5.03863767E-02
 -0.338069111       5.75777739E-02 -0.469482929    
   9.33899730E-02   3.10344044E-02   6.37550205E-02
 -0.273440629     -0.386850268     -0.233953819    
  0.144847691      -7.11174384E-02 -0.538499355    
   1.19014895      0.744094074      -1.41648877    
  0.220798671     -0.663061082     -0.415244043    
 -0.192372188       3.99559224E-03  0.100866340    
  0.139375597     -0.645516217     -0.435947090    
 -0.126756966      0.301144004     -0.267587304    
 -0.196003512     -0.259164631     -0.650614262    
  0.726535141     -0.198685616       2.29874011E-02
   2.53561325E-02  -2.57812813E-02  0.219587892    
  0.765346229      0.309055269      0.267823160    
 -0.365174085      0.256833553      0.691507161    
  0.271068901     -0.944322050      0.560009956    
  -1.99735258E-02  0.238053918      -9.62966084E-02
   1.94852334E-02   9.97930579E-03  0.182057351    
 -0.768550456     -0.280296832       2.75508743E-02
  -1.00709558      -3.94459851E-02 -0.147179708    
  -8.73231292E-02   5.10490313E-03  0.178841680    
  0.120281540      -1.14568913      0.336511374    
  -3.50263901E-02  -1.66956335E-02  -8.20899606E-02
  -7.88599998E-02   1.93445161E-02  -1.29307248E-02
  -1.18447733      -1.21228480      0.151964828    
   1.91519503E-02   5.95287234E-02  -2.92539075E-02
  -9.16010365E-02 -0.283071011      0.419162184    
  0.345691800      0.116190866     -0.145716205    
 -0.240817368      0.114510819      0.220324129    
   8.64283592E-02  -1.67102553E-04  -7.29953172E-03
  -9.86391678E-02   4.84815501E-02 -0.266557515    
  -6.89978749E-02   6.68139160E-02 -0.185538262    
  0.115934111     -0.242076412      -3.82419750E-02
  0.207320929      -1.47362447      -7.91914240E-02
 -0.592096686      0.535887659     -0.191388309    
 -0.305947691      0.117868967      0.489855319    
 -0.145125121       1.23842561       2.12968874    
   5.66997752E-02  -3.52315493E-02  0.171479642    
  0.462741464      0.511762440      0.130645618    
   7.63056800E-03 -0.107546583     -0.143395126    
   7.67777339E-02   4.67572957E-02  -7.81189576E-02
  0.106749751       9.84386355E-02  0.561539829    
  0.159891561      0.243738055     -0.641889155    
 -0.596477032      -1.30605958E-02   9.25867353E-03
  -4.30901209E-03 -0.124388017      -3.91563699E-02
  -2.00763606E-02 -0.507652700     -0.125498682    
  0.266716748       5.69058321E-02   8.41145590E-02
 -0.207867041     -0.312978357      0.358859271    
   2.73700282E-02   8.90583172E-02  0.145522848    
  0.475025326      0.701567709      0.236885712    
 -0.133491501      0.566251040      0.373824298    
  0.245280996     -0.427992672      -2.92647425E-02
  0.105611525     -0.120191336      0.308771908    
 -0.163287416       5.05314469E-02   3.30239534E-02
  0.226005062       5.98886125E-02   9.15700048E-02
  -3.15445566     -0.909479558      0.498457074    
 -0.323826998      0.190802857      0.134174064    
   6.54080510E-02  -1.04293171E-02   4.92724292E-02
  0.460467756       7.26645859E-03  0.491468430    
  0.209427282      0.224544376       9.09648612E-02
 -0.238980725     -0.847406149     -0.655564904    
  -9.14795697E-02  0.549040735     -0.261598915    
 -0.102912880      0.162037387     -0.443018198    
  0.112727381      0.121093638       6.13264814E-02
  0.618377030      -1.70273721     -0.194825754    
  -7.52190873E-02  0.522822797      0.246030957    
  -8.72374177E-02  0.840099335      0.600050330    
  0.254336327      0.202660546     -0.394225419    
   8.80156532E-02   4.29559126E-02  -5.25411777E-02
 -0.183530301      -4.95836698E-02  0.155669674    
  0.781775594     -0.206399545     -0.677223206    
  -6.54704645E-02  -7.87578374E-02  0.115822345    
  -1.19917548      0.273742706      0.246348128    
 -0.214420959     -0.422810256     -0.110734887    
 -0.454559147      0.120893724      -6.92989305E-02
  -6.41892105E-02  -2.68411711E-02  -2.05115490E-02
   7.23870024E-02   1.52192982E-02   5.20288572E-02
   1.71731436     -0.812619090       4.60589975E-02
 -0.282223850     -0.117273450     -0.239572600    
  0.418702722     -0.305617809      0.106720395    
 -0.690602899      0.356825441       1.04476404    
  -1.32222652     -0.490960985      0.534775555    
 -0.526312530      0.332228065     -0.555737793    
 -0.156858802     -0.960622251      -8.47217739E-02
  -9.72821377E-03  0.165630266      -5.04314750E-02
  -2.09193118E-02   1.24335997E-02  0.352703333    
 -0.141340166      0.141813904     -0.124909952    
  -5.42767905E-02   3.23667340E-02 -0.133057892    
 -0.104246236     -0.307085037     -0.187947899    
 -0.917635322      -1.23122213E-02   1.22286522    
 -0.690119505       8.68334174E-02  0.355048686    
 -0.184133753     -0.623942077      0.247003347    
  0.118175372       6.47721663E-02  -8.41075107E-02
  -3.46895941E-02 -0.188177511     -0.143429786    
 -0.869762123      0.825394869      0.386105090    
   1.70980720E-03  0.181917891      0.141957521    
   3.53044160E-02   9.70943570E-02 -0.100988552    
 -0.130896389     -0.110561341      0.125981420    
   5.14753237E-02  -4.00225222E-02  -3.56951207E-02
  0.137122720       3.30126174E-02  -5.74859530E-02
  0.681480408      0.304608285      0.187744677    
  0.236292571      -9.13374871E-02 -0.244768575    
   9.42417756E-02 -0.626302898      0.212411195    
  0.907113612     -0.316759169     -0.839984834    
  -1.69676263E-03  -5.90278246E-02 -0.152212590    
 -0.999977767      0.318437576     -0.189072564    
   9.41277146E-02   2.73292847E-02  0.471794516    
 -0.386303067      0.457016349     -0.323437840    
 -0.743677914      0.167501956     -0.213132381    
  0.108228222      0.324092835      -2.14802432    
  0.215336055     -0.576248825      0.355976760    
  -3.32530029E-03  -2.96778232E-02  -1.21022556E-02
   2.90107429E-02   4.67150360E-02   7.03719407E-02
   3.40392254E-02  0.724138796       4.98780310E-02
 -0.694644392       9.50062722E-02 -0.172481552    
   4.85583842E-02   5.56266345E-02   4.88864332E-02
  0.359908700     -0.449168473      0.664878428    
  0.195803985      0.107741341       9.11962166E-02
  0.146532878     -0.345709532     -0.359110087    
 -0.143863648      0.131181628      -8.60899240E-02
 -0.911194026     -0.253391743       7.04195723E-02
  -1.67741668      0.199935749       3.44007723E-02
 -0.397764057     -0.613717735     -0.744513035    
  -8.60862881E-02   5.28307967E-02  -4.54232208E-02
  0.191291958      -7.84022510E-02  0.417416096    
  -7.98792690E-02   1.31011438E-02  0.146766111    
  -8.81566256E-02  -8.25839024E-03   7.02867210E-02
  -1.64658744E-02   2.47361045E-02   4.42071930E-02
  -1.15950629E-02   1.36233747      -2.28124356    
 -0.633911729      0.113775000      -7.86715299E-02
  0.469008505     -0.709601283      0.423455924    
  -2.98298243E-03  -9.77932289E-02   6.92578182E-02
 -0.151739314      -5.38815670E-02  -8.62785652E-02
  0.129393712     -0.145487472       2.47524306E-02
 -0.198496789      0.108725235     -0.147825360    
   6.76933452E-02  0.842680275      0.248765245    
  0.235038787      0.577653527      0.220608592    
   7.50105381E-02  -3.07057314E-02   3.01044174E-02
  0.263702542     -0.162453845      0.396938324    
  -3.81906331E-02   4.69702519E-02 -0.138171837    
  0.180724517       2.13264320E-02 -0.107494853    
   4.75542694E-02  0.218656391     -0.923658073    
  0.534769654      0.339928716      0.451167077    
  -6.79029897E-02  -4.37834896E-02 -0.311505079    
 -0.133109957      -7.96658546E-02   3.50732654E-02
  0.426984161      0.133309200       4.65669706E-02
  0.310467184      -9.08544511E-02  0.157938406    
  0.214451179     -0.179225877     -0.145715237    
  -9.90165621E-02 -0.420248568      0.331833780    
  0.129576743       9.61710662E-02  -7.43995309E-02
  -3.23014334E-02   4.50355001E-05   2.07468122E-03
  0.921868801      0.542326212      -5.36214672E-02
  0.327648848     -0.253435463      0.192503572    
  0.416712552     -0.418135792     -0.175079778    
 -0.730360210      -5.25577776E-02 -0.496036708    
   8.65392610E-02 -0.199120566      0.401629448    
 -0.106563725     -0.443122625      0.413441390    
  -9.47427005E-02   9.71449632E-03  -1.12541988E-02
  -1.14061311E-02   6.58821315E-02  -1.51090203E-02
 -0.121862113     -0.132658303       7.23475143E-02
 -0.112279989      0.107548982      0.220789388    
  0.161354631      0.501260161      0.240426049    
 -0.164565980      0.130962163      0.375159174    
 -0.331213623      0.382332265       5.83274402E-02
 -0.119835116      0.191314623      0.394771457    
   8.09704140E-02  0.518674612     -0.117281459    
  -1.17484219E-02  -1.06865093E-02  -3.88524607E-02
  0.390326798     -0.436654270     -0.142403424    
 -0.160309896     -0.175794289     -0.143512636    
  0.224924192      -4.96273600E-02 -0.181932151    
 -0.101709858     -0.108437315      0.135238811    
 -0.777816474      -3.34996320E-02 -0.153927863    
  0.172182292     -0.413174301      -5.33150546E-02
  0.393239856     -0.144997492     -0.569522500    
 -0.517168224     -0.491542995       1.05368644E-02
  -1.24544120     -0.141622171      0.967621744    
  -7.30693787E-02  -9.80247706E-02  -5.11559881E-02
 -0.128744468     -0.449775398      0.521910965    
   7.32798576E-02   4.53487486E-02 -0.101237759    
  -1.98700614E-02   2.34823469E-02   2.48635225E-02
  0.387173414     -0.485383749     -0.199048176    
   2.09504236E-02  0.148232564      -2.32754909E-02
   4.53947261E-02  0.853417456      0.953293324    
  0.442980319      0.755315363      0.419377238    
  -4.67143059E-02  0.188700646      -1.88688822E-02
  -2.67213974E-02  -1.32561112E-02  -6.59947470E-03
 -0.945294499      0.310236722     -0.459912360    
 -0.452233970     -0.380071908      0.124841057    
  0.116013780     -0.128974438      -4.76277135E-02
 -0.714085281       2.72105765E-02 -0.327941209    
 -0.119822808     -0.425176352      0.722101033    
   1.28364768E-02   3.02688666E-02  -6.45742714E-02
   6.21339539E-03 -0.101460978      -5.35523035E-02
  0.555894256      -3.35203968E-02  0.681828201    
 -0.114565879      -3.95425111E-02   7.09923729E-02
  -5.30533344E-02  -7.66399596E-03  0.101496615    
 -0.243215889      0.102627799     -0.231845379    
  -1.48369825       1.16498088E-02  -1.02246118    
  0.195694208      0.360587835     -0.670253575    
  0.111794412      -4.51538377E-02   3.67642716E-02
 -0.179374278       3.89177501E-02  0.177039608    
 -0.373092353      0.133255497     -0.195013449    
   1.70025136E-03  0.305696726      -4.46699858E-02
 -0.999910474      0.308030188     -0.239257485    
   1.39670894E-02 -0.164212704      0.234868720    
 -0.680477917       1.66936409       2.23357701    
 -0.191602200     -0.237127036      0.175910324    
  0.154124722      0.258492738       2.35654553E-03
  0.258994520     -0.340481251      0.184917837    
  -6.98803342E-04   9.42375138E-02 -0.447936296    
  0.260497332     -0.565849900     -0.400172621    
  0.130142942     -0.370817095     -0.164289623    
  0.365880460     -0.493075818      0.571792662    
   2.09723786E-02 -0.174639583      0.270018607    
   7.66649470E-02  0.208878458      0.565118968    
 -0.212024152     -0.264977187      0.362676024    
  0.118072979      0.256328821     -0.262878984    
  0.533088803      0.559928656      0.281294733    
   7.01668337E-02  -3.91139984E-02  -1.43902181E-02
  0.443157792      0.281775713      0.738330066    
   7.29280291E-04   6.50567859E-02 -0.233780846    
   1.91496685E-02  -1.02346847E-02  -1.82876810E-02
  -2.28571668E-02   1.03134634E-02   1.59719270E-02
  0.207186699     -0.297918081      0.158837035    
   9.12811458E-02  0.196828470      -5.39028049E-02
   9.73204002E-02 -0.556336641      -4.46459837E-02
 -0.966633797     -0.212331906      -9.82864425E-02
   2.82841362E-02  0.231770530       4.93605658E-02
 -0.346278369     -0.404936880      -8.45464820E-04
 -0.396193355      -7.72679299E-02 -0.126966730    
   3.01903710E-02  0.115306020      -5.97195700E-02
  0.292110980      -2.60356944E-02 -0.299766123    
  0.287375420     -0.792569935     -0.182833880    
  0.393601745       7.09343329E-02  0.363170445    
   7.47993290E-02  -2.29916219E-02   7.43560195E-02
  0.813875914     -0.638717473     -0.186618760    
  -3.00778542E-02  -4.19444405E-03  -1.29221156E-02
 -0.460694879       2.50078132E-03  0.325410515    
 -0.352887332       2.38403827E-02 -0.147348329    
  0.329541236     -0.106140666     -0.330142587    
 -0.655398369      0.218802109     -0.435069919    
  0.379443049      0.905208766      0.450397044    
  -2.52471976E-02   2.16671340E-02 -0.108427629    
  -7.35327080E-02  -7.33323321E-02  0.163444579    
  -9.34652835E-02 -0.122462794      0.433711648    
   8.74756500E-02  -3.14559713E-02 -0.195181414    
 -0.212561667     -0.263950795      0.208545402    
  0.297223806     -0.460955858      0.436679214    
  0.338903427      0.292858511     -0.251349181    
  -1.27920508      0.119616538     -0.496595889    
 -0.384451151     -0.207653284     -0.249823123    
 -0.191814244       2.41285414E-02  0.119828433    
 -0.221335709      -1.32924155E-03  0.199575990    
  0.195798829     -0.267929107     -0.134155348    
   4.20421548E-03  -9.36142169E-03  -3.63973677E-02
   4.88554779E-03  0.180933565      -4.66088131E-02
  0.219322279       1.34081876     -0.193686098    
   3.52527797E-02  0.129610807     -0.371312737    
 -0.129739866     -0.111997977     -0.127360836    
   6.68357536E-02  -2.54021194E-02  0.250646770    
   8.33114758E-02   3.81978489E-02  -9.27110240E-02
 -0.218458429      0.435599566      0.110489480    
 -0.144485965      0.157252133       4.65048477E-02
 -0.757602632      0.219757006     -0.128781483    
 -0.685215056      0.177127019       7.31639639E-02
  0.105796047       2.64518932E-02  0.345671237    
 -0.399618179     -0.288761258     -0.263457656    
  -9.45864171E-02  -6.40011020E-03   5.53746782E-02
   5.42462524E-03 -0.248630017       8.16584975E-02
 -0.142537966      -2.63104364E-02 -0.211956620    
 -0.217229888     -0.364119053      0.504284382    
   9.36059058E-02 -0.158137098      0.149699122    
 -0.120341621      0.280286700       6.01947680E-03
   4.23818082E-02 -0.519631445      0.161066771    
  0.257626623     -0.942841232      0.591459036    
 -0.170103461     -0.263221592      0.428662241    
  -9.13273841E-02   1.20540308E-02   1.22414734E-02
  -6.71425983E-02  -8.23034570E-02  0.873039603    
  -8.03430974E-02  -9.11422670E-02  0.190449774    
 -0.717840672       4.78545614E-02  0.376625419    
  -7.07977489E-02  -3.35157886E-02  0.136246026    
  0.103726439     -0.407109052     -0.115055941    
  0.219907045     -0.572138429     -0.552420795    
 -0.306507945      -1.75926185      0.364889979    
   3.09300423E-02 -0.178963050      0.112098575    
  -8.50934386E-02 -0.137203068     -0.116949230    
  0.589075208      0.478189915     -0.353454381    
  0.190457448     -0.651976109      0.854538023    
   1.09895444     -0.553830564     -0.249883324    
  0.233260766       1.36765015       1.23333025    
   6.24770224E-02 -0.184816688       4.68608588E-02
   5.40699735E-02 -0.712361276     -0.444719046    
  -7.36404136E-02   9.17011648E-02  -1.76992752E-02
  -4.23942991E-02  0.623667002      0.928137362    
   7.42800534E-02  0.266937226      0.133844286    
  0.212202877     -0.158516437      0.195528194    
 -0.122915849       1.05142820      0.321928471    
  0.324072272     -0.194442511      0.545631588    
   4.47214656E-02  0.216906533     -0.296471834    
  0.396198601     -0.480520368      0.624747157    
   1.83620602E-02   8.19770321E-02 -0.434489071    
  -2.09061299E-02 -0.305264592       1.31547321E-02
  0.364632368      0.102195799     -0.697897077    
 -0.436946750      0.181357339       9.27880779E-02
  0.122375876      -7.87236914E-02 -0.222594872    
  0.239562079      -6.44227564E-02  0.312026918    
   2.97487527E-02   3.32272090E-02   5.08645289E-02
 -0.216676623      0.236711621      0.119055629    
   6.23361357E-02  0.354638964     -0.445189476    
   4.91133295E-02 -0.182482585      0.499667048    
 -0.389892161      -1.05923927      0.643542647    
  -1.11293232      0.510563791       9.65703558E-03
  -4.50968035E-02 -0.443634987      0.344107658    
 -0.250651985     -0.188650250      -6.95806518E-02
  0.136840299      -5.53507321E-02  0.544617116    
  0.150885627      -8.84505808E-02  -2.28340141E-02
  -3.76045145E-02   5.67288361E-02  0.105145022    
  0.167888179     -0.466427952       1.17389250    
  -4.34397697      -1.02078629       2.15098429    
  -7.88247362E-02  -1.24171386E-02  0.137866154    
  -1.74672958E-02 -0.128749803      -4.89009172E-02
  -5.84954545E-02 -0.176032513      -8.31783563E-02
 -0.474022985       2.38066595E-02  0.116842948    
   2.86191069E-02 -0.786777794      0.792038620    
  0.255110741       5.27528748E-02 -0.107642129    
   7.70277455E-02  0.116803296       9.38976631E-02
  0.111835442       3.91617641E-02  -8.43900517E-02
 -0.542111337     -0.827996194      -1.15442502    
  0.417639494     -0.276949465      0.563863695    
  0.657718301       5.77608123E-02  0.221588820    
 -0.194820255     -0.618190169      0.860439718    
 -0.439808339      0.410696417     -0.171153039    
  0.153702646      0.101802170      -1.87501349E-02
  0.604887187      0.226817772     -0.162188455    
  0.433095932      0.380499631     -0.474880844    
  0.317098439     -0.370898783      0.136758968    
 -0.622661173       1.19926143      0.555329025    
  -2.87923105E-02   8.54149461E-02   8.34324658E-02
   4.07845862E-02  -1.11053307E-02   2.60714442E-02
 -0.407897800      0.208835170      0.158197805    
 -0.690606415      0.238813430      0.439122647    
 -0.742949963      0.153843299      0.953246474    
 -0.115741491      -1.96842626E-02 -0.209313080    
 -0.377090663     -0.424507111      -6.23619445E-02
 -0.626433969      0.732195318      0.617778718    
  -7.80088156E-02  -6.19923472E-02   4.77595553E-02
 -0.686584234      -1.24390972      0.520586252    
  0.114069894      0.482145667     -0.485118628    
 -0.175870493     -0.354472965      0.216656983    
  -1.06308060E-02  0.655045390      0.418595642    
 -0.792752683     -0.208433270     -0.135512874    
  -4.85163257E-02  -9.03090984E-02   3.23266387E-02
  0.626020789     -0.101782441      0.900310814    
  -5.15316129E-02 -0.321667910       3.30008706E-03
  -1.20485485     -0.937496185      0.186580136    
   5.26702665E-02  -2.17953436E-02  -3.56309116E-03
  0.331992030      -5.70628904E-02 -0.290330350    
 -0.119485587       3.98276448E-02  0.104354635    
 -0.132752672     -0.217417926      0.146113858    
  0.129520789     -0.169763073     -0.289884657    
 -0.131844491      -9.16034728E-02 -0.114410639    
   5.62354326E-02  0.207812086     -0.351102382    
  0.991419852       2.15910292      0.941853523    
   9.91278440E-02   9.00789350E-02  0.255007356    
  -6.79509193E-02 -0.197135523      -6.02382235E-02
   1.55634014E-02 -0.154566035      -4.91057709E-02
  0.519925952       7.11605772E-02 -0.336398572    
  -2.60738358E-02   2.80366633E-02 -0.167416781    
   2.46449783E-02 -0.551641107     -0.115481436    
 -0.150514871      -4.33701724E-02 -0.163613796    
  0.155492648     -0.640290439      0.391013354    
 -0.290294617      -3.62926945E-02 -0.180583343    
 -0.425704211     -0.482390076       1.08980143    
 -0.126994208      0.346833020      -4.50387821E-02
   6.48798868E-02 -0.994369268     -0.213801458    
  -3.35294977E-02  -6.68484047E-02   8.23675618E-02
   7.52585754E-03   5.87737709E-02 -0.223905891    
   2.18634009E-02  0.579087198      0.197939172    
  0.110714972       8.31691027E-02  0.411985815    
   1.44471025      -1.03946996      -8.00332427E-02
  0.295075119     -0.466460049     -0.246234342    
 -0.276165038      -8.38766899E-03  0.206035152    
 -0.302446485     -0.310154796      0.268730909    
  0.180330887      -8.42183828E-02 -0.192535967    
  -4.37516570E-02 -0.341429800     -0.228129268    
 -0.717884660       8.54589343E-02 -0.304121256    
  0.291020930       2.98077222E-02 -0.521842659    
  -6.71185255E-02   3.39847850E-03  -4.36326526E-02
   1.72312814E-03 -0.127104878      -2.41612270E-02
 -0.148364216      0.192997247     -0.344701707    
  0.759962201      0.569740951     -0.471587181    
  0.118709616      -3.48638371E-02   4.55206335E-02
 -0.160653546       1.72488317E-02   4.51520011E-02
   3.35173756E-02  -8.10229629E-02  0.126245484    
 -0.243150815       9.98645574E-02  0.317898363    
  -6.64376318E-02  -8.44957829E-02  0.170790851    
  -3.20927799E-02   5.09322360E-02  -2.27300590E-03
   1.82237793E-02  -1.61907561E-02 -0.383635372    
 -0.213133663     -0.328260124     -0.336399913    
  -1.12910581     -0.100541234      0.890848637    
 -0.862397313      0.213306770       8.40096772E-02
 -0.416762114      0.304066807     -0.103239603    
  -1.14291143      -2.09444761     -0.625351727    
  0.127067775       7.62121230E-02   2.58755218E-02
  -9.63376313E-02   4.47810963E-02  0.159411907    
  -6.10950924E-02   2.38390062E-02   6.59240931E-02
   1.03828963E-03   2.02130023E-02  0.155281678    
 -0.313347071      0.401850700      -6.71085492E-02
 -0.198502362     -0.301796794     -0.316579670    
   8.47815946E-02  0.160726100       5.56819513E-02
 -0.861103237      0.348900825      -5.86959980E-02
 -0.154391095      0.208666906     -0.368281275    
 -0.196131870      0.193402663       7.09525496E-02
   9.24821645E-02 -0.263843149      -7.84463286E-02
   3.48698592       1.80524409      -1.49694204    
  -3.88697535E-02  0.906731606      0.691354573    
   6.02251776E-02 -0.547467530      0.100363694    
  0.107712060     -0.481875777      0.368656188    
  0.731383860      -7.73724243E-02 -0.570196986    
   9.84681919E-02 -0.261115760      0.144798055    
  0.193561390       1.55735239E-02 -0.181330875    
   6.94356412E-02  -8.46138969E-02   2.78378204E-02
 -0.427896619       1.80680230E-02 -0.153826311    
  -8.71726647E-02  -2.57384293E-02   3.70106548E-02
  0.525055349     -0.587155938     -0.218133122    
   7.14286277E-03   2.00313702E-02   6.83716536E-02
 -0.684913516     -0.136061043      0.291707009    
  0.149605796       8.27921927E-02 -0.240351588    
  -6.90756831E-03  -2.04752088E-02   7.53888190E-02
  -5.97962663E-02  -9.18648541E-02  -6.99745938E-02
  0.271285415     -0.707293332      0.103073552    
  -8.91776290E-03  0.224825010     -0.268869311    
 -0.548519850      -2.59146802E-02  -7.82821998E-02
  -4.78891879E-02  -5.90490289E-02   5.96117750E-02
 -0.123164952      -6.22719005E-02   4.63349000E-02
 -0.170198888     -0.430890948     -0.101119988    
   8.59063584E-03   4.82178926E-02 -0.390807897    
  0.102050647     -0.299562335      0.187134698    
  0.112761892       2.71710344E-02  0.136868298    
 -0.489793986       2.74324808E-02  -6.44733384E-02
  -2.98576001E-02  -3.99958193E-02  -2.37727184E-02
  -7.10592940E-02   1.27304947      0.120267548    
 -0.476555735     -0.193178505     -0.198549032    
  -9.06332657E-02   3.16718258E-02  -5.70040382E-03
  0.311020285      0.340562463      0.241066515    
   5.91504015E-03  -7.36019686E-02  -7.77667668E-03
  -1.51761210     -0.488118798     -0.854095042    
   3.29448693E-02  0.704380631      -5.46107069E-02
   8.14732462E-02 -0.342576504      0.345047086    
  -7.52301589E-02 -0.139401183       7.46505633E-02
  -5.31545393E-02  -2.00731009E-02   4.58740480E-02
 -0.359529197       7.72569999E-02  0.269600302    
 -0.157097712     -0.100613736       8.14567581E-02
  0.116610035      -1.30157480E-02  0.472938538    
 -0.767578244      0.157629535     -0.227927223    
 -0.169016153     -0.231963590     -0.540062547    
  0.231509820      -8.54687691E-02  0.300519049    
 -0.729860485     -0.238184556     -0.497002482    
   8.84489268E-02   2.23448537E-02   1.50187006E-02
 -0.350284994     -0.574297726     -0.295126170    
  -1.48005450      0.779528260     -0.153791636    
 -0.614389896     -0.109230161     -0.357912123    
   4.56273630E-02 -0.289151639      0.306065559    
  -4.71117646E-02   5.67960180E-03  -6.31468818E-02
 -0.250534803      0.161333114      0.130466446    
 -0.296058118     -0.132941663      0.140623152    
  0.255966842     -0.103700131     -0.304520041    
 -0.315106571       1.17576420E-02 -0.258967638    
 -0.296166927     -0.449803203      0.462395549    
 -0.191305846       6.93959221E-02 -0.223458380    
   3.20800394E-02  -5.29087372E-02   6.65307716E-02
  0.147589326     -0.121431515      0.364143014    
  0.242697239       3.09880693E-02 -0.116572574    
  0.221850336       8.33030045E-02  0.173987985    
  -1.04269576      0.244084418      -2.57217158E-02
   7.09842294E-02  0.184658259      0.131481588    
 -0.118385740     -0.676383317       8.27777162E-02
  0.716198266      0.361829102      0.167303503    
 -0.161288410       8.65267292E-02  0.470767289    
 -0.151456654       5.95302954E-02  0.159700438    
  -6.97094202E-02  -7.14142015E-03   3.74662429E-02
  0.192306608      0.291814893      0.145581380    
  -7.27272127E-03  -1.65303499E-02 -0.186165735    
  0.319245875      0.203622520       1.89173669E-02
   4.20438126E-02  -2.90170219E-02  -1.00937560E-02
  0.221891209     -0.431484133     -0.286600739    
  0.258494377     -0.431996644     -0.498338610    
  -3.37085202E-02  -3.81926075E-03   5.42444773E-02
 -0.764492512      0.437612981     -0.201102719    
 -0.647774577      0.277310610      -6.63201138E-03
  0.266179204      0.363205075      0.418991804    
  -1.89498179E-02  -1.39550161       2.75834440E-03
 -0.880770445       4.85875309E-02  -1.01526260    
  0.818687618     -0.641945601      0.795718253    
 -0.210196465     -0.401819021      -5.74708953E-02
 -0.232696176      0.149374187      -1.58189014E-02
  -4.88854274E-02 -0.455930829      0.131479144    
  0.150012240      -1.31307784E-02 -0.101464808    
 -0.176962987     -0.346531332      0.643963635    
  0.127522573       4.44359183E-02 -0.380770683    
 -0.332410038     -0.931004703     -0.815369666    
  0.319555312     -0.363616973      0.589722216    
 -0.553002536      -2.92142369E-02  0.348809510    
  -4.39516976E-02  0.198557258     -0.404792756    
  0.364236891     -0.978896141     -0.398521781    
  0.458873868     -0.251573205     -0.612401783    
 -0.759111941     -0.167703614      0.359201998    
   3.86709385E-02   1.48453210E-02 -0.157458887    
