 -0.296518087      0.150054604      0.798181832    
  0.157857999      -1.58702806E-02   4.31587249E-02
  0.106131978     -0.125865906      0.219071880    
  0.452109903     -0.410481095     -0.235423550    
  0.453600079      0.523056328      0.466071010    
 -0.196376473     -0.267222852     -0.241387293    
 -0.405804217     -0.635140479     -0.105211578    
   9.97178406E-02  0.133572161      -3.77421826E-02
  0.110603549      0.524792314      0.415156633    
 -0.242459640      0.834256709       5.81392832E-03
 -0.385586232      -3.31912339E-02 -0.128957719    
  0.448266864      -4.78262156E-02  0.291305393    
   4.01083604E-02  0.416907668      -4.15921621E-02
  0.585411668      -9.16006640E-02  0.630811512    
  0.495408148     -0.160034150      0.233791232    
 -0.464953333      0.418534011      0.243038774    
 -0.212305248     -0.514387786      0.181423247    
  0.198983148     -0.641689360     -0.376782298    
   1.70085039E-02   9.68279243E-02  -1.86413452E-02
  0.332280338      0.558925331      0.550327361    
  0.187505230     -0.251150370     -0.736637771    
 -0.195394218      0.577261984      0.486728460    
  0.363746345     -0.141377911     -0.494427919    
  0.371222496      0.296093404     -0.143806785    
  -8.21545441E-03   9.12897959E-02   9.94393043E-03
 -0.134072945     -0.482947320     -0.433669865    
  0.387893260     -0.239529639     -0.452781677    
   1.84970647E-02   1.93706769E-02   4.42840345E-02
  0.247172579      0.538697958      -2.62269340E-02
  0.109004483     -0.483974367     -0.138496280    
  0.251566440      0.154061258      -9.33696926E-02
  0.245777279     -0.538403928      -2.69124322E-02
 -0.522203624     -0.142917424       1.68557535E-03
   3.13157309E-03  0.125918806      0.121193752    
 -0.173815012     -0.417156458      0.240891203    
 -0.295952141      0.597571969      0.155990794    
  0.531429827      0.303913057     -0.484400123    
 -0.285797894      0.321621805      0.104602642    
  0.126301736      -9.47083905E-02  -1.86734591E-02
   8.01455881E-03  0.276031405      -5.32096252E-02
  0.456599891     -0.476206869     -0.404826999    
  0.546316504      0.539456069     -0.328788966    
   5.44781983E-02  0.303544343       1.79839914E-03
   8.04211199E-03 -0.612618566      0.195845857    
 -0.224369287     -0.266012758      0.597955048    
  -4.32185940E-02 -0.275781959      0.684616745    
  0.609802663      0.182027802     -0.415728271    
 -0.396209776     -0.281942427      0.184000909    
  0.303736895     -0.383447498      0.256739229    
  0.114742510      0.171434283     -0.240829915    
   9.25365835E-02 -0.412083089     -0.292394102    
  0.387554020     -0.563763857     -0.185717911    
 -0.852797031      -1.53261293E-02  -9.25676823E-02
  -9.55200717E-02  0.116898887      0.622318864    
 -0.219323009      0.262027770     -0.164411128    
  -6.83732284E-03  0.865710974      -8.73451605E-02
   1.65862013E-02  0.152241409      0.125219002    
   2.05586459E-02   5.65683395E-02   4.94382679E-02
  0.335889667      0.435132980      0.425354213    
  0.357624561      0.304127276     -0.613494039    
  0.235566467      -4.48374376E-02 -0.294446707    
 -0.433182299     -0.591843426      -1.00272261E-02
  0.537328243       5.75698577E-02  0.460088372    
  -5.48203513E-02 -0.122211874      0.486873090    
  0.314955592      0.374011487      0.546195328    
 -0.128715739     -0.168536395     -0.320400894    
  0.264122158      -2.56993007E-02  0.441643655    
 -0.643467247      0.264665723      0.454512924    
   9.47669074E-02 -0.205541924     -0.298526764    
 -0.380259335      0.332991779      0.703472495    
  0.554884076      0.109910175      0.114971116    
 -0.645074189     -0.499168217     -0.248715490    
   4.05569971E-02 -0.131392092     -0.366701931    
 -0.278315395      -8.03194195E-02 -0.136710435    
  0.436451465     -0.480604768      0.373133391    
   6.31731609E-03 -0.813448846      0.243008345    
 -0.427490860      0.520385563      0.351935029    
  0.241284594      0.517910421      0.132113591    
  0.307820529      0.162704423     -0.185728237    
   4.44317535E-02   1.67483985E-02  -1.26781166E-02
  -2.90958732E-02   5.01638651E-02  -9.61771905E-02
   2.42826156E-02   1.60550885E-02  0.107220992    
  0.192677751      0.179766953     -0.710672021    
  0.448184639     -0.522167802     -0.395766467    
  0.136716679      0.402437717     -0.420682937    
  -9.89059806E-02  0.780363023      0.163499892    
 -0.498921990      0.601822019      -4.49056365E-02
  0.341282666      -2.94738654E-02 -0.558872819    
  0.756492794       6.60015270E-02  0.366072059    
 -0.125783190     -0.278095663      0.512382030    
  0.215163156      0.393299788     -0.517346084    
  0.737875879      0.323221773     -0.225782365    
 -0.233532056     -0.597541571      0.320368111    
 -0.129221633     -0.669008732      0.267420650    
 -0.267479807     -0.354488164      0.352165699    
 -0.119299516      -8.48718584E-02  0.856760800    
 -0.316535115     -0.449422061     -0.116418771    
  -4.74277884E-02  0.285744697      0.462275296    
  0.501973689      0.350448072     -0.475025326    
 -0.272057801      -1.63461734E-02   6.63122460E-02
  0.536150992     -0.481888056      0.449373871    
 -0.771139920      0.335246056       8.87506157E-02
 -0.485537916      -6.58475235E-02  0.446732700    
  0.243837684     -0.208123416       2.21377308E-03
 -0.546257734     -0.330730915      0.469012141    
   7.57732615E-02 -0.163828626      0.468827188    
  0.322157353     -0.634921193      0.333369076    
  0.471979171      0.442739964     -0.175566018    
  0.696763515     -0.251195043       5.86835891E-02
 -0.720998108     -0.274479687     -0.423742503    
 -0.732157469      0.262249768     -0.321475118    
   3.91589068E-02   2.11469270E-02  -3.67206521E-02
  -8.73718485E-02 -0.130971909      0.360315889    
  0.532604456      0.493548512      0.407025427    
  0.309525877      0.129358158      0.379705906    
   5.62938713E-02  0.322696567       1.16897076E-02
  0.117609821       2.05120184E-02  -2.79299561E-02
  0.478342116       7.58595914E-02  -9.26347002E-02
 -0.772501707     -0.279598027      -8.46601352E-02
  0.515179753     -0.198493913     -0.643816590    
 -0.310392082      0.100209981     -0.702029824    
   1.81149840E-02  0.186176166     -0.737400353    
  0.195121288      0.241238207      0.132987261    
 -0.323980451      0.761473000     -0.172346443    
   8.76666456E-02  0.159002528       3.98564823E-02
  -4.72052656E-02   1.43807968E-02 -0.471477300    
  0.142569795      0.719361603      0.160213202    
  0.590643346     -0.408075660     -0.501551807    
 -0.458718508       9.69649851E-03 -0.241618693    
   3.54833938E-02   8.39358568E-02 -0.801475763    
  0.378936738      0.313701808      0.317423552    
   7.86624290E-03 -0.614515960      -6.97818771E-02
 -0.733403385      0.376357913      0.284554780    
 -0.169058084     -0.790823758      0.132529765    
 -0.352556944     -0.235147193       2.82682888E-02
 -0.237355724     -0.581193805      0.418747157    
  -8.80147666E-02  0.404970586      0.573472738    
  0.213175043      -4.81865965E-02 -0.447394133    
  0.162512451      0.271248221      0.421805441    
 -0.616129220      0.198941872     -0.306308299    
  -7.65104964E-02  0.320025891      0.645712793    
  0.451846600     -0.214355379      0.221636221    
   9.24771577E-02 -0.112070732     -0.216096163    
  0.255663425     -0.193978027      -3.62895727E-02
  0.315143079      0.441161454      0.155267879    
 -0.779737234      -8.68936852E-02   5.84056377E-02
 -0.143900990       4.96712001E-03   2.81896126E-02
  0.166399434     -0.408017576      0.196642846    
  0.517088592      0.160496578      -4.42218594E-02
  0.106060483     -0.415780425      0.412128031    
  0.323204100      0.125264466      -8.73840824E-02
   4.93965037E-02  0.329890430      0.765494168    
 -0.545886636     -0.114949271      0.133755028    
  0.209030613      -2.71557681E-02   5.46529889E-03
 -0.588217437      0.249486342      0.554846108    
  -7.83351138E-02 -0.123576902      0.350552201    
 -0.210732117      0.399657637     -0.125748813    
  0.212022707      0.606783807      0.439396888    
 -0.560362458      0.136510208      0.583256960    
  -3.03458404E-02  -2.62575923E-03   6.42488003E-02
  -5.28039336E-02  -9.35215950E-02  0.207891628    
 -0.153295904      0.200439826      0.812315524    
  0.512334824      0.402987778      0.491859406    
   2.18302645E-02   8.49650204E-02  -1.45820137E-02
  0.352503449      0.178147763      0.230996653    
  0.157012105      0.198217571      -3.82510684E-02
  0.149033129       1.96933560E-02  -1.41368555E-02
 -0.644453704     -0.479430467       8.69587958E-02
  0.728578627      0.480309784       1.35364542E-02
  0.107625186      -5.74022308E-02 -0.227321208    
  -4.77136709E-02 -0.326116532      0.796864688    
  0.179541171      0.404592156      0.706643462    
  0.179402143     -0.545058191     -0.630317628    
  0.383994401      0.320300996     -0.646870911    
   8.61339718E-02  0.222599551      0.584410489    
 -0.718409717     -0.341935188      0.355888128    
  0.386224270     -0.272516072      0.545365751    
 -0.524276853      0.637865186      0.169405177    
  0.448965847     -0.480487585     -0.584572077    
  0.361706585       3.55718546E-02  -4.67981584E-02
   9.44996029E-02  -6.31229654E-02   3.01306397E-02
 -0.374760419     -0.287144899     -0.582647800    
  0.216188207     -0.329040617     -0.362176985    
 -0.225507438      -4.35203575E-02 -0.213025004    
  0.224007264     -0.583018064     -0.503956616    
 -0.793514848     -0.142403662      0.340512514    
  0.383289099      0.283450335      0.198352769    
  -2.46217959E-02  0.537932813     -0.212495252    
 -0.524772346      0.426355571      -8.46508332E-03
   8.56681913E-02  0.133491457     -0.641328931    
  0.138411909      0.338136703      0.333046973    
  -7.01123253E-02  0.486401528     -0.509867966    
  0.262456954       4.63254638E-02 -0.724860430    
 -0.588476002     -0.326218426      0.500162363    
 -0.348719150     -0.255335271      0.206907287    
  0.167947292      0.208866134      0.558830798    
   2.25009322E-02 -0.419751078     -0.231094047    
 -0.406472802     -0.535453975      0.454356939    
 -0.219016567     -0.137184143     -0.605902970    
 -0.284167320      0.257320076      0.129580468    
 -0.566554308      0.445906550      -6.06480539E-02
 -0.833706558     -0.220397398      -8.80816020E-03
  -1.56475371E-03  0.467632860      0.231593162    
 -0.718681514      0.335131556      0.162859812    
 -0.102730781       1.51647162E-02 -0.104169630    
  0.218431592      0.298568904     -0.394145221    
  0.537073374     -0.230640069      -2.16795364E-04
 -0.157526985     -0.117625624     -0.857811809    
  -3.30851908E-04   5.51075898E-02 -0.702970743    
 -0.389423013     -0.614511907      0.818610251    
  0.406547040     -0.289734125       3.86092290E-02
  0.277034551     -0.363386899      0.592203081    
  -1.64239146E-02  0.125544816      0.735722661    
  0.523871124       4.93201613E-02  0.123775534    
  0.487918079      0.451483816      0.196987778    
 -0.299740106      0.313817859     -0.263555199    
  -1.25693623E-04   9.57288668E-02   1.64249931E-02
  0.436492264      0.147465542     -0.616451263    
 -0.647194922      0.249362916     -0.184046879    
 -0.222565264       6.67511374E-02  0.243738592    
 -0.259800136     -0.315003306     -0.664212108    
  0.738906085      0.401131362      0.272240788    
  0.372618586     -0.507266879     -0.418368936    
 -0.644257069     -0.157522678     -0.251173884    
 -0.240604162      0.346528918     -0.342504084    
 -0.419794828      0.612659812     -0.202566698    
  0.387890577     -0.624630749       1.79805234E-02
  0.591660798      0.245744586     -0.380549669    
 -0.109149687     -0.518318653     -0.255907476    
  0.218850642      -3.06142196E-02   6.05360009E-02
   9.06102173E-03  0.131409273       7.68044665E-02
 -0.199631810       3.53743061E-02  0.187979400    
   1.62083991E-02  -4.73305769E-03   2.41010264E-02
 -0.796739638      -7.84440115E-02  0.236879408    
 -0.659270346      0.197454765       9.34372935E-03
  0.683962941      0.182020396      0.230076507    
 -0.142673656      0.125586763     -0.178081661    
  0.147451818     -0.118181258     -0.128324240    
 -0.262565613     -0.638860226     -0.350860387    
  0.318324089      0.477537006      0.464391142    
 -0.492679358      0.126065463      -1.43258581E-02
   6.25560507E-02  0.404206455      0.676032245    
  0.701565027      0.282140195      -9.54176188E-02
   4.97110328E-03   8.91996175E-02  0.134395182    
   8.32458958E-02 -0.776295304      0.297759712    
  -1.95271138E-03 -0.353178352      0.326015860    
  0.396027684      -6.24749735E-02   2.90534422E-02
  0.517806232      0.222499356       7.12723508E-02
  -9.49584693E-02  0.241350725     -0.395721227    
   5.66636100E-02  -6.95502339E-03  -5.76661453E-02
  0.215450287      0.643747866     -0.526867628    
   1.70108639E-02  -1.13263298E-02  0.125421330    
 -0.112597518      0.438299686     -0.248936266    
 -0.577240527     -0.400031060      0.381755412    
 -0.332193285      0.255371988     -0.360061228    
 -0.565337002      -3.89262475E-02 -0.551730931    
  0.140064701      0.131703570      -2.69595273E-02
   1.98905449E-03   9.97021794E-02  -4.68629040E-02
   2.29142439E-02  0.565491080     -0.445970088    
 -0.582260668      0.188212842     -0.270279527    
  0.799343824       9.91071388E-02 -0.276532978    
 -0.257947832     -0.104326345       4.12819274E-02
   7.61660710E-02  0.467359394      0.553876698    
  0.245396674      0.534863353     -0.263063908    
 -0.387722284      0.273552865       2.82943416E-02
   8.56526545E-04   8.58874023E-02  -4.47067320E-02
  0.447168052     -0.169711769      0.172056645    
 -0.160714462      0.325778276     -0.668885827    
 -0.500991881     -0.538917124      0.388540983    
   8.62406194E-02  0.347766399      0.286507845    
 -0.381108701      -7.53783658E-02 -0.151848659    
  0.235482320     -0.179873347     -0.501686692    
  0.344940037     -0.688393235       6.42680824E-02
 -0.297416389      -8.01908523E-02  0.240635857    
  0.560552120     -0.516719043      0.147090867    
 -0.576879382     -0.300412744      0.390113413    
 -0.616933346      0.311243832       4.38582040E-02
 -0.249693424      0.620712996     -0.520029783    
 -0.531959534     -0.576128960      0.141319707    
 -0.354125857      0.659648299      0.356024474    
 -0.400025874     -0.818649948     -0.546870589    
 -0.290491402     -0.354506254     -0.222984701    
  0.205637455      0.650284410      0.143518806    
  0.611933172      -4.63078078E-03 -0.569055021    
 -0.138859436      0.817732930     -0.268138081    
 -0.179685682      -7.69536057E-03 -0.359969765    
   2.61163563E-02  0.115333520      -3.42344120E-02
  0.179935306     -0.167846695       7.46848211E-02
 -0.482075781      0.591414750     -0.167031541    
   3.05709019E-02  0.842758000       4.18790206E-02
 -0.435310006     -0.465369880      0.183778524    
 -0.243445218      -2.97104008E-02  0.727325141    
  0.721784890       8.93765762E-02   9.94963944E-02
   5.36980145E-02  0.301424325     -0.188594043    
   2.22477298E-02  0.101013452      -2.85809934E-02
 -0.641992688     -0.304039031     -0.386651903    
  0.284048080       1.18966671E-02 -0.515911996    
 -0.224966168      -9.82307270E-02 -0.523259938    
 -0.150123984       2.99457870E-02  0.672541499    
  0.100586802      -6.66872412E-02  -5.53905107E-02
 -0.487329245     -0.372074246     -0.294938177    
  0.606071949      -1.29161756E-02  0.243502766    
 -0.318839222      0.137439638      0.228582278    
  0.220854670     -0.167368695      0.289296687    
  0.492843509       9.66439098E-02  0.291079551    
  0.501006722     -0.510182440     -0.557308435    
 -0.144130245     -0.602712393     -0.568921685    
 -0.154417470      0.451311946      0.358638525    
  0.166439101     -0.665544212      0.333233833    
  0.152791396       5.74236549E-02   1.24600707E-02
  0.158872873      -1.13988202E-02  -3.60294171E-02
 -0.261040688     -0.167228162      0.382905990    
  0.453311175      -6.32101996E-03  0.211034283    
 -0.297976583     -0.211437970      0.413322061    
  0.319649607       8.84443745E-02 -0.798852742    
 -0.317169487      0.538889706     -0.189431533    
  0.429127663      0.192219287      0.311785519    
 -0.370066911     -0.539871514     -0.450335294    
  0.131324053      0.302811414     -0.452303380    
   9.23539400E-02 -0.809823811      0.165437192    
  0.554041088      0.151534900     -0.576816857    
   3.81365418E-02  0.132847920      0.446296364    
  0.190547213       1.08171310E-02  0.180924043    
  0.293940693     -0.685754359     -0.277345657    
 -0.253189415     -0.470458359     -0.291474402    
 -0.278889358      0.139279306      0.179071382    
  0.158310711      0.638835907      0.443572730    
 -0.110807247      0.494142383      0.199842408    
 -0.440284699      0.532457590      0.271393597    
   8.73820037E-02  0.262377858     -0.463869035    
   4.04813737E-02  0.235631168      -5.75566962E-02
  0.367733836      0.124776199     -0.299310565    
 -0.337855041     -0.629880190     -0.299250007    
  -5.32282554E-02 -0.698369980      0.215628475    
 -0.542026699      0.596062243     -0.106075592    
  -7.68403336E-02  0.163908899     -0.211951673    
   4.17687632E-02  -4.42872830E-02  0.481854409    
  0.160756603      0.401058376     -0.578864992    
 -0.406684786      0.609336555      0.186648756    
   6.08751290E-02 -0.349287242     -0.253744155    
  0.130190223     -0.482904464     -0.720678031    
  0.600473940     -0.550552368      0.205965191    
 -0.167478278     -0.401775718     -0.687672257    
  0.341408640      0.176046699      0.336748391    
  0.147195414     -0.172265396     -0.364523262    
 -0.250200212      0.369631112      0.221711516    
  0.514987886      0.348766923      0.458242923    
  0.180083722      0.364350349     -0.680081964    
  0.116378285      -5.24723306E-02 -0.226855889    
  0.424856126      0.116022944     -0.750122428    
  -1.65728945E-02   3.51897627E-02  -9.16769654E-02
 -0.174116194      0.524648428     -0.322301865    
 -0.112702280      0.661034286      0.159203559    
   2.88715493E-02   3.26747932E-02   6.50661588E-02
  0.110984936      0.474992365     -0.209801674    
   1.73083115E-02 -0.484113067     -0.575695992    
  0.603677452       2.10613683E-02 -0.383965075    
   4.78410162E-02  0.152284592     -0.252083838    
  0.197760969       6.83411881E-02 -0.615583420    
 -0.269625932     -0.735433400      0.184997410    
  0.327438384      0.288913071      0.291615635    
 -0.220890760      0.139156148       4.23623882E-02
 -0.113847397      0.148737624     -0.424854964    
  0.497261584     -0.505926490      0.449059308    
  0.458573431     -0.263182282     -0.444576532    
 -0.410480976     -0.327454597      0.204715490    
   7.58338645E-02  0.689993739      0.443775475    
  0.122387849      -8.21112022E-02 -0.428246111    
  0.265214205      0.192592964      -6.76575229E-02
  -1.04303015E-02  0.422627419     -0.389200807    
  -2.50326879E-02 -0.259210914      0.245775849    
 -0.793367147     -0.319479823     -0.154244781    
  0.117003225       5.28391544E-03 -0.320735931    
  0.347660542      -8.61671120E-02  -8.44961777E-02
  0.572997034      0.553667247      0.298220038    
  0.181233078      0.402433872      0.752374589    
   4.77219410E-02   4.42749858E-02   2.55159102E-02
 -0.314418405     -0.172964260      0.603595316    
  -5.42337745E-02   3.42612453E-02  -2.80841179E-02
  0.104619019     -0.113683775      0.275658637    
  0.195351198     -0.668690443     -0.190641910    
  0.590007305      0.205042705     -0.330238640    
  -7.45512396E-02   6.26001358E-02  0.331442565    
  0.140635207      -9.25250575E-02 -0.243951440    
 -0.403243572      0.108854003      -8.57575983E-02
  -6.41298220E-02  -9.68575180E-02  0.197035491    
  -1.24307126E-02   3.60343978E-02 -0.105933569    
 -0.529238403     -0.412754327      -7.36097842E-02
  -7.11917356E-02  0.153511614      -3.78762819E-02
  0.144363105      -9.50440466E-02 -0.414335430    
  0.176332906      -7.03468174E-02   7.70460218E-02
   1.24506643E-02   1.05115995E-02 -0.145795584    
  0.128638864     -0.157984391      0.253853858    
 -0.112521768      0.244540840     -0.695781350    
 -0.315379441      0.340214401     -0.475541800    
   6.47953898E-02   2.36785114E-02  -3.02484632E-02
   1.09930325E-03  0.407683611      0.185792357    
  -3.33525091E-02   4.79411706E-02 -0.174447045    
 -0.675145328     -0.236974895     -0.424250960    
  0.301791459     -0.237071842      0.154387966    
  0.141197577      0.185542271       5.65042906E-02
 -0.424555361     -0.644516230      -8.89309719E-02
 -0.168112129     -0.311295897     -0.310463279    
   5.66380518E-03 -0.285613716      0.159625411    
  -4.07595597E-02  0.142891049      0.414474875    
  -7.52735287E-02  0.614222229     -0.426452219    
 -0.295919031      0.241250142     -0.666067541    
   4.18184996E-02 -0.868044436       4.57349755E-02
 -0.749549389      0.232227236     -0.374146700    
   4.62640822E-02  -2.86935382E-02 -0.833474815    
 -0.260579318     -0.133952245       6.74299821E-02
  0.442434847      0.603941321      0.129277036    
  -4.35716137E-02  0.308917463       1.88195379E-03
  -4.77027521E-02   7.79850632E-02 -0.474221230    
  0.282446057      0.112991713     -0.795445502    
 -0.384905547      0.484441578      0.302567095    
  0.341793329     -0.568825424     -0.460880041    
 -0.685029030      0.224285662      0.228015050    
  0.191081062      -6.40948936E-02 -0.114657603    
  0.721135676      0.271271914      0.153621897    
  0.446895182      0.267116994      0.251820177    
 -0.573236167     -0.557981789      -3.29221562E-02
   3.01263258E-02   9.56615135E-02  -1.98474433E-03
  -2.56744716E-02  0.731637657     -0.357147336    
  0.352279246     -0.256303459      0.668370008    
 -0.485169888      0.343029052     -0.193449140    
 -0.175338000      0.257953972     -0.105455525    
  0.710643888     -0.425173312     -0.129454404    
  -6.82915449E-02  0.319365233      0.474507749    
  0.729412615      0.308471471     -0.126474798    
 -0.514222860      0.418170512      0.315015286    
 -0.229748353     -0.349119693      -6.96190223E-02
   2.65318882E-02   4.67894040E-02  -7.27975890E-02
 -0.216806039      -1.88346803E-02   3.59866507E-02
 -0.419849485     -0.633671224     -0.102502942    
 -0.383417815     -0.181274518     -0.526533723    
  0.331864178     -0.215991944      0.365181804    
 -0.318034470     -0.565719783      0.545092344    
   4.32593413E-02  0.239921182     -0.700194001    
 -0.703837872      0.446877688      0.242382273    
  0.583187580     -0.310440689      0.407386333    
 -0.223532304      -1.86543856E-02  0.640078664    
 -0.152874231      0.126952782       9.73175764E-02
  0.260965496      0.576164663     -0.262431771    
  0.107806742      -4.37202528E-02  0.585109949    
  0.203635082      -6.48326278E-02 -0.130194589    
 -0.270294756     -0.219924286      0.152733952    
 -0.328012019      0.622624457      0.367619336    
  -7.64669701E-02 -0.604923487     -0.367655367    
   4.90576662E-02 -0.831130922      0.287027568    
  0.677664936     -0.307969093      0.326288819    
  0.120869271     -0.226495415       9.64671597E-02
   3.71191017E-02  0.113514088       5.43814488E-02
  0.249990031     -0.681128561     -0.120687872    
  -9.72194076E-02 -0.187332243      0.435344428    
  0.343707919     -0.412275314      0.551388979    
  0.298119724      -2.71922275E-02 -0.703219295    
  0.194686189     -0.506472170      0.653106928    
  0.154374957     -0.143665373      0.429100394    
  0.145184562     -0.136782706      0.155193076    
  0.285103738       6.54672235E-02 -0.175741479    
  -3.95062305E-02  0.128481179      0.691971183    
 -0.202748939     -0.359968722      -4.50829156E-02
  0.464753658     -0.200871363      -2.64018141E-02
  0.672752500      0.402749985      -7.47666061E-02
  0.260318100      -9.91385207E-02  0.763084114    
  -8.14759210E-02   8.10548887E-02   1.19431224E-02
  0.738923132      0.345848411     -0.102428459    
   7.77872875E-02   4.30819839E-02  -2.52456404E-03
  0.709417582      0.111662246     -0.316623658    
 -0.384344965     -0.349895954     -0.270138919    
  0.159892574      0.291435748      0.180712447    
  -8.07935894E-02 -0.451206028     -0.543851972    
   5.72163500E-02  0.670795560      0.427934110    
  0.295868635     -0.501291037     -0.470286071    
  -1.24665834E-02   7.28129447E-02 -0.430048466    
 -0.555311322     -0.339083314      0.413454801    
  0.695762575       7.78162703E-02  0.443210483    
  0.534983575      0.222902104      0.522818208    
  0.641452610     -0.306769848      0.420151174    
  -7.69432113E-02  -8.75587836E-02 -0.254520029    
  0.728892863       7.51746520E-02 -0.218276516    
  -9.00675878E-02  0.135473490      -6.07970543E-02
  0.336832970      0.621665895     -0.212462321    
   2.07414310E-02 -0.360845327      0.493551314    
  -3.45444307E-02  0.313451350     -0.726497114    
  0.200657830      -5.41160591E-02   5.22550615E-03
 -0.259636343      0.653949320     -0.311206341    
 -0.155567452     -0.186421007      0.457102090    
  -1.03478897E-02  0.178836346      0.175560474    
  0.650746167      0.439754128      0.311896652    
 -0.471493036      -1.61801949E-02 -0.619933128    
   2.18518861E-02   6.20501786E-02 -0.204641759    
  -6.15326269E-03 -0.670452058     -0.338701308    
 -0.298078626      0.307915807      0.629576623    
 -0.692440271      0.140499964     -0.122306727    
 -0.758187950     -0.227018923       3.63350846E-02
 -0.236332253      0.656081200     -0.321316570    
   4.68230359E-02 -0.248836309      0.139012784    
  0.124196030      -8.48082826E-02  -6.74292585E-03
   6.47153407E-02  0.319998682     -0.224898472    
  0.288739324     -0.114464477     -0.308946729    
  0.111835726     -0.394177109      0.238964379    
  -6.42870814E-02 -0.282919586     -0.730165780    
 -0.183056146     -0.190090448      -8.32044706E-02
  0.120389201      -7.08238930E-02  -6.39184639E-02
 -0.307188869     -0.452328295      0.593603075    
   3.93629186E-02   1.11705437E-02 -0.513032258    
  0.329777420     -0.294306606      0.305683076    
  -6.63308874E-02 -0.470891893     -0.554137647    
 -0.207482621      -8.13301280E-02  0.283270955    
  -8.52325186E-02 -0.348948777       3.05923149E-02
 -0.224380612      0.477418423      0.619724214    
 -0.262376904     -0.572866619      0.295582891    
  0.193569884     -0.542764068      0.728040755    
  0.403294563     -0.382717520     -0.171715155    
  0.114274696     -0.267295688     -0.508340776    
 -0.491199940      -8.21577162E-02 -0.289092422    
  0.139919713       4.85991947E-02   5.34233544E-03
  -5.78332804E-02   3.71364318E-02  -9.40773934E-02
 -0.182145536     -0.760458887      0.207435980    
  -7.38891074E-03   7.68165737E-02  -9.16589610E-03
  0.219866633     -0.163218662      0.102289937    
  0.527567148      0.566947699      0.171781719    
  -7.53097609E-02  0.297279030      0.799913287    
  0.160872966       6.96299132E-03  -2.75200307E-02
  0.193805978      0.648841083      0.488226384    
 -0.386191845      0.196926475      -7.37412870E-02
  -2.57710889E-02 -0.454695702      -5.81721403E-02
  -4.16424824E-03 -0.342859209      0.306256026    
  0.302176684       7.09903836E-02  0.750405371    
 -0.346792549      0.250715584      0.217031583    
 -0.278784037     -0.333758861     -0.115265802    
  0.515930712     -0.419521660     -0.381928951    
  0.335500181     -0.314418107     -0.643324375    
  0.222011477      -1.93988276E-03   2.11890433E-02
  -4.55691554E-02 -0.396170884     -0.219569340    
   2.32343171E-02  -9.67569090E-03  0.193294555    
  0.659015536      0.271585971     -0.276563168    
  0.189022824      -1.89517010E-02   5.19364625E-02
 -0.107401393     -0.491108775      0.561829150    
 -0.161486238      0.210226014     -0.127029166    
  -2.99651967E-03   5.04521392E-02 -0.174986556    
   7.76633201E-03   1.68853365E-02 -0.126198396    
  0.409810275      0.496965915     -0.281514168    
  0.128047973       3.39802690E-02   2.70993337E-02
   1.16452174E-02  -7.38741532E-02  0.628668249    
 -0.553152204      0.269261241      0.556385994    
  0.542208493     -0.143303081     -0.515679002    
  0.565944195     -0.168586090     -0.593605995    
 -0.114777766     -0.336981833      0.749599874    
  0.175276533      -5.06401099E-02  0.107747510    
 -0.280374646      0.354440361     -0.157195881    
 -0.330799520      0.550942302     -0.248544455    
 -0.381671578      0.428503007      -8.20503086E-02
 -0.425383061       4.51628827E-02  0.340523720    
  -2.01205239E-02   9.78696644E-02  0.670760512    
 -0.133648053      0.595840871     -0.269700885    
 -0.294122666     -0.417401791     -0.259457558    
  -9.28517282E-02  0.466926485      0.575304747    
  0.258290112     -0.679143310     -0.128909305    
 -0.592041790      0.357138187     -0.425766438    
 -0.119263977     -0.196672544      0.763045609    
  0.552280188     -0.473269045      -3.85111459E-02
  0.131914109     -0.142400846     -0.286269784    
  -9.32680443E-02  0.453680158      0.438431054    
  0.231353819     -0.165982544       8.82542878E-02
  -4.34046946E-02  0.231899723     -0.767771542    
 -0.404993892      0.612124205      0.111869216    
 -0.427121282     -0.435336113       1.82785490E-03
  -4.51269597E-02 -0.344644338     -0.578104794    
 -0.141628578      0.366749018      0.118319683    
  -6.64285943E-02 -0.201270670      0.482841462    
  0.586925685     -0.419160038     -0.353564233    
  -9.89137031E-03 -0.264810920      0.238976762    
  0.562635005      0.433927596     -0.365008056    
  0.132438987     -0.460621297     -0.522853255    
  -6.84216246E-02  0.185286626     -0.288331151    
 -0.545626521     -0.141333699     -0.626099050    
  0.114260152     -0.226014122      0.118661016    
  0.104218453      0.454683900      0.400750130    
  0.363280684     -0.246599838      0.665793896    
   3.33753787E-02  0.236538649     -0.376515746    
   9.80512351E-02   9.00979489E-02  -2.03246493E-02
  -6.65653422E-02  0.842000782       2.49447916E-02
  -4.76907901E-02 -0.356996953     -0.515701771    
 -0.108315118      0.553961694      0.133411661    
 -0.637380600      -4.00962681E-03  0.589226007    
  0.136948869     -0.285889864      0.771506369    
  0.243733704     -0.239899457     -0.306651831    
 -0.577983439     -0.135362253      0.632418215    
  0.229541808     -0.424929112      0.553136110    
  0.126955807       1.81543641E-02  -2.18573899E-04
  0.262040168      0.346430987      0.220324993    
  0.451033503     -0.125099435      0.368018329    
 -0.471928179     -0.422849357     -0.291875154    
  -7.11331144E-02 -0.142754167     -0.260383964    
 -0.546890497      0.306387067      -4.03058566E-02
  0.306115210      0.163410187      0.751366436    
 -0.362176955      0.103083909      0.228038877    
  0.105353966       5.95016452E-03   1.44385938E-02
  0.561981261      0.168084234     -0.310404390    
  0.159874856      -8.23584199E-03   4.98833768E-02
 -0.169072479     -0.991467476      0.402501911    
  -2.61247270E-02   6.92246258E-02   1.84050146E-02
 -0.320148528     -0.150971338     -0.539484084    
 -0.330894023      -1.16873963E-03  0.651871085    
  0.514463067     -0.100203641      -5.24308942E-02
  0.289811701      0.514572024       5.52307703E-02
  0.389920652      -2.29155365E-02 -0.362276822    
  0.594363809     -0.188459381     -0.517486215    
  0.303614229      0.471219629     -0.331617117    
 -0.699934840     -0.349402398      0.357520819    
  0.231756717     -0.184148848     -0.148428589    
  0.633433998      0.143844083     -0.422617584    
  0.100509197      0.178852677       2.43028291E-02
  0.174078256      -1.62653569E-02  -4.85774241E-02
  0.256844729       9.28663164E-02  -6.76754192E-02
  0.202780217     -0.113968186     -0.662091374    
 -0.813998938      -5.33429272E-02  0.103984244    
 -0.524352431     -0.631622612       2.59876139E-02
 -0.755990207      0.292669475      -7.16366842E-02
 -0.344019264      0.614852965     -0.348891407    
 -0.376422852      -6.42469600E-02  0.381837934    
 -0.477240831       4.34168754E-03  0.229098603    
  0.254582942     -0.415206522       4.43110242E-02
  0.160109043       9.79596972E-02  0.442787111    
  0.362327307     -0.706807613      0.322265476    
  0.821407318       1.63627043E-02  -4.96192789E-03
   4.19525206E-02  0.122488946      0.530309558    
 -0.170283407      0.722413719     -0.389266282    
 -0.294945002     -0.245809540     -0.620720804    
 -0.290008128      0.599270999      0.148321345    
   9.78504028E-03 -0.676527798      -6.20871782E-02
  0.625300348     -0.193156064       1.05270892E-02
  0.265373230     -0.553143799     -0.160969704    
 -0.655638814      0.205556169     -0.461600423    
  0.378617048      0.558367670      0.274200439    
  -3.86226736E-02  0.283854783      0.685425758    
  0.208087161     -0.370208174      0.650983751    
  0.779817700      0.239667088     -0.156478539    
  0.292492568      -4.92456416E-03   6.98713865E-03
  0.285027117      0.345600545      0.444479853    
 -0.359034687      0.208462730      0.197604328    
  -8.86045396E-02  -7.05804825E-02 -0.741680801    
   2.84350617E-03  -4.51361574E-02  -6.30318820E-02
  0.196136281      -1.34245213E-02 -0.149492830    
  0.132288620       2.81668939E-02   1.69546176E-02
  -7.49711245E-02 -0.346872866      0.200208217    
  0.754384041     -0.128439799     -0.321377963    
 -0.460903734      0.650345027     -0.217338800    
   1.49250329E-02 -0.256863445      0.577798724    
  0.466508955     -0.539458275      0.279141694    
  0.615534127     -0.139349625       9.47976578E-03
  0.222371176     -0.181839287      0.263287663    
   4.97836387E-04 -0.407398194     -0.100285806    
 -0.213646725     -0.655174255     -0.383260787    
 -0.142319888      -2.30453070E-02  0.192411155    
  0.278849334     -0.164412558      0.379029572    
  -1.63682345E-02  0.147824913      0.367292732    
 -0.472191364     -0.620667040      0.145987183    
   4.55539897E-02  -8.02607648E-03  0.766892552    
 -0.300822318     -0.488747120      -1.62991360E-02
 -0.285277128      0.432204306     -0.417257994    
 -0.187594414     -0.192455947      -3.10375113E-02
  0.555312335      0.273487806       7.81574994E-02
  0.228130266     -0.456059366      -6.01444989E-02
  0.372872770      -5.39400689E-02  -1.32947192E-02
   4.14506942E-02  0.553044975     -0.646275163    
  0.153451711      -5.82685042E-03  -9.17005837E-02
 -0.318813592      -2.82134786E-02  0.555999219    
 -0.464659482     -0.600874186       5.97447380E-02
 -0.274448276       5.50799444E-02 -0.584516108    
 -0.365702689      0.293883324      0.434912056    
  0.169767782       9.83328819E-02  0.764672577    
 -0.437849134     -0.497848958      0.603876412    
  0.270788431      0.720657229     -0.329789937    
  -3.48850489E-02   4.35746163E-02   4.97376770E-02
  0.670378327     -0.214357823       4.20585386E-02
 -0.190697998       4.47155256E-03   3.90086137E-02
  0.111732259     -0.448108345     -0.683086216    
  0.142519608     -0.146938965      0.261717200    
  0.181760117     -0.485307515     -0.491071612    
 -0.174818158      -1.08623109E-03  0.218672320    
  0.137626484       2.66886000E-02  -3.98686863E-02
   2.88008209E-02 -0.759321690       5.08742146E-02
   6.05355799E-02  0.538379312      0.344821841    
 -0.399593204      0.359555185      -5.81480414E-02
 -0.423113912       7.45071024E-02 -0.217161626    
 -0.210577369      -8.89498889E-02  0.282101870    
   9.01961625E-02 -0.163450778      0.244517073    
  0.545528769     -0.173511535      0.621314645    
  -9.59266257E-03  0.275834948      0.218450800    
 -0.470541358      0.211050108      0.635218620    
  0.319198877      0.739400864      0.182099834    
 -0.223959640     -0.277781576      0.635014176    
  -3.65635455E-02   8.83140191E-02 -0.222423971    
   8.24953318E-02  0.117664494     -0.570222139    
  0.146320120      0.396150231     -0.377984017    
  0.212724254      0.451822221       3.66741158E-02
  -7.04924688E-02  0.729578793      0.210856900    
 -0.366010070     -0.124756172      0.245843858    
  -2.75744572E-02 -0.327899575     -0.132493526    
 -0.434703529     -0.382233351      -5.50999641E-02
 -0.154803216      0.128658012       5.86627610E-02
  0.395879924      0.449848533     -0.555758059    
  0.615495205      0.204022974      0.436616927    
  0.372578800      0.414247483     -0.225837782    
  0.259704113     -0.339936614     -0.536870122    
  0.425534487      0.194882020      0.308414280    
  -4.38055992E-02  0.327136189     -0.370848328    
  0.129638657      0.188071072     -0.244602337    
   9.22814161E-02 -0.467170954      -6.40872568E-02
  0.207057059     -0.171573445      0.338961601    
 -0.244501963     -0.242072061       6.32482395E-02
  0.375836998      0.320357561      -2.80386265E-02
  0.364403397       1.29630242E-03  0.508043885    
  0.414041817       7.62521103E-02 -0.164075553    
  -1.64394993E-02 -0.213054225      0.444378078    
  0.374105304     -0.266493350       9.67004802E-03
  0.526939511     -0.218689695     -0.504459739    
  0.405411273     -0.565900564      0.432431221    
  -1.26965120E-02  -5.41526172E-03 -0.135321110    
  0.486157268     -0.157092407      0.427771747    
  -7.15654269E-02  0.198043004      0.394210756    
  -5.52636087E-02 -0.452468336     -0.207753897    
  0.306949556      0.540965617     -0.401641577    
 -0.659566283     -0.425433397      -6.64204955E-02
 -0.240883023      0.579536200     -0.576142967    
  -8.20123181E-02   6.20000251E-03  0.869058192    
 -0.133527786      0.712063789      0.138099357    
 -0.447482169      0.294355154       2.19240878E-02
 -0.573946655      0.294816285     -0.515083015    
 -0.177801654      0.437873602     -0.547081172    
 -0.155356050     -0.394803286     -0.743347824    
   9.75689143E-02  0.724867105     -0.460334033    
 -0.402823210     -0.562550843      0.153825805    
 -0.545857131     -0.405730635     -0.179326624    
  0.541048169      0.152658239      0.524802327    
 -0.235015139     -0.258262813     -0.753495157    
 -0.373844832     -0.302315772     -0.145397693    
  -3.57569233E-02   1.75928194E-02  0.349793494    
   1.80542246E-02   4.75051031E-02   2.04427764E-02
 -0.490130156      0.568942070     -0.320706904    
  0.176288560      -8.90490413E-02 -0.121196076    
 -0.313077837      0.582593083      0.317456782    
  0.548518956     -0.186808959      -4.01992165E-02
 -0.122115746      0.105469815       4.21243906E-02
 -0.421228498     -0.504821181     -0.179582432    
  0.559767962      0.165467590      0.225266367    
 -0.701176167      0.221197456     -0.253350616    
  0.178606674      0.180527821      -3.62483971E-02
 -0.379652441      -1.94174889E-02  -7.91167170E-02
 -0.713319957     -0.251182467     -0.409127533    
  0.190078840     -0.141721860      0.175504535    
 -0.714392781      0.182293937     -0.172857463    
 -0.502289712      -5.67764044E-02 -0.349634826    
  0.498633683      0.224401429     -0.486792773    
   8.00330266E-02 -0.169821382      0.254135966    
 -0.224022478      0.247531772      0.545548737    
  0.350806713     -0.455585986      0.246989235    
 -0.326801747     -0.576089084     -0.253157943    
   7.42735863E-02  0.307067335     -0.563207269    
 -0.665339768      -5.23652695E-02  0.307032675    
  -4.32411060E-02  0.267645091     -0.636729956    
   6.74441904E-02  -4.56357263E-02  0.403776228    
   2.60806326E-02   5.13343588E-02  -5.57039864E-03
 -0.171782106      0.725427747     -0.188244864    
 -0.708401024     -0.238622442      0.153525010    
  0.536764681     -0.178506672      0.211478889    
  0.126592875     -0.387916714      0.221775398    
 -0.351654410      -8.63800347E-02  0.135397747    
  0.290316641       6.17289841E-02 -0.322940320    
 -0.363683254      0.338685691     -0.133839846    
 -0.233004510      0.325997144     -0.340616643    
 -0.290814668      0.364475369     -0.214849070    
  -2.94891885E-03   6.38184696E-02 -0.103015840    
 -0.110293224     -0.663748920      0.565200806    
  -5.79297394E-02 -0.336254597     -0.155814648    
 -0.471560240      0.283720195     -0.402893752    
   4.42150459E-02   6.27642423E-02  -8.69411044E-03
  0.250021636     -0.728671610     -0.349520504    
 -0.353482127     -0.210235581     -0.148464799    
  0.589008749     -0.153311685     -0.146172702    
  0.419984490      -2.46906411E-02 -0.141738117    
  0.379867315      -8.79126713E-02 -0.173689693    
  0.420602590      0.551396191      0.240029871    
 -0.443817347      0.324913621      0.526729167    
 -0.547111571      0.186676323     -0.459099770    
 -0.110689424      0.297081083     -0.694659233    
   9.87565815E-02   8.36999267E-02 -0.505446851    
  0.177744195     -0.435109913      0.489052951    
  0.371832401     -0.721459091      0.256840944    
   3.90949100E-02  0.253116816      -7.33078644E-02
 -0.337501347      0.237898424     -0.360106826    
  0.513793409     -0.604711711     -0.151765347    
   9.49314609E-02  -4.31477465E-02 -0.121069573    
   6.04723357E-02  -1.31679306E-04 -0.635930061    
 -0.201324701      0.341856927      -1.34660881E-02
  0.771311045       7.91607518E-03  0.116955996    
 -0.382961214      0.206931815      0.269370645    
   3.95693481E-02   6.56780452E-02   1.78355668E-02
 -0.145743549      0.651281238      0.533049047    
 -0.122186452      0.747767448     -0.120869324    
  0.112292059     -0.229153454       9.14930627E-02
 -0.280555904      0.126691416     -0.620276153    
 -0.555551946     -0.483354539      0.245736673    
  -3.91804017E-02  0.460917085     -0.456890672    
 -0.695188105      0.259332567      -3.24940048E-02
  -4.00610492E-02 -0.382319897     -0.244239315    
 -0.255271405      -9.47026163E-02 -0.173838586    
  -3.62106189E-02  0.375194609      0.270272255    
   8.62055421E-02 -0.103033714      0.474155039    
 -0.133306444     -0.679126918     -0.248405263    
   7.99950678E-03  0.213318616     -0.114198081    
 -0.582412422      0.480396032     -0.367639452    
   5.92226312E-02   8.73638988E-02  -7.30154384E-03
  -7.61841908E-02   8.39297846E-03 -0.665587783    
 -0.554425716     -0.472566128      0.415413558    
 -0.662922740       1.12932287E-02 -0.369760692    
  0.624133408     -0.298033744      0.444213241    
 -0.343969047      0.599430323      0.343522310    
 -0.182045490     -0.143369511      0.371598363    
  0.304716498       3.96047579E-03 -0.590485454    
 -0.383755118     -0.195432290      0.345707238    
  0.465848923     -0.186611176       3.68878432E-02
 -0.470315546     -0.289525688      -8.33367556E-03
  -2.55331006E-02  0.291203856      0.221769765    
  0.177700952     -0.245818391      0.736730039    
  -5.59505820E-02  0.120454125     -0.869981945    
  0.430918425      0.513393939     -0.244547024    
  0.385450333      -1.14249913E-02  -1.74982566E-02
 -0.348769367      0.602343917     -0.492905617    
 -0.227956593      -1.11169815E-02   3.59136909E-02
 -0.428012371       2.57930309E-02 -0.528776824    
  0.495035410      -8.04620013E-02  0.295642257    
 -0.194729507       2.11848617E-02  0.232807741    
 -0.226499900      -2.77265217E-02 -0.385534734    
  -4.22752984E-02   7.46911019E-02   1.24578960E-02
  0.208767056      -4.58492190E-02  0.131411776    
  -5.88348247E-02 -0.251157641     -0.200173959    
 -0.162330091      0.105203934       3.45551223E-02
  0.386020631     -0.197831407     -0.131190911    
 -0.106244050      0.384555221     -0.360475659    
  0.165974766      -9.83730033E-02  0.223026216    
  0.268639833      0.567333937      0.286557138    
 -0.725490510     -0.136151731      0.115251802    
   7.89887905E-02  0.124706261     -0.270537347    
 -0.254097581      0.272944152     -0.715680957    
 -0.674543321       2.62002777E-02 -0.451238066    
  0.176559672      0.421019405     -0.602040052    
  0.462882131     -0.368277013      0.496663898    
  0.211089805      0.510900974      -1.05162282E-02
 -0.748846650     -0.353650004       7.34497756E-02
 -0.397760183     -0.332903862      0.394387871    
 -0.652022898      0.391110092     -0.220308393    
  0.284302831     -0.570691645     -0.262893707    
 -0.652319968      0.223949745      0.283745438    
   3.61890495E-02   5.57576567E-02   6.40531909E-03
  0.455193341     -0.236793533     -0.639384210    
  0.335977465     -0.125271648     -0.513715386    
  0.413442701      -7.85929039E-02 -0.604213119    
 -0.289470881      0.242209896      0.124702066    
  0.103938766     -0.212355942      0.119410641    
  0.138050452     -0.389817119     -0.563967884    
  0.164964825      0.340991229     -0.305805922    
  0.306862175      0.269314080     -0.345530570    
   1.42765949E-02 -0.617276251      0.343411803    
  0.249938518      0.398884088     -0.168647483    
 -0.258526891     -0.647057414     -0.324761242    
  0.531451046      0.556604743     -0.107390769    
   1.91610232E-02   2.27160752E-02   2.97853388E-02
 -0.236693770       5.52400760E-02 -0.569281936    
   1.50432810E-02  0.129746825       1.30811017E-02
  0.131738216      0.348915160     -0.377028227    
   6.04313016E-02  -4.94351499E-02  -4.74036373E-02
 -0.442454278     -0.581393719      0.376935661    
  0.359511256     -0.132862851     -0.753680050    
 -0.108396955       8.64515081E-02   3.13159861E-02
 -0.164551228      0.760789990      0.187787741    
  -2.74610426E-02   9.62165445E-02 -0.233846679    
  -9.68981236E-02 -0.635456681      0.508699000    
  0.429010123      0.927321672      0.246237040    
 -0.400701493     -0.240947187     -0.728897989    
   1.66299455E-02   6.95034638E-02 -0.124811009    
 -0.236984774      0.841382742       2.08554007E-02
  0.435719907       2.32282747E-02  0.151636258    
 -0.499443382     -0.375901461      0.357616961    
 -0.139902785      0.838089705      -4.49747965E-02
 -0.111709177      -8.58939365E-02 -0.243378624    
 -0.381086498      0.520254552     -0.401549190    
  0.455868632     -0.285766810      0.254449934    
  -2.58439593E-02 -0.254172057     -0.165487662    
  0.122337505       5.13212755E-03   5.23621263E-03
 -0.132547647      0.449039519      0.355990231    
  0.360559523       6.08361512E-02   5.96730635E-02
  -7.17685744E-03  0.109904051      0.137849525    
 -0.316371828     -0.516345799     -0.356679410    
 -0.488269955       4.36922833E-02 -0.642381370    
  0.855610073     -0.472605586      0.153020799    
 -0.781553745      0.212662935      0.186409608    
  0.409610778     -0.471855879     -0.504416406    
  0.733285844     -0.276996613     -0.236204967    
 -0.372423708     -0.211291239     -0.148357570    
  0.480333716      0.527129412      0.458524108    
  0.272360682     -0.384315610      0.168918893    
 -0.511047482     -0.178599432      0.242980510    
  0.143633857     -0.245027527      0.107125089    
  -4.26568054E-02 -0.294415355     -0.191884235    
  0.154075950     -0.752288878      0.399266034    
 -0.620950341     -0.479612976      0.208419427    
 -0.431094408      0.566362858      -7.74008110E-02
 -0.342699140      0.462046683      -7.60639459E-02
 -0.147279888     -0.210306615      -3.16138454E-02
 -0.278240085     -0.214563012      0.220128551    
 -0.115074851     -0.120524466      0.548661947    
  0.135861844     -0.617137492      -3.83320823E-02
  -4.02776897E-02 -0.134935692      0.859627545    
  0.151066288      0.327554345      0.754229128    
  0.454240590      0.138977468     -0.455197513    
  0.477839291     -0.437496096     -0.406291723    
  0.655828595     -0.103257298     -0.190517977    
 -0.246004373      0.598831773     -0.285811603    
  0.352189630       7.48267546E-02   6.99248612E-02
 -0.504802287     -0.134287968      0.331552595    
 -0.669718683     -0.171405375      0.274091691    
  0.373277575      0.116534956      0.139859453    
  0.349712640     -0.735071242       6.65317327E-02
  -2.42295135E-02   5.53996935E-02   4.76038978E-02
  0.188818201     -0.215470657      0.220217898    
  0.436116070     -0.557180583       1.22224223E-02
 -0.345432729       1.20391054E-02 -0.425265580    
  0.188798308     -0.131582856      0.290128112    
  0.318633080      0.319962919      -2.03761067E-02
   3.57973995E-03   5.47958985E-02   2.96299271E-02
  0.351674020     -0.650613189     -0.296549857    
 -0.375615895      0.706545174     -0.220532149    
 -0.265160412      0.195736021     -0.385616094    
 -0.548358202      0.143512532      0.518614948    
  0.334456265     -0.112858787     -0.349843532    
 -0.312411308      -1.34755848E-02  0.660377324    
  0.448729932     -0.247563809      0.607517540    
  0.554031253     -0.427676231     -0.161682010    
 -0.535661697     -0.395653665      -6.29173918E-03
 -0.447244287      0.414789975      0.161912531    
  0.176728353       5.69282137E-02  -1.52489319E-02
  0.306927830      0.125365511     -0.301134259    
 -0.413914263     -0.404287338      0.377681136    
 -0.106414579     -0.207286656     -0.260310501    
  0.254534274     -0.214210227       2.43559293E-02
  0.730047822     -0.270838708     -0.238056913    
   3.94184105E-02   4.05986011E-02   4.83878404E-02
  0.499014139     -0.640243709     -0.198289678    
   2.93034688E-02   2.54124794E-02 -0.129293919    
  -2.65728328E-02   5.04949763E-02 -0.249277264    
  0.251897037      0.305658966      0.248647302    
   3.84000912E-02  -5.49202822E-02  0.694791913    
  -3.91657986E-02  0.797896922     -0.253016889    
 -0.665017366       5.27744694E-03 -0.398053318    
  0.377251029     -0.492239058     -0.147567302    
 -0.377416044     -0.589448392     -0.251576990    
  -9.08661336E-02 -0.562896311      -2.68356074E-02
  0.743386209      0.447417259      0.140412852    
 -0.140809178      0.315485090      0.119768836    
 -0.377868086     -0.458420277      -2.19951905E-02
 -0.197690427     -0.553784013     -0.434706122    
 -0.517415464       8.32734853E-02 -0.537329495    
  -6.60045967E-02 -0.572504580       5.94582520E-02
  -7.82153159E-02  0.784560025      -2.12238654E-02
  -6.92867190E-02  0.356924325      0.317078501    
  -4.06968258E-02 -0.180785567     -0.220103532    
  0.320295036     -0.517526865     -0.543847919    
  0.146586567      -5.38662747E-02 -0.409752041    
 -0.272388667     -0.377420157      0.198840499    
  0.544691622      -6.63295612E-02  0.131812245    
  0.268719971     -0.149095818      0.761953890    
  -2.60464251E-02  -4.57087718E-03  0.288147390    
  0.661690295       8.79376084E-02  0.389149249    
  0.678777754      -8.50331485E-02  0.278960347    
  0.738201439      0.401634693       3.24307047E-02
  0.134454772     -0.483791709       6.18874468E-02
  -5.56465387E-02  0.350227565      0.339056194    
  0.216422975      0.345999509     -0.651514530    
 -0.175772876      -7.79477879E-02  0.109912194    
 -0.134722233       9.98662412E-02  0.136247650    
  0.553358078      0.219409347     -0.248303771    
 -0.610378921      0.549500465      0.131504431    
   9.14949998E-02 -0.285640359      0.154927433    
  0.213247865      0.373886645     -0.677997112    
  0.663387954       9.82900560E-02  0.468247622    
  0.638176203     -0.290514618       6.13364391E-02
 -0.411637455      -1.99643765E-02 -0.659829080    
  0.305811286     -0.284839183      0.260837823    
 -0.639219224     -0.195683464     -0.386958003    
  0.536459744       2.14832779E-02   1.57775935E-02
  -8.48351046E-03  0.189690307     -0.484225184    
  0.286005050      0.698123634     -0.388235897    
 -0.616868615     -0.142116159     -0.481834143    
  -2.13468317E-02  0.112453401     -0.798045874    
  0.431428879     -0.465066463     -0.563731492    
  0.393605471      0.155421600      0.695189416    
 -0.104488693      -7.96509832E-02  0.179106519    
  0.335079640      0.283110648      0.767020583    
 -0.746862531     -0.232337713      0.125817508    
  -5.01321144E-02   8.23014975E-02  -6.15984341E-03
 -0.210264668      0.712936282      0.273077339    
 -0.537017584      0.643229783      0.142490312    
 -0.110902183     -0.252722204     -0.283540517    
  0.677514315     -0.341872633     -0.126157895    
  0.796034634     -0.182488367       5.31759374E-02
 -0.321084440     -0.537809670     -0.608096659    
  -7.44748786E-02  0.795459390      -3.54478508E-02
  0.116721153     -0.252767771      0.454747826    
 -0.400189042      0.170993477     -0.393723994    
  -2.15215050E-02  0.144834176      0.377115875    
  0.132622957       8.85856301E-02  -4.52213697E-02
  0.116591342      0.396958172     -0.161028713    
 -0.392687976      0.319839478      0.689743578    
  0.219559163       4.98849005E-02 -0.618088186    
 -0.640202940       7.56250545E-02  0.489478141    
 -0.168329567     -0.220920116     -0.318650097    
 -0.216717690      0.381550044     -0.577098370    
  0.192209527       4.42373604E-02 -0.496267617    
 -0.127225459     -0.447706938      0.535676718    
  -5.43365330E-02  0.575592756      0.553338230    
 -0.458711565      0.226252928      0.587376952    
  0.475650758      0.190462425       2.71660858E-03
  0.283982009      0.195383623     -0.671482742    
