  0.810603261       8.41033757E-02  -2.12396049    
   6.34452626E-02  -2.54994966E-02   3.26054730E-02
   3.36074010E-02   7.67701492E-03   1.83927063E-02
  -1.81441379      0.711509466      0.178962722    
  -1.97474873      -1.39084995     -0.938540280    
   9.06317681E-02  0.418058872      0.324117064    
  -8.21841210E-02   2.02477816E-02  0.240697458    
  -1.38816684E-02 -0.276695460      -1.04431236    
   8.72118026E-02  0.508813381      0.255808055    
 -0.349863976     -0.717942894     -0.653256536    
  0.469008386      0.632940173      0.164744094    
 -0.860778511      -3.56499963E-02 -0.163310483    
 -0.214109465      -1.05036533      0.272420913    
  -1.34254718      0.749319911     -0.996656120    
   10.0707855       4.80409718      -2.08343029    
   2.24144483      -3.35816312      -1.05926955    
  0.662307382       1.33581877     -0.854470313    
 -0.488329947      0.542119086      0.737110794    
   4.54294825       3.56685853      -1.34288096    
 -0.121739678     -0.198336661     -0.185918063    
 -0.843117774      0.601545990       1.42512465    
   3.14929709E-02  -1.05309665      -1.11490607    
  -1.36899757      0.247817978       2.11340809    
 -0.524944127     -0.512357175      -3.22768162E-03
   3.71736474E-02  -5.15042879E-02   7.67569020E-02
  -3.46119928       20.4888191     -0.550009668    
  -5.53364754       2.50207019      0.420575112    
 -0.993229449     -0.257855207      0.529491723    
 -0.448434234     -0.448190600     -0.147188231    
 -0.493430495       2.80717897      0.319772303    
  0.187555596     -0.583213091      -7.33489618E-02
   4.24703769E-03   1.40084773E-02  -1.67200156E-02
  -5.90791218E-02 -0.526278555      0.475778043    
  0.155208007      0.498736262      -1.85008887E-02
  -9.93594155E-02  -3.27869430E-02  0.966259778    
  0.584395230     -0.501132071     -0.934105754    
  0.239406362      -1.09926546E-02  -5.98366745E-02
  0.402666569      0.183175653      -2.88963243E-02
  0.381100535      -6.25354052E-02 -0.118853167    
  0.345193297     -0.241656855       2.66957432E-02
 -0.636874259      0.130971193      0.587917805    
 -0.115451902      0.143562704       2.18676981E-02
  0.553843617     -0.108434245      0.349484473    
  0.481236398     -0.491725743      0.117395781    
  0.916480541      0.201328486      -2.02503800    
 -0.335905343      -7.09019452E-02  0.199608460    
  -1.19554460       5.53201735E-02 -0.439356625    
   3.71847439      0.843419135      0.799252927    
  0.650717795       6.15618899E-02  -1.17029641E-02
   3.07891034E-02   9.87993330E-02   7.74248540E-02
   8.17683339E-02  0.116497695      -1.27012525E-02
 -0.575892031      0.478420466      0.180212095    
  0.787900090     -0.366406620      0.143185362    
   2.21021032     -0.431966394      -4.24577999    
 -0.118086047      0.292933971      0.187376499    
  0.402453899      -1.86696923       3.66604254E-02
 -0.360390395      0.211181223      0.298965484    
 -0.504190743      -5.90286888E-02  0.738403022    
  -1.40913522      -1.99146092      -2.15724277    
 -0.203180850     -0.766433060      0.921806514    
  0.444998473     -0.210362673     -0.619404197    
   2.07228756       1.55734098      0.942243278    
  -7.75246695E-02  0.139834389      0.204964057    
 -0.392750293       1.83133101      -3.46907687    
 -0.840063334     -0.823402524     -0.892536581    
  0.206791535      0.329171807      0.248946294    
  0.168624312      0.270164073      -4.31129187E-02
  0.109645754      -2.91484986E-02 -0.181766659    
   5.92246018E-02 -0.148447737      -4.41886820E-02
  -9.05879810E-02 -0.776213408     -0.976645052    
  0.519402742     -0.208953366      0.518151045    
   1.84344733       1.08946645      0.313830554    
   1.00063747E-02  -8.77181441E-03  -5.86119108E-03
   2.68012919E-02  -1.41451759E-02  0.151226223    
 -0.472438127       6.69234917E-02 -0.376548201    
 -0.471284002      0.298763812     -0.527181029    
  0.423908353     -0.751630604      -4.73643281E-02
  0.582705021      0.139792353     -0.333575159    
  -1.49952006E-02  0.181529343      -9.96030718E-02
  -1.31285749E-04   4.84655052E-02   6.63762838E-02
 -0.528951466     -0.247826904       3.53478231E-02
   9.31516513E-02 -0.116142660       6.49190471E-02
 -0.171271041      -1.09292977E-02   6.16384670E-03
  -2.59462285      0.200862259       1.23430407    
 -0.266762853     -0.640256524      0.439586222    
  0.436768085     -0.729976058     -0.493711084    
  0.111096628       8.33387673E-02 -0.185741186    
   7.67930299E-02   8.80592763E-02   3.24260909E-03
  0.289361507      0.110058129       6.40504882E-02
   1.22406557E-02   8.22638441E-03 -0.304578334    
   1.82891241E-03 -0.851926148       1.36684990    
  -2.65130806      -1.41885602      0.282271266    
   4.06939834E-02  -4.42819744E-02   5.16414233E-02
   2.47453284       3.24777198      0.374881685    
 -0.169662341      -4.45453636E-03  0.347240269    
 -0.177175462     -0.392210037      -1.60572207    
 -0.336432815      -6.53154626E-02  -8.20353162E-03
  -9.77501422E-02 -0.971126080     -0.687797129    
  0.440717399     -0.829839885      0.194041818    
 -0.407062978      -2.31723452     -0.208714247    
   8.51288904E-04 -0.140860289      -9.78848189E-02
   1.54210377      -1.04257762      -1.28053081    
  0.517437577      0.234906733     -0.562376142    
  0.515787840       1.07518554       3.64963673E-02
  0.166198015       7.78763518E-02  -6.63623586E-02
  -6.11150265E-03  -4.64874767E-02   2.83491239E-02
 -0.142981097      -5.45834415E-02   7.97214657E-02
  0.314369053      -4.02169275     -0.627613366    
  -2.12947559       1.96860039      0.330766499    
  0.112160593      0.418949395      0.400416136    
   1.03050292     -0.273877472      0.938854158    
   9.17661935E-02   1.09286197E-02  0.133687809    
  0.126056895      -3.24992426E-02  -4.42402735E-02
  -1.66986918     -0.658987164      -1.31691706    
 -0.477606624     -0.294715405     -0.686543763    
 -0.163651034      -1.29403234      0.179600149    
   6.88274813      -2.88173771      -1.22619450    
 -0.566225052       2.09866613E-02  0.238582954    
   1.44117916      0.340655684      -4.83069345E-02
  -4.13126126E-02  -3.65070179E-02  0.233064413    
  -2.97759231E-02 -0.138206795      0.247054055    
  -3.60294878E-02  0.240541995      0.183104172    
 -0.899930775      -1.75543928     -0.257477045    
  0.526012123      -1.64603126      0.980803251    
  -4.19010632E-02   3.80099081E-02 -0.120928004    
  0.142886296      0.659625232     -0.459134221    
 -0.642413139      -1.35409522     -0.912060678    
 -0.698216736      0.493190467      0.777675569    
 -0.144109145      0.142489120       4.27008830E-02
 -0.162220657       1.28622272E-03   1.04341090    
  0.775259316     -0.107412837     -0.447840691    
  0.330842495     -0.558704197     -0.322862029    
  0.428661317      -6.57494515E-02  -1.31677520    
  0.651220202      0.533254862     -0.557594717    
 -0.135090560     -0.447204262     -0.299044877    
  0.239458770       5.66056855E-02 -0.163489491    
  -5.88366240E-02   7.64676705E-02   9.13460627E-02
 -0.957099676     -0.486196816      0.646637678    
  0.263110459      0.413313806       1.80140585E-02
  -4.36011702E-02   2.74976846E-02  -4.07318845E-02
  0.105518252      -9.90703851E-02  -2.13898826    
  -1.51106143       1.17629957     -0.618677616    
 -0.558788121       1.34867895       1.86875498    
  0.452355742      -6.64401576E-02 -0.259116530    
 -0.820819736     -0.816808283       3.09759658E-02
   2.04445100     -0.507758617      -1.18310189    
   3.72857042E-02   4.73374277E-02   9.24050361E-02
 -0.192926154      0.561490417      0.681468427    
  -2.78591871      -2.02349377     -0.440721601    
 -0.519896150      0.693372369      -1.34742749    
 -0.472285777      0.409544080      -8.12329650E-02
 -0.133056089      -1.65776849      -2.50136209    
  0.819948614      0.159416735     -0.116790883    
  0.482858092     -0.711635768     -0.789499342    
  0.706554949     -0.146047175     -0.681301236    
 -0.250803530      -3.63476574E-02  0.147855863    
  -4.31645429E-03 -0.300096095       9.42902938E-02
  -6.69172183E-02  -5.15528917E-02  -5.46633126E-03
   1.29150867      0.477547795      -1.39248693    
  0.127929106      0.116559215     -0.235043079    
  -2.08951570E-02   7.16389120E-02  -1.92639995E-02
 -0.259002328      0.169966370      0.224087894    
 -0.475317538     -0.540603817      -6.32449985E-02
 -0.182963237      0.117396340       9.85262468E-02
  0.347234339       1.26243448      -1.01954257    
  0.226184085       9.87653881E-02  0.198797092    
   7.40618333E-02  -6.17563054E-02  -7.89068490E-02
  -4.84423041E-02  -3.15790176E-02  -3.43887182E-03
  -1.32511270     -0.270991892     -0.980637312    
  0.149713799      -3.29937972E-02 -0.187494159    
   7.38953277E-02   3.58558297E-02  -1.28659451    
  0.153417721      -8.43504518E-02  0.179631799    
 -0.513279676      0.279597551       1.50709736    
  -1.27268064      -2.04777098       1.86560488    
 -0.770682395     -0.768137872     -0.923823416    
  0.654176056      0.142405584     -0.471607178    
  -8.87241289E-02  0.116752759       8.20817426E-02
  0.392411053     -0.711455464      0.633044481    
 -0.879922569      0.654870629      0.892144918    
   8.80077258E-02 -0.127397954       1.02382554E-02
   6.16227426E-02   2.81243846E-02   2.90403180E-02
  0.147988677      0.124283738     -0.119820900    
  0.154968530       3.41004953E-02 -0.105939560    
  0.286050439       7.10333437E-02   6.62663803E-02
 -0.714321554       8.19619149E-02  0.720682025    
  0.824251533      0.117821276     -0.420046061    
  -5.76577663       6.77247334       10.0759687    
  0.343877196      -1.21014655       1.90072846    
  -2.14549470       1.05923510     -0.725672901    
   7.60233253E-02  -1.03418875       1.74872804    
  0.240286365     -0.313889652      0.159017205    
   3.07856705E-02   4.37042341E-02  -1.89550035E-02
  -1.91063173E-02  -1.13064647E-02  -1.41508337E-02
  0.978029788      0.725323796     -0.736650407    
   8.32506791E-02  0.162901863      0.312598199    
  0.102462240      0.249889970      0.325996101    
 -0.981880665      0.880137324      0.775931954    
  -8.33109021E-02  0.119178049      -9.91961081E-03
  0.627879858      -9.10110399E-02  0.558036089    
  -9.73784542      -3.10244486E-02   2.48445749    
  0.897318423     -0.717025280      0.185187384    
   1.67096543      0.415715843     -0.327893168    
  -8.77495855E-02 -0.119542353       8.46582875E-02
   2.45862901E-02  -4.50963154E-02 -0.125114575    
 -0.235050187       2.21360289E-02  -6.64947778E-02
  -1.38912630      -2.14484668      0.988813818    
   1.18187428     -0.210335210      0.532503307    
  0.414639503     -0.133676305       1.52845323    
   6.64140191E-03  0.209694326     -0.282217622    
  0.391288102     -0.814767957       1.60723543    
 -0.181243226      -4.84586917E-02   1.02325324E-02
  0.260307372     -0.100893103      -5.41087426E-03
  0.585959554      0.195925087      -1.58233535    
 -0.166143805     -0.309202582     -0.147240490    
  -2.31387401      -1.24741840     -0.883416653    
 -0.153692633      0.888981819     -0.233573169    
 -0.395568192       2.18125749     -0.520438373    
  -1.59580195     -0.142885685       1.38888454    
   2.15355444      -1.47693479      0.735292435    
  -7.58833438E-02  -7.34502822E-02  0.162627861    
  0.180782750     -0.204646423      0.435831457    
  -2.22753429      -1.14154458     -0.318210661    
 -0.750905275     -0.119573221      0.441133916    
  0.385617852      0.345229983      0.833079100    
   1.15174232E-02 -0.198692054      -3.16044204E-02
  0.449694693      -2.50434732       1.01876962    
 -0.271824211       7.82384649E-02   2.25235559E-02
 -0.385498345      -6.68536574E-02  0.108078487    
  0.594715297       1.69207978       1.45101428    
 -0.169090644      -3.00551672E-02   5.59680350E-02
  -1.46140099       1.67596674     -0.492932886    
  0.172140792      -4.93496358E-02   8.50063264E-02
  -9.32943448E-02  -4.81209159E-02   1.32651767E-02
  -7.91227594E-02  -2.73241065E-02   7.92944059E-02
  0.775945306     -0.708038092     -0.148564100    
  -1.07060754     -0.258512884     -0.259952813    
 -0.307757169       1.19244056E-02   9.57199931E-02
  0.175861746      -7.30709732E-02 -0.144039556    
  -4.32857536E-02 -0.122665480      0.304950863    
  -9.22722667E-02  -9.74268466E-02  0.185101599    
  0.447199255      -1.10155833      0.100457177    
   2.73890309E-02   7.77773708E-02   3.31446864E-02
  0.284437239      -3.55143920E-02   4.30512279E-02
   6.53910264E-02  0.523821712     -0.431865066    
  -2.57991236E-02  0.714234412     -0.471401066    
 -0.437253445     -0.210122332     -0.342246443    
  -2.63041639      -2.13770531E-02  0.370124131    
 -0.449538320     -0.540354431     -0.146554932    
  0.169190198      0.511899292      0.424785912    
   1.47901106      -8.43287408E-02 -0.893661797    
  0.333697587      -1.01565111      0.276036292    
   2.39151828E-02  0.117874786       9.78810415E-02
 -0.477246910      -1.39930892      0.669217646    
  0.833252728      0.357440352     -0.965647697    
  -5.42453751E-02   4.85420413E-03  -2.16786694E-02
   1.37302518     -0.109348804       1.57144630    
  0.522734761     -0.133960590     -0.135582089    
  -1.57877579E-02  -3.79628241E-02  -1.39783127E-02
 -0.181085095     -0.327763736      0.353659332    
   1.69076991     -0.248307019       3.53601909    
  -1.47998977       4.17335816E-02 -0.310718000    
  -4.98270914E-02 -0.337886691       4.04542498E-02
 -0.167107418      -1.11015749     -0.861038864    
 -0.293310940     -0.409009278      0.671996176    
 -0.136530027      0.191192910      0.945422232    
   1.68151045      0.297974914      -1.59784269    
  -8.65876579       4.11210871       1.00952756    
  0.164716572      0.173929065      0.570972264    
   8.44036713E-02 -0.165268168       7.92856365E-02
   3.73133272E-03   3.11708637E-03  -1.83445588E-03
  0.179989368      0.151053831      -4.69628721E-02
 -0.481197357      0.123658575      0.646405578    
  -1.91308522       2.51870489     -0.185269833    
   1.64391649     -0.569466889      -1.72307265    
   1.97505020E-02  -4.30802815E-03   4.14647311E-02
   2.14149714       1.82852614      -1.28584647    
   4.12004852      -8.60145092      -11.5213947    
  -6.71788901E-02 -0.190698132      0.914682746    
  0.749088645       1.30148339     -0.424703628    
   1.97253078E-02   2.16415320E-02   1.34578068E-03
  -1.01113415      -2.15416193      -1.00054514    
   2.41799664       1.51168811       1.33802867    
  0.178531125      0.299379051      0.635885894    
  -1.64496958     -0.388854027       1.04430735    
  0.299452960      -2.18493366      0.488787204    
  0.274582148      0.394994527     -0.472559005    
 -0.139691204       5.12667224E-02  -1.52166001E-02
 -0.146622136     -0.410585642      0.567499042    
  0.566322207     -0.914196432      0.434136927    
 -0.908253729      0.795082748       1.48391604    
   1.63038230       1.80570257      -1.56303585    
  0.646722376      0.118842557     -0.344216853    
  0.122300088     -0.525213480       6.50652274E-02
   2.06113076      0.736853719       1.28000963    
 -0.171497807     -0.147689924       1.32884550    
   1.28032589     -0.520094395      0.986107886    
  -8.94946679E-02   1.91778177E-04   5.71003444E-02
  -7.14580491E-02  0.181673557     -0.225431800    
   2.87251677E-02   3.70375589E-02  -4.67278212E-02
  -2.75029782E-02   6.17819242E-02   3.68933752E-02
  0.624874055      0.151838392       5.89538775E-02
  -2.12570119      0.762432337     -0.283779591    
  -4.60114181E-02  0.202796653     -0.585342467    
 -0.421801090      0.233712852     -0.613950312    
   4.82611544E-03  -9.84023977E-03  -3.05399112E-02
 -0.204991043      0.197126567      0.237219021    
   2.30373489E-03   1.46379629E-02   3.62977050E-02
  0.122216634      0.207494915     -0.100695930    
 -0.209598348      0.160697058     -0.242130831    
   7.60307461E-02  -2.52833515E-02  0.133471146    
  -5.48942834E-02 -0.164959162       3.40103582E-02
   4.80057895E-02   7.27533698E-02 -0.890484154    
  0.964598715     -0.532805562     -0.250198126    
  -1.73525251E-02  0.248382673      0.759966314    
  -2.30727816     -0.577697217       1.62489891    
  0.957300901      -1.87663114       1.50537288    
 -0.265956998      0.568442702     -0.261184752    
 -0.102600269      0.265862733      0.233368680    
 -0.211518094      -2.72431517       2.47328758    
 -0.130197749       1.22282255     -0.462291718    
 -0.917585194      -2.05042306E-02  0.569656968    
  -5.18597174      -4.23424006      -1.05025804    
  0.392381340     -0.363461167     -0.432325035    
  -1.35587871      0.282946557       1.15179336    
   1.03149951       1.69723177      0.790172160    
 -0.195580542     -0.101569735      0.239583060    
   8.74818265E-02  -4.50791121E-02  -9.66202244E-02
  0.278121859      0.423431724      0.298707366    
   7.93804824E-02 -0.122427657       8.79154205E-02
 -0.251312137     -0.805283487      0.540802181    
 -0.275197506      0.544445395      0.211177617    
 -0.294636667      -4.96608391E-02  0.117782108    
  0.383988887      0.605861187      0.949351847    
  0.619400144      0.956935287     -0.852478504    
   7.63355847E-03 -0.211888105       3.14280242E-02
 -0.145014182     -0.121272042       4.66946214E-02
  0.440621465     -0.347237319      -4.29073758E-02
  0.161368981      0.107533410     -0.182157069    
   5.88553995E-02 -0.233855665      0.181364819    
   9.22140554E-02 -0.369240850       7.39285424E-02
 -0.868424714       1.20252907       2.27066875    
 -0.765337110     -0.349650145     -0.420362622    
 -0.352680057       1.68233478       2.36616373    
  -1.63813867E-02 -0.184721604      0.132492498    
 -0.238672346      -1.97462905E-02  0.283697158    
  -2.22605430E-02  0.193834797      0.160959557    
  -1.99558699      -1.15494609     -0.565492690    
  0.416003138      -1.45887792      0.949764729    
   2.51939427E-02 -0.123361908      0.204543322    
   5.40642850E-02   3.03365700E-02  -3.75667252E-02
  -1.36278579E-02   6.95411712E-02  0.221721664    
 -0.255384535      -1.25398314       3.24969602    
 -0.431794852       6.16513751E-02  0.635829270    
 -0.649015546      -1.43787917E-02   1.06871855    
 -0.279370040      -2.97033477       1.63028121    
  -9.38207284E-02 -0.278152913      -5.74280089E-03
 -0.662618458      -2.84007862E-02  0.177377954    
 -0.426031649      -7.83659890E-02  0.871090114    
  -1.04985166       1.03239780E-02  0.981534004    
 -0.350771189      0.662550986      -5.29597960E-02
  -1.74325383     -0.775180817     -0.193954870    
  0.247537598       3.04903765E-03  -9.72631723E-02
 -0.146505386     -0.119838126      0.702507377    
  -2.19227529      0.355079412      -1.25190973    
 -0.924660206      0.382165730       1.31270301    
  0.199309096      -8.92482251E-02 -0.230506912    
  -9.90728848E-03  0.229877040      0.385454237    
 -0.670641303      -9.98607464E-03  0.810639381    
  0.160330385      0.208759069      -3.28563415E-02
   1.48774743      0.214078858       1.44706471E-02
   1.16676867      0.977844536       2.54534984    
   1.66600668      0.385933578      0.868707180    
  0.229758099     -0.264910817      0.105774887    
  -1.16153181      -7.48780929E-03 -0.124610551    
  -1.34710908     -0.233338326     -0.181966975    
  -1.12382638     -0.380583167      -2.00642705    
 -0.201134369      -1.19920897     -0.222655535    
   2.84267217E-02   3.96897038E-03  0.131931096    
   2.23110747       5.56092486E-02  -2.48463631    
 -0.638097346     -0.274605095      -1.65042233    
  -9.28459466E-02  -5.11430716E-03  -4.34111133E-02
  -2.21562147      -1.49616003E-02   1.14831495    
  -5.15206195E-02   3.29951942E-03  -2.44480576E-02
  -1.59836531      0.397544116       1.99514353    
  0.665880442     -0.414529741     -0.141061649    
  -2.39979904E-02   1.94069743E-03  0.105564162    
   2.01740824E-02  0.226722449      0.177638233    
   2.20105219       2.98426485      0.772244334    
 -0.251147747      0.163075179     -0.123692490    
 -0.226112470     -0.333144695       1.03500760    
   4.43176962E-02   2.24056505E-02   9.37231556E-02
   6.00662897E-04  -4.89228703E-02  0.138524115    
   1.31587803      0.883205831      0.185370013    
  0.472649246     -0.771202564       1.71040511    
  -1.36125442E-02  -3.35764661E-02   3.87587398E-02
  0.152249500      0.147321448       9.81357917E-02
   7.08260164E-02   1.07573819      0.548589587    
   7.43399113E-02  0.449026972       6.25669882E-02
   1.11061442      0.112850465     -0.110699125    
  -1.27632999      0.233893290      0.118705533    
  0.504171729      -5.29484414E-02  0.277740300    
 -0.223526821       6.35583550E-02  0.149314821    
   2.33109093     -0.359245360     -0.933546305    
  0.506880224      0.418694764      0.450748235    
 -0.140519693     -0.503259540     -0.479526103    
   2.66923681E-02   1.22040510E-05  -4.47288975E-02
 -0.268724591     -0.321106523       1.07423973    
   1.01198796E-02  0.854502201     -0.694421232    
  0.843640387     -0.357020140       1.39262259    
 -0.228320837     -0.670684099       2.40530539    
   4.21915352E-02  -4.11392078E-02   1.63690429E-02
 -0.916604996      -6.84532970E-02 -0.197097823    
   6.93019181E-02   2.98393220E-02   3.27690393E-02
   6.16736151E-02  -2.19356585E-02  -2.31178012E-02
 -0.372989088      0.196590483      -9.23307762E-02
  0.895507634      -1.29418945     -0.101573423    
 -0.996490717      0.341828048       1.36863279    
  -6.35762066E-02  -1.00101602     -0.984815836    
 -0.719009280     -0.378658235      0.727672637    
  -1.85432518     -0.920338511      -1.32913101    
  0.159931675       3.06356475E-02  0.315268368    
  0.583926857       1.17239022      0.598467052    
 -0.142656788      -1.82441380E-02  0.528537631    
 -0.371933222      -1.00444865       1.32488334    
   4.04253453E-02  -2.54301801E-02   4.94166240E-02
  0.179566517      -1.51541848E-02   5.29360920E-02
  0.219479531      0.828264475       9.62623358E-02
  -1.23838496     -0.197997496      0.136622325    
 -0.174016312      -1.52785456      -1.14360821    
 -0.233674005      -7.80678838E-02 -0.252987117    
  0.579078376     -0.915798426     -0.323133349    
  0.580587387      0.467011482      -1.02146220    
 -0.187760502     -0.152630672      -5.63494340E-02
 -0.230030745      -5.77416494E-02  -4.58583757E-02
   2.65380144       2.13584185      0.607604802    
   7.95651749E-02  0.190104887     -0.117808402    
 -0.901844263      0.531987369     -0.271503925    
   2.45319232E-02  -6.52408693E-03 -0.106272765    
   6.62022978E-02  0.646033049     -0.440246880    
   1.14727366     -0.177506119     -0.839877069    
  -1.44345498       4.42500040E-02   4.42906320E-02
   1.54185092      0.224802330      -1.34500742    
   6.76288307E-02  -5.43910787E-02  -4.97573055E-02
 -0.462847978     -0.757846534      0.581571043    
 -0.445385724      0.507854640      -2.11863494    
  -2.85054421       3.40748811      -1.10736322    
   1.11500716      0.193436399     -0.960279226    
  0.218533620     -0.704631984      0.454950750    
  -2.77032405E-02   1.29686093      0.382555068    
 -0.264910251       1.98246002     -0.621866643    
 -0.411175042      0.801937580     -0.608724594    
   8.24093297E-02 -0.395203203      0.102263227    
   8.59587640E-02  -1.76088717E-02   1.35333408E-02
 -0.268756092       3.29943746E-02  0.109579980    
  0.424605638      0.983516216      -1.71012092    
 -0.780719578       1.32364380      -1.32794023    
  0.215177700     -0.266986907     -0.201824218    
 -0.489357859      0.549427330      -1.34129643    
  0.803630471     -0.785540700       9.12080258E-02
  0.121116064       7.57581517E-02  -5.52282408E-02
 -0.456639975     -0.122462973       2.64755376E-02
   7.43132606E-02  0.288921922      -3.09350681    
   5.94277866E-02  0.292896569      0.290229231    
  -2.91322732      -2.35434818      -2.84204912    
  -1.77784622     -0.665045798     -0.202397287    
 -0.889990211      0.453586042      -2.67555141    
 -0.404264867      0.309768885      0.774970889    
  -3.52188802      -1.27219999     -0.785074413    
  -2.57898378      -1.17371523      0.450478375    
  -6.63731173E-02   2.53157318E-02  -3.98615301E-02
  0.617511332      0.638102710      -7.61372820E-02
   2.07236465E-02  -8.38413984E-02  -9.03329477E-02
 -0.217509270       2.17947102       2.24611568    
  0.580576301     -0.952985287     -0.809704661    
 -0.123485595       1.55350232       1.96418226    
   7.52695873E-02  0.499237716     -0.354607731    
  0.587958813      0.243819311     -0.323959172    
  0.291792929      0.213693127       7.90449157E-02
 -0.516246140      -7.33993575E-02  0.136027887    
  -3.07915974       3.95023227     -0.397615135    
 -0.333867669     -0.136842340     -0.273724496    
  -1.86140907     -0.206156015      0.829185367    
  0.437370747      -1.65966797     -0.637512028    
   3.22682709E-02   1.14801005E-02  -4.61152382E-02
 -0.595138013       1.36605787      -2.03256822    
 -0.440252334     -0.673286736       2.02197194    
   5.70471063E-02  -4.82931957E-02  -8.56997967E-02
  0.581342399     -0.865972877      0.898028851    
 -0.319878995      0.137676954     -0.220759735    
   1.56635921E-02  -2.04944396      -1.05729604    
  -1.44917476     -0.167403266      0.126136184    
  0.201452762      -6.03080243E-02   1.07079649    
  -7.94345066E-02   4.84456308E-03  -4.75768596E-02
   1.59513271     -0.490255117      0.735497594    
  0.417882293       5.78299314E-02 -0.289400220    
   2.50877213      -1.79676890      0.688817918    
  0.911666393      0.563763916     -0.237851411    
  0.458033681     -0.352788687       3.16691510E-02
  0.602398515      0.833496988      0.107368000    
 -0.120335832       3.62520739E-02   2.06833519E-02
  -1.05643344     -0.202340588      -4.86085415E-02
 -0.212913319      0.465245008     -0.221979693    
  0.352311939       8.24290961E-02  0.510292053    
 -0.128413662       9.93237272E-02  0.297580510    
   1.70716226       2.27995300      0.451144010    
  0.123350404     -0.246001571       6.67706206E-02
  0.633199692      0.453339994     -0.664675593    
  0.180634663      0.348472804      0.233465314    
  0.895726562      0.156712666      0.195185035    
 -0.113169253       1.27808201       1.41834915    
   1.36386096     -0.292215109      -1.50516713    
   3.80845107E-02   1.01147783      0.292034388    
   9.37973261E-02  0.381576240      0.108881176    
  -6.49670558E-03  0.226235852      -6.72007948E-02
   6.07974827E-02   7.13165253E-02 -0.462065965    
  -1.32537580      0.344277769     -0.150968716    
 -0.285748243       4.95838299E-02  0.302019775    
 -0.423826277      0.377365500     -0.276177853    
 -0.404821604      0.643275976       1.39604628    
  0.106946699      -1.50381160       1.43760419    
   2.67401822E-02  -1.46073885E-02   8.27566609E-02
 -0.189738855       6.29157275E-02 -0.251588523    
  0.578009665      0.646258056      0.412665606    
 -0.481707990     -0.673087001     -0.421149582    
  0.474633425     -0.186921373      -1.58123684    
   1.96146226       1.25853920      -2.40121007    
  0.652722716      -1.89809585      -1.16659629    
   9.14342254E-02   8.90287533E-02 -0.179380566    
  0.376124173      -1.70029092      -1.11997592    
  0.290722698     -0.339274317      0.144433796    
 -0.504190445     -0.751036048      -1.74835527    
  0.795248449     -0.199344039       5.18150628E-02
   6.76615238E-02   7.27592707E-02 -0.195819348    
   1.98645627      0.797703385      0.696667194    
 -0.985724688      0.661701858       1.80832291    
  0.416480750      -1.65378368       1.01966274    
  -7.09176138E-02 -0.104424506      0.160101086    
  -9.24251378E-02   4.02398705E-02  -1.42713245E-02
  -1.78232598     -0.644247890       1.11816796E-02
  -1.16247404      -5.07013462E-02 -0.112970732    
  0.148507118      -9.00955871E-02  -7.68580362E-02
   9.37605947E-02  -1.58649790      0.448843271    
  0.118994050       9.02792141E-02 -0.571879566    
 -0.105705634       5.04477620E-02   1.16078602E-02
  -2.77038956      -2.81640148      0.329791337    
 -0.268773317     -0.770335734      0.415150523    
 -0.296302021     -0.955950677       1.42364192    
  0.679674804      0.335988998     -0.216442719    
   7.76267275E-02  -4.73100953E-02  -9.95619446E-02
  0.703082561      -3.29690091E-02 -0.145787656    
  0.113395281      -3.06979734E-02  0.245513409    
 -0.143717796       8.79169628E-03 -0.550189257    
  -8.13439488E-03  0.171934038      0.127236396    
   3.20878029      -22.7423286      -1.07686067    
  -2.15842724       1.88744128     -0.707992435    
 -0.688247919      0.306633234       1.05884612    
 -0.413882852       3.34599209       5.82223940    
  -8.23782459E-02  -2.90040281E-02 -0.237482384    
  0.585641503      0.640736938      0.126437083    
  -1.12046576      0.901539743       7.11253583E-02
  -2.97845639E-02 -0.235107243       2.31527016E-02
  0.225780129      0.311600357       1.55314541    
  0.354637146      0.615329742      -1.55323291    
 -0.998381019     -0.126457185      -9.97602940E-03
 -0.279474407      -4.02987897E-02  0.198190808    
  -3.13287936E-02 -0.293610334      -3.56990360E-02
   1.34116125      0.366480023      0.346052766    
 -0.449411213     -0.649077415      0.644574106    
 -0.106015898       4.54144180E-02 -0.344172686    
  0.796292901       1.18592739      0.441089392    
 -0.242975056      0.938472688      0.516572595    
  -7.94658512E-02  0.241890535      -3.26706469E-03
  0.488125473     -0.529257774       1.13362730    
  0.358058333      -8.45602825E-02  -4.53675650E-02
  0.901095092      0.500366867      0.270149559    
  -9.43817043      -2.73587298       1.48273683    
 -0.204689592       6.17556013E-02  -8.41991529E-02
  0.100507975      -1.60741005E-02   8.58083293E-02
   1.52880800      -2.30715126E-02   1.64293277    
  0.280674100      0.600390792      0.131875619    
 -0.432387024      -1.54441607      -1.18166840    
 -0.166226774       1.28195214     -0.546546578    
 -0.285475463      0.380100995      -1.11359811    
   4.80647795E-02   5.55526204E-02   5.07137477E-02
   2.31105947      -6.26779604     -0.688978553    
 -0.131050348      0.573078454      0.241088390    
 -0.332867026       2.99726987       2.18080211    
  0.712423623      0.816121578      -1.35659468    
 -0.488381416      -7.14981258E-02 -0.107714474    
  0.595938623      0.132954538     -0.516338766    
   2.93344021     -0.816690743      -2.55178881    
  0.130940527       6.37476593E-02 -0.101684585    
  -1.81627345      0.403027475      0.313149899    
  0.126753300      0.270344019       7.92107582E-02
   7.59491995E-02  -2.83583067E-02   1.49151105E-02
 -0.245057881      -7.82718603E-03  0.106153592    
   8.66750479E-02   6.27587959E-02   3.67991300E-03
   3.60482574      -1.71996176       9.29424688E-02
 -0.459590048     -0.203814909     -0.289440274    
   9.08198357E-02 -0.113295570       5.75827435E-02
  -1.13401246      0.588455021       1.58511078    
  -2.81203413      -1.03921521       1.12655258    
 -0.796509922      0.529618025     -0.838848114    
  -8.58535245E-02 -0.570927143     -0.326540679    
  -5.59379384E-02 -0.214431748      0.178624824    
  0.129289597       3.08760516E-02 -0.182792917    
  0.356236279     -0.185616568      -4.37887684E-02
  -2.21648496E-02  -9.15087089E-02  0.146633297    
   4.29380424E-02  0.324960977      0.305690467    
  -1.62941790      -2.40663532E-02   2.15644073    
  -1.83219373      0.188421384      0.971774161    
 -0.273250461     -0.895147204      0.336186707    
  0.880084991     -0.355586380      -9.73703042E-02
   8.74807164E-02  -6.12946227E-02  -7.19909072E-02
  -2.23309541       2.18351960      0.968926132    
  0.121382408      -1.54644111E-03  -9.08767208E-02
  0.106656112      0.477463514     -0.553913414    
  0.253692508      -7.55704120E-02 -0.216458440    
  0.432268977     -0.151580662       4.69553880E-02
 -0.318454713     -0.127812371      0.137563214    
   1.97239649      0.841181159      0.570710123    
  0.126350388      -7.23828077E-02 -0.279437900    
  0.168556020      -1.47184968      0.427707732    
   1.58528435     -0.570551753      -1.44728124    
  0.144949913      0.227711260      0.387894839    
  -1.54890227      0.480533421     -0.284227073    
  0.181907833       2.09810361E-02   1.09704208    
  -1.36914945       1.57050717      -1.11042666    
  -1.95646977      0.440465540     -0.591240346    
  0.190645382      0.613863826      -4.08518362    
  0.621397376      -1.65006924       1.01873112    
 -0.391441941      0.396071315     -0.234270096    
  -9.40707028E-02   2.68668048E-02 -0.107187666    
   2.92190295E-02   1.25258970       6.21246547E-02
  -1.07321799      0.149113789     -0.287292987    
  -7.70800710E-02   1.66921895E-02   4.78096828E-02
   1.12813032      -1.51501024       2.13881612    
  0.431029201       6.36054724E-02  0.200956360    
  0.218279660     -0.492090851     -0.458280057    
 -0.103065073       5.90264462E-02   1.47131328E-02
  -2.79318547     -0.813182414      0.189125359    
  -2.54679298      0.293435931       8.89787450E-02
 -0.727631867      -1.13779032      -1.38424826    
  0.821339428      -3.15926373E-02  0.472047895    
  0.260804504     -0.159358025      0.510600805    
   6.35087937E-02  -2.85343360E-03  -4.88732830E-02
 -0.411925286       1.78839955E-02  0.393271744    
  -2.68637948E-03  -3.58259082E-02  -1.03884712E-02
  -5.66757321E-02   2.44385052      -4.07555628    
  -1.62648952      0.264863849     -0.290307134    
   1.38724530      -2.22711873       1.30815208    
  -2.99784616E-02  -9.30357650E-02   7.74354935E-02
  0.364116162      0.229804367       9.00114477E-02
  -5.56587428E-02  0.137600541      -3.76633834E-04
 -0.520436943      0.271146923     -0.452011138    
   7.89589658E-02   1.12222564      0.325903088    
  0.554448426       1.32293177      0.537622333    
  -3.12649412E-03  0.121520504       1.89390033E-02
  0.471000999     -0.298392028      0.838141024    
 -0.259534448      0.291609734     -0.636951089    
 -0.189240292       2.71617882E-02  0.290004164    
  0.140506506      0.531908453      -2.25276780    
  0.792778790      0.462114960      0.682021141    
 -0.230288312     -0.316813678      -1.28931391    
   7.57043436E-02   8.72735679E-02  -4.07522824E-03
   1.11631417      0.330628067       5.78827858E-02
  0.913944542     -0.121945918      0.433011651    
  0.792693079     -0.606742680     -0.558078110    
 -0.233857542      -1.17876184      0.911270976    
 -0.163248435      -6.36293832E-03   5.88708557E-03
  0.360793918     -0.128779233      0.514608800    
   2.46541381       1.43189108     -0.144519836    
  0.119232692     -0.141265050       3.51510867E-02
  0.477916688     -0.488751829     -0.208372518    
  -1.94773519     -0.113506332      -1.33711481    
  -3.01253218E-02  0.161245272     -0.364841074    
 -0.253722817      -1.22737157       1.07329500    
  -8.00353438E-02  -7.84888193E-02  0.120466948    
  0.103685901     -0.291403413      -4.43204381E-02
 -0.359113127       7.86150470E-02  0.268113732    
 -0.578269005      0.401589334      0.755156279    
  0.123434983      0.627634883      0.154789045    
  -6.29054084E-02  -1.93452034E-02  0.218217656    
 -0.745747983      0.844346106       1.93006210E-02
  -9.54973027E-02  0.372582316      0.572372675    
  0.156926706      0.987593055     -0.271394402    
  -3.28666763E-03   6.04237467E-02  0.128283024    
  0.254555494     -0.327595353     -0.168344930    
 -0.256566405     -0.410247117     -0.275401264    
 -0.463998824       1.09875118E-02  0.479402840    
  -5.55620156E-02 -0.214299366      0.386954188    
  -2.55066586     -0.146034047     -0.411750525    
  0.120978899      0.380883932     -0.202893704    
  0.994871020     -0.382010907      -1.47453415    
  -1.45024478      -1.34039116       1.90453194E-02
  -5.06744099     -0.585070133       4.00112820    
   1.83229707E-03  -4.22886051E-02 -0.108755969    
 -0.195810944     -0.583968878      0.619542062    
 -0.109450333      -6.15340807E-02   9.58202854E-02
  0.298337102      0.215645388     -0.542648971    
  0.832792997     -0.955389559     -0.399674445    
  -6.59388453E-02 -0.216916487      0.202085227    
   3.76739539E-02   1.26880479       1.49894345    
  0.747561693       1.28661728      0.723941147    
  -6.27812743E-02  -8.87608454E-02  0.129801169    
  -1.46723520E-02  -1.02755837E-02 -0.163014948    
  -2.54027629      0.833804131      -1.22659743    
 -0.427576751     -0.297375083       7.62575418E-02
  0.308742583     -0.368939996      -2.91941352E-02
 -0.920290947       8.97233412E-02 -0.398901552    
 -0.205023170     -0.540670693      0.923928976    
 -0.398656011     -0.166097850     -0.815347791    
  -9.48227346E-02 -0.630448282     -0.437436223    
   1.55572629      -7.30507374E-02   1.92482996    
   9.14116800E-02  -9.39728394E-02 -0.109949313    
  0.107018836      -9.96403471E-02  -9.93783399E-02
   9.45119336E-02 -0.130100682      0.177678138    
  -2.51703453       1.65735036E-02  -1.74523246    
  0.238333613      0.390650660     -0.817085028    
  0.119191848       1.63675509E-02   9.19552743E-02
  0.110568613      -6.24583885E-02 -0.123295173    
 -0.678508341      0.192457572     -0.364288747    
   4.63220943E-03  0.688592315       7.21675605E-02
  -1.96378446      0.605820179     -0.420019895    
  -4.61778902E-02   6.25820309E-02 -0.187289134    
  -1.30919671       3.19778037       4.29206610    
  0.222185954      0.130666092     -0.176653072    
 -0.104955390     -0.139130101       9.68734547E-02
  0.754406869     -0.914062798      0.454865873    
  -1.92097239E-02  0.322473496      -1.31185222    
  0.557225883      -1.15304446     -0.882391393    
   4.52106595E-02  0.298269421      0.160431445    
   1.13837481      -1.55219114       1.83078778    
   4.97823134E-02  0.267292440     -0.299141496    
  0.256474495      0.684115946       1.92804134    
 -0.556520224     -0.643648565      0.929685056    
  -4.88699824E-02  -9.59487408E-02  0.181694284    
   1.04927540       1.16351771      0.541608512    
  -7.80098289E-02  0.129656315      0.127285615    
   1.48583937      0.902486444       2.49321604    
 -0.120057814     -0.121223897       9.09736231E-02
 -0.336605877       3.21460925E-02  0.484359086    
  0.123966992       5.71820848E-02   7.06377923E-02
  0.215978757     -0.412433565      0.209706917    
  -1.54618993E-02 -0.299763113     -0.124306455    
  0.142594144      -1.09117711      -3.87508161E-02
  -1.62125862     -0.401312828     -0.171697795    
  0.364930570       1.08644509      0.252516150    
 -0.997503042      -1.18436396      -4.86472109E-03
  0.375000894      0.105265185      0.165225074    
  -9.33940932E-02   8.52931291E-03  -4.88323495E-02
   9.95343775E-02  -3.82186174E-02 -0.117685147    
  0.298856378      -1.20408106     -0.293083966    
   1.22750175      0.181811646       1.21770310    
  0.925878406      -4.20761928E-02  0.821591377    
   2.15255237      -1.74126089     -0.500194192    
 -0.505518973      0.207109943       8.33897665E-02
 -0.647706628       2.87720840E-02  0.401995867    
  0.457086116       3.25536653E-02   1.86908506E-02
   6.47744909E-02  -4.52457964E-02 -0.134923846    
  -1.04121983      0.309192121     -0.692079365    
  0.868102372       2.08027744       1.06702638    
  0.145931825       6.43672794E-02  0.178573444    
   3.01214419E-02  0.224215329     -0.314286113    
  -3.81363407E-02  -5.52089103E-02  0.185007304    
  -3.69297788E-02  -6.58708960E-02  0.119102776    
   3.25452611E-02   4.73967567E-02  -2.01974362E-02
  0.671833575      -1.01827407       1.05858624    
  0.566376865      0.511118412     -0.526504040    
  -2.43396258      0.232334733     -0.943686008    
   3.03301085E-02  -9.57316905E-02   3.27719972E-02
  0.289737523      -2.65352819E-02 -0.211877435    
  0.131288379      -2.05634050E-02 -0.240636960    
 -0.141082704      0.227424651      0.250553489    
 -0.101715654      0.185033709      0.410133690    
   3.04253250E-02  0.139008358      -7.86163360E-02
  0.333532214       2.05536008     -0.278589785    
   5.56500629E-02  0.325057685      -1.12457371    
  0.313467681       4.97882143E-02  0.206294656    
   7.85000548E-02   2.89359391E-02 -0.511756539    
   4.21855561E-02   1.38747664E-02  -6.16089590E-02
 -0.627230048       1.18187964      0.308481216    
 -0.139867797      0.250591874      0.181424156    
  -1.21518385      0.371936232     -0.222901896    
 -0.581407070      0.154449835       1.70569159E-02
  0.131990656      0.154879868      0.977778435    
 -0.585102916     -0.378318042     -0.371213078    
 -0.277646989      -8.19104314E-02   7.05379024E-02
  0.120499343      0.165222198      -8.44504498E-03
  -7.40197003E-02   4.17742170E-02 -0.199339524    
 -0.218221739     -0.365193576      0.407603651    
   3.07094902E-02  0.200222731     -0.263442308    
 -0.524285376      0.449217319     -0.750139832    
  -8.28482118E-03  0.185044974      -5.73222376E-02
  0.418948531      -1.67097986      0.989803851    
 -0.344607860     -0.825802565       1.10806119    
   6.56402260E-02  -5.09366244E-02   3.22466204E-03
 -0.147028536     -0.171634763       1.55559921    
  0.136311263      -4.34188247E-02 -0.155305654    
  -1.70058692      0.101212256      0.926046968    
  0.130297840      -7.99043849E-02 -0.238722071    
  0.131085679     -0.543349564     -0.249609277    
  0.751825929      -1.72445703      -1.82524729    
 -0.877985477      -5.02214193       1.04202235    
 -0.119244829       2.33938266E-03 -0.123433948    
   6.50888309E-02  0.121929087       4.42953147E-02
   1.46841288       1.18368387     -0.931419611    
  0.338875294      -1.28799272       1.67385364    
   2.92115211      -1.50326812     -0.682389319    
  0.398424923       2.36866045       2.20381308    
   6.64063320E-02 -0.535832047      0.101934813    
   3.02232858E-02 -0.857166648     -0.546918392    
  -1.99855343E-02   5.44451438E-02   1.70256011E-02
 -0.144725189       1.53533506       2.38154650    
   7.57374382E-03   3.66755575E-02   4.37883735E-02
  0.121144049     -0.114616968      0.165622458    
 -0.259804308       2.04614472      0.564439893    
  0.555047631     -0.370587885      0.844429612    
  -4.65542190E-02  0.177623451     -0.377655506    
   1.02404332      -1.31075430       1.77555907    
  0.187012866       7.50679076E-02 -0.674258530    
  -1.73431393E-02 -0.222350821       9.70207006E-02
  0.389412880       8.70557576E-02 -0.791788697    
 -0.169939309      0.102586716      -9.71624926E-02
  -6.10948093E-02  0.227840796      0.267161638    
  0.254559577      -7.18292296E-02  0.463791668    
 -0.194733769     -0.206985161     -0.251682997    
 -0.103775240      0.213120297      0.181753993    
  0.245040968      0.964948893      -1.19746602    
  0.179970428     -0.685054362       1.78652406    
 -0.885991871      -2.36767650       1.42504370    
  -1.60867906      0.737769365       3.64650157E-03
 -0.199210823      -1.26046813      0.992265999    
 -0.306022495     -0.104461335       4.28949185E-02
  0.157386318      -9.30419490E-02  0.750514805    
  0.250847131     -0.170675665      -9.20336917E-02
  0.181021914      0.415602177      0.756012559    
  0.206356898     -0.774537802       1.84729958    
  -8.29000282      -1.92797112       4.10358381    
   7.56429136E-02  -6.61362410E-02  0.185397401    
  -1.48181133E-02  -6.18135110E-02   2.38378905E-03
  0.362978995      0.616702139      0.176124826    
  0.199246049       6.28327504E-02  -4.94586639E-02
   2.99080722E-02  -1.28571308       1.28440547    
  0.730479479      0.193488553     -0.624724269    
  0.198481023      0.165370166      0.178611457    
 -0.128577188      -6.93016946E-02  0.107193656    
  -1.47187734      -2.28085303      -3.14098954    
   1.13185632     -0.747606814       1.51918459    
   1.78863525      0.180270180      0.573475480    
 -0.466286451      -1.49874461       2.07318735    
 -0.907626867      0.824707091     -0.297194570    
  0.261079133     -0.225996658     -0.342493951    
   1.87608922      0.658334792     -0.497780740    
  0.703061700      0.613546312     -0.819142520    
  0.557294667     -0.773615837      0.303660870    
  -1.47389579       2.76336288       1.24201119    
  -1.57603584E-02   4.43110503E-02  0.109231852    
 -0.223300546      -2.15572622E-02  -9.25970376E-02
 -0.816709578      0.423854262      0.286172092    
  -1.15721714      0.382965028      0.663009465    
  -1.78134584      0.345104128       2.26239276    
  -6.45020604E-02   3.45535241E-02   8.12227055E-02
  -1.08618772      -1.35257065     -0.203498214    
  -1.52683616       1.74640226       1.46036673    
  -9.06740874E-03   2.83080321E-02   9.57550202E-03
  -1.24027383      -2.22587657      0.928784966    
  0.211147606      0.842166126     -0.919965446    
   5.96061386E-02  0.253780514     -0.271039754    
  -3.18980366E-02   1.64294052       1.10333622    
  -1.90056479     -0.475397289     -0.346443385    
   9.13550556E-02  0.151739314      0.109132536    
   1.23149312     -0.245477870       1.80572200    
  0.138585538      0.376049012       5.66391833E-03
  -2.16423440      -1.66708422      0.308768064    
   3.99364009E-02   7.09003508E-02  0.124702543    
  0.729189396     -0.275881410     -0.649177253    
  0.178921267      -1.23129608E-02 -0.176517516    
 -0.279195279     -0.202245191      0.291706443    
   3.53788100E-02   1.21935457E-02  -4.25057709E-02
  -3.83429378E-02   2.03969479E-02  0.107293472    
  0.188666105      0.632324636      -1.25347972    
   1.25712371       2.74394417       1.28695619    
   3.24311145E-02   1.91181898E-02  0.181321681    
  -8.65567941E-03  0.175249934      0.120706305    
 -0.317017168     -0.698621571     -0.816906750    
   2.11701560      0.367276251      -1.51019442    
   6.52807653E-02  -9.54842195E-02  0.145135090    
   6.25179261E-02  -1.71733856     -0.352409214    
   2.44020112E-02  -6.86998665E-02  0.169630527    
  0.305767328      -1.46850193      0.872493267    
  0.222262263       5.93659729E-02   1.22891385E-02
 -0.746893942     -0.921361685       1.85679519    
 -0.340137124      0.560981214      -8.77144467E-03
   7.11451843E-02  -1.70493662     -0.337043256    
  -1.99043229E-02  -6.07391968E-02   9.51010734E-02
  -2.84787249E-02  0.152541295      0.107964292    
  -2.99028084E-02  0.958638012      0.328589290    
  0.144746214      0.158383295      0.734853029    
   1.62244380      -1.25059378     -0.208689809    
  0.787196159      -1.42595196     -0.679668248    
 -0.412173748     -0.103887707      0.294060200    
 -0.227521896     -0.708248377      0.399666250    
  0.541339934      -5.24957739E-02 -0.354396462    
  -1.36843333E-02 -0.485784203     -0.307430893    
 -0.878543377       4.20135669E-02 -0.346504480    
  0.232702449       3.82539444E-03 -0.548212409    
  -4.37643416E-02   8.76697823E-02   8.99433345E-02
   6.04167841E-02   3.81900184E-03  -8.53686482E-02
 -0.495381266      0.627416372      -1.15433526    
   2.25895095       1.70848000      -1.42366159    
 -0.191989467       2.03891331E-03  -4.37566191E-02
 -0.553524435     -0.143153459      0.460690558    
  0.111943386      0.207300574     -0.105147488    
 -0.563537061      0.291142523      0.783626676    
 -0.174083084     -0.404097646      0.496330887    
  0.150449008     -0.250338078       4.34014946E-02
   8.64712521E-02  -9.62238088E-02 -0.917810738    
 -0.584971786     -0.949858308     -0.813890219    
  -2.36307073     -0.206658438       1.84135377    
  -2.28493667      0.522230029      0.194258302    
 -0.386202753      0.343872935     -0.160796240    
  -3.12527609      -5.72659016      -1.68195117    
  0.574382961      0.362872034      0.143969789    
  0.151262388     -0.122372411     -0.214699879    
  -2.13677380E-02 -0.141134962     -0.372481585    
 -0.191581339       2.74777040E-02  -6.82678223E-02
 -0.759687185      0.894299388     -0.180199116    
 -0.572871447     -0.642083645     -0.784379661    
  -1.72822755E-02 -0.156559795      -1.38959093E-02
  -1.85367262      0.691359818     -0.119525984    
 -0.425700694      0.614353120      -1.10723746    
  0.258094460     -0.350417852     -0.431308031    
  -3.22266780E-02 -0.159451231      -5.15340045E-02
   6.49085903       3.37241244      -2.76219821    
  -8.20675641E-02   2.69726205       2.09019542    
  0.111941703      -1.48849881      0.294139445    
   5.58146909E-02 -0.386377037      0.255976170    
   1.78408062     -0.175822064      -1.44803536    
   4.38534468E-02 -0.101240560       3.50316241E-02
 -0.544244707      -6.00541048E-02  0.364140332    
   3.66089046E-02  -4.17755032E-03  -5.75332381E-02
 -0.310281754      -7.31041357E-02 -0.175254330    
   1.95792504E-02   7.48684164E-04   1.04425224E-02
  0.837817132     -0.963306546     -0.346074134    
  -5.84813021E-02 -0.185179517     -0.179942891    
 -0.711064875     -0.130258590      0.274250537    
 -0.100031406      -7.53590688E-02  0.440158725    
 -0.139527217      0.154982239      0.345298111    
  0.523030102      0.571775913      0.606094122    
 -0.221384019     -0.472550303      0.241384357    
  -1.80653743E-02 -0.401217878      0.410371244    
  -1.41779876     -0.162922308     -0.241664842    
   1.28894288E-04  -8.99405964E-03   5.83769716E-02
  0.164610177      -1.67096853E-02   7.24602863E-02
  0.101575337      0.232191533       3.58769894E-02
  -3.85530256E-02   3.11471708E-02  0.225817636    
  0.141118616     -0.385656446      0.296105295    
  -1.89617183E-02  0.324098825      0.888246536    
 -0.233902186      -4.79862317E-02  -9.97872800E-02
   9.60139781E-02  0.137188926      0.162048340    
 -0.150834605       2.38980293      0.218190551    
  -1.42879009     -0.570723176     -0.649979055    
  -7.85433948E-02   7.42112100E-02   3.01693734E-02
  0.129140630      0.149694800      0.126392961    
   1.57689825E-02   1.53232682E-02   3.01492587E-02
  -1.91080713     -0.759968936     -0.924129725    
  -3.30334785E-03  0.912388146      -6.85186908E-02
   9.06636938E-02 -0.680429816      0.685831070    
  0.339715123      0.405004472     -0.450282454    
 -0.111416459      -1.87050737E-02  -4.74036671E-02
 -0.791063249       9.44851935E-02  0.506515801    
  0.220217705     -0.122733407      -7.07128942E-02
  0.592359960      -1.70711372E-02   2.20938754    
  -1.06050408      0.240099594     -0.320909590    
 -0.403116167     -0.678692997      -1.32360220    
  0.671437621     -0.181706354      0.722361088    
  -1.88223159     -0.647082627      -1.25546122    
  0.927904963      0.313338995       3.56727168E-02
  -1.06304586      -1.83796847     -0.983653188    
  -2.74359274       1.38876891     -0.288762212    
 -0.912424445      -3.38838547E-02 -0.390720606    
   9.24689323E-02 -0.437509835      0.319187254    
  -8.82561654E-02  -3.23091559E-02   3.50597948E-02
 -0.409949481      0.138132885      0.388284385    
  0.359953076      0.121203139     -0.251328230    
  0.406401992     -0.182812572     -0.501995146    
  0.321037501      0.192362055      0.173306093    
 -0.723840594      -1.05208087       1.04627705    
   7.30256587E-02 -0.143878907      0.166516960    
   4.53351922E-02  -2.36339159E-02   7.75093511E-02
  0.117979996     -0.180738509      0.394781798    
  -4.05098125E-02  -8.32655430E-02   6.42662346E-02
  0.322146744      0.111465052      0.217327505    
  -1.65148652      0.403507113      -4.63013351E-02
   1.29035171E-02  -5.96974883E-03 -0.111188561    
 -0.299443126      -1.95416570      0.187217280    
   2.22138548       1.05662692      0.424769849    
 -0.417157710      0.220093966       1.09391022    
  -1.06371379      -9.32725333E-03  0.946563840    
   3.62924002E-02  -4.82261479E-02   2.69210692E-02
  0.947650015       1.65270793      0.499557495    
  -2.89004184E-02  -1.21146636E-02  -7.56252781E-02
  0.351758629      0.221833721       2.55090110E-02
  -7.67066404E-02  -8.64048079E-02  0.122216009    
  0.450600207     -0.838658392     -0.610635459    
  0.710666060      -1.23179269      -1.54272068    
  -2.72141583E-03 -0.126884729     -0.143748343    
  -2.12040997       1.19284105     -0.573670864    
  -1.49594128      0.638483226      -1.16711939E-02
  0.989305139       1.44122684       1.63243020    
  -6.60065785E-02  -4.33378983       1.43566551E-02
  -1.54575992       8.34865347E-02  -1.74807489    
   1.58619261      -1.27108335       1.54490471    
  0.102399893      0.132843301      -9.00995806E-02
  -2.93057021E-02 -0.179589182       5.99291697E-02
  -2.41392534E-02  0.304050654      -9.87838507E-02
 -0.198947743     -0.456213981     -0.670562148    
 -0.266075104     -0.614982367      0.987378418    
   6.87527806E-02   3.10196932E-02 -0.443035245    
 -0.330776811      -1.09900284     -0.870401561    
  0.587817132     -0.774956584       1.17891169    
 -0.565906107      -5.37293125E-03  0.219138801    
  -7.58085027E-02   9.59753618E-02 -0.295360506    
   1.00418532      -2.76087523      -1.11216128    
   1.10063016     -0.610490382      -1.50588834    
  -1.02270424     -0.173572689      0.470763952    
  -8.57428536E-02  -9.60434824E-02  0.470242262    
