   1.25610888      0.139983520      -3.27614546    
   3.65326647E-03  0.131369844       1.76341720E-02
   3.79200652E-02  -1.57105178E-02 -0.219845161    
  -2.45906496      0.953371704      0.231989965    
  -3.02172852      -2.13012290      -1.42489934    
  0.132990584      0.260668725      0.433874875    
  -8.59834254E-02   7.86108226E-02   2.84733996E-02
  -5.10168038E-02 -0.357008815      -1.30477726    
  0.154583812      0.606777608      0.235955596    
 -0.491102546     -0.932624876     -0.905286491    
  0.343683511      0.487617165      0.118899502    
 -0.774871588      -3.14644091E-02 -0.140491128    
 -0.215943620      -1.06264532      0.306404263    
  -2.02317381       1.13650668      -1.49756336    
   15.2327967       7.26728916      -3.15615201    
   3.25992489      -4.89607906      -1.54800510    
  0.865075707       1.73552513      -1.13542998    
 -0.620336413      0.629625022      0.926011443    
   6.27043581       4.93665361      -1.85294950    
  0.143113419      0.258700162      0.286282331    
  -1.24906194      0.875613749       2.06193900    
   2.11328808E-02  -1.46594274      -1.54678059    
  -1.90206194      0.333693087       2.91186094    
 -0.348268449     -0.312146574      -3.04734316E-02
  -2.28675753E-02   2.46380568E-02   2.17806809E-02
  -6.11382437       36.1962852     -0.962689281    
  -8.01797390       3.61650443      0.606771588    
  -1.28781998     -0.342210501      0.766922235    
 -0.271350473     -0.201066658      -8.79474506E-02
 -0.670609057       3.79457760      0.426767707    
  0.166606292     -0.882624507      -6.20636269E-02
   3.77555639E-02   3.20402831E-02   1.23258624E-02
  -7.84268156E-02 -0.546863437      0.419252336    
  0.286389530      0.719940007      -1.63404271E-02
 -0.155766070      -3.78811397E-02   1.19868958    
  0.711574376     -0.580734432      -1.17200923    
 -0.430281699     -0.138185620      0.188821509    
 -0.145081997      -8.45379531E-02   3.01126875E-02
  -3.10291518E-02   6.74262866E-02  -1.25461584E-02
 -0.121204719      0.115436003       2.25710124E-02
 -0.713910162       8.33831578E-02  0.662750125    
   9.02118608E-02 -0.205925703     -0.107465371    
  0.833935916      -9.51682255E-02  0.540786028    
  0.626591682     -0.561221480      0.117294610    
   1.30344915      0.258596063      -2.89256001    
   2.13317797E-02   2.25479025E-02  -2.75785811E-02
  -1.55600476       9.96002182E-02 -0.583024979    
   5.44745970       1.23873889       1.16970241    
  0.901449680      0.120849229      -5.86494133E-02
  -6.99141994E-03  -7.46934302E-03  0.107418194    
 -0.104465798      -8.00679326E-02 -0.133418620    
 -0.539407074      0.407615393      0.152613550    
  0.977656901     -0.464904994      0.176459983    
   3.18705106     -0.618617773      -6.12571716    
 -0.126215681      0.318732589      0.411278546    
  0.615210354      -2.86335683       5.73370792E-02
 -0.713359892      0.369676083      0.629793465    
 -0.651519656     -0.114713624      0.922729552    
  -2.04285741      -2.88605928      -3.12486815    
 -0.251972556      -1.01079154       1.18014932    
  0.698042870     -0.336654812     -0.951924980    
   3.06226158       2.29138613       1.40217721    
   5.52571863E-02  -6.84416369E-02  -8.84166360E-02
 -0.539470375       2.51205921      -4.75819969    
  -1.12328422      -1.11241651      -1.18578780    
   9.80487987E-02   3.36705446E-02  0.120672897    
  0.328437239      0.356151760       3.53666618E-02
  0.398744673       3.24927345E-02 -0.650628209    
 -0.151282385       9.57500488E-02  0.124459006    
 -0.157340199      -1.14206266      -1.45369828    
  0.690359116     -0.299062520      0.693576455    
   2.85875893       1.68732977      0.488591313    
  -8.94078463E-02 -0.102949589      -1.13861151E-02
   3.78056727E-02   4.74662371E-02   3.63682024E-03
 -0.271736830       2.43089292E-02 -0.234100014    
 -0.577601373      0.292678297     -0.586137533    
  0.438588351     -0.801806152      -3.87049653E-02
   1.09349430      0.163554251     -0.664570749    
 -0.157674715     -0.295832962      0.116153911    
  -1.92612112E-02   4.11094651E-02   4.82310876E-02
 -0.462350994      -9.93467867E-02   3.44129838E-02
 -0.207666442      0.270837039      -4.98206988E-02
  0.107141756       4.67108376E-02 -0.136954173    
  -3.95491958      0.287634969       1.88919187    
 -0.205043644     -0.514562845      0.401195705    
  0.537377894     -0.861024499     -0.624091864    
 -0.186081558      -2.23755166E-02   9.39858481E-02
  -3.17981914E-02  -8.18409920E-02 -0.120228671    
  0.308743775      0.200624451      0.100941293    
   8.63305479E-02   1.84558462E-02  0.374550760    
   4.14708629E-03  -1.12546754       1.81208146    
  -4.06041718      -2.18144178      0.431337953    
   2.53451131E-02   1.43552274E-02   3.89330536E-02
   3.72165036       4.89166117      0.557929814    
  0.223301306       2.98841912E-02 -0.207712770    
 -0.276699662     -0.611315787      -2.40880251    
 -0.837199390     -0.136846572       4.44389917E-02
 -0.120271839      -1.09266317     -0.773066640    
  0.735803008      -1.10482335      0.162447810    
 -0.633513093      -3.61961150     -0.302139074    
  -4.49192747E-02  0.145173520       1.09110503E-02
   2.36741304      -1.60883677      -1.98567522    
  0.421508163      0.171773836     -0.501143873    
  0.683951497       1.51072824       4.91821542E-02
 -0.208416387       1.36244297E-02   7.98807815E-02
  -5.33198901E-02   6.06868491E-02   5.67577407E-02
 -0.195448488     -0.102236167      0.213308737    
  0.445032567      -5.77730083     -0.899070561    
  -3.07404733       2.85415363      0.482416958    
  -1.18843364E-02  0.757358074      0.686874270    
   1.50146639     -0.398844332       1.40014887    
  -7.00671896E-02  0.158323646     -0.125623956    
  -1.03648277E-02  -2.05563977E-02   8.22282955E-02
  -2.52037549      -1.00556135      -1.98166633    
 -0.436833322     -0.266338050     -0.623376548    
 -0.174824700      -1.39957130      0.227421135    
   9.57254028      -4.00644875      -1.70400691    
 -0.146509886       1.63521245E-02   8.18683505E-02
   2.11024833      0.477194518      -7.13969693E-02
   3.53925265E-02  -3.63539532E-02   2.97754947E-02
   4.04759422E-02   8.52651298E-02 -0.204308972    
  -2.57994626E-02   8.32743347E-02  0.284195274    
  -1.10735977      -2.16347027     -0.304202616    
  0.779711723      -2.46655297       1.49898183    
   7.00074434E-02  -3.38883996E-02  0.110463269    
  0.281761467       1.14219272     -0.778361857    
 -0.899482965      -1.88585651      -1.28314734    
 -0.970998645      0.672595680       1.10512245    
 -0.244769484      0.421833694      0.218923092    
 -0.205486953       6.99930079E-03   1.32876730    
  0.893188238     -0.117938027     -0.569203436    
  0.531073213     -0.841008484     -0.508847713    
  0.547738016      -4.17774543E-02  -1.96206641    
  0.883665562      0.602617145     -0.729014158    
 -0.144734830     -0.230716452     -0.161205128    
 -0.273278981       7.61066377E-02  0.253962576    
  -2.76333988E-02   4.70332429E-02   1.94261298E-02
  -1.09244585     -0.555088341      0.707532465    
  0.435480177      0.675387502      -1.14766965E-02
 -0.109785624      0.301959813     -0.411370456    
  0.166990951     -0.148726612      -3.04844713    
  -1.97692025       1.54345155     -0.801958978    
 -0.718498468       1.67999673       2.33923817    
  0.465385020      0.219693631     -0.413021356    
 -0.922878325     -0.915832043       6.36522919E-02
   3.11963415     -0.772946894      -1.82135999    
 -0.116180196       4.00618054E-02 -0.335976064    
 -0.296597928      0.759427428      0.882907569    
  -3.80995154      -2.76134396     -0.606878757    
 -0.675479054      0.866272330      -1.73081636    
 -0.110203870      0.187062487      -9.50342119E-02
 -0.208935544      -2.58001900      -3.87006140    
  0.721435130      0.165147558      -7.33675882E-02
  0.710154533      -1.06016040      -1.21570468    
  0.876469374     -0.176672518     -0.838636756    
  0.190636143      -1.99620724E-02 -0.218984529    
  -2.62241457E-02  0.446529746     -0.189025268    
   1.10774729E-02   3.23913991E-05   1.39001142E-02
   1.89844656      0.699464679      -2.05510354    
 -0.171140417     -0.177067041      0.497669697    
  0.240748703       1.42715089E-02 -0.268846571    
 -0.237586170      0.207038611      0.208764806    
 -0.458249897     -0.488803953      -1.96680389E-02
  0.106316671     -0.116218083      0.131468073    
  0.252462178       1.37145853      -1.28222597    
 -0.123218194     -0.223028719     -0.333602488    
   7.35404715E-02   1.44843282E-02  -5.32268584E-02
 -0.355610907     -0.146102712      -6.43184111E-02
  -1.97155809     -0.384692967      -1.48785663    
  0.792565346     -0.215172559     -0.824378252    
   9.93898213E-02   3.51529196E-02  -1.80626070    
  0.358799636     -0.264240980      0.437183619    
 -0.778065205      0.391506463       2.27993059    
  -1.93379807      -3.12357426       2.83658648    
 -0.990931273     -0.977821708      -1.14129090    
  0.782491326      0.136040717     -0.522728086    
   3.00459052E-03   1.94257945E-02  0.236917257    
  0.492499739     -0.921626806      0.882075489    
  -1.41667736       1.00708878       1.42042434    
   4.91387770E-03  0.206312895      -3.07702813E-02
  -1.46664679E-04  -3.83492224E-02  -4.21692356E-02
 -0.283132792     -0.105442338       2.67087147E-02
  0.449459910      0.305308193     -0.213391855    
  0.303769261      -8.14386364E-03  0.448056221    
 -0.912268400       5.81007712E-02  0.876195788    
   1.01109600      0.142938122     -0.567432165    
  -8.56667233       10.0604286       14.9665852    
  0.444914579      -1.62082970       2.54571700    
  -2.50199318       1.17795026     -0.896054149    
  0.111849926      -1.43049908       2.40881491    
   5.17047532E-02  -1.71494577E-02   8.96877199E-02
  0.747659802      0.710068524     -0.555089056    
  0.362210929      0.145478085     -0.137933686    
   1.39609993       1.01659822      -1.05247211    
  0.265054554      0.451266766      0.537082136    
  0.170614421      0.419321299      0.559187353    
  -1.20846200       1.05430937      0.946075559    
 -0.198015288     -0.276286215      -9.13142264E-02
  0.674050391     -0.160426870      0.475240052    
  -14.7276955      -4.79986146E-02   3.75443697    
   1.07970893     -0.886056483      0.216501847    
   2.53891659      0.633298874     -0.501743019    
   1.93150975E-02   2.47127153E-02  -2.34656744E-02
  -4.48535271E-02   2.23607905E-02  0.390651166    
  0.162365466      -7.31973797E-02  0.109400511    
  -1.85598576      -2.89910007       1.32366669    
   2.05436015     -0.367757678      0.935804367    
  0.633474529     -0.213885143       2.31814241    
  0.109615609      0.270226628     -0.271557778    
  0.597022951     -0.789944768       1.68681753    
 -0.285425752     -0.147268087       5.88856041E-02
  0.129600585      -9.13450308E-03  -4.31089662E-02
  0.816985369      0.281037509      -2.19666171    
 -0.256932467     -0.281189978     -0.169294283    
  -3.32381129      -1.78154564      -1.26383793    
 -0.200226471       1.28481579     -0.332623154    
 -0.477578312       2.59989643     -0.640493393    
  -2.31310201     -0.201545149       1.99718523    
   3.12659836      -2.16918468       1.05900466    
  0.160605311      -7.16494322E-02  -9.09386724E-02
   3.99995781E-03  -7.79507011E-02   3.07505373E-02
  -3.49270940      -1.79481733     -0.489834547    
 -0.814110398     -0.166858941      0.481651843    
  0.402563632      0.408445090      0.982609153    
   5.27803302E-02  0.343067527      -4.34198789E-02
  0.663599551      -3.75282407       1.52928090    
  0.315853179      -9.37893242E-02  -9.37344953E-02
  0.371516198       5.53424507E-02 -0.102791324    
  0.805780947       2.30508089       1.97928202    
  0.469352067       5.99403977E-02 -0.129253715    
  -1.97468448       2.23791027     -0.663029730    
 -0.105585158       9.59538668E-02 -0.151997030    
   3.81328464E-02   5.06388061E-02  -7.11308047E-02
  0.236474484       4.80342582E-02 -0.357260078    
  0.884513676     -0.843048096     -0.175939664    
  -1.31579912     -0.321804553     -0.317566693    
   1.57410838E-03  -2.70999372E-02   1.92640740E-02
 -0.143704802       3.77931818E-03  0.109835632    
   7.52417184E-03   7.20067844E-02 -0.294655412    
  0.364483863      0.181227833     -0.448458135    
  0.456392914      -1.24839067       9.70699564E-02
  -6.43223077E-02  0.181798682       9.74581987E-02
 -0.157981306      0.152430370     -0.110231273    
  0.102890350      0.460072637     -0.510822594    
  -1.24032218E-02  0.855920553     -0.581154943    
 -0.412005901     -0.252727032     -0.318463683    
  -3.40576839      -3.60124782E-02  0.482259899    
 -0.278710455     -0.364747375      -9.35804173E-02
  0.171411827      0.475329816      0.530327082    
   1.75110435      -9.55567509E-02  -1.07067823    
  0.476470470      -1.36435187      0.346685171    
   3.21477875E-02  -8.21239576E-02   3.30926031E-02
 -0.611030400      -1.73200464      0.832777739    
   1.12306225      0.472251773      -1.33002734    
  0.298059016      -7.49718025E-02  0.175815985    
   2.04549360     -0.164775968       2.35412359    
  0.233751059     -0.115389906      -6.47907034E-02
  -6.83085248E-02  0.139228851       9.00621712E-02
  -2.29862519E-03   2.26618219E-02  -5.56306541E-03
   2.45554733     -0.360607177       5.16016245    
  -2.11981916       5.61559983E-02 -0.460123926    
   2.11764127E-05  0.179534540       8.23687762E-03
 -0.216417581      -1.45970714      -1.12930453    
 -0.257541746     -0.346244454      0.638462782    
 -0.168311760      0.273160845       1.46134496    
   2.22812152      0.373525798      -2.11212134    
  -12.0567207       5.72692776       1.40590191    
   5.25821969E-02  0.129189193      0.363304406    
 -0.182918191      0.185575187     -0.223604724    
  0.235966533      0.311848491      0.386252761    
  0.464277267      0.164179876     -0.109300017    
 -0.440754801       7.07144812E-02  0.517681420    
  -2.98382163       3.90177035     -0.291078985    
   2.11854625     -0.743353963      -2.22415781    
  0.281485051     -0.135329098      0.209944233    
   3.21388888       2.75075006      -1.93812239    
   6.11951351      -12.7787170      -17.1181087    
 -0.122106947     -0.204008088       1.12255490    
   1.05453241       1.83763349     -0.605869472    
  -1.74987353E-02  -2.92074140E-02  -3.73767540E-02
  -1.14594877      -2.44873095      -1.08352137    
   3.29766393       2.05796027       1.81609952    
  0.238160536      0.351665676      0.834232569    
  -2.43906713     -0.578186810       1.54706275    
  0.461866319      -3.37912393      0.759915471    
  0.310945362      0.364724755     -0.421994388    
  0.141475797       1.96450297E-02   5.53035829E-03
 -0.141949475     -0.497852892      0.746590078    
  0.716887534      -1.16855574      0.563647568    
  -1.36836219       1.20610034       2.25610447    
   2.33401251       2.57937098      -2.23604393    
  0.581808209      0.130657151     -0.274683446    
   9.39386617E-03 -0.545899391       7.29669258E-02
   3.15009069       1.12318361       1.92850292    
 -0.224010974     -0.233756378       1.60101557    
   1.91154075     -0.808793545       1.48987079    
   2.92154569E-02   3.55157768E-03   1.25996973E-02
  -3.09770796E-02 -0.168427274      0.173496172    
 -0.140000984      -1.64592750E-02   7.81670064E-02
  0.102883823      -6.26453198E-04  -5.10076731E-02
  0.407881021       7.27407709E-02  -2.50947638E-03
  -2.96699452       1.08419096     -0.388141572    
   7.76137598E-03  0.186948299     -0.862099826    
 -0.291992277      0.141711071     -0.419903845    
   5.50547764E-02  -2.95084864E-02  -1.46197230E-02
 -0.580492139      0.347519934      -9.12866965E-02
  -3.08363475E-02  -3.79852541E-02  -3.05661075E-02
  0.230885342      0.116298527     -0.122470059    
  0.192299098      -4.90369461E-02  0.215225473    
   8.93590748E-02  0.118412554      0.332941860    
 -0.102874398      0.175125092      -3.32830884E-02
   5.67878364E-03   5.29670231E-02 -0.797804892    
   1.61152887     -0.918921113     -0.422887146    
   6.19542040E-03  0.352154613       1.03267586    
  -3.61457586     -0.898324907       2.55167317    
   1.32863188      -2.63213134       2.11790133    
 -0.118454136      0.859785736     -0.163010821    
  0.167793423     -0.128747299     -0.184033781    
 -0.291448563      -3.75387621       3.40101075    
 -0.192207158       1.74298275     -0.680498779    
  -1.14140654      -2.26258691E-02  0.696051061    
  -7.14027548      -5.82099342      -1.43188488    
  0.410899371     -0.389629811     -0.555360436    
  -1.98008072      0.380884022       1.69082654    
   1.39031518       2.29813695       1.06828606    
   9.17095095E-02  0.133690432     -0.125808448    
 -0.222911328      -4.56505418E-02  0.249532282    
  0.400199354      0.541231036      0.396292239    
   9.52306483E-03  -7.85243958E-02  -4.72226441E-02
 -0.260129452     -0.822206438      0.513221264    
 -0.144593209      0.257109880      0.114942268    
  0.469532549      -5.91490343E-02  -3.21326181E-02
  0.498303443      0.776748538       1.24924350    
  0.849825740       1.26441801      -1.17542934    
  0.128983900      0.235316679      -1.86367668E-02
  0.131011516      -4.43193540E-02   1.59359016E-02
  0.236410037     -0.192682654      -5.76698594E-02
 -0.307547003     -0.102780357      0.345775336    
  0.116217963     -0.369592637      0.318391651    
  -5.90691529E-03   5.13266474E-02  -2.61824522E-02
  -1.39867294       1.91209996       3.62107301    
 -0.889355063     -0.450258940     -0.482792705    
 -0.550771952       2.61205792       3.67949319    
 -0.100787558     -0.274517715      0.295978814    
  0.329454064     -0.124863535     -0.503159583    
   5.65000717E-03  -9.61067826E-02 -0.115918197    
  -2.94056153      -1.69520676     -0.827339351    
  0.656449795      -2.25244617       1.43281317    
   5.37344962E-02 -0.330783635      0.212687805    
   3.84664945E-02  -3.98720149E-05  -4.68657389E-02
   7.60831386E-02  -2.09379140E-02 -0.106440872    
 -0.373192698      -1.79170930       4.63319159    
 -0.677059650       3.89538854E-02  0.996447146    
 -0.687052429      -2.27011163E-02   1.12258685    
 -0.384280831      -4.03793097       2.21807408    
  -3.92083526E-02  -6.58433065E-02   9.16467384E-02
 -0.463646233      -4.95920815E-02  0.129492253    
 -0.401159585      -4.53422181E-02  0.753916204    
  -1.37477052       3.46122980E-02   1.20845962    
 -0.388006330      0.630081058      -7.43412152E-02
  -2.25504065     -0.981253505     -0.233545378    
  0.715524197     -0.104903243     -0.358154804    
 -0.147224501      -2.51097027E-02  0.437457412    
  -3.36861372      0.529576540      -1.92197943    
  -1.25223672      0.499771208       1.75862110    
 -0.180969372      0.294919997      0.333550513    
   3.57835717E-03  0.234290421      0.425639153    
 -0.695892513      -4.83159684E-02  0.782553494    
 -0.178816870     -0.135445714      -5.79608977E-02
   2.18228459      0.334353238       1.45219117E-02
   1.71469271       1.41296589       3.70312214    
   2.58684444      0.592953384       1.36049676    
  -9.07409638E-02  0.189565033      -6.04522526E-02
  -1.20930791      -8.06673430E-03 -0.148727715    
  -1.92230630     -0.304906040     -0.249859422    
  -1.75194430     -0.583968937      -3.11662817    
 -0.302266747      -1.72278893     -0.366745055    
  0.240601614      -4.50783521E-02  0.494298756    
   3.05569887       7.43495226E-02  -3.41846251    
  -1.05246019     -0.459982604      -2.74383545    
 -0.280277461      -8.32751319E-02 -0.247462347    
  -3.15917706      -1.42894927E-02   1.62829602    
   2.29600817E-04  -5.69580030E-03  -8.39072764E-02
  -2.02475095      0.479721218       2.51785803    
  0.475898772     -0.335876942     -0.142587721    
   6.24922104E-02  -1.97762959E-02  -9.90580916E-02
  0.140944868      0.200440377      0.226444781    
   3.20149112       4.35246181       1.12294412    
  0.154940113     -0.105518229      0.154467955    
 -0.231454626     -0.377940595       1.06483614    
  -1.15926247E-02   9.27485451E-02   3.04148272E-02
   5.97902108E-03  0.179028362     -0.240494236    
   1.67979777       1.13310075      0.201742142    
  0.672489643      -1.12206006       2.43886042    
  -2.69477479E-02  -1.10990591E-02   4.19040173E-02
 -0.100238919     -0.176779851     -0.283372760    
   6.98357671E-02   1.35532284      0.681666493    
  -4.63475939E-03 -0.169755146      -7.61563890E-04
   1.55743492      0.139772981     -0.205802619    
  -1.42584372      0.225049987      0.146678209    
  0.459998727     -0.150321066      0.215298459    
  0.183624864     -0.121859215     -0.100892559    
   3.48480916     -0.532537341      -1.39097989    
  0.730012059      0.667932808      0.619369864    
 -0.115303658     -0.310060710     -0.238824174    
   6.20164014E-02   6.17804602E-02 -0.184092045    
 -0.386091739     -0.415645897       1.40305257    
   6.82666898E-03   1.16525757     -0.986946404    
   1.26564574     -0.539554715       2.12584782    
 -0.351279140      -1.05620456       3.70796967    
  0.144974574      0.113173656      0.128679901    
  -1.04253685      -3.96057107E-02 -0.232313320    
 -0.108915776       6.74395710E-02  -5.86968251E-02
   1.53151434E-02   2.48153508E-02  -2.01625600E-02
   7.19571412E-02  -3.37332152E-02  -1.94071904E-02
   1.19899249      -1.73283648     -0.123322994    
  -1.45809007      0.473310024       2.00926971    
 -0.105317600      -1.37056184      -1.35121667    
 -0.687701344     -0.373343408      0.688920557    
  -2.74898791      -1.36683190      -1.96556592    
   2.68073007E-02  0.116676293     -0.196724623    
  0.770472050       1.67214239      0.900549591    
 -0.136029050      -3.81379575E-03  0.391962588    
 -0.554094911      -1.43529403       1.93363988    
  0.532935798     -0.260373712      0.359125823    
 -0.138181090       1.23145925E-02 -0.106933355    
  0.393915951       1.17451251      0.132116735    
  -1.67965448     -0.302546799      0.186412215    
 -0.241629615      -1.98464203      -1.47643554    
  0.161796957       2.07669344E-02  0.296140373    
  0.704243243      -1.13067603     -0.384965360    
  0.607495904      0.471943885      -1.23365319    
  0.253319889      0.120174885       6.31382689E-02
 -0.472614467       9.18206647E-02   7.75899068E-02
   4.01424313       3.22188234      0.918268085    
 -0.187577069     -0.188109785      -1.92181524E-02
 -0.963972628      0.568095386     -0.266886979    
 -0.167470664       6.45369804E-03  0.374514431    
  0.120823517      0.858975053     -0.571366847    
   1.67271483     -0.235588595      -1.24583375    
  -2.01619530       3.23137119E-02   9.12056938E-02
   2.16338539      0.309902787      -1.87238157    
  -4.59762625E-02  0.168523982     -0.157276094    
 -0.506686151     -0.846895576      0.680025041    
 -0.595498145      0.692119956      -2.86201835    
  -3.72291160       4.43320513      -1.43802798    
   1.29138637      0.199842051      -1.15113831    
  0.229694277     -0.816992283      0.589435935    
  -3.97529453E-02   1.69147670      0.509735584    
 -0.435955346       3.13310456     -0.996514440    
 -0.502649605       1.00609088     -0.778455198    
   5.73330559E-03   7.68967047E-02   1.78705938E-02
 -0.246039927      -5.01328707E-02  -4.39287489E-03
  0.353113115      0.136239991     -0.118014328    
  0.536341608       1.25744569      -2.21101284    
  -1.14387071       1.91468835      -1.91970384    
  0.165144324     -0.219355464     -0.161572844    
 -0.723039687      0.809623837      -1.99295914    
   1.01523948      -1.01477158       9.31379125E-02
 -0.141420707      -7.29194377E-03  -3.99810597E-02
  0.284065247      0.101126298       2.09899545E-02
  0.110966347      0.433147430      -4.47774792    
  -1.36251701E-02  -5.10905981E-02  -6.72540888E-02
  -4.37406969      -3.53511095      -4.26927328    
  -2.59198475     -0.959693432     -0.287506878    
  -1.35589778      0.696659803      -4.08699131    
 -0.367262930      0.257034659      0.693187177    
  -5.40603161      -1.95378590      -1.20258343    
  -3.64122939      -1.65598965      0.639902651    
   4.18054797E-02   9.38297287E-02 -0.367268652    
  0.593646467      0.604329765      -9.80781093E-02
  -2.67761126E-02  -1.96262952E-02  -2.76429616E-02
 -0.326977551       3.24502373       3.34072018    
  0.805812061      -1.29472756      -1.11194456    
 -0.180971831       2.29757881       2.92686343    
   6.87366799E-02  0.439774960     -0.310985059    
  0.518319964      0.173606440     -0.283296674    
 -0.181071356      -5.62746227E-02  -6.24844283E-02
 -0.106041133      -2.00340692E-02  0.110051915    
  -4.76099539       6.09681845     -0.601782918    
 -0.151768684       5.53478897E-02 -0.145346984    
  -2.69294882     -0.295549691       1.19630063    
  0.586042821      -2.29999804     -0.872985005    
   6.11047745E-02   3.87875997E-02 -0.123270825    
 -0.830058515       1.88048184      -2.80529332    
 -0.655919373     -0.999737978       2.98128700    
 -0.105139762      -6.22940436E-02  -5.61589450E-02
  0.775650680      -1.16813838       1.22703469    
  0.183185056      -3.80033366E-02  0.119828612    
   9.15201567E-03  -2.53789973      -1.29713678    
  -2.10767984     -0.230826780      0.209898978    
  0.249581620      -7.85853788E-02   1.36093998    
 -0.512514889      0.168040276     -0.301789284    
   3.16278982     -0.970951796       1.42790627    
   1.50235556E-02   2.90657505E-02   2.04174593E-03
   3.68928766      -2.65444708       1.01315832    
   1.20414829      0.730590582     -0.327181399    
  0.204038322     -0.160316676      -4.95539084E-02
  0.817709029       1.19402003      0.131239578    
  0.126131445      -1.40073802E-02 -0.108555138    
  -1.36090803     -0.253768623      -5.33735007E-02
 -0.245124504      0.482255667     -0.248025179    
  0.395423621      0.119135417      0.558031380    
  0.312487125     -0.206947669     -0.502876759    
   2.19681096       2.94224548      0.550553322    
  0.129978210       6.25956990E-03   1.85494171E-03
  0.787771702      0.556880534     -0.837556005    
  -4.25779074E-02  -7.95221403E-02  -3.24729234E-02
   1.16578627      0.239689380      0.230760440    
 -0.171809644       1.82434642       2.00246525    
   1.70780540     -0.387476534      -1.86948228    
   2.73448247E-02  0.990525067      0.336859465    
   9.65140983E-02  0.246476546       5.27319200E-02
  -1.36069646E-02   2.30469257E-02   2.91698538E-02
  0.241513044       6.71319664E-02 -0.942791283    
  -1.61297178      0.404987067     -0.196601331    
  0.262062371       5.21897338E-02 -0.266906142    
 -0.383854687      0.415169656     -0.288967341    
 -0.480814844      0.787562013       1.69912529    
  0.131481171      -2.06381226       1.97781026    
  0.391813099      0.514486790     -0.472051919    
  0.216494277     -0.168884188      0.309844255    
  0.827356577      0.992894530      0.592445195    
 -0.551193714     -0.764383435     -0.493104428    
  0.716374695     -0.267824888      -2.33797193    
   2.57528329       1.66744876      -3.18543768    
  0.988357604      -2.86010909      -1.75269496    
  -1.29567357E-02 -0.137234360      0.186111376    
  0.559242129      -2.50902414      -1.64395142    
  0.716709316     -0.700208843      0.359404594    
 -0.735669613      -1.12592340      -2.57864237    
  0.627921343     -0.141641602       5.24332598E-02
  0.328104675      0.162430927     -0.274367988    
   2.93097448       1.18079221       1.01787925    
  -1.46622574      0.971186578       2.66695642    
  0.511596560      -2.18544292       1.37190199    
 -0.113700129       5.64647578E-02  0.123253480    
  0.128585875      -5.90569861E-02  -7.42497444E-02
  -2.54374051     -0.916162312      -3.20903538E-03
  -1.16630435      -5.51843159E-02  -6.88886493E-02
 -0.103027672       7.59130865E-02   1.77185033E-02
   7.27847219E-02  -1.86211073      0.514778852    
  0.348706931      0.422921002      -1.63834727    
 -0.532986581     -0.146749139      -3.28992493E-02
  -4.05176735      -4.11159611      0.473928213    
 -0.391555786      -1.23866785      0.621136427    
 -0.450143963      -1.45463049       2.17037201    
  0.738424957      0.396194965     -0.202270240    
   5.67566510E-03  -4.11589108E-02  -2.80163810E-03
  0.859573066      -4.54513505E-02 -0.201385841    
  -2.22757012E-02  -1.13280956E-03  -3.80225740E-02
  -8.32740813E-02  -4.73300293E-02 -0.430299550    
  -9.36801895E-04 -0.185463533     -0.344245523    
   5.66419506      -40.1419411      -1.89299965    
  -3.41130328       2.96544719      -1.12143588    
 -0.932249010      0.426568389       1.41971982    
 -0.633455992       5.06497192       8.83452797    
  0.149368450      0.126787812      0.180782631    
  0.544158995      0.597324908       9.53386724E-02
  -2.15460658       1.73848104      0.114704005    
   9.23830494E-02 -0.165564641      -6.06835075E-03
  0.307993203      0.463291168       2.26910281    
  0.497822970      0.887147844      -2.21756959    
  -1.15712488     -0.199546352      -1.84480306E-02
 -0.761245251     -0.501319766      0.646257579    
   5.24494909E-02  0.337044448       7.28991628E-02
   2.09401965      0.584719598      0.521875620    
 -0.565180600     -0.809761226      0.770177424    
  -4.24238294E-02  0.156640172     -0.228353158    
   1.00673294       1.50479174      0.585196495    
 -0.298189193       1.11658657      0.564960957    
  -9.41771120E-02  0.689834833      -6.27492592E-02
  0.754692793     -0.811353207       1.69192386    
  -6.61475211E-02   2.60103866E-02   1.39749311E-02
   1.29081917      0.768244147      0.362305194    
  -14.5741625      -4.22848177       2.28749895    
  0.234351799      -6.18194193E-02  0.223372117    
  -3.41442451E-02   2.23171897E-02  -9.61755067E-02
   2.35725594      -4.94188406E-02   2.54074121    
  0.193069577      0.620588481      0.113865539    
 -0.574914455      -2.06324387      -1.57360816    
 -0.206470788       1.77238071     -0.723101795    
 -0.401077658      0.515093744      -1.53643584    
   6.23699315E-02   2.24787854E-02   6.66380227E-02
   3.69192791      -9.99225807      -1.09191096    
 -0.111582018      0.306226134      0.118760839    
 -0.529732525       4.73747969       3.45867109    
   1.04798162       1.27215314      -2.07368922    
 -0.491800874      -1.93370972E-03 -0.172805443    
   1.03990853      0.262366772     -0.848255754    
   4.67244959      -1.31005883      -4.06841230    
 -0.254122138      -9.40800272E-03   4.28903960E-02
  -2.25688338      0.491073489      0.358335704    
  0.392485380      0.858875573      0.292098880    
  0.351252705      -7.14117959E-02  -4.98861820E-02
  0.313634485      -5.34704961E-02 -0.215420693    
   1.44567629E-02   2.05760933E-02  -2.71454081E-02
   5.12796640      -2.45277047      0.130652055    
 -0.298843056     -0.135426864     -0.122552529    
  -5.84750287E-02  0.125674367      -7.75589794E-02
  -1.46025681      0.757236302       1.97979462    
  -4.00162363      -1.47688222       1.59970129    
 -0.943343401      0.641081691     -0.993664205    
   1.37732448E-02  -8.80860165E-03 -0.355006307    
   6.81366771E-04   9.59714726E-02 -0.227319539    
  0.180809930       7.54458159E-02   3.89447473E-02
  0.344095528     -0.102119923     -0.165101185    
  0.350189984      0.129876658     -0.363611847    
   5.09338044E-02  0.481381834      0.563121498    
  -2.18671942      -3.25481296E-02   2.88623762    
  -2.70345664      0.257627964       1.44822168    
 -0.295805335     -0.963498950      0.358974099    
   1.27093697     -0.629610658      -7.38118812E-02
 -0.183426335       7.95982033E-02  0.158186018    
  -3.32662559       3.27254987       1.43652976    
 -0.144260377     -0.153279588       9.50466283E-03
  0.123163134      0.570802689     -0.690718293    
   7.39341825E-02 -0.111236379      -3.50584574E-02
  0.130640656      -4.05973941E-02   4.26019356E-02
   5.89987114E-02   8.03289004E-05  -3.06962170E-02
   2.97451496       1.25806606      0.868799329    
 -0.176176906      -4.17842418E-02  0.804050386    
  0.211439058      -2.07372475      0.570312917    
   2.10035467     -0.760874331      -1.90851605    
  0.140005097      0.181866005      0.246778011    
  -1.92226064      0.586727619     -0.346393883    
  0.224077687      -9.78853204E-05   1.43836844    
  -2.14139342       2.44263864      -1.72848523    
  -2.89010811      0.648918092     -0.882433534    
  0.257563800      0.847924292      -5.64897346    
  0.929757237      -2.47169876       1.52749276    
 -0.451559514      0.456435174     -0.211996838    
  -9.11858119E-03   3.81097421E-02   3.57258990E-02
   2.60852147E-02   1.55857551       6.85100779E-02
  -1.25013041      0.174364462     -0.347786903    
  -4.53123078E-02  -2.41585597E-02  -9.79188737E-03
   1.73779845      -2.36402273       3.31146431    
   6.95155412E-02  -2.76851896E-02   4.33541238E-02
  0.207873255     -0.401915073     -0.339937836    
   3.01043894E-02  -4.39158082E-02   9.97254439E-03
  -4.29322958      -1.26090395      0.284813434    
  -3.21675920      0.362481743      0.134518504    
 -0.969700217      -1.52686834      -1.85904503    
   1.36162972     -0.130140170      0.801072598    
  0.144343808      -8.67669657E-02  0.207847565    
 -0.163083375      -4.01098393E-02  0.260246068    
 -0.314456373       3.88551801E-02  0.342021286    
  -3.69259454E-02  -5.39656468E-02   2.00972762E-02
  -9.31602716E-02   3.31984115      -5.52952480    
  -2.34958529      0.368435353     -0.446158737    
   2.11719918      -3.43691349       2.01503420    
  -7.35232309E-02   2.27863006E-02   9.53744724E-02
  0.205236942      0.175319940       4.80265729E-02
   5.50425276E-02  0.252435416      0.105316088    
 -0.572510958      0.289506942     -0.536529541    
   7.97223374E-02   1.22301519      0.357313216    
  0.785990536       1.84131122      0.764292181    
  0.226323873     -0.211695015      -9.69250202E-02
  0.562475026     -0.357843727       1.05001724    
 -0.335103780      0.361128330     -0.782036483    
   3.22674625E-02  -1.44842323E-02 -0.101122484    
  0.214756921      0.774102986      -3.28674459    
  0.904946148      0.504557848      0.783265948    
 -0.332408249     -0.513700843      -1.96180093    
 -0.171671540      0.198560447      0.463826716    
   1.52808654      0.439721256       5.91602176E-02
   1.23661900     -0.115941070      0.578759193    
   1.14178622     -0.867243230     -0.811603785    
 -0.328539580      -1.71364594       1.32379711    
  0.204960912     -0.174788535       4.74159159E-02
  0.461937726     -0.135552153      0.558430731    
   3.69262433       2.13855934     -0.215886861    
 -0.155538097      0.196342155      -2.74978746E-02
  0.336135358     -0.346385628     -0.154785931    
  -2.90073323     -0.161649391      -1.99506390    
 -0.382701039      0.145021781     -0.579300404    
 -0.361165822      -1.79563987       1.54948473    
  -9.06752795E-02  0.136086762     -0.105393447    
  -5.74759059E-02  0.189864203      0.114383109    
  -6.31560832E-02  0.159123585       8.49719048E-02
 -0.853422165      0.558292687       1.05335379    
   3.94445956E-02  0.422965556       1.40024256E-02
   6.05974011E-02  0.159261301     -0.379612029    
 -0.991736233       1.10587645      -1.88068524E-02
  -2.93953102E-02  0.354159951      0.456539661    
  0.192358747       1.21480668     -0.351260871    
   3.31326923E-03   3.99413183E-02   5.97085655E-02
 -0.109179519      0.203017280      0.161596924    
 -0.110329665     -0.267510563     -0.167707309    
 -0.733089387       8.72362056E-04  0.821629703    
   5.11477552E-02   2.69029606E-02  -1.85997728E-02
  -3.95268083     -0.236832440     -0.613292873    
  0.660943031       1.05512190     -0.780380368    
   1.44388473     -0.562659800      -2.14918327    
  -2.16003084      -1.98609495       2.50477884E-02
  -8.18476009     -0.946932793       6.47534990    
  -5.64622283E-02   1.91329774E-02  0.102324717    
 -0.205349192     -0.538672686      0.551005125    
  0.335288614      0.146385029     -0.149361953    
  0.370277226      0.203796625     -0.677281678    
   1.11969209      -1.24963510     -0.501040161    
   4.82346229E-02   6.83776513E-02 -0.192660525    
   2.96614263E-02   1.56676555       1.89737165    
  0.959387481       1.65637267      0.932403564    
  0.105951652     -0.190992564      -7.18879551E-02
   3.53968143E-02  -3.43285911E-02 -0.520693600    
  -3.81260014       1.24999380      -1.83667994    
   3.08166090E-02   4.54431437E-02  -5.65117924E-03
   9.45572779E-02 -0.102110021       1.72140636E-02
 -0.943315208      0.125825554     -0.392422706    
 -0.253222376     -0.559311450      0.960964501    
 -0.637827456     -0.297041565      -1.19072437    
 -0.142102197     -0.806369007     -0.576067924    
   2.33774018     -0.105162606       2.90032339    
  -5.50178364E-02  0.125526071       3.38368863E-02
   8.81763026E-02  -9.16666240E-02   9.80406553E-02
   1.55424653E-02  0.108315691     -0.164793923    
  -3.33594060       1.96682941E-02  -2.31688190    
  0.230727747      0.328858435     -0.776718140    
   1.86290173E-03 -0.111834921      -3.98098677E-02
 -0.270218164      -2.64820494E-02  0.448015153    
 -0.711324871      0.177120015     -0.394291908    
   2.31631976E-02  0.689658821      0.155752227    
  -2.69910502      0.832436502     -0.554754734    
 -0.192238033       9.87645164E-02 -0.755969703    
  -1.82052207       4.44022751       5.96639109    
  0.506701827      0.170026585     -0.332194895    
  -4.60089603E-03  0.104510091     -0.190670714    
   1.07276833      -1.28503633      0.620791793    
  -2.69703530E-02  0.473170459      -1.89462233    
  0.766016543      -1.55151153      -1.21984386    
  0.207062066      0.548500896      0.368503243    
   1.74799848      -2.38986683       2.83025551    
  0.151088551      0.348123938     -0.399544418    
  0.394234955       1.04634702       2.97611403    
 -0.774302602     -0.881497800       1.28974092    
 -0.157910109     -0.126471162      0.670477033    
   1.41342330       1.59848189      0.726111114    
  -5.53340688E-02  -8.60618278E-02 -0.132629961    
   2.31647587       1.39908195       3.89781404    
  0.330851138      0.150663376      -7.62483403E-02
 -0.373679191       7.64044598E-02  0.482553065    
 -0.124133952     -0.117156677     -0.119434029    
  -9.15440265E-03  -4.05910350E-02   2.75995806E-02
   8.62687230E-02  -6.40729629E-03 -0.113920368    
  0.162305370      -1.37567568      -2.94384528E-02
  -2.08044767     -0.538463056     -0.219480142    
  0.595971346       1.62598526      0.386895478    
  -1.46833467      -1.74382281      -9.75649618E-03
   1.09890306      0.341905743      0.454618752    
   7.33059049E-02 -0.136640877       3.71849425E-02
 -0.258966863      0.109019943      0.385995090    
  0.281369537      -1.42582321     -0.356710374    
   1.84494722      0.260035247       1.85316980    
   1.48498487      -4.81711850E-02   1.31288838    
   3.21544981      -2.61685371     -0.749156892    
 -0.446578413      0.156776026       8.84836391E-02
 -0.567773223       3.30849662E-02  0.329859406    
  0.734075963      0.161983669      -4.72029299E-02
  -4.34005298E-02   9.93007347E-02  0.422054738    
  -1.26395881      0.355534405     -0.840196967    
   1.25207436       2.99933600       1.55256379    
  -9.34893638E-02 -0.180563360     -0.100155383    
  -9.40351631E-04  0.379526794     -0.427162737    
   6.50682822E-02   3.57485339E-02 -0.529650331    
   4.25276607E-02   2.16670875E-02   1.27923558E-04
   1.35975126E-02   3.16052549E-02   8.51212163E-03
  0.934281349      -1.40702033       1.50534356    
  0.625525892      0.583004236     -0.650446534    
  -3.33961892      0.319483221      -1.29404461    
  0.178399667      0.447034895       6.32648766E-02
  0.300206929      0.257172137      -9.06916335E-04
 -0.149902776       3.59058380E-02  0.370645612    
  -1.47732459E-02  0.118516870      0.246976197    
  -1.20156519E-02  -1.49699403E-02  0.208741963    
  -5.80252148E-02  -7.52162486E-02   9.26997960E-02
  0.418817759       2.58537722     -0.339676350    
   6.67576492E-02  0.433828324      -1.60117972    
  0.111856319      0.312854677      0.141561553    
  0.215675056       6.77835867E-02 -0.728176177    
  -4.45705652E-03   3.39723639E-02  0.120322704    
 -0.908639491       1.68781269      0.448012561    
   5.61515205E-02 -0.156727195     -0.213590145    
  -1.48000741      0.460392386     -0.277575254    
 -0.119915746       2.73771882E-02  -1.46087017E-02
  0.120221771      0.237817824       1.29284477    
 -0.573146045     -0.335133195     -0.351987392    
  -3.39422040E-02 -0.423525602     -0.868042469    
  -5.53856827E-02 -0.172673672      -2.48343274E-02
  -3.70776020E-02 -0.122063391      0.256224960    
  -2.49215309E-02  -5.43350801E-02   2.93533541E-02
  0.184953868      0.202298343     -0.187453672    
 -0.754596889      0.475236982      -1.24705398    
   5.64717986E-02  0.650644720     -0.162019119    
  0.542073727      -2.19678617       1.29156494    
 -0.460500449      -1.21641266       1.56853330    
   9.57850143E-02  -5.59224710E-02  -3.16827968E-02
 -0.205582470     -0.235718712       2.01485872    
  -2.07488751E-03  -3.28667983E-02  -7.19790813E-03
  -2.44332790      0.142559797       1.34597528    
  -8.80159289E-02  -3.64427418E-02  0.154215038    
   8.90146494E-02 -0.316024721     -0.214466929    
   1.17270601      -2.63341999      -2.83121347    
  -1.34282064      -7.67598724       1.59304774    
  0.107522696       1.69247389E-02   9.87280905E-02
  0.166974023      0.379473269       8.71180370E-02
   2.14325356       1.72295904      -1.37703598    
  0.447212189      -1.76991892       2.29904270    
   4.38313055      -2.26591563      -1.02966917    
  0.529692471       3.16498804       2.97769713    
   2.69779135E-02 -0.333532393       5.09752221E-02
   6.92635262E-03 -0.838161409     -0.550752997    
   5.49186021E-03  -8.25330690E-02  0.201129451    
 -0.227035493       2.25840688       3.53564858    
  -9.48526785E-02  -5.19632474E-02 -0.123377211    
 -0.182998031      0.143072560     -0.400232077    
 -0.363603264       2.80552983      0.749153852    
  0.648477972     -0.442880869      0.965048134    
   2.41101766E-03  -5.86690195E-02  0.129014835    
   1.51362610      -1.96170855       2.67958927    
  0.256965578       3.74041386E-02 -0.578778803    
  -2.98607387E-02  0.465935498     -0.251649618    
  0.317805260       5.52600957E-02 -0.682909906    
  0.174933866     -0.140692383      0.252454311    
   1.15448348E-02  -4.65781912E-02  -4.57167737E-02
   5.06827235E-02  -4.35327888E-02  0.174708024    
   3.36508676E-02   9.72807929E-02   9.41862613E-02
  -2.28248090E-02 -0.217571497     -0.298102498    
  0.384260297       1.39622509      -1.73476064    
  0.277682960      -1.06860006       2.76508999    
  -1.28065801      -3.40535259       2.04704356    
  -1.94967103      0.891861379      -4.77104797E-04
 -0.319201380      -1.84563160       1.46294999    
  0.258396089       2.72984151E-04  -9.57625061E-02
  0.116291024      -8.78832787E-02  0.667686462    
  -1.05053419E-04   1.04517817       1.13327491    
  0.320954829      0.563412011       1.06038368    
  0.228415623      -1.00428355       2.33853054    
  -11.5138588      -2.66901326       5.69879055    
 -0.168248117       8.84388313E-02 -0.136586353    
  -1.92617737E-02  -9.63965990E-03  -3.23378481E-02
  0.635525763      0.940885782      0.257101148    
  0.440128744      0.369468093     -0.138307095    
   2.97873020E-02  -1.64115727       1.63933229    
  0.951186180      0.255775094     -0.912090778    
 -0.272542715     -0.202065170     -0.256217867    
  0.199245557       5.95697463E-02 -0.254299223    
  -2.22495055      -3.45756078      -4.74864149    
   1.67515242      -1.10579383       2.24887872    
   2.63733530      0.275707930      0.837851822    
 -0.680634677      -2.19005275       3.02722788    
  -1.19762957       1.07958913     -0.362831593    
   2.63330452E-02 -0.286233515     -0.248414591    
   2.85019803      0.987409651     -0.754832387    
  0.850559235      0.736700952      -1.02133870    
  0.653408289     -0.967262447      0.386531711    
  -2.15784097       4.01805210       1.79383624    
   9.52464342E-03  -2.49104295E-03  -9.31900591E-02
  0.252374709      0.162996799      0.106318817    
 -0.990293145      0.514566422      0.337230980    
  -1.44692767      0.467021525      0.799229860    
  -2.60476279      0.493000537       3.30152249    
  -4.54628132E-02  -4.42774082E-03  -2.23763343E-02
  -1.61255527      -2.04217029     -0.303217560    
  -2.24039912       2.54818892       2.12886453    
   3.37249711E-02  -3.93872187E-02   2.83476803E-02
  -1.67994392      -2.99242806       1.25336254    
  0.273154825       1.04767144      -1.19043791    
  0.143750802      0.691872597     -0.860355079    
  -4.64840196E-02   2.39294076       1.62661767    
  -2.74083424     -0.678962409     -0.503539145    
  -2.32847799E-02  -4.59831916E-02 -0.151098400    
   1.69440019     -0.356561065       2.49847317    
  0.158886254      0.206463814       4.49916795E-02
  -2.91906857      -2.23927975      0.405130327    
   5.73517829E-02 -0.133299261      -7.85556212E-02
  0.909436405     -0.400829464     -0.826771557    
 -0.174685925      -3.41471024E-02  0.205909967    
   4.15324606E-02   5.56417480E-02  -5.10386787E-02
 -0.138931975      -8.05528462E-02  0.254339278    
  0.172908783       4.48009893E-02  -6.50803279E-03
  0.285007566      0.919161618      -1.88776255    
   1.46387482       3.19802618       1.55914903    
  -7.20230117E-03  -8.82036909E-02 -0.568900526    
  -4.49310765E-02  -7.32206553E-03 -0.230942309    
 -0.539672792      -1.01478612      -1.31094956    
   3.37835383      0.600662947      -2.44132924    
 -0.135726660      0.583247423     -0.645889580    
   9.11484137E-02  -2.58450651     -0.527707100    
   8.10240135E-02  0.117589474     -0.102377407    
  0.412064284      -2.07395720       1.22488272    
 -0.192051470     -0.192484543       8.73233601E-02
 -0.989081085      -1.25731015       2.43645477    
 -0.364416033      0.476476490       2.54763644E-02
   7.32645765E-02  -2.20971775     -0.421900421    
  -3.53516079E-02  0.134276569       4.49411571E-02
  -1.61108207E-02 -0.198813960       5.20207100E-02
  -6.45959526E-02   1.11058092      0.387998104    
  0.121767350      0.167172700      0.729717314    
   1.72229326      -1.38854539     -0.309132159    
   1.14848876      -2.13719940      -1.00127709    
  -8.88095871E-02  -5.09673245E-02   4.68569398E-02
  -9.23379362E-02 -0.844657183      0.409536570    
  0.533903778       1.96934678E-02 -0.295450479    
   1.94188636E-02 -0.258645177     -0.160605267    
 -0.851074934       1.09694002E-03 -0.320290029    
   4.32409272E-02  -1.33947181E-02 -0.211932197    
   6.03490062E-02  -7.82443658E-02 -0.269093215    
  -7.76474699E-02 -0.222097218       7.04230592E-02
 -0.704268396      0.927857041      -1.72147417    
   3.45812345       2.62154698      -2.18560481    
  0.259656876       3.62697132E-02  -5.20845726E-02
 -0.585644484     -0.209481657      0.613673389    
   8.93180743E-02  -4.41568159E-02  0.178809226    
 -0.718771815      0.388334215       1.01736212    
 -0.147645235     -0.447415918      0.514403760    
 -0.111671031      0.281306714     -0.105680622    
  0.127988517     -0.142633155      -1.15576279    
 -0.832996070      -1.37625396      -1.13537192    
  -3.34252739     -0.292984873       2.59608459    
  -3.39716244      0.760268450      0.280935675    
  -6.34786263E-02   9.04020965E-02  -6.68072477E-02
  -4.74260902      -8.68969059      -2.54356265    
  0.664348602      0.411839902      0.169849932    
   8.19971636E-02  -1.46649219E-02   4.60718013E-03
 -0.136694714     -0.300588369     -0.879587829    
 -0.328590959      -4.91716824E-02  0.220991835    
  -1.04266071       1.18398833     -0.244233191    
 -0.799253702     -0.841699243      -1.06825662    
   4.77983169E-02  0.221421525       6.34286404E-02
  -2.60476804      0.947876632     -0.163660392    
 -0.618995965      0.877503693      -1.61795413    
  0.416958511     -0.459592402     -0.784458399    
  -8.02695379E-02  -7.02611879E-02  -2.58694626E-02
   8.94269848       4.65146971      -3.79484606    
 -0.116909131       4.13682032       3.21672940    
  0.148921385      -2.15562725      0.444340765    
   3.90851535E-02  0.247078866      -7.01758265E-02
   2.60006070     -0.251924545      -2.12933326    
   7.53480848E-03  -4.24332730E-02   8.65937304E-03
 -0.951542616     -0.134507954      0.647780001    
 -0.344629645     -0.441450506      0.700655639    
  0.254612237      0.128769368      0.182917535    
  0.228890881      0.121301942     -0.252966493    
   1.02053142      -1.17790389     -0.504507661    
   1.54045727E-02  0.243491963      0.131529927    
 -0.485783726      -7.03025982E-02  0.178452179    
  -8.31254497E-02  -5.23520708E-02  0.705660403    
   7.19113797E-02  -3.50428075E-02 -0.115159072    
  0.835033953      0.982210040       1.00929224    
 -0.479641855       1.30489822E-02  0.225427121    
  -3.29876877E-02 -0.740972042      0.817980468    
  -2.02172065     -0.262139291     -0.353551775    
   1.37273045E-02   7.19282031E-02   5.18847294E-02
 -0.159800589      -6.49134293E-02 -0.204840094    
  0.262660801      0.459132582      0.135738179    
  -9.59129408E-02  0.104197450      0.398552328    
   4.27799020E-03  -3.69374715E-02   5.53008914E-02
 -0.142655149      0.483352214       1.27739048    
  0.388942003      0.117107175      0.241063312    
  -3.86843607E-02  -5.46148419E-02  -8.12151060E-02
 -0.212910950       3.25658321      0.295810789    
  -2.12982583     -0.847206652     -0.984515786    
  -2.34408844E-02  -2.60640737E-02  -4.51343805E-02
 -0.293882132     -0.379175425     -0.145577833    
  -3.26401070E-02  -2.68914141E-02  -5.06243482E-02
  -2.19152689     -0.966780901     -0.959515393    
  -2.77398657E-02  0.894446552      -6.48272485E-02
   7.22651109E-02 -0.817868531      0.826665282    
  0.506037891      0.505653799     -0.743945539    
  0.135267138     -0.162290141       5.52536398E-02
 -0.968162417       7.60940090E-02  0.598313332    
  -8.67732763E-02   9.20264125E-02   1.89084858E-02
  0.962954879      -2.06471905E-02   3.56466246    
  -1.17493224      0.276094735     -0.358695388    
 -0.564290822     -0.999536514      -1.87978554    
  0.903111041     -0.219195306      0.925137341    
  -2.77879000     -0.967974365      -1.84749985    
   1.39554894      0.458752126       4.82802764E-02
  -1.61824775      -2.82796669      -1.52280998    
  -3.74854779       1.87171888     -0.396221906    
  -1.00468814       3.87830734E-02 -0.350304812    
   5.16152382E-02 -0.152335063       4.72766794E-02
  -7.57798702E-02  -5.55679528E-03   4.61561345E-02
 -0.242609382      -8.34924821E-03  0.341114134    
  0.593542218      0.171463817     -0.443446845    
  0.337705851     -0.151918709     -0.415311575    
  0.485190719      0.434615254      0.196289465    
  -1.03195477      -1.48360384       1.46647215    
   7.53368344E-03   9.93560329E-02 -0.217613012    
   7.13398606E-02   2.74101272E-02   3.84739228E-02
 -0.129787385       8.90415460E-02 -0.166325301    
   1.27525479E-02  -2.94400193E-02   6.24017268E-02
 -0.193646133      -4.04355638E-02  -7.63949007E-02
  -2.07296944      0.511742532      -5.91471195E-02
  -2.69356072E-02  -6.38000816E-02  -1.71900690E-02
 -0.435163379      -2.92883921      0.266217023    
   3.40368772       1.60239685      0.627287805    
 -0.579074562      0.298383951       1.46685266    
  -1.70184839      -6.42714053E-02   1.50888956    
   5.28440019E-03  -9.04201418E-02  -1.73988042E-03
   1.52342427       2.69475818      0.772086561    
  0.157202005      0.172059014      0.327508867    
 -0.207201779      -6.61981255E-02  -5.58474883E-02
  -3.18873953E-03  0.117667109     -0.125611022    
  0.584721148      -1.05111039     -0.800490558    
   1.05728710      -1.84669662      -2.34716249    
  -8.49118829E-02  0.124851175      0.260975659    
  -3.18980861       1.78624809     -0.869420946    
  -2.10717273      0.896615922      -1.36507750E-02
   1.55539286       2.28932738       2.58495331    
 -0.103988819      -6.71563005       2.36642603E-02
  -2.05870271      0.109041087      -2.31018114    
   2.18351078      -1.76293218       2.13065767    
  -8.10510591E-02  -3.57297882E-02  0.107685961    
   8.64346921E-02   2.37207264E-02  -4.04977277E-02
 -0.153076053      0.966435671     -0.254563749    
 -0.461990476     -0.683268905     -0.907254815    
 -0.310279548     -0.764183164       1.15197182    
  -1.27269682E-02  -3.12514342E-02  0.124085233    
 -0.306018263      -1.16377580     -0.861005664    
  0.767053723      -1.06003118       1.58268213    
 -0.206399813       7.16504361E-03   1.43247237E-03
  0.115435295      -5.54218106E-02  0.396818519    
   1.51571250      -4.18677330      -1.68307531    
   1.58449924     -0.878871858      -2.18042922    
  -1.10359132     -0.154050365      0.512335896    
  -6.36238381E-02 -0.128533378      0.426304579    
