    0.99E-01   0.886007E+00   0.994183E-01   0.000000E+00   -.634903E+00   -.157334E+00   0.000000E+00   -.251099E+00   0.579158E-01   0.000000E+00
    0.20E+00   0.868152E+00   0.197846E+00   0.000000E+00   -.558660E+00   -.289604E+00   0.000000E+00   -.309482E+00   0.917575E-01   0.000000E+00
    0.30E+00   0.839023E+00   0.294201E+00   0.000000E+00   -.451996E+00   -.381046E+00   0.000000E+00   -.387013E+00   0.868454E-01   0.000000E+00
    0.40E+00   0.799346E+00   0.387287E+00   0.000000E+00   -.334766E+00   -.426507E+00   0.000000E+00   -.464561E+00   0.392205E-01   0.000000E+00
    0.50E+00   0.749830E+00   0.475801E+00   0.000000E+00   -.224621E+00   -.428140E+00   0.000000E+00   -.525243E+00   -.476934E-01   0.000000E+00
    0.60E+00   0.690863E+00   0.558325E+00   0.000000E+00   -.136496E+00   -.392914E+00   0.000000E+00   -.554884E+00   -.165616E+00   0.000000E+00
    0.70E+00   0.623147E+00   0.633779E+00   0.000000E+00   -.826763E-01   -.332356E+00   0.000000E+00   -.541921E+00   -.301706E+00   0.000000E+00
    0.80E+00   0.547555E+00   0.701230E+00   0.000000E+00   -.711167E-01   -.263484E+00   0.000000E+00   -.479083E+00   -.437679E+00   0.000000E+00
    0.90E+00   0.465059E+00   0.759855E+00   0.000000E+00   -.101005E+00   -.208111E+00   0.000000E+00   -.367844E+00   -.550610E+00   0.000000E+00
    0.10E+01   0.376713E+00   0.808954E+00   0.000000E+00   -.158553E+00   -.186719E+00   0.000000E+00   -.222723E+00   -.619233E+00   0.000000E+00
    0.11E+01   0.283636E+00   0.847948E+00   0.000000E+00   -.220176E+00   -.208871E+00   0.000000E+00   -.682296E-01   -.633602E+00   0.000000E+00
    0.12E+01   0.186929E+00   0.876395E+00   0.000000E+00   -.262847E+00   -.269987E+00   0.000000E+00   0.714313E-01   -.598237E+00   0.000000E+00
    0.13E+01   0.875194E-01   0.894157E+00   0.000000E+00   -.271293E+00   -.356708E+00   0.000000E+00   0.179625E+00   -.526573E+00   0.000000E+00
    0.14E+01   -.131981E-01   0.901317E+00   0.000000E+00   -.238283E+00   -.452941E+00   0.000000E+00   0.247671E+00   -.434793E+00   0.000000E+00
    0.15E+01   -.113754E+00   0.897944E+00   0.000000E+00   -.162543E+00   -.542361E+00   0.000000E+00   0.272825E+00   -.339294E+00   0.000000E+00
    0.16E+01   -.212703E+00   0.884075E+00   0.000000E+00   -.478719E-01   -.608664E+00   0.000000E+00   0.257441E+00   -.256418E+00   0.000000E+00
    0.17E+01   -.308783E+00   0.859747E+00   0.000000E+00   0.957508E-01   -.636032E+00   0.000000E+00   0.210127E+00   -.201994E+00   0.000000E+00
    0.18E+01   -.401167E+00   0.825253E+00   0.000000E+00   0.250271E+00   -.612226E+00   0.000000E+00   0.147702E+00   -.188303E+00   0.000000E+00
    0.19E+01   -.488833E+00   0.781120E+00   0.000000E+00   0.390856E+00   -.535014E+00   0.000000E+00   0.939943E-01   -.217770E+00   0.000000E+00
    0.20E+01   -.570807E+00   0.727975E+00   0.000000E+00   0.494070E+00   -.416708E+00   0.000000E+00   0.716866E-01   -.278587E+00   0.000000E+00
    0.21E+01   -.646195E+00   0.666528E+00   0.000000E+00   0.547512E+00   -.279633E+00   0.000000E+00   0.925926E-01   -.349287E+00   0.000000E+00
    0.22E+01   -.714189E+00   0.597573E+00   0.000000E+00   0.551576E+00   -.146542E+00   0.000000E+00   0.155768E+00   -.408204E+00   0.000000E+00
    0.23E+01   -.774073E+00   0.521972E+00   0.000000E+00   0.514898E+00   -.351158E-01   0.000000E+00   0.251981E+00   -.438827E+00   0.000000E+00
    0.24E+01   -.825256E+00   0.440677E+00   0.000000E+00   0.450254E+00   0.426260E-01   0.000000E+00   0.367806E+00   -.430290E+00   0.000000E+00
    0.25E+01   -.867328E+00   0.354946E+00   0.000000E+00   0.373010E+00   0.797450E-01   0.000000E+00   0.487182E+00   -.376752E+00   0.000000E+00
    0.26E+01   -.899645E+00   0.265859E+00   0.000000E+00   0.300782E+00   0.750650E-01   0.000000E+00   0.591788E+00   -.278060E+00   0.000000E+00
    0.27E+01   -.921566E+00   0.174342E+00   0.000000E+00   0.251946E+00   0.354592E-01   0.000000E+00   0.662603E+00   -.142013E+00   0.000000E+00
    0.28E+01   -.932887E+00   0.812425E-01   0.000000E+00   0.240949E+00   -.225179E-01   0.000000E+00   0.684741E+00   0.140011E-01   0.000000E+00
    0.29E+01   -.933682E+00   -.125870E-01   0.000000E+00   0.271921E+00   -.759038E-01   0.000000E+00   0.653955E+00   0.166210E+00   0.000000E+00
    0.30E+01   -.923751E+00   -.106327E+00   0.000000E+00   0.336672E+00   -.103518E+00   0.000000E+00   0.578661E+00   0.292558E+00   0.000000E+00
    0.31E+01   -.903529E+00   -.198981E+00   0.000000E+00   0.419198E+00   -.922997E-01   0.000000E+00   0.475304E+00   0.378988E+00   0.000000E+00
    0.32E+01   -.873520E+00   -.289443E+00   0.000000E+00   0.501407E+00   -.380188E-01   0.000000E+00   0.362475E+00   0.420163E+00   0.000000E+00
    0.33E+01   -.834189E+00   -.376529E+00   0.000000E+00   0.566063E+00   0.566260E-01   0.000000E+00   0.257889E+00   0.417598E+00   0.000000E+00
    0.34E+01   -.785696E+00   -.459067E+00   0.000000E+00   0.597665E+00   0.183148E+00   0.000000E+00   0.177469E+00   0.378555E+00   0.000000E+00
    0.35E+01   -.728419E+00   -.536064E+00   0.000000E+00   0.583643E+00   0.326925E+00   0.000000E+00   0.134137E+00   0.316423E+00   0.000000E+00
    0.36E+01   -.662963E+00   -.606608E+00   0.000000E+00   0.517767E+00   0.467004E+00   0.000000E+00   0.134440E+00   0.250998E+00   0.000000E+00
    0.37E+01   -.590023E+00   -.669845E+00   0.000000E+00   0.405149E+00   0.579560E+00   0.000000E+00   0.173630E+00   0.205141E+00   0.000000E+00
    0.38E+01   -.510384E+00   -.724987E+00   0.000000E+00   0.263470E+00   0.646317E+00   0.000000E+00   0.234591E+00   0.196455E+00   0.000000E+00
    0.39E+01   -.424910E+00   -.771318E+00   0.000000E+00   0.116352E+00   0.661455E+00   0.000000E+00   0.294553E+00   0.230345E+00   0.000000E+00
    0.40E+01   -.334546E+00   -.808206E+00   0.000000E+00   -.152946E-01   0.630625E+00   0.000000E+00   0.333714E+00   0.300876E+00   0.000000E+00
    0.41E+01   -.240239E+00   -.835363E+00   0.000000E+00   -.116894E+00   0.565690E+00   0.000000E+00   0.338757E+00   0.395904E+00   0.000000E+00
    0.42E+01   -.143191E+00   -.852592E+00   0.000000E+00   -.179693E+00   0.481069E+00   0.000000E+00   0.302260E+00   0.500690E+00   0.000000E+00
    0.43E+01   -.447558E-01   -.859521E+00   0.000000E+00   -.199838E+00   0.392724E+00   0.000000E+00   0.221721E+00   0.598902E+00   0.000000E+00
    0.44E+01   0.537309E-01   -.855742E+00   0.000000E+00   -.179107E+00   0.318149E+00   0.000000E+00   0.100255E+00   0.672634E+00   0.000000E+00
    0.45E+01   0.151016E+00   -.840868E+00   0.000000E+00   -.127565E+00   0.274867E+00   0.000000E+00   -.508062E-01   0.703958E+00   0.000000E+00
    0.46E+01   0.246231E+00   -.815112E+00   0.000000E+00   -.655027E-01   0.274859E+00   0.000000E+00   -.210036E+00   0.680615E+00   0.000000E+00
    0.47E+01   0.338317E+00   -.778825E+00   0.000000E+00   -.188563E-01   0.316816E+00   0.000000E+00   -.350526E+00   0.603954E+00   0.000000E+00
    0.48E+01   0.426161E+00   -.732244E+00   0.000000E+00   -.798079E-02   0.385152E+00   0.000000E+00   -.451041E+00   0.490033E+00   0.000000E+00
    0.49E+01   0.508762E+00   -.675699E+00   0.000000E+00   -.406224E-01   0.458372E+00   0.000000E+00   -.502935E+00   0.361166E+00   0.000000E+00
    0.50E+01   0.584845E+00   -.610073E+00   0.000000E+00   -.113894E+00   0.517116E+00   0.000000E+00   -.508119E+00   0.237701E+00   0.000000E+00
    0.51E+01   0.653375E+00   -.536126E+00   0.000000E+00   -.218829E+00   0.546595E+00   0.000000E+00   -.474509E+00   0.135463E+00   0.000000E+00
    0.52E+01   0.713418E+00   -.454735E+00   0.000000E+00   -.342761E+00   0.536132E+00   0.000000E+00   -.413670E+00   0.661688E-01   0.000000E+00
    0.53E+01   0.764095E+00   -.366968E+00   0.000000E+00   -.469485E+00   0.479116E+00   0.000000E+00   -.340675E+00   0.374398E-01   0.000000E+00
    0.54E+01   0.804327E+00   -.274147E+00   0.000000E+00   -.579145E+00   0.375070E+00   0.000000E+00   -.274285E+00   0.507253E-01   0.000000E+00
    0.55E+01   0.833613E+00   -.177232E+00   0.000000E+00   -.650889E+00   0.233475E+00   0.000000E+00   -.234420E+00   0.974674E-01   0.000000E+00
    0.56E+01   0.851850E+00   -.773516E-01   0.000000E+00   -.670302E+00   0.750289E-01   0.000000E+00   -.234898E+00   0.157899E+00   0.000000E+00
    0.57E+01   0.858499E+00   0.244001E-01   0.000000E+00   -.636564E+00   -.748417E-01   0.000000E+00   -.276404E+00   0.207633E+00   0.000000E+00
    0.58E+01   0.853255E+00   0.127044E+00   0.000000E+00   -.561228E+00   -.195791E+00   0.000000E+00   -.347607E+00   0.227551E+00   0.000000E+00
    0.59E+01   0.836522E+00   0.229196E+00   0.000000E+00   -.461206E+00   -.276604E+00   0.000000E+00   -.432007E+00   0.207822E+00   0.000000E+00
    0.60E+01   0.808775E+00   0.329369E+00   0.000000E+00   -.353729E+00   -.313577E+00   0.000000E+00   -.512849E+00   0.146234E+00   0.000000E+00
    0.61E+01   0.770504E+00   0.426028E+00   0.000000E+00   -.255050E+00   -.308277E+00   0.000000E+00   -.574368E+00   0.458850E-01   0.000000E+00
    0.62E+01   0.721929E+00   0.517740E+00   0.000000E+00   -.180603E+00   -.267196E+00   0.000000E+00   -.601617E+00   -.851946E-01   0.000000E+00
    0.63E+01   0.663500E+00   0.603310E+00   0.000000E+00   -.144045E+00   -.203406E+00   0.000000E+00   -.581399E+00   -.232449E+00   0.000000E+00
    0.64E+01   0.596041E+00   0.681657E+00   0.000000E+00   -.152804E+00   -.138123E+00   0.000000E+00   -.506749E+00   -.373318E+00   0.000000E+00
    0.65E+01   0.520495E+00   0.751817E+00   0.000000E+00   -.200779E+00   -.968400E-01   0.000000E+00   -.384334E+00   -.481266E+00   0.000000E+00
    0.66E+01   0.437897E+00   0.812952E+00   0.000000E+00   -.266897E+00   -.976313E-01   0.000000E+00   -.236056E+00   -.537578E+00   0.000000E+00
    0.67E+01   0.349367E+00   0.864361E+00   0.000000E+00   -.325455E+00   -.142694E+00   0.000000E+00   -.887803E-01   -.539738E+00   0.000000E+00
    0.68E+01   0.256058E+00   0.905534E+00   0.000000E+00   -.357021E+00   -.221973E+00   0.000000E+00   0.366602E-01   -.497615E+00   0.000000E+00
    0.69E+01   0.159123E+00   0.936430E+00   0.000000E+00   -.350735E+00   -.320720E+00   0.000000E+00   0.127915E+00   -.425791E+00   0.000000E+00
    0.70E+01   0.600201E-01   0.956905E+00   0.000000E+00   -.302100E+00   -.423345E+00   0.000000E+00   0.178990E+00   -.339668E+00   0.000000E+00
    0.71E+01   -.397970E-01   0.966755E+00   0.000000E+00   -.211302E+00   -.513972E+00   0.000000E+00   0.188616E+00   -.254918E+00   0.000000E+00
    0.72E+01   -.138953E+00   0.965773E+00   0.000000E+00   -.836268E-01   -.576207E+00   0.000000E+00   0.160703E+00   -.187727E+00   0.000000E+00
    0.73E+01   -.236284E+00   0.953877E+00   0.000000E+00   0.683878E-01   -.594502E+00   0.000000E+00   0.106546E+00   -.153476E+00   0.000000E+00
    0.74E+01   -.331039E+00   0.931551E+00   0.000000E+00   0.223569E+00   -.559145E+00   0.000000E+00   0.462659E-01   -.161854E+00   0.000000E+00
    0.75E+01   -.422203E+00   0.899260E+00   0.000000E+00   0.356355E+00   -.473105E+00   0.000000E+00   0.457514E-02   -.210180E+00   0.000000E+00
    0.76E+01   -.508781E+00   0.857523E+00   0.000000E+00   0.446766E+00   -.353040E+00   0.000000E+00   0.736460E-03   -.282454E+00   0.000000E+00
    0.77E+01   -.589850E+00   0.806942E+00   0.000000E+00   0.487071E+00   -.221788E+00   0.000000E+00   0.417768E-01   -.356766E+00   0.000000E+00
    0.78E+01   -.664560E+00   0.748200E+00   0.000000E+00   0.480445E+00   -.100378E+00   0.000000E+00   0.123761E+00   -.413105E+00   0.000000E+00
    0.79E+01   -.732147E+00   0.682049E+00   0.000000E+00   0.436770E+00   -.490697E-02   0.000000E+00   0.235984E+00   -.436369E+00   0.000000E+00
    0.80E+01   -.791934E+00   0.609307E+00   0.000000E+00   0.370043E+00   0.537466E-01   0.000000E+00   0.363576E+00   -.416595E+00   0.000000E+00
    0.81E+01   -.843333E+00   0.530839E+00   0.000000E+00   0.297447E+00   0.704409E-01   0.000000E+00   0.488472E+00   -.349474E+00   0.000000E+00
    0.82E+01   -.885850E+00   0.447553E+00   0.000000E+00   0.238055E+00   0.476722E-01   0.000000E+00   0.590778E+00   -.238249E+00   0.000000E+00
    0.83E+01   -.919078E+00   0.360389E+00   0.000000E+00   0.209051E+00   -.256865E-02   0.000000E+00   0.652683E+00   -.956101E-01   0.000000E+00
    0.84E+01   -.942696E+00   0.270309E+00   0.000000E+00   0.219906E+00   -.604976E-01   0.000000E+00   0.664391E+00   0.579276E-01   0.000000E+00
    0.85E+01   -.956364E+00   0.178158E+00   0.000000E+00   0.269080E+00   -.104843E+00   0.000000E+00   0.627442E+00   0.200240E+00   0.000000E+00
    0.86E+01   -.959901E+00   0.846615E-01   0.000000E+00   0.346123E+00   -.119114E+00   0.000000E+00   0.552484E+00   0.313835E+00   0.000000E+00
    0.87E+01   -.953555E+00   -.907156E-02   0.000000E+00   0.436110E+00   -.937805E-01   0.000000E+00   0.454697E+00   0.388062E+00   0.000000E+00
    0.88E+01   -.937559E+00   -.101848E+00   0.000000E+00   0.522562E+00   -.256130E-01   0.000000E+00   0.350796E+00   0.418498E+00   0.000000E+00
    0.89E+01   -.912082E+00   -.192441E+00   0.000000E+00   0.588425E+00   0.829059E-01   0.000000E+00   0.258003E+00   0.406399E+00   0.000000E+00
    0.90E+01   -.877171E+00   -.279759E+00   0.000000E+00   0.616866E+00   0.222629E+00   0.000000E+00   0.193249E+00   0.359688E+00   0.000000E+00
    0.91E+01   -.832996E+00   -.362948E+00   0.000000E+00   0.594314E+00   0.375860E+00   0.000000E+00   0.170153E+00   0.294901E+00   0.000000E+00
    0.92E+01   -.780000E+00   -.441068E+00   0.000000E+00   0.517058E+00   0.517241E+00   0.000000E+00   0.192533E+00   0.236395E+00   0.000000E+00
    0.93E+01   -.718720E+00   -.513215E+00   0.000000E+00   0.396692E+00   0.621873E+00   0.000000E+00   0.249119E+00   0.208301E+00   0.000000E+00
    0.94E+01   -.649777E+00   -.578532E+00   0.000000E+00   0.256119E+00   0.676098E+00   0.000000E+00   0.317666E+00   0.223701E+00   0.000000E+00
    0.95E+01   -.573882E+00   -.636212E+00   0.000000E+00   0.119023E+00   0.680119E+00   0.000000E+00   0.375431E+00   0.281874E+00   0.000000E+00
    0.96E+01   -.491833E+00   -.685516E+00   0.000000E+00   0.341928E-02   0.642947E+00   0.000000E+00   0.405479E+00   0.373248E+00   0.000000E+00
    0.97E+01   -.404576E+00   -.725861E+00   0.000000E+00   -.789013E-01   0.577493E+00   0.000000E+00   0.397150E+00   0.484276E+00   0.000000E+00
    0.98E+01   -.313340E+00   -.756848E+00   0.000000E+00   -.121268E+00   0.498650E+00   0.000000E+00   0.344901E+00   0.599357E+00   0.000000E+00
    0.99E+01   -.219241E+00   -.777748E+00   0.000000E+00   -.122176E+00   0.423080E+00   0.000000E+00   0.248329E+00   0.701079E+00   0.000000E+00
    0.10E+02   -.123326E+00   -.787829E+00   0.000000E+00   -.871731E-01   0.368437E+00   0.000000E+00   0.114032E+00   0.771054E+00   0.000000E+00
    0.10E+02   -.265675E-01   -.786491E+00   0.000000E+00   -.310560E-01   0.349691E+00   0.000000E+00   -.422243E-01   0.793713E+00   0.000000E+00
    0.10E+02   0.701185E-01   -.773456E+00   0.000000E+00   0.238267E-01   0.372704E+00   0.000000E+00   -.197173E+00   0.762898E+00   0.000000E+00
    0.10E+02   0.165782E+00   -.748804E+00   0.000000E+00   0.552526E-01   0.430604E+00   0.000000E+00   -.327643E+00   0.685579E+00   0.000000E+00
    0.10E+02   0.259354E+00   -.712961E+00   0.000000E+00   0.488563E-01   0.507433E+00   0.000000E+00   -.418199E+00   0.578140E+00   0.000000E+00
    0.10E+02   0.349623E+00   -.666533E+00   0.000000E+00   -.138030E-03   0.584682E+00   0.000000E+00   -.462853E+00   0.459697E+00   0.000000E+00
    0.11E+02   0.435219E+00   -.610132E+00   0.000000E+00   -.891241E-01   0.645050E+00   0.000000E+00   -.462880E+00   0.348224E+00   0.000000E+00
    0.11E+02   0.514613E+00   -.544074E+00   0.000000E+00   -.209952E+00   0.673323E+00   0.000000E+00   -.425013E+00   0.259629E+00   0.000000E+00
    0.11E+02   0.586595E+00   -.469019E+00   0.000000E+00   -.348886E+00   0.656893E+00   0.000000E+00   -.361521E+00   0.207201E+00   0.000000E+00
    0.11E+02   0.650079E+00   -.385837E+00   0.000000E+00   -.485762E+00   0.588380E+00   0.000000E+00   -.291113E+00   0.198985E+00   0.000000E+00
    0.11E+02   0.704088E+00   -.295546E+00   0.000000E+00   -.595953E+00   0.471083E+00   0.000000E+00   -.237114E+00   0.232357E+00   0.000000E+00
    0.11E+02   0.747768E+00   -.199292E+00   0.000000E+00   -.658827E+00   0.322497E+00   0.000000E+00   -.219201E+00   0.290610E+00   0.000000E+00
    0.11E+02   0.780406E+00   -.983341E-01   0.000000E+00   -.667448E+00   0.168278E+00   0.000000E+00   -.243816E+00   0.349131E+00   0.000000E+00
    0.11E+02   0.801434E+00   0.617586E-02   0.000000E+00   -.628692E+00   0.309591E-01   0.000000E+00   -.303949E+00   0.386729E+00   0.000000E+00
    0.11E+02   0.810667E+00   0.113130E+00   0.000000E+00   -.556046E+00   -.751880E-01   0.000000E+00   -.386172E+00   0.390699E+00   0.000000E+00
    0.11E+02   0.808247E+00   0.220861E+00   0.000000E+00   -.464240E+00   -.142758E+00   0.000000E+00   -.475904E+00   0.355315E+00   0.000000E+00
    0.12E+02   0.794374E+00   0.327649E+00   0.000000E+00   -.367946E+00   -.168765E+00   0.000000E+00   -.558670E+00   0.279311E+00   0.000000E+00
    0.12E+02   0.769295E+00   0.431789E+00   0.000000E+00   -.282556E+00   -.153947E+00   0.000000E+00   -.619325E+00   0.165131E+00   0.000000E+00
    0.12E+02   0.733196E+00   0.531814E+00   0.000000E+00   -.224875E+00   -.104644E+00   0.000000E+00   -.641333E+00   0.207529E-01   0.000000E+00
    0.12E+02   0.686489E+00   0.626622E+00   0.000000E+00   -.210731E+00   -.370704E-01   0.000000E+00   -.609158E+00   -.136116E+00   0.000000E+00
    0.12E+02   0.629993E+00   0.715067E+00   0.000000E+00   -.245728E+00   0.207245E-01   0.000000E+00   -.517600E+00   -.276223E+00   0.000000E+00
    0.12E+02   0.564641E+00   0.796140E+00   0.000000E+00   -.314718E+00   0.396994E-01   0.000000E+00   -.382523E+00   -.369721E+00   0.000000E+00
    0.12E+02   0.491458E+00   0.868978E+00   0.000000E+00   -.388058E+00   0.800876E-02   0.000000E+00   -.234689E+00   -.404274E+00   0.000000E+00
    0.12E+02   0.411536E+00   0.932866E+00   0.000000E+00   -.439710E+00   -.668772E-01   0.000000E+00   -.101524E+00   -.386968E+00   0.000000E+00
    0.12E+02   0.326038E+00   0.987296E+00   0.000000E+00   -.454834E+00   -.169030E+00   0.000000E+00   0.685562E-03   -.333328E+00   0.000000E+00
    0.12E+02   0.236348E+00   0.103216E+01   0.000000E+00   -.427410E+00   -.281479E+00   0.000000E+00   0.645219E-01   -.259885E+00   0.000000E+00
    0.13E+02   0.143792E+00   0.106706E+01   0.000000E+00   -.357066E+00   -.388050E+00   0.000000E+00   0.883055E-01   -.182367E+00   0.000000E+00
    0.13E+02   0.495655E-01   0.109160E+01   0.000000E+00   -.248064E+00   -.473288E+00   0.000000E+00   0.751001E-01   -.115809E+00   0.000000E+00
    0.13E+02   -.452644E-01   0.110542E+01   0.000000E+00   -.109982E+00   -.522999E+00   0.000000E+00   0.334187E-01   -.740650E-01   0.000000E+00
    0.13E+02   -.139799E+00   0.110848E+01   0.000000E+00   0.415258E-01   -.526709E+00   0.000000E+00   -.220044E-01   -.674428E-01   0.000000E+00
    0.13E+02   -.233269E+00   0.110133E+01   0.000000E+00   0.186266E+00   -.481550E+00   0.000000E+00   -.717765E-01   -.989230E-01   0.000000E+00
    0.13E+02   -.324872E+00   0.108388E+01   0.000000E+00   0.304305E+00   -.394570E+00   0.000000E+00   -.967154E-01   -.161880E+00   0.000000E+00
    0.13E+02   -.413829E+00   0.105675E+01   0.000000E+00   0.381299E+00   -.280996E+00   0.000000E+00   -.832545E-01   -.241742E+00   0.000000E+00
    0.13E+02   -.499293E+00   0.102065E+01   0.000000E+00   0.411008E+00   -.160013E+00   0.000000E+00   -.259991E-01   -.320064E+00   0.000000E+00
    0.13E+02   -.580216E+00   0.976145E+00   0.000000E+00   0.395240E+00   -.511819E-01   0.000000E+00   0.723367E-01   -.377997E+00   0.000000E+00
    0.13E+02   -.655719E+00   0.923704E+00   0.000000E+00   0.343379E+00   0.279355E-01   0.000000E+00   0.201411E+00   -.398607E+00   0.000000E+00
    0.14E+02   -.725090E+00   0.863934E+00   0.000000E+00   0.272309E+00   0.645785E-01   0.000000E+00   0.343374E+00   -.369648E+00   0.000000E+00
    0.14E+02   -.787677E+00   0.797488E+00   0.000000E+00   0.204852E+00   0.552465E-01   0.000000E+00   0.474506E+00   -.288047E+00   0.000000E+00
    0.14E+02   -.842894E+00   0.725066E+00   0.000000E+00   0.163798E+00   0.953637E-02   0.000000E+00   0.571310E+00   -.163828E+00   0.000000E+00
    0.14E+02   -.890209E+00   0.647407E+00   0.000000E+00   0.163153E+00   -.521833E-01   0.000000E+00   0.619347E+00   -.179120E-01   0.000000E+00
    0.14E+02   -.929155E+00   0.565291E+00   0.000000E+00   0.204142E+00   -.107347E+00   0.000000E+00   0.617186E+00   0.126374E+00   0.000000E+00
    0.14E+02   -.959355E+00   0.479513E+00   0.000000E+00   0.278483E+00   -.138277E+00   0.000000E+00   0.572996E+00   0.250414E+00   0.000000E+00
    0.14E+02   -.980727E+00   0.390829E+00   0.000000E+00   0.373420E+00   -.133795E+00   0.000000E+00   0.499410E+00   0.341987E+00   0.000000E+00
    0.14E+02   -.993115E+00   0.300283E+00   0.000000E+00   0.474398E+00   -.880504E-01   0.000000E+00   0.410799E+00   0.394162E+00   0.000000E+00
    0.14E+02   -.996262E+00   0.208961E+00   0.000000E+00   0.565517E+00   0.277375E-03   0.000000E+00   0.322806E+00   0.404528E+00   0.000000E+00
    0.14E+02   -.989851E+00   0.117925E+00   0.000000E+00   0.629463E+00   0.127018E+00   0.000000E+00   0.252429E+00   0.376195E+00   0.000000E+00
    0.15E+02   -.973604E+00   0.281282E-01   0.000000E+00   0.649216E+00   0.279829E+00   0.000000E+00   0.216358E+00   0.320518E+00   0.000000E+00
    0.15E+02   -.947739E+00   -.597617E-01   0.000000E+00   0.613891E+00   0.436504E+00   0.000000E+00   0.225259E+00   0.258829E+00   0.000000E+00
    0.15E+02   -.912464E+00   -.144846E+00   0.000000E+00   0.526594E+00   0.569879E+00   0.000000E+00   0.276081E+00   0.217541E+00   0.000000E+00
    0.15E+02   -.867890E+00   -.226252E+00   0.000000E+00   0.405320E+00   0.659180E+00   0.000000E+00   0.351236E+00   0.216709E+00   0.000000E+00
    0.15E+02   -.814347E+00   -.303074E+00   0.000000E+00   0.274234E+00   0.697138E+00   0.000000E+00   0.427210E+00   0.262805E+00   0.000000E+00
    0.15E+02   -.752389E+00   -.374237E+00   0.000000E+00   0.154935E+00   0.688055E+00   0.000000E+00   0.483137E+00   0.350608E+00   0.000000E+00
    0.15E+02   -.682549E+00   -.438821E+00   0.000000E+00   0.632843E-01   0.643028E+00   0.000000E+00   0.503882E+00   0.467986E+00   0.000000E+00
    0.15E+02   -.605467E+00   -.495947E+00   0.000000E+00   0.917364E-02   0.577020E+00   0.000000E+00   0.480233E+00   0.598849E+00   0.000000E+00
    0.15E+02   -.521889E+00   -.544785E+00   0.000000E+00   -.392392E-02   0.507498E+00   0.000000E+00   0.409356E+00   0.724570E+00   0.000000E+00
    0.15E+02   -.432663E+00   -.584569E+00   0.000000E+00   0.196492E-01   0.452533E+00   0.000000E+00   0.296214E+00   0.825975E+00   0.000000E+00
    0.16E+02   -.338738E+00   -.614605E+00   0.000000E+00   0.671513E-01   0.426940E+00   0.000000E+00   0.154210E+00   0.887353E+00   0.000000E+00
    0.16E+02   -.241157E+00   -.634285E+00   0.000000E+00   0.120222E+00   0.437829E+00   0.000000E+00   0.250345E-02   0.901017E+00   0.000000E+00
    0.16E+02   -.140900E+00   -.642993E+00   0.000000E+00   0.160404E+00   0.483182E+00   0.000000E+00   -.139440E+00   0.868749E+00   0.000000E+00
    0.16E+02   -.387777E-01   -.640250E+00   0.000000E+00   0.173399E+00   0.554246E+00   0.000000E+00   -.256086E+00   0.799295E+00   0.000000E+00
    0.16E+02   0.638180E-01   -.626157E+00   0.000000E+00   0.150040E+00   0.638748E+00   0.000000E+00   -.336852E+00   0.705055E+00   0.000000E+00
    0.16E+02   0.165338E+00   -.600905E+00   0.000000E+00   0.855481E-01   0.722457E+00   0.000000E+00   -.375410E+00   0.600447E+00   0.000000E+00
    0.16E+02   0.264147E+00   -.564721E+00   0.000000E+00   -.206258E-01   0.788976E+00   0.000000E+00   -.369574E+00   0.502099E+00   0.000000E+00
    0.16E+02   0.358667E+00   -.517719E+00   0.000000E+00   -.162610E+00   0.819136E+00   0.000000E+00   -.323537E+00   0.429410E+00   0.000000E+00
    0.16E+02   0.447596E+00   -.460120E+00   0.000000E+00   -.322872E+00   0.793623E+00   0.000000E+00   -.253183E+00   0.401916E+00   0.000000E+00
    0.16E+02   0.529656E+00   -.392644E+00   0.000000E+00   -.469365E+00   0.704373E+00   0.000000E+00   -.189104E+00   0.427960E+00   0.000000E+00
    0.17E+02   0.603674E+00   -.316191E+00   0.000000E+00   -.568949E+00   0.567993E+00   0.000000E+00   -.163374E+00   0.491498E+00   0.000000E+00
    0.17E+02   0.668604E+00   -.231812E+00   0.000000E+00   -.608995E+00   0.417220E+00   0.000000E+00   -.187946E+00   0.560827E+00   0.000000E+00
    0.17E+02   0.723554E+00   -.140690E+00   0.000000E+00   -.597343E+00   0.279444E+00   0.000000E+00   -.254486E+00   0.609981E+00   0.000000E+00
    0.17E+02   0.767980E+00   -.441231E-01   0.000000E+00   -.548910E+00   0.170042E+00   0.000000E+00   -.347628E+00   0.625180E+00   0.000000E+00
    0.17E+02   0.801781E+00   0.563845E-01   0.000000E+00   -.478506E+00   0.963375E-01   0.000000E+00   -.452135E+00   0.600738E+00   0.000000E+00
    0.17E+02   0.824586E+00   0.159218E+00   0.000000E+00   -.399983E+00   0.613443E-01   0.000000E+00   -.553765E+00   0.535258E+00   0.000000E+00
    0.17E+02   0.836066E+00   0.262822E+00   0.000000E+00   -.327401E+00   0.648351E-01   0.000000E+00   -.638128E+00   0.430524E+00   0.000000E+00
    0.17E+02   0.835964E+00   0.365750E+00   0.000000E+00   -.275882E+00   0.101970E+00   0.000000E+00   -.689846E+00   0.292823E+00   0.000000E+00
    0.17E+02   0.824340E+00   0.466856E+00   0.000000E+00   -.260120E+00   0.160125E+00   0.000000E+00   -.694096E+00   0.136054E+00   0.000000E+00
    0.17E+02   0.801886E+00   0.565302E+00   0.000000E+00   -.288324E+00   0.217051E+00   0.000000E+00   -.642793E+00   -.164794E-01   0.000000E+00
    0.18E+02   0.769139E+00   0.659976E+00   0.000000E+00   -.354258E+00   0.246557E+00   0.000000E+00   -.542699E+00   -.137737E+00   0.000000E+00
    0.18E+02   0.726717E+00   0.749842E+00   0.000000E+00   -.437351E+00   0.230854E+00   0.000000E+00   -.415285E+00   -.209168E+00   0.000000E+00
    0.18E+02   0.675322E+00   0.833964E+00   0.000000E+00   -.512703E+00   0.167203E+00   0.000000E+00   -.286546E+00   -.227247E+00   0.000000E+00
    0.18E+02   0.615737E+00   0.911506E+00   0.000000E+00   -.559925E+00   0.647218E-01   0.000000E+00   -.177955E+00   -.200243E+00   0.000000E+00
    0.18E+02   0.548803E+00   0.981746E+00   0.000000E+00   -.565855E+00   -.611140E-01   0.000000E+00   -.103667E+00   -.142738E+00   0.000000E+00
    0.18E+02   0.475406E+00   0.104406E+01   0.000000E+00   -.524563E+00   -.191828E+00   0.000000E+00   -.704889E-01   -.723095E-01   0.000000E+00
    0.18E+02   0.396466E+00   0.109795E+01   0.000000E+00   -.437597E+00   -.308068E+00   0.000000E+00   -.776453E-01   -.747650E-02   0.000000E+00
    0.18E+02   0.312917E+00   0.114300E+01   0.000000E+00   -.314415E+00   -.392436E+00   0.000000E+00   -.116385E+00   0.350323E-01   0.000000E+00
    0.18E+02   0.225705E+00   0.117889E+01   0.000000E+00   -.171168E+00   -.433299E+00   0.000000E+00   -.171262E+00   0.439787E-01   0.000000E+00
    0.18E+02   0.135774E+00   0.120539E+01   0.000000E+00   -.269065E-01   -.427428E+00   0.000000E+00   -.224013E+00   0.162221E-01   0.000000E+00
    0.19E+02   0.438060E-01   0.122219E+01   0.000000E+00   0.100857E+00   -.379527E+00   0.000000E+00   -.258031E+00   -.436761E-01   0.000000E+00
    0.19E+02   -.493878E-01   0.122937E+01   0.000000E+00   0.198632E+00   -.299705E+00   0.000000E+00   -.260835E+00   -.125862E+00   0.000000E+00
    0.19E+02   -.142731E+00   0.122717E+01   0.000000E+00   0.257331E+00   -.201303E+00   0.000000E+00   -.224413E+00   -.217258E+00   0.000000E+00
    0.19E+02   -.235119E+00   0.121582E+01   0.000000E+00   0.272224E+00   -.100179E+00   0.000000E+00   -.145142E+00   -.302223E+00   0.000000E+00
    0.19E+02   -.325446E+00   0.119546E+01   0.000000E+00   0.244194E+00   -.147964E-01   0.000000E+00   -.250073E-01   -.362432E+00   0.000000E+00
    0.19E+02   -.412835E+00   0.116612E+01   0.000000E+00   0.183274E+00   0.350959E-01   0.000000E+00   0.124894E+00   -.378189E+00   0.000000E+00
    0.19E+02   -.496530E+00   0.112807E+01   0.000000E+00   0.112359E+00   0.350613E-01   0.000000E+00   0.280726E+00   -.335087E+00   0.000000E+00
    0.19E+02   -.575717E+00   0.108170E+01   0.000000E+00   0.626232E-01   -.125560E-01   0.000000E+00   0.410579E+00   -.235631E+00   0.000000E+00
    0.19E+02   -.649621E+00   0.102749E+01   0.000000E+00   0.572350E-01   -.859217E-01   0.000000E+00   0.490735E+00   -.102114E+00   0.000000E+00
    0.19E+02   -.717505E+00   0.965974E+00   0.000000E+00   0.100713E+00   -.157114E+00   0.000000E+00   0.516179E+00   0.368055E-01   0.000000E+00
    0.20E+02   -.778678E+00   0.897745E+00   0.000000E+00   0.183875E+00   -.204774E+00   0.000000E+00   0.495533E+00   0.158901E+00   0.000000E+00
    0.20E+02   -.832497E+00   0.823464E+00   0.000000E+00   0.292268E+00   -.216351E+00   0.000000E+00   0.442591E+00   0.250745E+00   0.000000E+00
    0.20E+02   -.878374E+00   0.743883E+00   0.000000E+00   0.410233E+00   -.185898E+00   0.000000E+00   0.372274E+00   0.305554E+00   0.000000E+00
    0.20E+02   -.915659E+00   0.660037E+00   0.000000E+00   0.521803E+00   -.112509E+00   0.000000E+00   0.299768E+00   0.321632E+00   0.000000E+00
    0.20E+02   -.943592E+00   0.572724E+00   0.000000E+00   0.611017E+00   -.420792E-03   0.000000E+00   0.240267E+00   0.302477E+00   0.000000E+00
    0.20E+02   -.961726E+00   0.482646E+00   0.000000E+00   0.663418E+00   0.139977E+00   0.000000E+00   0.207570E+00   0.257782E+00   0.000000E+00
    0.20E+02   -.970194E+00   0.390615E+00   0.000000E+00   0.669317E+00   0.292091E+00   0.000000E+00   0.210927E+00   0.203446E+00   0.000000E+00
    0.20E+02   -.968480E+00   0.297415E+00   0.000000E+00   0.627277E+00   0.435842E+00   0.000000E+00   0.251638E+00   0.158777E+00   0.000000E+00
    0.20E+02   -.956304E+00   0.203817E+00   0.000000E+00   0.544999E+00   0.552481E+00   0.000000E+00   0.322127E+00   0.141617E+00   0.000000E+00
    0.20E+02   -.933934E+00   0.110886E+00   0.000000E+00   0.437106E+00   0.628521E+00   0.000000E+00   0.408036E+00   0.164389E+00   0.000000E+00
    0.21E+02   -.901664E+00   0.198303E-01   0.000000E+00   0.322098E+00   0.657393E+00   0.000000E+00   0.491160E+00   0.232455E+00   0.000000E+00
    0.21E+02   -.859732E+00   -.680386E-01   0.000000E+00   0.220064E+00   0.640155E+00   0.000000E+00   0.551667E+00   0.343438E+00   0.000000E+00
    0.21E+02   -.808123E+00   -.151503E+00   0.000000E+00   0.150203E+00   0.586838E+00   0.000000E+00   0.570537E+00   0.485914E+00   0.000000E+00
    0.21E+02   -.747151E+00   -.229451E+00   0.000000E+00   0.125812E+00   0.517489E+00   0.000000E+00   0.534593E+00   0.638444E+00   0.000000E+00
    0.21E+02   -.677362E+00   -.300785E+00   0.000000E+00   0.146976E+00   0.458437E+00   0.000000E+00   0.443899E+00   0.773435E+00   0.000000E+00
    0.21E+02   -.599437E+00   -.364447E+00   0.000000E+00   0.198261E+00   0.431564E+00   0.000000E+00   0.314267E+00   0.868009E+00   0.000000E+00
    0.21E+02   -.514201E+00   -.419434E+00   0.000000E+00   0.256909E+00   0.445474E+00   0.000000E+00   0.169199E+00   0.912837E+00   0.000000E+00
    0.21E+02   -.422615E+00   -.464822E+00   0.000000E+00   0.303021E+00   0.496844E+00   0.000000E+00   0.296941E-01   0.910682E+00   0.000000E+00
    0.21E+02   -.325755E+00   -.499867E+00   0.000000E+00   0.322988E+00   0.576509E+00   0.000000E+00   -.892944E-01   0.870202E+00   0.000000E+00
    0.21E+02   -.224788E+00   -.524340E+00   0.000000E+00   0.308137E+00   0.673303E+00   0.000000E+00   -.177605E+00   0.802074E+00   0.000000E+00
    0.22E+02   -.121258E+00   -.537825E+00   0.000000E+00   0.252830E+00   0.774717E+00   0.000000E+00   -.228024E+00   0.718338E+00   0.000000E+00
    0.22E+02   -.167883E-01   -.539880E+00   0.000000E+00   0.154049E+00   0.865603E+00   0.000000E+00   -.235908E+00   0.633701E+00   0.000000E+00
    0.22E+02   0.870034E-01   -.530090E+00   0.000000E+00   0.138724E-01   0.926309E+00   0.000000E+00   -.201717E+00   0.567399E+00   0.000000E+00
    0.22E+02   0.188723E+00   -.508249E+00   0.000000E+00   -.153718E+00   0.934018E+00   0.000000E+00   -.137922E+00   0.541906E+00   0.000000E+00
    0.22E+02   0.287310E+00   -.474804E+00   0.000000E+00   -.316972E+00   0.874999E+00   0.000000E+00   -.749785E-01   0.570866E+00   0.000000E+00
    0.22E+02   0.381417E+00   -.430255E+00   0.000000E+00   -.439205E+00   0.761864E+00   0.000000E+00   -.485217E-01   0.642103E+00   0.000000E+00
    0.22E+02   0.469754E+00   -.375255E+00   0.000000E+00   -.503433E+00   0.626691E+00   0.000000E+00   -.745682E-01   0.724513E+00   0.000000E+00
    0.22E+02   0.551133E+00   -.310614E+00   0.000000E+00   -.514318E+00   0.498280E+00   0.000000E+00   -.147436E+00   0.790533E+00   0.000000E+00
    0.22E+02   0.624495E+00   -.237290E+00   0.000000E+00   -.485242E+00   0.394128E+00   0.000000E+00   -.252662E+00   0.823946E+00   0.000000E+00
    0.22E+02   0.688932E+00   -.156361E+00   0.000000E+00   -.430880E+00   0.323359E+00   0.000000E+00   -.374486E+00   0.816872E+00   0.000000E+00
    0.23E+02   0.743603E+00   -.692967E-01   0.000000E+00   -.365744E+00   0.289853E+00   0.000000E+00   -.497347E+00   0.766629E+00   0.000000E+00
    0.23E+02   0.787587E+00   0.225342E-01   0.000000E+00   -.304493E+00   0.293040E+00   0.000000E+00   -.605635E+00   0.674925E+00   0.000000E+00
    0.23E+02   0.820098E+00   0.118062E+00   0.000000E+00   -.261566E+00   0.326965E+00   0.000000E+00   -.684127E+00   0.548787E+00   0.000000E+00
    0.23E+02   0.841074E+00   0.216243E+00   0.000000E+00   -.248886E+00   0.379260E+00   0.000000E+00   -.720387E+00   0.401590E+00   0.000000E+00
    0.23E+02   0.850829E+00   0.315937E+00   0.000000E+00   -.272128E+00   0.432383E+00   0.000000E+00   -.708600E+00   0.251876E+00   0.000000E+00
    0.23E+02   0.848804E+00   0.416231E+00   0.000000E+00   -.328337E+00   0.467922E+00   0.000000E+00   -.651962E+00   0.119115E+00   0.000000E+00
    0.23E+02   0.835401E+00   0.516004E+00   0.000000E+00   -.407032E+00   0.471296E+00   0.000000E+00   -.561461E+00   0.190395E-01   0.000000E+00
    0.23E+02   0.811248E+00   0.614015E+00   0.000000E+00   -.493248E+00   0.433981E+00   0.000000E+00   -.452688E+00   -.385855E-01   0.000000E+00
    0.23E+02   0.776987E+00   0.708968E+00   0.000000E+00   -.569859E+00   0.353693E+00   0.000000E+00   -.343412E+00   -.501797E-01   0.000000E+00
    0.23E+02   0.733065E+00   0.799546E+00   0.000000E+00   -.618686E+00   0.234726E+00   0.000000E+00   -.252409E+00   -.187181E-01   0.000000E+00
    0.24E+02   0.679821E+00   0.884607E+00   0.000000E+00   -.622194E+00   0.897974E-01   0.000000E+00   -.197730E+00   0.443893E-01   0.000000E+00
    0.24E+02   0.617965E+00   0.963211E+00   0.000000E+00   -.568760E+00   -.580590E-01   0.000000E+00   -.191429E+00   0.117330E+00   0.000000E+00
    0.24E+02   0.548294E+00   0.103451E+01   0.000000E+00   -.461538E+00   -.179523E+00   0.000000E+00   -.230797E+00   0.171779E+00   0.000000E+00
    0.24E+02   0.471678E+00   0.109774E+01   0.000000E+00   -.321234E+00   -.252216E+00   0.000000E+00   -.295750E+00   0.186006E+00   0.000000E+00
    0.24E+02   0.389050E+00   0.115227E+01   0.000000E+00   -.175244E+00   -.270732E+00   0.000000E+00   -.359808E+00   0.154949E+00   0.000000E+00
    0.24E+02   0.301394E+00   0.119753E+01   0.000000E+00   -.454040E-01   -.243024E+00   0.000000E+00   -.402292E+00   0.867785E-01   0.000000E+00
    0.24E+02   0.209694E+00   0.123331E+01   0.000000E+00   0.549020E-01   -.182178E+00   0.000000E+00   -.411081E+00   -.521280E-02   0.000000E+00
    0.24E+02   0.115122E+00   0.125953E+01   0.000000E+00   0.118436E+00   -.102152E+00   0.000000E+00   -.380226E+00   -.106821E+00   0.000000E+00
    0.24E+02   0.189459E-01   0.127590E+01   0.000000E+00   0.142056E+00   -.172010E-01   0.000000E+00   -.307853E+00   -.203507E+00   0.000000E+00
    0.24E+02   -.776155E-01   0.128212E+01   0.000000E+00   0.126644E+00   0.573956E-01   0.000000E+00   -.196063E+00   -.279685E+00   0.000000E+00
    0.25E+02   -.173430E+00   0.127788E+01   0.000000E+00   0.792176E-01   0.105337E+00   0.000000E+00   -.530049E-01   -.318752E+00   0.000000E+00
    0.25E+02   -.267659E+00   0.126327E+01   0.000000E+00   0.161077E-01   0.112517E+00   0.000000E+00   0.103993E+00   -.306394E+00   0.000000E+00
    0.25E+02   -.359498E+00   0.123874E+01   0.000000E+00   -.374692E-01   0.746730E-01   0.000000E+00   0.248877E+00   -.238394E+00   0.000000E+00
    0.25E+02   -.447990E+00   0.120451E+01   0.000000E+00   -.565041E-01   0.348508E-02   0.000000E+00   0.355896E+00   -.126847E+00   0.000000E+00
    0.25E+02   -.532336E+00   0.116083E+01   0.000000E+00   -.278095E-01   -.778588E-01   0.000000E+00   0.411098E+00   0.434539E-02   0.000000E+00
    0.25E+02   -.611435E+00   0.110840E+01   0.000000E+00   0.472641E-01   -.145330E+00   0.000000E+00   0.414964E+00   0.130324E+00   0.000000E+00
    0.25E+02   -.684374E+00   0.104781E+01   0.000000E+00   0.157503E+00   -.180584E+00   0.000000E+00   0.377739E+00   0.231937E+00   0.000000E+00
    0.25E+02   -.750332E+00   0.979730E+00   0.000000E+00   0.286525E+00   -.172366E+00   0.000000E+00   0.314758E+00   0.297201E+00   0.000000E+00
    0.25E+02   -.808554E+00   0.904897E+00   0.000000E+00   0.415436E+00   -.116592E+00   0.000000E+00   0.243847E+00   0.321378E+00   0.000000E+00
    0.25E+02   -.858354E+00   0.824128E+00   0.000000E+00   0.525088E+00   -.168967E-01   0.000000E+00   0.183150E+00   0.307505E+00   0.000000E+00
    0.26E+02   -.899122E+00   0.738304E+00   0.000000E+00   0.599418E+00   0.115260E+00   0.000000E+00   0.147913E+00   0.266431E+00   0.000000E+00
    0.26E+02   -.930327E+00   0.648368E+00   0.000000E+00   0.629151E+00   0.262777E+00   0.000000E+00   0.146881E+00   0.214555E+00   0.000000E+00
    0.26E+02   -.951511E+00   0.555309E+00   0.000000E+00   0.613344E+00   0.407225E+00   0.000000E+00   0.180767E+00   0.169431E+00   0.000000E+00
    0.26E+02   -.962194E+00   0.459811E+00   0.000000E+00   0.557883E+00   0.532625E+00   0.000000E+00   0.243670E+00   0.145978E+00   0.000000E+00
    0.26E+02   -.962334E+00   0.362906E+00   0.000000E+00   0.472913E+00   0.626856E+00   0.000000E+00   0.325540E+00   0.155101E+00   0.000000E+00
    0.26E+02   -.952053E+00   0.265921E+00   0.000000E+00   0.371347E+00   0.681444E+00   0.000000E+00   0.413584E+00   0.203949E+00   0.000000E+00
    0.26E+02   -.931464E+00   0.170253E+00   0.000000E+00   0.268986E+00   0.691552E+00   0.000000E+00   0.492116E+00   0.295957E+00   0.000000E+00
    0.26E+02   -.900630E+00   0.773279E-01   0.000000E+00   0.185373E+00   0.658009E+00   0.000000E+00   0.541662E+00   0.428861E+00   0.000000E+00
    0.26E+02   -.859543E+00   -.117246E-01   0.000000E+00   0.142308E+00   0.592748E+00   0.000000E+00   0.540436E+00   0.589312E+00   0.000000E+00
    0.26E+02   -.808568E+00   -.958119E-01   0.000000E+00   0.153853E+00   0.524018E+00   0.000000E+00   0.474407E+00   0.747783E+00   0.000000E+00
    0.27E+02   -.748273E+00   -.173823E+00   0.000000E+00   0.210622E+00   0.486921E+00   0.000000E+00   0.353236E+00   0.868184E+00   0.000000E+00
    0.27E+02   -.679358E+00   -.244708E+00   0.000000E+00   0.282800E+00   0.500069E+00   0.000000E+00   0.207456E+00   0.931173E+00   0.000000E+00
    0.27E+02   -.602647E+00   -.307492E+00   0.000000E+00   0.341753E+00   0.559763E+00   0.000000E+00   0.667974E-01   0.939795E+00   0.000000E+00
    0.27E+02   -.519085E+00   -.361299E+00   0.000000E+00   0.370326E+00   0.652125E+00   0.000000E+00   -.503185E-01   0.907232E+00   0.000000E+00
    0.27E+02   -.429856E+00   -.405520E+00   0.000000E+00   0.360339E+00   0.761852E+00   0.000000E+00   -.134397E+00   0.848040E+00   0.000000E+00
    0.27E+02   -.336417E+00   -.439700E+00   0.000000E+00   0.308746E+00   0.874213E+00   0.000000E+00   -.181076E+00   0.776180E+00   0.000000E+00
    0.27E+02   -.240074E+00   -.463094E+00   0.000000E+00   0.216151E+00   0.974450E+00   0.000000E+00   -.189657E+00   0.705658E+00   0.000000E+00
    0.27E+02   -.142078E+00   -.475008E+00   0.000000E+00   0.875993E-01   0.104721E+01   0.000000E+00   -.163933E+00   0.651134E+00   0.000000E+00
    0.27E+02   -.435970E-01   -.474892E+00   0.000000E+00   -.652234E-01   0.107786E+01   0.000000E+00   -.114424E+00   0.626683E+00   0.000000E+00
    0.27E+02   0.543457E-01   -.462884E+00   0.000000E+00   -.222848E+00   0.105710E+01   0.000000E+00   -.595344E-01   0.641353E+00   0.000000E+00
    0.28E+02   0.150716E+00   -.438961E+00   0.000000E+00   -.361770E+00   0.986650E+00   0.000000E+00   -.217601E-01   0.693549E+00   0.000000E+00
    0.28E+02   0.244455E+00   -.403426E+00   0.000000E+00   -.462515E+00   0.880246E+00   0.000000E+00   -.195326E-01   0.770087E+00   0.000000E+00
    0.28E+02   0.334423E+00   -.357075E+00   0.000000E+00   -.515267E+00   0.758177E+00   0.000000E+00   -.615253E-01   0.851475E+00   0.000000E+00
    0.28E+02   0.419281E+00   -.300709E+00   0.000000E+00   -.519903E+00   0.641210E+00   0.000000E+00   -.146622E+00   0.917839E+00   0.000000E+00
    0.28E+02   0.497567E+00   -.234897E+00   0.000000E+00   -.483844E+00   0.547492E+00   0.000000E+00   -.266084E+00   0.951922E+00   0.000000E+00
    0.28E+02   0.568197E+00   -.160448E+00   0.000000E+00   -.420855E+00   0.491018E+00   0.000000E+00   -.404797E+00   0.940578E+00   0.000000E+00
    0.28E+02   0.630218E+00   -.783071E-01   0.000000E+00   -.350454E+00   0.479095E+00   0.000000E+00   -.541913E+00   0.877286E+00   0.000000E+00
    0.28E+02   0.682796E+00   0.104702E-01   0.000000E+00   -.295071E+00   0.508333E+00   0.000000E+00   -.653817E+00   0.766190E+00   0.000000E+00
    0.28E+02   0.725232E+00   0.104741E+00   0.000000E+00   -.272826E+00   0.563108E+00   0.000000E+00   -.721528E+00   0.623716E+00   0.000000E+00
    0.28E+02   0.756964E+00   0.203291E+00   0.000000E+00   -.290358E+00   0.621229E+00   0.000000E+00   -.737975E+00   0.473027E+00   0.000000E+00
    0.29E+02   0.777519E+00   0.305018E+00   0.000000E+00   -.342800E+00   0.662926E+00   0.000000E+00   -.707961E+00   0.335095E+00   0.000000E+00
    0.29E+02   0.786678E+00   0.409003E+00   0.000000E+00   -.419145E+00   0.675186E+00   0.000000E+00   -.642633E+00   0.224316E+00   0.000000E+00
    0.29E+02   0.784662E+00   0.513782E+00   0.000000E+00   -.506601E+00   0.650965E+00   0.000000E+00   -.555019E+00   0.149223E+00   0.000000E+00
    0.29E+02   0.771744E+00   0.617825E+00   0.000000E+00   -.591840E+00   0.587186E+00   0.000000E+00   -.458722E+00   0.114424E+00   0.000000E+00
    0.29E+02   0.748215E+00   0.719609E+00   0.000000E+00   -.660241E+00   0.483992E+00   0.000000E+00   -.368651E+00   0.121301E+00   0.000000E+00
    0.29E+02   0.714298E+00   0.817727E+00   0.000000E+00   -.694663E+00   0.346409E+00   0.000000E+00   -.302228E+00   0.166309E+00   0.000000E+00
    0.29E+02   0.670247E+00   0.911136E+00   0.000000E+00   -.676542E+00   0.189277E+00   0.000000E+00   -.278278E+00   0.235986E+00   0.000000E+00
    0.29E+02   0.616739E+00   0.998792E+00   0.000000E+00   -.595074E+00   0.422036E-01   0.000000E+00   -.307911E+00   0.301873E+00   0.000000E+00
    0.29E+02   0.554570E+00   0.107975E+01   0.000000E+00   -.462974E+00   -.593594E-01   0.000000E+00   -.378963E+00   0.329311E+00   0.000000E+00
    0.29E+02   0.484617E+00   0.115317E+01   0.000000E+00   -.314205E+00   -.982583E-01   0.000000E+00   -.458420E+00   0.301645E+00   0.000000E+00
    0.30E+02   0.407824E+00   0.121834E+01   0.000000E+00   -.180407E+00   -.820353E-01   0.000000E+00   -.515873E+00   0.226839E+00   0.000000E+00
    0.30E+02   0.325196E+00   0.127467E+01   0.000000E+00   -.790612E-01   -.286798E-01   0.000000E+00   -.535132E+00   0.123363E+00   0.000000E+00
    0.30E+02   0.237998E+00   0.132187E+01   0.000000E+00   -.166807E-01   0.436972E-01   0.000000E+00   -.510931E+00   0.987478E-02   0.000000E+00
    0.30E+02   0.147470E+00   0.135949E+01   0.000000E+00   0.654332E-02   0.119222E+00   0.000000E+00   -.444243E+00   -.971840E-01   0.000000E+00
    0.30E+02   0.546864E-01   0.138700E+01   0.000000E+00   -.521063E-02   0.183963E+00   0.000000E+00   -.340321E+00   -.183342E+00   0.000000E+00
    0.30E+02   -.393791E-01   0.140393E+01   0.000000E+00   -.434988E-01   0.225965E+00   0.000000E+00   -.208584E+00   -.236193E+00   0.000000E+00
    0.30E+02   -.133855E+00   0.141005E+01   0.000000E+00   -.954197E-01   0.236534E+00   0.000000E+00   -.628045E-01   -.246767E+00   0.000000E+00
    0.30E+02   -.227945E+00   0.140554E+01   0.000000E+00   -.144655E+00   0.212447E+00   0.000000E+00   0.798967E-01   -.211830E+00   0.000000E+00
    0.30E+02   -.320854E+00   0.139044E+01   0.000000E+00   -.174339E+00   0.157562E+00   0.000000E+00   0.201866E+00   -.135515E+00   0.000000E+00
    0.30E+02   -.411745E+00   0.136528E+01   0.000000E+00   -.170570E+00   0.825094E-01   0.000000E+00   0.288364E+00   -.289648E-01   0.000000E+00
    0.31E+02   -.499701E+00   0.133068E+01   0.000000E+00   -.124881E+00   0.289182E-02   0.000000E+00   0.330008E+00   0.915899E-01   0.000000E+00
    0.31E+02   -.583678E+00   0.128722E+01   0.000000E+00   -.356031E-01   -.626453E-01   0.000000E+00   0.324126E+00   0.206862E+00   0.000000E+00
    0.31E+02   -.662553E+00   0.123523E+01   0.000000E+00   0.906267E-01   -.942972E-01   0.000000E+00   0.276285E+00   0.296469E+00   0.000000E+00
    0.31E+02   -.735459E+00   0.117524E+01   0.000000E+00   0.236723E+00   -.747819E-01   0.000000E+00   0.202459E+00   0.342655E+00   0.000000E+00
    0.31E+02   -.801599E+00   0.110787E+01   0.000000E+00   0.375493E+00   0.307069E-02   0.000000E+00   0.128772E+00   0.337872E+00   0.000000E+00
    0.31E+02   -.860231E+00   0.103382E+01   0.000000E+00   0.478348E+00   0.128749E+00   0.000000E+00   0.829487E-01   0.292246E+00   0.000000E+00
    0.31E+02   -.910675E+00   0.953870E+00   0.000000E+00   0.529090E+00   0.277456E+00   0.000000E+00   0.806258E-01   0.230005E+00   0.000000E+00
    0.31E+02   -.952318E+00   0.868851E+00   0.000000E+00   0.528147E+00   0.423407E+00   0.000000E+00   0.121058E+00   0.176096E+00   0.000000E+00
    0.31E+02   -.984663E+00   0.779645E+00   0.000000E+00   0.485709E+00   0.548323E+00   0.000000E+00   0.193829E+00   0.147740E+00   0.000000E+00
    0.31E+02   -.100758E+01   0.687138E+00   0.000000E+00   0.414842E+00   0.641434E+00   0.000000E+00   0.285638E+00   0.154529E+00   0.000000E+00
    0.32E+02   -.102083E+01   0.592528E+00   0.000000E+00   0.328976E+00   0.696878E+00   0.000000E+00   0.382781E+00   0.201088E+00   0.000000E+00
    0.32E+02   -.102410E+01   0.497072E+00   0.000000E+00   0.242153E+00   0.712242E+00   0.000000E+00   0.470902E+00   0.288573E+00   0.000000E+00
    0.32E+02   -.101705E+01   0.402022E+00   0.000000E+00   0.170004E+00   0.689208E+00   0.000000E+00   0.534025E+00   0.414051E+00   0.000000E+00
    0.32E+02   -.999377E+00   0.308533E+00   0.000000E+00   0.129444E+00   0.636614E+00   0.000000E+00   0.554895E+00   0.567491E+00   0.000000E+00
    0.32E+02   -.971289E+00   0.217392E+00   0.000000E+00   0.133900E+00   0.574267E+00   0.000000E+00   0.519853E+00   0.728017E+00   0.000000E+00
    0.32E+02   -.933084E+00   0.129633E+00   0.000000E+00   0.183373E+00   0.530687E+00   0.000000E+00   0.428969E+00   0.866202E+00   0.000000E+00
    0.32E+02   -.885113E+00   0.463600E-01   0.000000E+00   0.259574E+00   0.529795E+00   0.000000E+00   0.301030E+00   0.957308E+00   0.000000E+00
    0.32E+02   -.827847E+00   -.313493E-01   0.000000E+00   0.335488E+00   0.579044E+00   0.000000E+00   0.163874E+00   0.993020E+00   0.000000E+00
    0.32E+02   -.761880E+00   -.102455E+00   0.000000E+00   0.387945E+00   0.671021E+00   0.000000E+00   0.416227E-01   0.979767E+00   0.000000E+00
    0.32E+02   -.687933E+00   -.165977E+00   0.000000E+00   0.402033E+00   0.790802E+00   0.000000E+00   -.498662E-01   0.931378E+00   0.000000E+00
    0.33E+02   -.606848E+00   -.221011E+00   0.000000E+00   0.370473E+00   0.920641E+00   0.000000E+00   -.102401E+00   0.864429E+00   0.000000E+00
    0.33E+02   -.519610E+00   -.266662E+00   0.000000E+00   0.292835E+00   0.104198E+01   0.000000E+00   -.114682E+00   0.796295E+00   0.000000E+00
    0.33E+02   -.427334E+00   -.301969E+00   0.000000E+00   0.175750E+00   0.113726E+01   0.000000E+00   -.924906E-01   0.743429E+00   0.000000E+00
    0.33E+02   -.331060E+00   -.326671E+00   0.000000E+00   0.326710E-01   0.119299E+01   0.000000E+00   -.484162E-01   0.718454E+00   0.000000E+00
    0.33E+02   -.231997E+00   -.340295E+00   0.000000E+00   -.118646E+00   0.120292E+01   0.000000E+00   0.728466E-03   0.727096E+00   0.000000E+00
    0.33E+02   -.131110E+00   -.342082E+00   0.000000E+00   -.260474E+00   0.116889E+01   0.000000E+00   0.383075E-01   0.767373E+00   0.000000E+00
    0.33E+02   -.294083E-01   -.331704E+00   0.000000E+00   -.378465E+00   0.109876E+01   0.000000E+00   0.512357E-01   0.831591E+00   0.000000E+00
    0.33E+02   0.717004E-01   -.309519E+00   0.000000E+00   -.462485E+00   0.100365E+01   0.000000E+00   0.307849E-01   0.908966E+00   0.000000E+00
    0.33E+02   0.170703E+00   -.276007E+00   0.000000E+00   -.505949E+00   0.896647E+00   0.000000E+00   -.281157E-01   0.986920E+00   0.000000E+00
    0.33E+02   0.266026E+00   -.231730E+00   0.000000E+00   -.505501E+00   0.793076E+00   0.000000E+00   -.127247E+00   0.105067E+01   0.000000E+00
    0.34E+02   0.356055E+00   -.177015E+00   0.000000E+00   -.462780E+00   0.711884E+00   0.000000E+00   -.263368E+00   0.108187E+01   0.000000E+00
    0.34E+02   0.439432E+00   -.112365E+00   0.000000E+00   -.390281E+00   0.675111E+00   0.000000E+00   -.422396E+00   0.105906E+01   0.000000E+00
    0.34E+02   0.515016E+00   -.386882E-01   0.000000E+00   -.319085E+00   0.697515E+00   0.000000E+00   -.571810E+00   0.968006E+00   0.000000E+00
    0.34E+02   0.581806E+00   0.429699E-01   0.000000E+00   -.289169E+00   0.765228E+00   0.000000E+00   -.670591E+00   0.823235E+00   0.000000E+00
    0.34E+02   0.638959E+00   0.131450E+00   0.000000E+00   -.316883E+00   0.839146E+00   0.000000E+00   -.701854E+00   0.664879E+00   0.000000E+00
    0.34E+02   0.685805E+00   0.225508E+00   0.000000E+00   -.389498E+00   0.887484E+00   0.000000E+00   -.678074E+00   0.526134E+00   0.000000E+00
    0.34E+02   0.722171E+00   0.323870E+00   0.000000E+00   -.486300E+00   0.896836E+00   0.000000E+00   -.619758E+00   0.421984E+00   0.000000E+00
    0.34E+02   0.747978E+00   0.425035E+00   0.000000E+00   -.589469E+00   0.864556E+00   0.000000E+00   -.544517E+00   0.356663E+00   0.000000E+00
    0.34E+02   0.763034E+00   0.527468E+00   0.000000E+00   -.684585E+00   0.792577E+00   0.000000E+00   -.466578E+00   0.329773E+00   0.000000E+00
    0.34E+02   0.767188E+00   0.629718E+00   0.000000E+00   -.758905E+00   0.685448E+00   0.000000E+00   -.398532E+00   0.338216E+00   0.000000E+00
    0.35E+02   0.760345E+00   0.730458E+00   0.000000E+00   -.800252E+00   0.550876E+00   0.000000E+00   -.352462E+00   0.375612E+00   0.000000E+00
    0.35E+02   0.742791E+00   0.828806E+00   0.000000E+00   -.797660E+00   0.401583E+00   0.000000E+00   -.339338E+00   0.430400E+00   0.000000E+00
    0.35E+02   0.715150E+00   0.923984E+00   0.000000E+00   -.744861E+00   0.256725E+00   0.000000E+00   -.365619E+00   0.484379E+00   0.000000E+00
    0.35E+02   0.677966E+00   0.101501E+01   0.000000E+00   -.645894E+00   0.139473E+00   0.000000E+00   -.427763E+00   0.515122E+00   0.000000E+00
    0.35E+02   0.631855E+00   0.110098E+01   0.000000E+00   -.517721E+00   0.691655E-01   0.000000E+00   -.509632E+00   0.503908E+00   0.000000E+00
    0.35E+02   0.577498E+00   0.118110E+01   0.000000E+00   -.385352E+00   0.533579E-01   0.000000E+00   -.587238E+00   0.443793E+00   0.000000E+00
    0.35E+02   0.515631E+00   0.125464E+01   0.000000E+00   -.273195E+00   0.861547E-01   0.000000E+00   -.637225E+00   0.341354E+00   0.000000E+00
    0.35E+02   0.447032E+00   0.132096E+01   0.000000E+00   -.198827E+00   0.151727E+00   0.000000E+00   -.642974E+00   0.213184E+00   0.000000E+00
    0.35E+02   0.372520E+00   0.137953E+01   0.000000E+00   -.170102E+00   0.228967E+00   0.000000E+00   -.597454E+00   0.812015E-01   0.000000E+00
    0.35E+02   0.292934E+00   0.142990E+01   0.000000E+00   -.184117E+00   0.296197E+00   0.000000E+00   -.504273E+00   -.321451E-01   0.000000E+00
    0.36E+02   0.209134E+00   0.147168E+01   0.000000E+00   -.228276E+00   0.336222E+00   0.000000E+00   -.376660E+00   -.109052E+00   0.000000E+00
    0.36E+02   0.121986E+00   0.150458E+01   0.000000E+00   -.284379E+00   0.340266E+00   0.000000E+00   -.233461E+00   -.140399E+00   0.000000E+00
    0.36E+02   0.323492E-01   0.152836E+01   0.000000E+00   -.334145E+00   0.308487E+00   0.000000E+00   -.936968E-01   -.126281E+00   0.000000E+00
    0.36E+02   -.592105E-01   0.154273E+01   0.000000E+00   -.362913E+00   0.247429E+00   0.000000E+00   0.271106E-01   -.733663E-01   0.000000E+00
    0.36E+02   -.151851E+00   0.154778E+01   0.000000E+00   -.360408E+00   0.167115E+00   0.000000E+00   0.117726E+00   0.811792E-02   0.000000E+00
    0.36E+02   -.244549E+00   0.154373E+01   0.000000E+00   -.320012E+00   0.796205E-01   0.000000E+00   0.170508E+00   0.105889E+00   0.000000E+00
    0.36E+02   -.336248E+00   0.153074E+01   0.000000E+00   -.238338E+00   -.728999E-03   0.000000E+00   0.181011E+00   0.205458E+00   0.000000E+00
    0.36E+02   -.425882E+00   0.150890E+01   0.000000E+00   -.116545E+00   -.563152E-01   0.000000E+00   0.149331E+00   0.289111E+00   0.000000E+00
    0.36E+02   -.512601E+00   0.147821E+01   0.000000E+00   0.352477E-01   -.665188E-01   0.000000E+00   0.845531E-01   0.336212E+00   0.000000E+00
    0.36E+02   -.595645E+00   0.143891E+01   0.000000E+00   0.191933E+00   -.146529E-01   0.000000E+00   0.108667E-01   0.330074E+00   0.000000E+00
    0.37E+02   -.674198E+00   0.139135E+01   0.000000E+00   0.317211E+00   0.963254E-01   0.000000E+00   -.361430E-01   0.273504E+00   0.000000E+00
    0.37E+02   -.747472E+00   0.133597E+01   0.000000E+00   0.385404E+00   0.238609E+00   0.000000E+00   -.313460E-01   0.193831E+00   0.000000E+00
    0.37E+02   -.814710E+00   0.127329E+01   0.000000E+00   0.395351E+00   0.378756E+00   0.000000E+00   0.258753E-01   0.123747E+00   0.000000E+00
    0.37E+02   -.875193E+00   0.120388E+01   0.000000E+00   0.361086E+00   0.494353E+00   0.000000E+00   0.120837E+00   0.848211E-01   0.000000E+00
    0.37E+02   -.928249E+00   0.112838E+01   0.000000E+00   0.299977E+00   0.574743E+00   0.000000E+00   0.235406E+00   0.868837E-01   0.000000E+00
    0.37E+02   -.973223E+00   0.104758E+01   0.000000E+00   0.228286E+00   0.616863E+00   0.000000E+00   0.352477E+00   0.132219E+00   0.000000E+00
    0.37E+02   -.100926E+01   0.962475E+00   0.000000E+00   0.160597E+00   0.622713E+00   0.000000E+00   0.456601E+00   0.218088E+00   0.000000E+00
    0.37E+02   -.103555E+01   0.873817E+00   0.000000E+00   0.109712E+00   0.598703E+00   0.000000E+00   0.534162E+00   0.337372E+00   0.000000E+00
    0.37E+02   -.105199E+01   0.782342E+00   0.000000E+00   0.857228E-01   0.555589E+00   0.000000E+00   0.574402E+00   0.478616E+00   0.000000E+00
    0.37E+02   -.105851E+01   0.688965E+00   0.000000E+00   0.943042E-01   0.507702E+00   0.000000E+00   0.571217E+00   0.626747E+00   0.000000E+00
    0.38E+02   -.105436E+01   0.594438E+00   0.000000E+00   0.135267E+00   0.470875E+00   0.000000E+00   0.524662E+00   0.765089E+00   0.000000E+00
    0.38E+02   -.103934E+01   0.499629E+00   0.000000E+00   0.202334E+00   0.459806E+00   0.000000E+00   0.441119E+00   0.877956E+00   0.000000E+00
    0.38E+02   -.101370E+01   0.405684E+00   0.000000E+00   0.283943E+00   0.486026E+00   0.000000E+00   0.332416E+00   0.952669E+00   0.000000E+00
    0.38E+02   -.977762E+00   0.313899E+00   0.000000E+00   0.363976E+00   0.556557E+00   0.000000E+00   0.214994E+00   0.980913E+00   0.000000E+00
    0.38E+02   -.931820E+00   0.225689E+00   0.000000E+00   0.422057E+00   0.671904E+00   0.000000E+00   0.109553E+00   0.960760E+00   0.000000E+00
    0.38E+02   -.875904E+00   0.142429E+00   0.000000E+00   0.435241E+00   0.821798E+00   0.000000E+00   0.392988E-01   0.900970E+00   0.000000E+00
    0.38E+02   -.810435E+00   0.653452E-01   0.000000E+00   0.385999E+00   0.980532E+00   0.000000E+00   0.219524E-01   0.825728E+00   0.000000E+00
    0.38E+02   -.736070E+00   -.438592E-02   0.000000E+00   0.276684E+00   0.111262E+01   0.000000E+00   0.553954E-01   0.769183E+00   0.000000E+00
    0.38E+02   -.653632E+00   -.656500E-01   0.000000E+00   0.132248E+00   0.119318E+01   0.000000E+00   0.115206E+00   0.755223E+00   0.000000E+00
    0.38E+02   -.564102E+00   -.117421E+00   0.000000E+00   -.175507E-01   0.121891E+01   0.000000E+00   0.172602E+00   0.786488E+00   0.000000E+00
    0.39E+02   -.468617E+00   -.158793E+00   0.000000E+00   -.151897E+00   0.119933E+01   0.000000E+00   0.208099E+00   0.852925E+00   0.000000E+00
    0.39E+02   -.368354E+00   -.189373E+00   0.000000E+00   -.258934E+00   0.114689E+01   0.000000E+00   0.211373E+00   0.941600E+00   0.000000E+00
    0.39E+02   -.264817E+00   -.208904E+00   0.000000E+00   -.331807E+00   0.107372E+01   0.000000E+00   0.177210E+00   0.103996E+01   0.000000E+00
    0.39E+02   -.159696E+00   -.217016E+00   0.000000E+00   -.366185E+00   0.992125E+00   0.000000E+00   0.102968E+00   0.113533E+01   0.000000E+00
    0.39E+02   -.546837E-01   -.213410E+00   0.000000E+00   -.360074E+00   0.916465E+00   0.000000E+00   -.116539E-01   0.121304E+01   0.000000E+00
    0.39E+02   0.485884E-01   -.197859E+00   0.000000E+00   -.316678E+00   0.865033E+00   0.000000E+00   -.161817E+00   0.125458E+01   0.000000E+00
    0.39E+02   0.148969E+00   -.170542E+00   0.000000E+00   -.251405E+00   0.858236E+00   0.000000E+00   -.330644E+00   0.123943E+01   0.000000E+00
    0.39E+02   0.245318E+00   -.132043E+00   0.000000E+00   -.197016E+00   0.905652E+00   0.000000E+00   -.484184E+00   0.115820E+01   0.000000E+00
    0.39E+02   0.336381E+00   -.830356E-01   0.000000E+00   -.188420E+00   0.989329E+00   0.000000E+00   -.586615E+00   0.102955E+01   0.000000E+00
    0.39E+02   0.421024E+00   -.243310E-01   0.000000E+00   -.236799E+00   0.107393E+01   0.000000E+00   -.625925E+00   0.890010E+00   0.000000E+00
    0.40E+02   0.498247E+00   0.431402E-01   0.000000E+00   -.330369E+00   0.113151E+01   0.000000E+00   -.613006E+00   0.768841E+00   0.000000E+00
    0.40E+02   0.567199E+00   0.118352E+00   0.000000E+00   -.449889E+00   0.114832E+01   0.000000E+00   -.566146E+00   0.681084E+00   0.000000E+00
    0.40E+02   0.627165E+00   0.200160E+00   0.000000E+00   -.576654E+00   0.112033E+01   0.000000E+00   -.503099E+00   0.631933E+00   0.000000E+00
    0.40E+02   0.677312E+00   0.287126E+00   0.000000E+00   -.694027E+00   0.104955E+01   0.000000E+00   -.439612E+00   0.620496E+00   0.000000E+00
    0.40E+02   0.716875E+00   0.378177E+00   0.000000E+00   -.787593E+00   0.942585E+00   0.000000E+00   -.389348E+00   0.641152E+00   0.000000E+00
    0.40E+02   0.745532E+00   0.472368E+00   0.000000E+00   -.845954E+00   0.810375E+00   0.000000E+00   -.363162E+00   0.683903E+00   0.000000E+00
    0.40E+02   0.763808E+00   0.568661E+00   0.000000E+00   -.862287E+00   0.667341E+00   0.000000E+00   -.367626E+00   0.735223E+00   0.000000E+00
    0.40E+02   0.771356E+00   0.666122E+00   0.000000E+00   -.835620E+00   0.529449E+00   0.000000E+00   -.403789E+00   0.780064E+00   0.000000E+00
    0.40E+02   0.767949E+00   0.763943E+00   0.000000E+00   -.770825E+00   0.411789E+00   0.000000E+00   -.467121E+00   0.804313E+00   0.000000E+00
    0.40E+02   0.754090E+00   0.861077E+00   0.000000E+00   -.677586E+00   0.326850E+00   0.000000E+00   -.548445E+00   0.796527E+00   0.000000E+00
    0.41E+02   0.730344E+00   0.956419E+00   0.000000E+00   -.569473E+00   0.283702E+00   0.000000E+00   -.634757E+00   0.748742E+00   0.000000E+00
    0.41E+02   0.697259E+00   0.104883E+01   0.000000E+00   -.463873E+00   0.287049E+00   0.000000E+00   -.709218E+00   0.657398E+00   0.000000E+00
    0.41E+02   0.655127E+00   0.113715E+01   0.000000E+00   -.382098E+00   0.334413E+00   0.000000E+00   -.750988E+00   0.526138E+00   0.000000E+00
    0.41E+02   0.604312E+00   0.122046E+01   0.000000E+00   -.346222E+00   0.410466E+00   0.000000E+00   -.738351E+00   0.371433E+00   0.000000E+00
    0.41E+02   0.545412E+00   0.129792E+01   0.000000E+00   -.367115E+00   0.483868E+00   0.000000E+00   -.660725E+00   0.225629E+00   0.000000E+00
    0.41E+02   0.479092E+00   0.136877E+01   0.000000E+00   -.430464E+00   0.520524E+00   0.000000E+00   -.532811E+00   0.123548E+00   0.000000E+00
    0.41E+02   0.406076E+00   0.143233E+01   0.000000E+00   -.504558E+00   0.505908E+00   0.000000E+00   -.386997E+00   0.801547E-01   0.000000E+00
    0.41E+02   0.327147E+00   0.148798E+01   0.000000E+00   -.561982E+00   0.446687E+00   0.000000E+00   -.251650E+00   0.891049E-01   0.000000E+00
    0.41E+02   0.243139E+00   0.153519E+01   0.000000E+00   -.587410E+00   0.357797E+00   0.000000E+00   -.143169E+00   0.135819E+00   0.000000E+00
    0.41E+02   0.155067E+00   0.157376E+01   0.000000E+00   -.574160E+00   0.254614E+00   0.000000E+00   -.693236E-01   0.205340E+00   0.000000E+00
    0.42E+02   0.640205E-01   0.160335E+01   0.000000E+00   -.520355E+00   0.151485E+00   0.000000E+00   -.330587E-01   0.283794E+00   0.000000E+00
    0.42E+02   -.289747E-01   0.162345E+01   0.000000E+00   -.427496E+00   0.624665E-01   0.000000E+00   -.338997E-01   0.357620E+00   0.000000E+00
    0.42E+02   -.122954E+00   0.163358E+01   0.000000E+00   -.301139E+00   0.194779E-02   0.000000E+00   -.672544E-01   0.412914E+00   0.000000E+00
    0.42E+02   -.217040E+00   0.163336E+01   0.000000E+00   -.152935E+00   -.163707E-01   0.000000E+00   -.122350E+00   0.436371E+00   0.000000E+00
    0.42E+02   -.310486E+00   0.162298E+01   0.000000E+00   -.207627E-02   0.165063E-01   0.000000E+00   -.180786E+00   0.419185E+00   0.000000E+00
    0.42E+02   -.402499E+00   0.160236E+01   0.000000E+00   0.127440E+00   0.989575E-01   0.000000E+00   -.219320E+00   0.362850E+00   0.000000E+00
    0.42E+02   -.492262E+00   0.157174E+01   0.000000E+00   0.214703E+00   0.216264E+00   0.000000E+00   -.217852E+00   0.281660E+00   0.000000E+00
    0.42E+02   -.578839E+00   0.153171E+01   0.000000E+00   0.249422E+00   0.345127E+00   0.000000E+00   -.167025E+00   0.198330E+00   0.000000E+00
    0.42E+02   -.661080E+00   0.148269E+01   0.000000E+00   0.233909E+00   0.461289E+00   0.000000E+00   -.702250E-01   0.136531E+00   0.000000E+00
    0.42E+02   -.737881E+00   0.142501E+01   0.000000E+00   0.180879E+00   0.545382E+00   0.000000E+00   0.586540E-01   0.115125E+00   0.000000E+00
    0.43E+02   -.808308E+00   0.135919E+01   0.000000E+00   0.109944E+00   0.586599E+00   0.000000E+00   0.198766E+00   0.144510E+00   0.000000E+00
    0.43E+02   -.871468E+00   0.128588E+01   0.000000E+00   0.430886E-01   0.585005E+00   0.000000E+00   0.326937E+00   0.224264E+00   0.000000E+00
    0.43E+02   -.926519E+00   0.120581E+01   0.000000E+00   -.113245E-02   0.551247E+00   0.000000E+00   0.423598E+00   0.343336E+00   0.000000E+00
    0.43E+02   -.972676E+00   0.111982E+01   0.000000E+00   -.123207E-01   0.502327E+00   0.000000E+00   0.477612E+00   0.484139E+00   0.000000E+00
    0.43E+02   -.100922E+01   0.102883E+01   0.000000E+00   0.111054E-01   0.455707E+00   0.000000E+00   0.486921E+00   0.628371E+00   0.000000E+00
    0.43E+02   -.103554E+01   0.933832E+00   0.000000E+00   0.646070E-01   0.425654E+00   0.000000E+00   0.455770E+00   0.760673E+00   0.000000E+00
    0.43E+02   -.105128E+01   0.835580E+00   0.000000E+00   0.140416E+00   0.422765E+00   0.000000E+00   0.391725E+00   0.869168E+00   0.000000E+00
    0.43E+02   -.105627E+01   0.735389E+00   0.000000E+00   0.228779E+00   0.455010E+00   0.000000E+00   0.304390E+00   0.944467E+00   0.000000E+00
    0.43E+02   -.105041E+01   0.634772E+00   0.000000E+00   0.317320E+00   0.528608E+00   0.000000E+00   0.206015E+00   0.978840E+00   0.000000E+00
    0.43E+02   -.103356E+01   0.535302E+00   0.000000E+00   0.388716E+00   0.647180E+00   0.000000E+00   0.113799E+00   0.967091E+00   0.000000E+00
    0.44E+02   -.100560E+01   0.438490E+00   0.000000E+00   0.418110E+00   0.806258E+00   0.000000E+00   0.524607E-01   0.912117E+00   0.000000E+00
    0.44E+02   -.966622E+00   0.345456E+00   0.000000E+00   0.378812E+00   0.980863E+00   0.000000E+00   0.485651E-01   0.837446E+00   0.000000E+00
    0.44E+02   -.917113E+00   0.257454E+00   0.000000E+00   0.268743E+00   0.112430E+01   0.000000E+00   0.104337E+00   0.788617E+00   0.000000E+00
    0.44E+02   -.857716E+00   0.175716E+00   0.000000E+00   0.123324E+00   0.120427E+01   0.000000E+00   0.185065E+00   0.797030E+00   0.000000E+00
    0.44E+02   -.789237E+00   0.101382E+00   0.000000E+00   -.184692E-01   0.122340E+01   0.000000E+00   0.252930E+00   0.859225E+00   0.000000E+00
    0.44E+02   -.712627E+00   0.354794E-01   0.000000E+00   -.135377E+00   0.119904E+01   0.000000E+00   0.287982E+00   0.956913E+00   0.000000E+00
    0.44E+02   -.629013E+00   -.211246E-01   0.000000E+00   -.218872E+00   0.114825E+01   0.000000E+00   0.283010E+00   0.107207E+01   0.000000E+00
    0.44E+02   -.539998E+00   -.677546E-01   0.000000E+00   -.266405E+00   0.108537E+01   0.000000E+00   0.236757E+00   0.118938E+01   0.000000E+00
    0.44E+02   -.446927E+00   -.103571E+00   0.000000E+00   -.278746E+00   0.102320E+01   0.000000E+00   0.151258E+00   0.129518E+01   0.000000E+00
    0.44E+02   -.351014E+00   -.127810E+00   0.000000E+00   -.259952E+00   0.974006E+00   0.000000E+00   0.317801E-01   0.137641E+01   0.000000E+00
    0.45E+02   -.253397E+00   -.139897E+00   0.000000E+00   -.218542E+00   0.949195E+00   0.000000E+00   -.112017E+00   0.142112E+01   0.000000E+00
    0.45E+02   -.155140E+00   -.139590E+00   0.000000E+00   -.168361E+00   0.957088E+00   0.000000E+00   -.265225E+00   0.142067E+01   0.000000E+00
    0.45E+02   -.572746E-01   -.126972E+00   0.000000E+00   -.127184E+00   0.999560E+00   0.000000E+00   -.409038E+00   0.137329E+01   0.000000E+00
    0.45E+02   0.391357E-01   -.102440E+00   0.000000E+00   -.112573E+00   0.107000E+01   0.000000E+00   -.524831E+00   0.128604E+01   0.000000E+00
    0.45E+02   0.132945E+00   -.666964E-01   0.000000E+00   -.137299E+00   0.115441E+01   0.000000E+00   -.598684E+00   0.117360E+01   0.000000E+00
    0.45E+02   0.222915E+00   -.205565E-01   0.000000E+00   -.206815E+00   0.123439E+01   0.000000E+00   -.623910E+00   0.105518E+01   0.000000E+00
    0.45E+02   0.307616E+00   0.353772E-01   0.000000E+00   -.318301E+00   0.128991E+01   0.000000E+00   -.602021E+00   0.951665E+00   0.000000E+00
    0.45E+02   0.385791E+00   0.100538E+00   0.000000E+00   -.459591E+00   0.130203E+01   0.000000E+00   -.543831E+00   0.882725E+00   0.000000E+00
    0.45E+02   0.456446E+00   0.174103E+00   0.000000E+00   -.608332E+00   0.125795E+01   0.000000E+00   -.470349E+00   0.861825E+00   0.000000E+00
    0.45E+02   0.518698E+00   0.255145E+00   0.000000E+00   -.735783E+00   0.115870E+01   0.000000E+00   -.409123E+00   0.888533E+00   0.000000E+00
    0.46E+02   0.571780E+00   0.342647E+00   0.000000E+00   -.818428E+00   0.102226E+01   0.000000E+00   -.382799E+00   0.945549E+00   0.000000E+00
    0.46E+02   0.615046E+00   0.435518E+00   0.000000E+00   -.848184E+00   0.874661E+00   0.000000E+00   -.399006E+00   0.100772E+01   0.000000E+00
    0.46E+02   0.647983E+00   0.532629E+00   0.000000E+00   -.830581E+00   0.738052E+00   0.000000E+00   -.452053E+00   0.105405E+01   0.000000E+00
    0.46E+02   0.670381E+00   0.633096E+00   0.000000E+00   -.777005E+00   0.626690E+00   0.000000E+00   -.530534E+00   0.107164E+01   0.000000E+00
    0.46E+02   0.682259E+00   0.735638E+00   0.000000E+00   -.699924E+00   0.548887E+00   0.000000E+00   -.622001E+00   0.105360E+01   0.000000E+00
    0.46E+02   0.683653E+00   0.838807E+00   0.000000E+00   -.611998E+00   0.509474E+00   0.000000E+00   -.713828E+00   0.996538E+00   0.000000E+00
    0.46E+02   0.674598E+00   0.941169E+00   0.000000E+00   -.527169E+00   0.510667E+00   0.000000E+00   -.792110E+00   0.899678E+00   0.000000E+00
    0.46E+02   0.655123E+00   0.104134E+01   0.000000E+00   -.462277E+00   0.550513E+00   0.000000E+00   -.840033E+00   0.766357E+00   0.000000E+00
    0.46E+02   0.625342E+00   0.113834E+01   0.000000E+00   -.436832E+00   0.617838E+00   0.000000E+00   -.838114E+00   0.609021E+00   0.000000E+00
    0.46E+02   0.585695E+00   0.123124E+01   0.000000E+00   -.465000E+00   0.685788E+00   0.000000E+00   -.772308E+00   0.455584E+00   0.000000E+00
    0.47E+02   0.536761E+00   0.131904E+01   0.000000E+00   -.538655E+00   0.717891E+00   0.000000E+00   -.651169E+00   0.343293E+00   0.000000E+00
    0.47E+02   0.479208E+00   0.140085E+01   0.000000E+00   -.625520E+00   0.693190E+00   0.000000E+00   -.507821E+00   0.293712E+00   0.000000E+00
    0.47E+02   0.413781E+00   0.147582E+01   0.000000E+00   -.692608E+00   0.617329E+00   0.000000E+00   -.376332E+00   0.301828E+00   0.000000E+00
    0.47E+02   0.341296E+00   0.154324E+01   0.000000E+00   -.721225E+00   0.509197E+00   0.000000E+00   -.276490E+00   0.349490E+00   0.000000E+00
    0.47E+02   0.262629E+00   0.160246E+01   0.000000E+00   -.705017E+00   0.388870E+00   0.000000E+00   -.215660E+00   0.417436E+00   0.000000E+00
    0.47E+02   0.178911E+00   0.165278E+01   0.000000E+00   -.645064E+00   0.273984E+00   0.000000E+00   -.193690E+00   0.488860E+00   0.000000E+00
    0.47E+02   0.911586E-01   0.169342E+01   0.000000E+00   -.547322E+00   0.179375E+00   0.000000E+00   -.205474E+00   0.549701E+00   0.000000E+00
    0.47E+02   0.170577E-03   0.172385E+01   0.000000E+00   -.421716E+00   0.116772E+00   0.000000E+00   -.241883E+00   0.588862E+00   0.000000E+00
    0.47E+02   -.931767E-01   0.174442E+01   0.000000E+00   -.281402E+00   0.938566E-01   0.000000E+00   -.290534E+00   0.599077E+00   0.000000E+00
    0.47E+02   -.187960E+00   0.175491E+01   0.000000E+00   -.141377E+00   0.113242E+00   0.000000E+00   -.337235E+00   0.577863E+00   0.000000E+00
    0.48E+02   -.283495E+00   0.175473E+01   0.000000E+00   -.165902E-01   0.172174E+00   0.000000E+00   -.367918E+00   0.527841E+00   0.000000E+00
    0.48E+02   -.378829E+00   0.174414E+01   0.000000E+00   0.796493E-01   0.263054E+00   0.000000E+00   -.370254E+00   0.456289E+00   0.000000E+00
    0.48E+02   -.472887E+00   0.172354E+01   0.000000E+00   0.136614E+00   0.374009E+00   0.000000E+00   -.334592E+00   0.374662E+00   0.000000E+00
    0.48E+02   -.564507E+00   0.169338E+01   0.000000E+00   0.147141E+00   0.488744E+00   0.000000E+00   -.254930E+00   0.298828E+00   0.000000E+00
    0.48E+02   -.652474E+00   0.165393E+01   0.000000E+00   0.110351E+00   0.585905E+00   0.000000E+00   -.131614E+00   0.249758E+00   0.000000E+00
    0.48E+02   -.735695E+00   0.160537E+01   0.000000E+00   0.378567E-01   0.641013E+00   0.000000E+00   0.224862E-01   0.251655E+00   0.000000E+00
    0.48E+02   -.813207E+00   0.154816E+01   0.000000E+00   -.403895E-01   0.637892E+00   0.000000E+00   0.176237E+00   0.320503E+00   0.000000E+00
    0.48E+02   -.884095E+00   0.148292E+01   0.000000E+00   -.869070E-01   0.586353E+00   0.000000E+00   0.291224E+00   0.446217E+00   0.000000E+00
    0.48E+02   -.947498E+00   0.141035E+01   0.000000E+00   -.826014E-01   0.518156E+00   0.000000E+00   0.347731E+00   0.596444E+00   0.000000E+00
    0.48E+02   -.100262E+01   0.133124E+01   0.000000E+00   -.320717E-01   0.462751E+00   0.000000E+00   0.349886E+00   0.740786E+00   0.000000E+00
    0.49E+02   -.104876E+01   0.124649E+01   0.000000E+00   0.503230E-01   0.436893E+00   0.000000E+00   0.311569E+00   0.861344E+00   0.000000E+00
    0.49E+02   -.108557E+01   0.115718E+01   0.000000E+00   0.149616E+00   0.448135E+00   0.000000E+00   0.247216E+00   0.949346E+00   0.000000E+00
    0.49E+02   -.111268E+01   0.106456E+01   0.000000E+00   0.251981E+00   0.499257E+00   0.000000E+00   0.170085E+00   0.100077E+01   0.000000E+00
    0.49E+02   -.112950E+01   0.969896E+00   0.000000E+00   0.343774E+00   0.590084E+00   0.000000E+00   0.932372E-01   0.101454E+01   0.000000E+00
    0.49E+02   -.113547E+01   0.874386E+00   0.000000E+00   0.410355E+00   0.716948E+00   0.000000E+00   0.307487E-01   0.993123E+00   0.000000E+00
    0.49E+02   -.113009E+01   0.779184E+00   0.000000E+00   0.436322E+00   0.870124E+00   0.000000E+00   -.247116E-02   0.945082E+00   0.000000E+00
    0.49E+02   -.111353E+01   0.685199E+00   0.000000E+00   0.409448E+00   0.103081E+01   0.000000E+00   0.551139E-02   0.888188E+00   0.000000E+00
    0.49E+02   -.108608E+01   0.593426E+00   0.000000E+00   0.328693E+00   0.117261E+01   0.000000E+00   0.558075E-01   0.847882E+00   0.000000E+00
    0.49E+02   -.104762E+01   0.504875E+00   0.000000E+00   0.209133E+00   0.127146E+01   0.000000E+00   0.133842E+00   0.847318E+00   0.000000E+00
    0.49E+02   -.998871E+00   0.420594E+00   0.000000E+00   0.761149E-01   0.131611E+01   0.000000E+00   0.215053E+00   0.896699E+00   0.000000E+00
    0.50E+02   -.940513E+00   0.341989E+00   0.000000E+00   -.453044E-01   0.130964E+01   0.000000E+00   0.275263E+00   0.991763E+00   0.000000E+00
    0.50E+02   -.873188E+00   0.270256E+00   0.000000E+00   -.136479E+00   0.126482E+01   0.000000E+00   0.296673E+00   0.111847E+01   0.000000E+00
    0.50E+02   -.797692E+00   0.206424E+00   0.000000E+00   -.186965E+00   0.119962E+01   0.000000E+00   0.269627E+00   0.125751E+01   0.000000E+00
    0.50E+02   -.714949E+00   0.151422E+00   0.000000E+00   -.195267E+00   0.113395E+01   0.000000E+00   0.193368E+00   0.138763E+01   0.000000E+00
    0.50E+02   -.625995E+00   0.106073E+00   0.000000E+00   -.169119E+00   0.108598E+01   0.000000E+00   0.763644E-01   0.148951E+01   0.000000E+00
