  -2.4365197949982362E-002  0.18186553747083062      -0.36445018432240273     
 -0.14967637289187016        5.7186763600430290E-002   1.4747873025530645E-002
  -7.9732569603565576E-002  -5.0487827052610301E-003  -9.3901252977202393E-002
 -0.17448969315407145      -0.10608711389231922      -0.29800366774136094     
 -0.22303256073238836        6.5606211155549961E-003 -0.16437346962257918     
 -0.12077215080458084      -0.14879129603960356       -9.9960850137141635E-002
  -5.7235951936877631       -3.0985733525637120       -4.3313720922886816     
 -0.31714780984877550       0.10509596590630869      -0.86644460940634460     
 -0.22086470973080377        3.3926305939732770E-003  0.14111161984769285     
   7.2816655875090985       -7.1897848748145856        7.4898141313844731     
 -0.17016780966212211       -7.8009672670633884E-002 -0.19645427957172887     
 -0.15321199962805371        2.3192635015621053E-002  -7.1524351047895340E-002
   4.0332737770208231       -6.4196775207223844        5.4965467203324341     
 -0.41383549490295435       0.31281792886419851       -8.6222322037198373E-002
 -0.25749609018833791       0.36228783798793224       0.10965163070734504     
   6.7343367021321141        2.5737283832649540        6.9956311301556147     
  -2.5003802249196800       -2.7301324608274076      -0.78185805243847706     
  -1.8986366960449652       0.19860723511501954       -2.5103197145659411     
  -1.1080783948241353        1.4512544595737280       -4.9389393742958569     
   4.5691291048041336       0.67806989930546768        5.9825851216681594     
 -0.63363460823306972        3.5737453059176740        2.6815587350788310     
  -1.2292677386263438      -0.64337506218589713        1.4164300504669327     
  0.62564179468422221      -0.44058760037872469      -0.60810435988685596     
  -15.961570777680548        11.598886147935884       -3.9463381819892769     
   2.0462027554166786      -0.69371069577529376        2.8794328999403840     
   7.4950106466779215E-002 -0.12197818114847167      -0.12241905068750364     
 -0.13064347650006566       -2.8105355372578876E-002  -3.5358962562451357E-002
 -0.11614285235616970       -2.3254464002165388E-002  -5.6051253746761578E-002
   2.4535867466837153       -6.3747367202708265      -0.26860684005577729     
  0.10766864046875206      -0.32381505564824031        2.8841444648697472E-002
  0.79516544387352306      -0.76629845827821830        1.2455070494520408     
  0.12298585129218099        2.2882643970811238E-002 -0.26165714543911028     
  -3.8759725226696919       -37.849991099066521       -24.820253997496742     
  0.18361432190473981        2.5357831725102434E-002  0.10150511986178080     
  -6.8342105787486201E-002  -2.4302859612382658E-002 -0.11030197619304219     
  -1.0078777447300289        1.9785025505277836       0.43960307202259835     
  0.18903687150884815       0.62378327971438596       0.13299602874543534     
   1.3149512204654389E-002  0.11894020176119946        5.5833646751429059E-002
  -1.5351173218902153E-003  -2.0022689699464311E-003  -8.9266862435482749E-002
  0.30781954932498051        1.8676255848327852E-002  -8.5505667469274724E-002
  0.22815763490091084       -1.8430352434990600E-002  -2.2117376636460583E-002
 -0.15407744404005422       -1.2144381030526098E-002  -6.3408863364008514E-002
  -1.6452344741002184E-002  -8.7595624337789307E-002  -5.8180599942853121E-002
 -0.54685851716964662       -1.0911926861586492      -0.83686493858825317     
  0.16173583588885695       -2.2983991040362074E-002 -0.16371811997378161     
 -0.20898789513182156      -0.27808444622765327      -0.61298285107706374     
   8.1828033915933476E-002 -0.19314624973967617        1.3597949060550011E-002
  -5.0700152967282947E-002 -0.64604845235675756      -0.45969668489992382     
   5.3092479155400732E-002 -0.10123918698480407       -6.9256336482639319E-002
   6.9026358547230480       -5.1775220230621954        4.8768096298674042     
 -0.11128229668901236      -0.34933640632066143      -0.20700575288906001     
  -1.5518906298957136        4.4865361122476166       0.79300174075548335     
 -0.16425158027717635        5.4689662724138844E-003 -0.22885977202788571     
  0.75763277701585274        1.6693478159924551       0.21420488468865961     
 -0.10316698602692105        3.1872577381332159E-002 -0.10544978457895109     
  0.34654158510529059      -0.29640824197952959        1.1741656870523729E-002
  -7.4035555290892216E-002  -4.3479204319387482E-002  -6.7686540060454478E-002
   1.2583458137197865        5.7700591031787054       -3.1387791173049502     
 -0.17339598831940317       -1.6299867773649227E-002 -0.17245106419326933     
   2.8432150029306942E-002  -1.9113891239601669E-002 -0.12626632238458310     
 -0.14649098672689242       0.43614979223365846      -0.18096265002455039     
 -0.20763030132064786      -0.44397704831973134      -0.10167838739300626     
  -6.4721899035194208E-002   1.9456943839728409E-004   7.7856925057570650E-002
  -2.0385637443522273        1.9168401629463829      -0.11493440587818814     
  0.10104243018645978        1.7469982054134474      -0.74382230373216007     
   5.7375346968813704E-002 -0.22094882200182936      -0.15277398329058609     
  -1.2920019564484329E-002  -8.1173995924102252E-002 -0.19699424206308411     
  -4.0196506250580397E-002  0.30822634305341745      -0.19980212476980930     
  -8.8323520657984170E-002  -7.8869452224931899E-002  -9.5837116129353084E-002
  -4.9711518878664940       -2.0304315328042053       0.44254043978038654     
 -0.18191667136314882       -13.097771927139313        5.0263014566705770     
  -3.9261471590687221E-002   4.4406722163348233E-002   2.5860523343728314E-004
   4.0965072660119288       -7.0177066783682633       -4.0884049413400518     
 -0.21681773246169203       -1.2385022540009082E-002 -0.26598578812260082     
 -0.12264647749413879      -0.40579866631084677       0.11859876882051854     
 -0.18592628766290606       0.22137450818562468        4.3394822225672501E-002
   9.3115742445341515E-002  0.14889989448613161      -0.16675917282194289     
  -6.0056793348101465E-003   3.7190496262757368E-002 -0.17030842233508015     
 -0.29171372331228068       0.37482141958829035      -0.16999156586558056     
 -0.22981413018811883       -1.9758922278767369E-002 -0.79528045351458609     
  -1.4699790484544339       -3.4301154096374153       -1.1286463553003589     
  -2.4392404960502394       -1.1805323423322021        2.1437020504852002     
  -5.3751322403290377E-002 -0.56012186011454723      -0.22669580655394836     
  -6.8403308819950645E-002   9.0954355256384303E-002  -8.3708875926030255E-002
  0.53208599937723966       -1.4117742041005241      -0.22920437783765510     
   2.1239716028503524       -1.1716361169807104       -6.8432119747420899     
   3.2340275555799840       -7.8119822176733527       -1.3540389967097075     
 -0.17932403772846514      -0.25361794687815498      -0.18986835168708921     
  -1.4142273031661050       -5.4164859508227146       0.73575240261444197     
  -3.7606191827701019       -1.7819750772543679       -4.3852907719556882     
  -2.2285699938592947      -0.64840292358013496       0.85686283975565114     
 -0.16761034498947172      -0.15576303694256849        8.2452300935391881E-002
 -0.15814083061596945       -2.2980141766143342E-002  -6.2576133833781439E-002
 -0.25477313292639325       -2.1975147882580093E-002  -5.9163807315495545E-002
  -2.6882130563666985E-002 -0.20379368402903258      -0.18161467121335947     
 -0.10911381562318674      -0.10501256592933864      -0.10159543069073869     
  -7.4631061771418178E-002  0.23791738745632085        9.9660465646035354E-002
   5.3729093360945869E-002 -0.12957258805042715        3.8516336425205758E-002
  0.43051335441045308        5.3713631195572038        5.2711589782835482     
  -2.4322248410576529E-002  -9.6618665512088281E-002  -9.5468198843630406E-002
   2.1399911605987110       -4.0497990999315912        1.9302375052918885     
  -8.7304575252205585E-002  -8.7547732100922898E-002   5.0378920356087972E-002
   2.1503968838840559       -2.1739417907339038       -1.3653771264814787     
 -0.63549693439509314       0.63935007497101137       0.29570124628424055     
  -4.1493192709616919E-002 -0.13923844462004378       -5.9472045083010239E-002
  -2.1521922632338022        3.0116563595300816        1.2301100812288313     
  0.57262361468505019      -0.51532573154443773       0.43420471537937916     
   1.2414174028578930        1.2611948389657897       -1.7647738716217949     
  0.13586438760444355      -0.19428097016494580        9.7860591013569725E-002
   1.8774276039352256        4.6631592658558860       -1.6062944549358640     
  -1.0537619764378803       0.12602243880276373      -0.39344909936024458     
 -0.12655700609363185       0.44440895322274315       0.71257263923103753     
  -5.3498112440033239E-002  -2.8376641623612982E-003   1.3251888981222518E-002
  -3.5552470407754484      -0.24615797868255176       -1.9915596789908436     
  0.77103327615008543      -0.21841700372383541      -0.39082829524565305     
 -0.23037779311404705       0.35561357940103960       0.18204756310642042     
  0.57719136193639753       -1.6531077238521961        3.3430551376546807     
   1.5370203990840636E-003   6.6252996031532424E-002  0.12735498381444013     
  0.38209840127772027       0.50580997441517261       0.40889576687710738     
   3.9012648384240793       -2.3468464498276504        6.9386896270957390     
 -0.13158890946288757       0.11052004037931368        3.4015454692018297E-002
   3.6174471745267348E-003   3.7184808677010663E-002 -0.51649844558998781     
   9.0317113269708423E-003   8.8136308694972701E-002 -0.28398245614733075     
 -0.29049565745156175      -0.11211017839855951       0.54535651735388291     
  -8.1045845827155141        8.0812878687030754        11.284338652758819     
 -0.25606830012519038        1.2750708195527210E-002 -0.24405086695265765     
  -1.4988471638603358       -2.1065664983514765       -1.6935286316963070     
   8.4229943357156820E-002 -0.32686573281167774       -9.1698841145879034E-002
   1.8042278284125057        4.7930388431399038       -2.0052346261645320     
 -0.38198297940828790      -0.32676605314343249      -0.51183208627390264     
  -1.2973733721086036        5.4760079005902123      -0.93755477599678905     
  -1.3469016840107677        4.7900382017011767       0.73103843700705629     
 -0.25252044261256479       -7.3093387550985725E-002  -1.6209789332595773E-002
   7.4602071029397612        3.0062637373125112       -3.0539168877141543     
  0.28633651741273397      -0.11652645146301224        6.8303369545288567E-002
 -0.21119819324342956      -0.70811545339163917       0.29106048899604320     
  -6.9655044454858331E-002  -2.4505006987512627E-002 -0.19766119600973761     
   7.3565821877691482        2.5859460893162689       -3.1999598866563952     
  -2.1480825597075044E-002  -9.8952940079871710E-002  -9.3766410919627313E-002
  -5.7583687398120725E-002 -0.14363413874787223      -0.13937135592116734     
   6.5718177040449705E-003  -4.7713876284535155E-002 -0.13591049341356382     
  -4.7972199030739515E-002 -0.17476774619559735       -9.5255411640097723E-002
 -0.12104807482951474       -3.0169376192627044E-002  -9.4973745032300730E-002
 -0.11096006085609500      -0.10187750505846926        1.5564935043851331E-002
   3.5396852427319905       -8.5794222773947162        2.9619296138464688     
 -0.16393140377944768      -0.12838994634216552        7.6537307258326512E-002
   3.1699522516786254       -2.8943060800419107       -5.3882791028979193     
 -0.17045345687048133      -0.11012938234032967      -0.22898619617208199     
 -0.95137522224791282        1.8740680361991200       0.36775496753778519     
  -7.1495377802412303       0.49128082707195514        7.9517283613743546     
  0.10658167369918427       0.28149660593968467      -0.26342370380663049     
  -1.1927492150349299        3.2087151393965812       -4.9561180668909683     
 -0.23162885680664513      -0.35591585288306743      -0.12076138847840641     
   1.9141035051147365E-002 -0.26223690885318213      -0.22270275940045459     
   2.2323678477731968E-002  0.16975276769477418      -0.16401718291388107     
   5.8640458774451849      -0.10586899454991215        4.1457312742592283     
   2.6003787613447356E-002  0.34871676046089889       -2.3071522516208864E-002
 -0.75312579675775648       -6.5277067520166989        3.4133720750392760     
  -2.8393998581940756        8.3733076732236817        7.6447513890816188     
  0.24425010306445921      -0.19273828254652650       -8.0239928564371871E-002
  -3.6814978397766714E-002  -8.6228567590200894E-002 -0.13131231889677356     
   5.8008738342374890       -1.0772255202755916        4.2089289649741310     
   1.7783367158802534       -2.6895425493467608       -3.0016513087739218     
  0.21759446666541030       -2.9642488399626337      -0.30244321664379153     
 -0.42544995471651109      -0.10775854921999707       -1.4740758856231172E-002
  0.31384252228871173       0.21772383116871533      -0.26046988544656297     
  -2.1433890318757745E-003 -0.35641347826784286      -0.31628062062087681     
 -0.11315491437673673      -0.14553496082923670        4.4254349565146997E-002
 -0.12277088888422447      -0.20210418118990189       -9.4990319668793108E-002
 -0.18263595454076162       0.10251093585405424      -0.11373069171067547     
   3.7468661575711542       -6.6159369256631653        5.6708174469997141     
  -4.5962474646505720E-002 -0.26327740625043689      -0.16650431658750497     
  -4.2733432921460937       0.66336571184844684        5.4596394531086583     
  -1.4976204099438464        4.3020007766283150      -0.82083979730730938     
 -0.18089636879767387       0.42648718636471383       0.40775085353886981     
  -5.3552523328618228E-002 -0.12389883542591840      -0.13384643318994166     
 -0.13365135645853146        2.3121937764132853E-002 -0.19879308154554198     
 -0.28462532496929388       -1.6052357249700343E-002  -2.4893537873718521E-002
  -12.525378805744138      -0.33770374343106635        2.8918332193181002     
  -9.9489403660080467E-002   2.2801139576078249E-002   3.5555574564727485E-004
  -4.0496955667483334E-002 -0.15794965877019149       -9.2419089166492233E-002
 -0.15353793619072403       -7.1630525153580007E-003   2.1658959144757271E-003
 -0.74981635783628997       0.24039380871840429      -0.78097924791970985     
 -0.14984214033738058       -3.6901698895260585E-002  -9.0006277286446973E-002
   4.3515840350901745E-002  0.24351141300914822       -9.3743244536737651E-003
  0.25070731882921932       -3.7548589209626407E-002 -0.11935456168734282     
   1.7675717069039871        4.3103697378644590        6.5541225704743145     
 -0.24345695332123088       -7.3308090874357190E-003 -0.11983262079044765     
   3.3468421416119343        5.0718124588462832        5.7160260802942098     
  0.19447649143245593      -0.16014850688769208      -0.34788235099500942     
   2.3540204331347268E-002   4.3424525430575088E-002 -0.28288074243116423     
  0.69539007848544188        6.2468169391379744       -1.7590578121791498     
 -0.14835980758005479       0.54404950285854092       0.26324335169444080     
  -3.9263551329123243E-002  -2.8427050890483876E-002 -0.29363752422665523     
   5.5264923568739133E-002 -0.32482668729124398        6.3728924662728587E-002
  0.46532755850885743       0.18964104040712612      -0.58268582654375300     
 -0.21327367290185645       -3.6921746140564626      -0.12517465917024093     
  -1.4591052951506039E-002  0.11809124606214967       -6.5713442190881710E-002
 -0.56048962536178237       -1.8609092589791481        2.2953670051271224     
   17.420878509047352        3.4683052336285134       -50.118253423138384     
  0.27362201059607616        7.2549943798602685        2.5327633731332222     
   9.4029663663112370E-002  0.66385954189618124      -0.40229996152689074     
 -0.14135685524220371      -0.76850199852577838        2.8088900845869152E-002
  0.61427969604164157        2.4898345365244858        1.8104153677455821     
   3.1561585173530977       -4.0823709483814525        2.8557400458181261     
 -0.13836883006829351      -0.16469931474750008      -0.21005814675326684     
   1.8478960815745611       -1.1165241355265523        1.2578257630292535     
   5.8037906797789182E-002  0.16492489048976269      -0.29912312635839516     
  -4.4482122478654358E-002  0.24837531458584283      -0.24501353970834122     
 -0.18738909033211157        6.4902185048291566E-002  -6.5333715062032796E-002
   2.4471701958951324        1.2428058824240129       -1.8700871318738612     
  -16.257444249905163        13.313246397245729       -7.6697490513784006     
 -0.26652816669644447       -1.3945884558534194      -0.28208402291626389     
 -0.22522365415002074      -0.12887315232245961        1.7536472108466376E-002
 -0.12032865643207509      -0.25625312558962593       -5.9480058160912407E-003
  -2.9945019455223871       -4.9908203289770210        6.0993688192685882     
  -1.2191091926020181       0.53169171113250946      -0.95954844637224013     
  0.14864118449242403      -0.10470664852241188       -7.5342913141025938E-002
  0.10343210394833174      -0.58520885672728518      -0.36923732413684413     
   3.9364087408734831       -4.5210987285819320        1.1913461941546943     
   1.0798787609940139       -4.2700654123805357       -1.2137851521670566     
   4.5749955407667358        1.8238890108262871       -3.9554687850491317     
  -7.6496342392381400E-002 -0.14014275056615028      -0.10177691264442307     
  -6.7987173263237083E-002  0.15533666405321589      -0.10233777489350294     
  -4.0568218037642367       -4.5737889796529023       -8.7147832742956215     
 -0.21210735468925709       -2.5537740469111881E-002 -0.10249374203107246     
   1.3170557964511944       -4.2549689175730219       -1.9795142112586908     
   9.3972791669286793E-002 -0.20142561100746548      -0.13760485910489800     
 -0.13795097100184611       -7.5453261568208752E-002  -6.7135211454728144E-002
  0.12937804823069490       0.22600421984474287        2.1784570289841335E-002
 -0.14678182950612625       -6.6104710967708730E-002  -8.2237948079631223E-002
   8.0130516080562583E-002  0.25075818202274486       -3.1600228039675653E-002
   3.2440898499238515        8.5024433230156120        1.6771116939562087     
  -1.4241122150315992E-002  0.43866791903664809        8.1917366712164222E-002
   6.2338089471814078       -1.8226522234946576       -2.8919635053071562     
  -9.7394994587656145E-002  -2.8656125456693726E-002  -6.1149551659142156E-003
 -0.15664106638381925       0.13650166405588518       0.10120696857600353     
   8.4403970429074195E-003  0.19995404720170959      -0.15371546941601077     
 -0.15786003685352790       -3.7872923813736616E-002 -0.14235060062080351     
 -0.11730216370506311       -9.7369939480770107E-002 -0.22663441523677652     
  -3.9113472771428105E-002   7.8558385362309038E-002  -5.1567119953345460E-002
   1.6405315623632333E-002  -7.7680252972697997E-002 -0.12192550453322351     
   5.5043299466972929E-002   3.2832097250761700        2.3183276362018668     
  -3.8270354275821518E-002 -0.10349365360047418      -0.22640995803061603     
 -0.97205269363474300       0.31138804805074838      -0.85346003635203871     
  0.80022167601683758       -1.8864934500042776       -1.2838366939055368     
  -2.6909912476249492E-002   7.9189603104972889E-002  -2.2139650315942505E-002
 -0.19582928766259788        9.5284676620687139E-002  -4.7340134208920276E-002
  0.12188377472356951       0.32709877745281302      -0.81735733432117452     
 -0.18523209177658567      -0.56124885119513923      -0.11932993071120511     
 -0.16341130103881601      -0.15227762016840954       -3.3173369040722246E-002
 -0.34165991633157933      -0.47076178402915936      -0.11243708349158364     
   2.4582189270903852E-003  0.40415626646169228       -2.8908657942578058E-002
   8.0628367641597060E-002 -0.15270365451482182      -0.17414126828388971     
  -2.9639365413284151E-002  -4.5714933315463634E-002 -0.10603416997173579     
   5.8733027000513215E-002  0.17180686809060822      -0.11590505749783697     
  -24.252595680890810       -23.854022781162861       -41.338732567138187     
  -1.4952848165108792       -7.1454824594771251        4.5220886607023854     
 -0.30660604160321081       -1.0772773293656108      -0.32624831503073154     
 -0.13413716604355969        2.3587525884078187E-002  -7.0114889070632583E-002
   2.0278519854481793E-002 -0.32916348723201877       0.22906287331771177     
   5.8662597146921884       -2.3365468375894705        1.7164623609974465     
 -0.17165814346099911      -0.17431357484887908        9.8872242446039149E-002
  0.11042451108590073       0.27079112838469910        8.3798278319192801E-002
   6.9058197436619326E-002  -8.6968290818975502E-002   9.6655627788603829E-002
  0.18082080399027972        3.5588117468591207       -1.4125795829391070     
   8.8702971893480864E-002 -0.22826309979516726      -0.21931371052967052     
   1.4611446872716045        2.9089801544360330       -3.3530813759099205     
  -8.7900396371823980E-002 -0.38031647165663446      -0.12563857379730944     
 -0.42951073643642063       0.52337926375135002       -9.6089179393527485E-002
  0.63530690334434459        3.9620680935368946       -7.5325165039995916     
  -1.4218475857823241       0.81207232377592642       0.89248143324064144     
  0.36489314051739308       0.26728078824797397       -1.4361246520555336E-002
 -0.14133338042348831       0.18040610545231736       -9.9853823361190780E-002
  0.84282694743550057       0.14407673611966634      -0.48542121037878544     
  -2.2762475487032450E-002  -6.5456703756116383E-002 -0.15095381628445470     
   3.8987887207898497        2.8877595897555941       -3.5271816210280322     
  0.94159035708533778       -3.7793111732423834      -0.32543039275341096     
 -0.76842915954873348       -1.2582276249345359      -0.63418186700355106     
  -9.1034325678755398E-002   6.9671740829012951E-002  -9.4611322903719861E-002
  -2.8799448088357216       -3.8725080122098161      -0.95419414666853564     
  0.14394047379947922        3.8491341956752523E-002   1.8493250631779999E-002
  0.46187662983248717      -0.18212326326471398      -0.10126280160581853     
  -3.7334942754745332E-002 -0.23370845413767571       0.38293162293293648     
 -0.15497089030161598       -9.7087769638783371E-003 -0.11531178948438096     
 -0.16760255612710837       -7.5590857677377235E-002  -7.1815663018693715E-002
  -3.5259831780259140E-002 -0.69245377047203660       -1.0080434547376274     
  -2.8492288592365363E-002   2.7172657630436893E-002  -8.1520257650103234E-002
  -1.0554383865281285        1.9341198002503697        1.1091904928880414     
   7.1468202604709008        2.6396029566487813E-002   2.8765741446356738     
   6.5196296390890680       -5.9321978100293231        2.3434907429682692     
  -9.5544518340681672E-002  0.12113624924509525       -1.9361096440304822E-002
 -0.18677774956663790      -0.10446380726925422       -6.9246222283164502E-002
   3.2846103870168863        3.9487228791532329      -0.67275652230307836     
  0.13327849017261920       -6.6050662787341230E-002  0.50758498387046735     
 -0.19966136217203453       0.11914891160684155        4.6928892821403910E-002
   2.3913224608235484       -2.1371334705963037       -2.0679213323664536     
  -4.1368166644899764        3.1293006599607933        3.3713892929734923     
  -8.3508175980929036E-002 -0.10553057269786559       -4.4727271229800351E-002
 -0.19487208820034121        1.2635168305272682E-004   1.3637174913868740E-002
 -0.32629540093087722      -0.32244780580204563      -0.13383220840972238     
   5.5991248067450303E-002  -5.7802777760284059        3.4345765253644585     
 -0.21211188118501972       0.21411268505333933       -9.6132154023576277E-002
   3.4761807646406448E-002  0.10242084270075319      -0.30941012309169608     
 -0.27975959114516380      -0.58380620721285892      -0.19081313581116799     
  -3.7848114919870390E-002  -3.6568411539599575E-002 -0.18610909398965869     
  -6.5498959197396928E-002  -3.9860517814925153E-002 -0.14551028134357169     
   9.2835804798218540       -2.2853192400075528       -2.3015997394093333     
  -4.6784168213136939       0.72570738172391558        1.1529630322522675     
   2.8294598221354491E-002 -0.17242576687105990       -9.9938725125904113E-002
   1.6337839420610314       -6.5165882636388046       -2.2874387492779524     
  0.10398063244556391      -0.16511635310964287       0.47699603503313603     
   1.5312270455482948       -1.7693024038522984        5.0380166754116669     
 -0.35829530941345344       0.24075557789930555        2.2832026926548767E-002
 -0.16477541111517172      -0.29239559641731455      -0.24692225260773881     
 -0.52070095233307478        8.5564786579782890      -0.11440489911353700     
  -2.6749151277458263        3.3950300763430112      -0.82496909032402554     
  -3.7476397548652907      -0.67347579633887955        2.8800631047980136     
   5.2653076322505461       -2.9822486513469602        4.3815264645231782     
 -0.49756027946637388       -2.0179573363105749      -0.26606707446007460     
   4.5066849967169177E-002   4.4934472264435900E-002  -3.3347802638105925E-002
  -2.9653070850166122E-002  -7.6518698694542267E-002 -0.10785392349100717     
   3.2390150259115060        7.1001778626134762        1.6151657626389906     
   1.5011885887356071        7.5798632527719336       -2.9219345621385937     
  -1.0789175141524563        2.1736618239856522      -0.29603775738870775     
   2.1445341257808774       -1.0939024466788234      -0.74537117430618982     
   2.3841943239817032E-002  -7.7559106341056491E-002 -0.16601236421560087     
   15.455985999081779       -15.448716899325939        9.7488182238712451     
  -3.4780097010921440E-002  -4.5281481748748388E-002  -5.3523425360720779E-002
  -3.5396069448843055       -4.3202758321606725       -3.3158217575159741     
  -3.5643329079193944E-002  -9.9758989599388701E-003   1.7969510892390510E-002
  -1.8091622493884685       -5.6887525681298809       -1.3108476843645858     
 -0.29467032615112548       -1.4757513061102510       -1.2788310397967264     
  -4.3694357326950648        6.3557705752646996        6.9144174430541412     
  -9.6622324732789089E-002  -7.1302613302282769E-002 -0.11877989938745173     
 -0.35987224847823979      -0.11771149523483571       -2.1109236351036162E-002
  -4.5509566357214064       -7.1004180953013911      -0.68527998734979489     
  -3.0284098828544734        6.7588870207506986        3.5413178572879218     
  -8.2145564797097614E-002  0.25281859815103963      -0.18644036395829922     
  -2.5418090716693102        6.0788868951469621E-002  -4.2456039278338080     
   1.5125941906918838        3.6814883611424749        1.3748984850588117     
  -3.2713618283565982       -1.6573987181461216       -2.5018533228293074     
 -0.11560419593661292        8.9960978541732711E-002   3.9463326052841842E-004
  -14.251463163887296       -12.513198665886652        1.9097658185250670     
  -7.0360591378289081       -9.9309250495123393       0.55383677639884688     
 -0.37527607702848270        1.2059404099856692      -0.19519147846885115     
   3.1096515356621075       -1.9132649534371600       -2.2845443476691716     
  -1.6933432155188937        4.4711878156687392        1.7017285445588637     
   7.5828578002297702       0.42415019196333720       -5.8201499149142446     
  0.36795126428926572       -3.1953353574948558E-002 -0.18796860493052517     
 -0.20415810549779090      -0.11500495056991183      -0.53441297325744952     
 -0.54928416772643729       -3.5823723649823465       0.51635864334679971     
  -3.1763432817111255E-002 -0.38624613229990457      -0.16141691773668002     
  0.75654889453536422       -9.4194131968231076        2.5996161845800287     
 -0.14975486050648429      -0.13446558296576466       -6.5199494945843817E-002
  0.51561553764942747       -5.1550215004868472      -0.45514356627732433     
 -0.17730327229628315       0.18590379714034588       -2.4564790616920750E-002
  -3.0776825731384690E-002  0.25046837506585268      -0.11538374061875192     
  0.11709375646941557      -0.12088100741871856      -0.17117176492259575     
 -0.51179810222144806       0.11204414265356029      -0.11687832227099282     
 -0.14869211478413669       0.39797370214852290      -0.39285843089603212     
  0.88438700672597814      -0.21480708068707222      -0.25565736377476295     
 -0.11018891746561545        8.5048380970837917E-002   3.2941957342123018E-003
   9.0355365539271128E-003  -8.6288579836301699E-002   3.2746846574727333E-003
 -0.69801090959585166       -3.6692226869702277E-002   2.4550407464161039     
   1.8470312921455154       -2.5041573718307171       -7.5187132370399139     
  0.11692117044759506       -6.5298090969193326E-002 -0.19219232822853777     
   9.6318896927130929E-003  -7.4583288417882213E-002 -0.12558668585815055     
  0.13463050925003991       0.14933729726664546       -3.5292500346908000E-002
   1.5037103326152176E-002  0.25901912716215203      -0.16777647970595694     
  0.29438464995286184       -2.9112183944742701E-002 -0.39493748510609306     
   26.442216484683843       -4.1372902371510705       -12.978212908064616     
  -2.8368314701532942       -5.0649099633533501       -1.4007600311318851     
  -1.2954621357592452E-002  -6.3177434174774616E-002  0.13247019509828087     
   5.0410656365058225E-002 -0.43663678403004930       0.17537480117665083     
   6.7532581089877297       -1.0996321951789745        4.4796860695169611     
   4.1037984298781849        1.8697207069326589       -5.2035364583304187     
   3.3923828340083100        2.3086326817489753       -4.2401688574665668     
 -0.20813237193337686       -7.3448956331356258E-002 -0.44469456078353370     
   4.5287496405700258        4.4905135879164018       -5.3416401169117673     
  -1.4333419898452826       -2.5632025261606626      -0.20168830112436284     
  -6.0538727915998743E-002 -0.25198049400352202       -2.4986819464549715E-002
  -6.9827966558898558E-002   7.8334801275415991E-002  -8.9194598409523568E-002
 -0.36695863049155347       0.11006902918181301       -7.0547853164885682E-002
 -0.24302902424765199       0.15202992172427865       0.99975729478026654     
   6.7262393565891643E-002  0.16287270550780267      -0.12493574560434641     
   6.7524729728275741        2.2465279625093273E-002   6.3426311857764013     
  -6.1417720744906534E-002  -2.1718747683760392E-002  -7.1839182674334912E-003
 -0.59716133679075944       0.71427925908091616       0.41027154069554744     
  0.12007243423059247       0.50144296953516965        1.4677578931230473     
  -2.5817886051213290        28.240527540538594        16.888779926338810     
  0.11135017776987102        6.1056837914293990E-002 -0.26635418714482911     
  -1.7389435277337597       0.10159999855254756       -6.4765591300303056     
  -2.1652373549558064        4.7009852980489653        1.0713393190980780     
  -3.9293673135374010        2.3203017814279581        2.2546985194924516     
  -6.3950134495198638E-002   2.9829689803093286E-002   5.1901443916045037E-002
   4.7129529506826041E-003  0.12824697001234700      -0.16719194766335208     
 -0.18680977288629763       0.20552314599420823       -8.6407043795483446E-002
  -9.9306978239468968       -5.5953318100238487        1.0124895693832121     
 -0.20083342449782449        2.7761504048773207E-002  -8.8703109256883350E-002
 -0.62562146065004032      -0.21029968603070359      -0.19207770883871328     
   8.0939666653921591        1.8844864849242495       -4.5373844130944203     
   7.9129840063760888        1.4616524224290204       -5.3510760404487989     
  0.51175623666999437      -0.49859711381033850      -0.11678038280043644     
 -0.25041654164837451       -6.5688501419166170E-002   7.1472596123975926E-002
   6.1191809979263372       -7.7497779833037503        1.0041993543018832     
 -0.10585309139252828       -7.4256841514138736E-002 -0.19983111106975948     
  -7.2239489996154251       -1.3529980531947730       -2.2395696776415477     
 -0.16312135131060579       -8.0272536806196379E-002  -9.0129740683183079E-002
 -0.15687046025641396       -1.2964839832439325      -0.42071542221347330     
  -1.8791932743734261       -4.1457974944607221       -4.0062771987269024     
  -4.4556114291699284E-002 -0.21338573550991238      -0.32225543505227422     
  -4.6669195375224550       -5.1609239437269387        8.7436506699669909     
 -0.14931771060882962       0.21968275383266561        1.4401702979419128E-002
 -0.78523889388872326        2.1416579492351859       -1.6693390121869389     
 -0.14890783740409019      -0.21458820058995531      -0.16476446196730868     
  -2.2733333782585822E-003 -0.46723231555132655      -0.29095177334409206     
  -7.1022230707925749      -0.73863404751749173       0.14589107508195995     
   5.4450656804218768E-002  -1.4523361678304434E-003 -0.28957514131165307     
  -4.2064473595313752       -1.8643979284716057        6.8247923973860960     
 -0.35870211492136372        1.9474701900166518        1.3937797622566754     
 -0.34716774183271337        7.8016513790624312E-002  -5.7695061118087358E-002
   26.454289373020167        30.486426953475036        41.871997466887038     
   1.2915951184308716       -3.0647533841673078       -2.1521363567753875     
  0.14220125272297141        3.1334885766251958E-002  0.22179340100988981     
  -4.7787120646573228E-002  -1.9964080256424883E-002 -0.11225210785437409     
   2.3118253641819333       -4.7122214068360586       -1.4850561765492407     
  0.17170744779885200        3.3860345258722412E-002  0.32476944387929868     
  -3.2846580246895761E-002   4.8402731266830284E-002 -0.23683361566184688     
   2.1289335589802603        8.7778980701817240       0.46368047477713265     
  -3.0995413558957727       0.28576674026324195        3.5364498375333446     
   3.4856678456915859       -7.9156508909084913        4.9783824773990437     
  -4.4026211650844820        5.3666595556807648       0.31230369935800700     
 -0.26254673458406191       -3.8072556940537468E-002  -2.5444250162823309E-002
 -0.53351641440237507       0.73009490491759610      -0.32733644035627352     
   3.1218228410248981E-002   7.9060932484248919E-002  -4.7333174468593628E-002
   5.0557660311336343E-002  -6.7953633152603943E-002  -1.1336746554649366E-002
 -0.35333057766450016       0.24395397079455047        2.1312327674208098E-002
  -2.5519916845967043E-002  -4.1004538165655274E-002  -4.2116297494356532E-002
  -5.0673683865655961E-002 -0.12428581194375840      -0.19548325242378436     
   2.9980878534794266        1.0849531796339911       -3.7656462264051505     
 -0.14824847828916490       -3.9742387252955362E-002  -3.1780072395005431E-002
  -1.3634136740124219        5.6212318656952620        3.6859573766911309     
  -5.7699845797748707E-002  -9.8270706629493818E-002  -8.9483053232705986E-002
  -1.7661105659822078       -2.3989963072990479      -0.17377403746627113     
  -7.1356593563011614       0.42467069260326451        5.9888160044735628     
 -0.27956281339140659        1.1706633266715867      -0.61023797690259873     
  -6.0367419403898580E-003  0.16697227503177642       0.58281101543297953     
   6.5708038205497560E-002 -0.16992821419967122        4.9234821444882428E-002
   5.2567817932399556E-002 -0.17615985494411074       -3.0398031397256876E-002
  -6.0796218634228877E-002 -0.18524829977901622       -4.4951671974892589E-003
   1.3124033180626311       0.90817686898688221        4.3734174216629249     
   2.6594464299488130        5.5619432759143193       -2.9467505956990383     
 -0.21721700789677573       0.48712789741557427      -0.35321331640915465     
  0.50677811920260163       -2.9186902698725676      -0.72631553419587236     
   9.4034939032961434E-003  0.19026605080081582      -0.26995667781600613     
 -0.16777792523650523        5.6723298280353669E-002  -1.6104349798964114E-002
 -0.66758541115130987       -3.3967434117088806        4.2838898339065103     
   1.9860003602132931E-002  0.43585669583099118      -0.20618538179248411     
   6.0837305691453043       -1.2541521913171054        5.2896673324064496     
  -3.0891083673736677E-002   5.8677254720446423E-002 -0.22189003976556892     
  -3.0564002984610539E-002  -1.0766293372351651E-002 -0.24777695903252342     
 -0.63247553249932442       -4.1400419810935301        1.9675178197372245     
  -9.6494227510794395E-002   9.2011664262405021E-002   5.1867809974241466E-002
   8.7294417587767015E-002   5.8084272310065681E-002   9.3792571827060939E-002
  0.21194618080930702       0.31591547774476919       0.15728676195216432     
   1.1339833242002870        7.9551497082920619        5.5474986637716599     
  0.18563714186144051      -0.29165927866210573       -2.5909622084577699E-002
   1.5996859283825542        2.4334323451167683      -0.51053980199093330     
  0.74224579812381497       -1.8408729204957377      -0.62341221004797498     
   7.3389270042162549        2.3582338337929563       -3.6611478641433162     
   1.7797059420386048        6.9196213057693221       -2.9611120295485143     
  -1.3814350891604628        8.7521568881928324       -6.9690470174650736     
 -0.10586499007325599      -0.14582817158807010       0.32318290463645932     
   4.5419260990078678        4.4559337847813820       -5.4020740749639602     
  0.17923936780801866       0.57488667720465836      -0.44359800538445227     
  -3.1075301995868703        4.7585120023876915        2.6484681675177737     
  -4.8665196231538622E-002  -1.3207794645799971E-002  0.30838250086025715     
  -7.4460887481667213E-003  0.25093942172361666       0.12506513367480376     
  0.11841199499432535      -0.59112062007977972        5.7757966936334101E-002
  -2.4487934797735713        4.2958580762607328        1.8541577108812088     
  0.17576678853474653      -0.10609386901989223      -0.16326618548145308     
  -5.8433580505278035      -0.87888961161081680        3.9708131720352156     
 -0.17880483950274931      -0.10368170886081642       -4.5921590044685510E-002
 -0.15904871634684509       -1.4480142361979061E-002 -0.11214773569506634     
 -0.58650061285900568       -2.0451587980963093       -6.6920990531615914     
  -3.3437291201035468       0.82006991184688660        1.2918187976408479     
 -0.14194540919641471      -0.15241855475627325       -2.1211304775258309E-002
   2.8167969504406556E-002   6.5642148171374912E-002  -8.8659971606661371E-003
 -0.13334475115059799       -3.4452975547710998E-002 -0.19427425553821223     
  -2.4035860958074426        2.9427804337448662        4.6029901568476852     
  0.38080304908810447      -0.83855687548715008      -0.19580218883757189     
  0.17787858397958031      -0.10852331016316771      -0.18175466734218501     
 -0.11977074883902002      -0.14839208777108187        3.5714559473469361E-002
 -0.20874050068845168       -2.1036335626422379E-002  -2.1869122020915389E-002
   5.2055868633917699      -0.94474437803233347        2.9972331419315656     
  0.16628426276691491       -4.1280819064591426E-002  0.10309328788222334     
   3.0953068303850695E-002  -3.7595114947764151E-002  -7.9668284506377363E-002
  -3.4826620803136775E-002  0.10565148720652967      -0.25593498901392459     
   8.5698653093098986E-002   4.1091372061071836E-002 -0.21326480762230376     
   1.8699648867850318        4.3040412492145279       -1.0393734524847906     
   3.8895470630492852        1.7429030436458688       -1.3848141773471514     
 -0.23452990810236859        3.4115207054736627E-002  0.11005086022156262     
  -4.9809952156200973E-002 -0.11635611193229069      -0.15517345002477714     
   2.9294696561270315       -4.5724677082527467        1.6288403823378053     
 -0.10067432180948256      -0.15199929968294881       -8.2457870862796989E-002
  -1.0509058755378107        2.0047171145148091      -0.17387399479729176     
  -1.0653862181758826        3.5591939599189102       -1.5800882807225332     
   1.0867429327819622        5.4850381902276339       -1.6469456763922776     
  0.29286261871409175       0.12769132987713577      -0.19994758438033566     
   4.5532099489792790       -2.2993395479872869        8.2672007237038141     
 -0.31730583895785675      -0.10236146257616596       -7.0939489167744868E-002
  -7.0488130056253762E-002 -0.22573451124020869       -9.1490165779652688E-002
   8.3523170162683055E-002   5.4475344705368516E-002 -0.14102013298195479     
   13.241838551760335       0.40733160228892229        4.4242483216816613     
 -0.45788594120643900      -0.14241423565209343      -0.32198275996691728     
  -3.2491712971648601E-002 -0.23027944441561185       -8.8475473002053731E-002
  -3.7596977794698082E-002   3.1125744753288012E-002 -0.19560515628571434     
   2.7805988485452657E-002  0.10335777174553086      -0.14491405393836659     
   1.0208418000380028       -5.3017333666794215       -1.2126975315284081     
 -0.22614264042993279       -1.8095222154876852E-002  -1.4336673198389615E-002
  -8.8464295828394698E-002 -0.22102660035146118      -0.13957476580128594     
  0.18969583720785099      -0.16897794764356536        7.2044909754695935E-002
   1.0579643680804003        1.0305491455834994       0.86904898054697632     
 -0.16750280023817937        2.7253060142858495E-002  -1.2753970570591883E-002
   3.9896959996454380E-002 -0.30535317836281090      -0.31288994753016985     
  -6.1220360765089827        1.4378504043925857        1.3308640800951890     
  0.10583841104465659       -8.9028975876672592E-002 -0.16068316203902910     
   5.9796361699822311       -3.3877165499739834       -8.1729455912088866     
  -4.5924146194029154        2.0641275003178139E-002   5.2897262271131549     
  0.44613407269343036       -8.1892341429387491E-002 -0.58054922799282394     
  0.31739003685931499      -0.62008850526975623      -0.25084628869126546     
  -1.0717352358092145        2.7789355426566758        1.8335537400262127     
   2.8425253490839828        6.8421173279792704        1.2449849072896946     
   5.1465301330354072E-003  -2.1934879058325821E-002   6.6259929206297918E-002
  -2.1918418070696926        5.4238401698428502        2.4120598686933818     
  0.10176783276341898        3.1669398935297313E-002   5.2133466474412568E-002
  0.72553990706928995       0.35911564175094884       0.22614098304261154     
 -0.22453071012895276       -8.2610389305712864E-002 -0.15591245712465501     
 -0.30368327589096755       0.32444899069155375        2.4610200854019902E-002
  -1.3695728482827178E-002 -0.22453366561481591      -0.45742205450964341     
  -7.0392755199324933E-002  0.42422500052270662      -0.21811688193414777     
  -2.3715877933403076       0.90099031707384947        1.5573986213087030     
  -4.5032885832115170E-002 -0.38049501899257471      -0.13710132270876838     
  -4.8654068214688602E-002 -0.26293839122600871      -0.24288152059468338     
  -4.3398147290812279        2.4583611722656791       -3.8708979553414897     
   2.5403865266496033        5.4812738933984111       -1.2005773775328084     
  -1.2860259510231820       0.86838338132213211      -0.82867198543050757     
   3.1599727885741071       -3.4145849911734860       -2.1921227002996337     
   3.7628184092245241E-002  0.14916576559697758      -0.17177413286418580     
   5.2004376282584426       0.17252599166354166        3.7992400322856397     
  -6.2391636626604512E-002  -1.0481666096542244E-002 -0.23350925709672890     
  0.22583851400302907      -0.34777891513724640        3.4329262883393925     
 -0.10764239932019443       0.25770306680327804      -0.20515202979237335     
 -0.72744965214665602       -9.5358757826292635        8.0187465574175789     
  0.31985498808479856      -0.33532136122735606      -0.24297537451202669     
  -3.5080690607454983      -0.67266192219361398        3.7628178164463351     
  -3.7448446835110039      -0.65213838176096395       -3.0367146535306557     
  -1.5015761334037987        4.8500397368154680        2.9972078983293868     
   1.3402372498440180        6.7717805588403115       0.20218056276067339     
 -0.12045791021256975        1.3308898136768735E-002  -7.1820699232669580E-002
   7.3603616528291251E-003  -5.3387133416150298E-002  -6.6412459989397030E-002
 -0.25025661920956993      -0.26868009622274447      -0.22651172243008541     
 -0.46696072390413657      -0.21449084055357678      -0.24487734992674787     
  -4.9541513415025093E-002   8.5304788022670858E-002 -0.13743790104142495     
 -0.11192248740029936      -0.20347203392165245       -8.4294001304457813E-002
   1.6718992835423170        7.5643326578980608       -2.8620563497068634     
  -5.7449880208539597E-002 -0.10354051507618361       -7.2502424249052413E-002
  -2.8329125400875403       -5.3802441750679471        1.4994259085404822     
  -2.0208982053151470       0.12795345974616917        1.6804241786507718E-002
  -5.2928141167851299        1.5130302567979985       -2.0235199809497382     
 -0.52534632451588881      -0.48680052240793042      -0.14206334402230258     
 -0.10723331857996773        7.9212447492344143E-002  -7.2417415580588798E-002
  -3.1767234385910710        5.0399846097187986        4.2641346827154392     
  0.55244708534345544       -2.8662455165868361      -0.76067153696461864     
  0.11616116389480743      -0.32020494543044797      -0.15354341117915654     
  -6.5828343674824152E-002  0.15059036264426900       -8.4846695884929324E-002
  -5.6680124379495531       -1.0085449679964307        3.9495093640891792     
   6.6401416565468913E-002  0.34671307612690716      -0.25025846085666725     
   3.1424952901612471E-002  -5.2647966710518530E-002 -0.16627444878151937     
  0.54352028899983484        3.8417621162184616       -2.5529516947499338     
 -0.84306475096685585      -0.66939260797127631       -9.8864915889382940E-002
  -1.1346843823960049      -0.30063141170779867       -1.8019384117524195     
  -2.6236899221858452       0.80972634397181387        9.6222024866322418     
   1.3438757536632796E-002   1.9073262359771141E-002  -8.1934432869654503E-002
  -2.4566753926148710       0.11352804398033110       0.43672919090080614     
  0.22672574411087387       0.40119856862657993      -0.18073653825933489     
  0.17815752630765383      -0.17014718992818709      -0.18931399033187132     
  0.18343614106785255       -6.6998184131469685E-002   5.5523357619218401E-002
 -0.33802781792888464      -0.25846510996756389      -0.33212438614244477     
  0.22469029458989151       0.18027651152755714       -5.1404739306734400E-002
   1.1565987655724967        5.7425285079707669       -3.3064422996119496     
  0.58098926068820000      -0.13734404981052079       0.15976470540783910     
 -0.29218320081254917      -0.20427702963060529        3.6138652944565974E-002
 -0.35996665942787787       0.19672863373526586       0.22997649237067286     
  0.12760160506329671       -4.6803220788004432E-002  0.23705715887190076     
  -2.5461371645968432E-002   3.2288605960612109E-002 -0.22245917979495247     
   9.5619574117672426E-002   5.5487616942715381E-002 -0.24877091670889104     
 -0.21936678874909768        8.8308536300324134E-002 -0.24057168897291306     
   3.2875057488304029        7.0770729704555091        1.6933191373404437     
  -7.4173307825533830E-002   4.3915594568203833E-002   5.1222519447816528E-002
   5.9415074747596851E-002 -0.14961695447220341      -0.29090903591084910     
  -6.7221576894755386E-003  -8.6581282074754656E-002 -0.17869633655799405     
  -3.9262169277745556       -1.4367955526054526        4.8606344604895924     
   4.3286697077148668        7.9253069832296275       -1.4243197547839952     
   1.3458951224108722E-003 -0.24352396337881890       0.19828619511060114     
 -0.49273099682805810      -0.74061309874732861       0.83868598585690768     
 -0.32038951852030206        2.0845066982438647       0.32199325085405739     
  -4.3805929985756515        11.643436671834360        5.5645487926669777     
   5.1188289705868112E-002  -4.8056569202881157E-002  -9.5277203633501686E-002
  -8.5920494580972798E-002  0.11751420794726167      -0.12585902042978372     
   2.9052812860256360E-002  0.20840083943088930        7.1418207314945928E-002
  -4.3225272194932653       0.98110599327445447        2.9791891879526462     
  -1.3444509477448081E-002  -1.9509425475499439E-002 -0.21305383501613667     
 -0.14320579578468576       -9.1533090981319995E-002 -0.22279127684930233     
  -7.5117066052239764E-002  -3.8857492629692609E-003  -7.1667108051338996E-002
   6.5743250187277821E-002 -0.14445226031023800      -0.16824037454453769     
  0.69887734933504586       0.24132821011514169       0.28269244809653549     
   4.4109069425660424E-002  0.10924202771754021      -0.16023800727467194     
   1.3227061391167150       0.23559897999268936        4.4098487480530224     
   3.4219519393924890E-002 -0.10103076777968537       -4.2333310542904332E-002
   2.1354789296084968        12.004668898975577        39.195697073598829     
  -6.6725127032602388E-002 -0.13457339313840477       -8.7813790248883139E-002
  0.28317014342042285      -0.16403670477305632       0.13335680610135839     
 -0.14124543403951326       0.12443216694624652        6.5360575710503542E-003
  0.78966395436793957       0.46957170713254448      -0.42125673155228982     
 -0.19196931193812472       -6.6769986626379896E-003  -2.6370013418526583E-002
   10.409111142509053        7.2944325321009185       -8.8675790402067740     
  -3.6680015767810175       0.14475032253951631        1.8014523453635081     
  0.61956640746316038        3.5761988032535750       -2.2607468948740790     
  -1.1363553248391163       -5.4934686344453452       0.42395668698612371     
  -9.0033273084637183E-002  -3.6806506231259447E-003 -0.15677003431469475     
  -5.0722771281029547E-002 -0.29900486454237113        6.2474183615408685E-002
 -0.29163068305441836       -12.509724370219445        6.7008182576726929     
  0.10007029206322346      -0.13353026152867423       -2.8837590438833348E-002
 -0.34525729420575296        7.1276460880794090E-002 -0.68693500336697855     
  -6.2636438561249647E-002 -0.13433109794840312        5.4914198246493479E-003
  -8.7979003791823889        13.469664397907946       -13.996090566807380     
   5.8163487942545229E-002  -2.5260216897867154E-002 -0.27094496005752283     
  0.24713246599402450        1.3078426419306322       0.41334534648026128     
   3.2763066700146033        1.8411134643686424       -2.4582290296715863     
  0.18294577390391323        3.9433996813283162E-002   5.3511179460372996E-002
  -4.9556069471651053E-002 -0.13980246318697265      -0.11493251495471792     
  -1.0164301998148089E-002   2.0563625171313007E-002 -0.13879978116924832     
  -2.8568316026069125       -2.0853605630361685       -3.8955616867274467     
   1.0866799751953247      -0.76902207291112501        4.3295795192986770E-002
 -0.37949975872081199       -2.1949311377308018       -1.5765509504268875     
  -1.0845278185471652E-002 -0.18610673185907806      -0.24792455537340718     
   8.8885680651254850E-002  -9.0739827314092109E-002  0.12498002718732448     
   4.1364221997239693E-002  0.12879518238627272       -4.2857902536068124E-002
  -7.4977248640400479E-002  0.15126171137202749      -0.18241482876344650     
 -0.27725085085780243      -0.69327706316928861      -0.69671752411977128     
   1.8599594668343704        3.5860219322687157       -2.9606084866672706     
  -1.0116252226932656       -7.1298090063626329      -0.62600101876849912     
 -0.23536249724093808       0.25563308810164187       0.32083466584356862     
   7.1147552862650612       -1.3378792944638647       -3.3550242223260689     
   5.7318612423513624       -2.2415670286915113       -2.9627351321045485     
 -0.10868733842734345      -0.18534920055980442      -0.21222866123561723     
   10.583201977056369       -7.8241061080484577        1.0036829249224271     
 -0.72095052844354601      -0.36330245943382761        1.3867361789006973E-002
   1.8201588458199018       -28.222028143511157       -41.825993820572506     
 -0.20587800064692299      -0.13761606183792199        2.8670607717434307E-002
   2.8782813837371066E-002  0.21653788031009555      -0.20218149362108698     
  -2.9373332350923445        3.0460725651978646        1.5522845979512692     
   6.2822136707352847       -10.964726010807269       -4.0060542397204797     
  -12.808996079341549       -2.9858064456734166       -8.8518782164651828     
  -1.7526173340161939        9.9782141897297958        9.3128652660551907     
   2.4703183809278408E-002 -0.29607975551611243      -0.13415537257686908     
 -0.55769381856139810       0.36056863347761242       0.39766715384838608     
   4.2458046319061253       -1.7332765816691429       -2.3163113857000006     
  -5.5039763918771270        3.7212600178576398       -19.562245837314816     
   3.9910709955146353       -1.0913292884732890        1.5269656162809606     
 -0.29864951922103872       0.28591254095197022      -0.13824947511936034     
 -0.10811110007291112      -0.13627711838616557      -0.18689735679938044     
  -3.1502094481742891        1.5605545159203693      -0.59920083573829985     
  -1.0916001444303991       0.36939484091229080       0.99926383706953459     
 -0.25229521890961287       0.13261138724814547        3.2142104096913267E-002
  -4.2174106543654173E-002 -0.18081849935516511      -0.37441658019070978     
  -4.6791887310984655E-003   7.2460108803092560E-002  0.15862556486938859     
  -6.1884471040711342E-003  0.12104527090475531      -0.11645242168137140     
   1.3980021830814715        4.5072644170823786       -4.0101435875473426     
   4.8620945452266460      -0.90083641874975939      -0.72054007974017897     
   3.7032475036220702E-002  -3.7514673533468361       -7.8153050745712749     
  -6.5960325592918333E-003  -7.6355981396319883E-002 -0.12976192593265407     
  -2.5937468015958909      -0.30747569100590016       0.52851815414518999     
   3.0535942744447908        3.2869639429325854        1.8704807127251888     
   1.8376707783390351        1.7317326829129460      -0.26110322382417778     
   3.5380550956884763E-002 -0.45458799342634720       -4.4243159754791282E-002
 -0.23709638229342486        1.2240181176032844E-002  -4.3389084243338899E-002
  0.36331473210958298       -5.1753709183460046E-004 -0.10975435968891460     
   2.0860696786648036        3.6365305380717325        4.5288977573941995     
  -4.9159528152504048       -3.2467608306280971        7.9725011717861731     
 -0.10101873868552429       0.33800385300252073       0.38319602642745582     
  -4.5036877365207681        3.6034029374972576       -2.4361263482349127     
  -1.0854132624467387       0.61009715930291530      -0.13688483016712821     
  -8.3666350647220185       -2.1622005332760921       -3.1558237284169310     
  -2.2525523825786722E-002 -0.12685077371254208      -0.24881220519956324     
   6.7520041432871736       -4.2655443049019626       -2.8870285899590806     
   3.9267433071408456E-003   6.6502194970971387E-002   4.9195644805378594E-002
  -5.4195538791570214E-002  -3.7469019933060024E-002 -0.17937603958752166     
   5.7673071305342383       -2.0993448391746155       -3.1923877536691165     
  0.13832346801224593        3.1685644098342634       0.45261178018859261     
  -5.4545837629638126E-003  0.15631850662731428      -0.13470355833427541     
   1.6163002082269968       -5.7020988332637108        3.0961328650716124     
   4.5232221522687812       -3.2163033146580955       -3.7481975574571353     
  -5.1596648621668073E-002  0.12497474597775882      -0.21422258531589428     
  -1.2540681124217588       -5.5329237158797113       -1.9114954890240550     
   1.7409673975428284E-002  0.11911521975319357      -0.12291855206622693     
  -4.2964950408311999        4.2338860305651522       -9.4419880924895310     
   1.4546644234141636E-003   9.4994246251229701E-003 -0.12916794635278678     
 -0.15765604241456577      -0.13006687295534175       0.42498899639538801     
   9.2458842671650429E-002  -9.9952308937844986E-003  0.35219718013753171     
  0.36363746200786123       -1.1094789261906430      -0.29581311612896610     
  -15.227602929592402        2.9192038193819925        43.877298482048509     
  -4.6083277929956372        4.8326086125075154       -2.1898617147768253     
   8.8888147090535122E-003  0.10431055364424333       -6.9842015226681445E-002
   11.551693367530763        2.1128997170475676        17.908836360999214     
  -1.6230231821274461      -0.83646578358918600        1.1262348517883161     
  -6.1446893855037349E-002  -5.6615124369259490E-003 -0.11744590637443511     
  0.47262479693259429       0.15176880439721546      -0.36981452859442598     
   2.2790894714056063E-002  0.22617644837009221      -0.16799055584242056     
  -1.2321242527211620      -0.34045470035473774        1.3215950696414986     
  0.19726949492893106        1.1213814384684202      -0.43523239393593172     
  -7.5226620243499136        6.4965481364452273       -10.139069007659458     
   1.2199756162165305       -2.0435635813437845       -2.4636294239583694     
 -0.15387868048452769        7.5465427954289760E-002 -0.14503613098248638     
  0.61424929868834088       -1.0115071784995879       0.14575339700748718     
 -0.27839349330922220       -2.6791302608306505E-002 -0.13456302204028359     
  0.18037975193961309       -3.3188851818065475E-002  0.17099949950147494     
  0.24584056378804003      -0.19130619214167049      -0.24887438637453377     
  0.42277683025428758      -0.60875431570132321      -0.62409779770098817     
  -9.1168542087258622E-002 -0.12659344826362937      -0.25854323028326276     
 -0.19262002799680189        8.1620632459261919E-002  0.17141245513839135     
   6.2037863918173210E-002 -0.44556590340869845       -9.6578645145664443E-002
 -0.12681182573271943       -4.1561745191550301E-002  -7.6134318711745946E-002
  -1.0380255099589475E-002  0.11451951109323717       0.17604969308192087     
 -0.18864970850198026      -0.19286340284812589      -0.49933814514642549     
   2.4250948189254988E-002  0.20015707414344019       -6.7439374089862253E-002
  -1.0787431012907909       -5.0530707379994810        1.7923438542844152     
  -4.6118794899519713E-002  -9.7161126809517995E-002 -0.12680569300096767     
  -3.8957787117786942       0.10097536556629649        1.8855397780238530     
   1.0497876002394071       -3.6940894538249989       -2.8690305122533220     
 -0.12822242366399630        4.5269935774937473E-002 -0.13914374156538525     
   3.4980487727720937       -9.3461197552362805      -0.78119719179205072     
  -3.5525300955042667       -2.1975829830189184       0.11490259015032286     
 -0.16073929710176701      -0.27675968835606979      -0.10721385529351114     
  -8.7712022133452361E-002  0.12079133486218209       -9.3386050480993420E-004
  0.15567352830893810        7.6099323716470046E-002   4.0724032378563245E-003
  0.32548711455373175      -0.41133817938859563      -0.34901313390700273     
  -6.2453444419552753        3.9360995119740521        3.0300595859626096     
   5.2023036430318026        1.3764797918289526       -4.5830774505663614     
  0.34095620984127656        7.1565225951241942        4.3274867269756392     
  -8.7644929406469868E-002   2.0303480283005344E-002 -0.27472331511753217     
 -0.28088351494758129       -8.5451148116906420E-002 -0.39930127897715706     
  -4.1828326904179489        4.9516124356552771       -3.0241045643958917     
 -0.46129102361265667       0.20682789421139847      -0.22544894270622184     
  0.11591444061844072       0.16819236484633543      -0.10540146494659371     
  0.21031706968453839        2.0178991480232988       -1.9758326738257903     
  -6.3933367134361543       -2.6248278979605684       -1.6652522775805023     
  -1.7114964133200075       0.12994580848870715        1.3760085822123778     
  -4.3940737688111249E-002 -0.14241833575507035      -0.21886029193593809     
   2.0197958153835082E-002  0.15933469584912205        9.8322171442425277E-002
  0.56239839988306739      -0.63924234594000695      -0.43585279764944779     
   6.2201185401369437E-002  0.28481911914864438       -6.6124964305306344E-002
   3.3320446982324254       -16.553344642718372        4.6093703619853619     
  -2.9140518491184344       -3.1329320563697731        2.2998734755588770     
   2.2370801255751025       -6.2355683148127490       -3.9463639891119766     
 -0.60800717254508896       0.39175480547362951        4.0586074654617929E-002
  -3.0467199141215758E-002 -0.15345570008324452        2.5101316914296127E-002
   5.7667019630542132E-002 -0.17358887444829235       -5.4915457643316533E-002
  -15.093791776964013       -7.2916873481341833       -11.749233252874639     
 -0.13939918688729586       -7.0221962750389486E-002 -0.22010763352698010     
   6.7754294137403042       -2.6003934264729014        6.3655580332380062     
  -7.7928141437961007E-002   3.6143878202070934E-002   7.8783797533282393E-002
   2.8847015091719670        2.5523891759797954       -4.9825130039745718     
   3.0500685237456963E-002 -0.68633395682280318      -0.28762077776994471     
  0.40538700287642726       -1.1224853712411809      -0.43414842222809674     
 -0.14418678225920523       -2.6226174140473719        1.7100210017487396     
   2.6864096224751242       -1.1284989808807959      -0.88789233288597214     
  -5.0954966221108258        1.9409899771976931       -3.7194678732909714     
  -7.1153027066640719        12.443442645724199       -6.2549897236118692     
  0.14647647806248731       0.11205415680404338        9.7335073536540737E-002
   5.9136718680065101        8.1182422410490442        8.4159514517983638     
   4.2280169290502830E-002   2.6448551297235601E-002 -0.13200988592345142     
 -0.16215807875176733       -2.2168363246570979E-002  -6.1571881811465314E-002
 -0.11967103037945928        1.9079439924212176E-002 -0.20278877163800060     
   1.5255263274127775       0.88883428934269371      -0.21917137171799453     
  -4.1142823570856961E-002  0.59689797163875025        2.2884955061435672     
 -0.45940325928402614       0.12782626756050428      -0.12040970836925043     
  0.25657923849327530      -0.19941111182736571      -0.10792059097114910     
   3.3469171034197144E-002  -9.6541691825801551E-002  -3.3078499717671746E-002
  0.31998726634077373        4.5421265496873205E-003  0.47092341296644785     
 -0.16336183644891542       0.58256573817987578       0.31556202896837576     
  -9.3633035896426881E-002 -0.11755774396281922        2.7240921242675978E-002
  -2.2135412466135547       0.69340716906231104       -2.5943210880273955     
 -0.10571168744850540       -7.2418623999573162E-002 -0.17311952759799357     
   1.3733177573461937       -2.2768777532380677       0.58769245131685022     
  0.64651605265707368        3.4975837449084923        7.0844379447067158     
 -0.81166158101101304        3.6472949392755987       0.95578009639151384     
  -3.6140075079857663      -0.74447778353732608        3.7861878765197821     
  -3.3381086981410985E-002   8.1582128297674042E-002  0.23984411871923858     
   2.8923384144170612       -3.0634722584600493        4.0249158350587830     
   4.8949348220942630       -8.1518741433896036        1.4526869903149653     
 -0.61394219758702029       -36.880411063590010       -1.8975805469637026     
 -0.50236350982594713      -0.11287839435408363      -0.11772986802921878     
  -9.4046294281765030E-002  -6.4589554909402158E-002 -0.21742224273237262     
   2.3998361231851104E-002 -0.23567182715126692      -0.14688866294473321     
  -1.9676925527532176E-002  -2.8175020168606551E-002  -6.6271641540115292E-002
  -2.1901901124376077E-003   1.5723109234404644E-002 -0.18310037714296312     
  -8.6896036877799360E-003 -0.11533668281730317       -5.8491510106017532E-002
  0.32669860981413112      -0.88734893738806053       0.48074237974055312     
   4.9515802651955525       -8.2800602870065667       -1.1507788621847137     
 -0.24702052936297339       0.29057218999856788       0.14842345198985421     
   1.4011813774157462        2.1950070680373432       -2.1908008665990089     
  0.25581702983910776       0.74755070343477181      -0.68878120024219924     
   5.2631073415865419       -1.8273468425547170        7.0147816019065115     
  -5.7307977875167823E-002  -1.2113607791037564        3.0810991714589221E-002
  -2.3000609305445789        1.9715858016771994        1.5418160636358029     
   2.0831397025782143       -4.2622927381146516       -1.3739053052858725     
  0.13837800627110991      -0.18047022912776145        8.9008215505322216E-002
  0.10661216500864056      -0.11271333171147635        2.0773209021007131E-002
 -0.12357968315362436      -0.36493266011801540       0.11653249722049785     
  -5.2276714357602128        3.5143332977673811        2.7597468182377094     
   2.6210245290954846        2.5477063712893409       -2.4158135958757536     
   4.6762706951020823       -1.0174976025724949        2.9522073931458479     
 -0.22521317476732097        3.3537471571282784E-002 -0.17417903119111924     
 -0.23099443505782263        5.1100151781331045E-002 -0.21022051085710078     
 -0.19160502726308598        5.1217593843748840E-002  -2.6115586192841836E-002
  0.33761295833140675        3.3410593748917150       -1.6984485752969058     
   2.5731424277934255E-002  -7.9630176992828185E-004  -4.7837856760358691E-002
 -0.65282630834289446        3.7085460947456781        5.4724390638090039     
   5.0228123701398765E-002  0.11407818669803479      -0.33839582243202848     
   3.4820546794942391E-002  -6.8602365627436782E-002  -9.9309917725486779E-002
 -0.24827741325552019      -0.10479415249210859       -3.7040064606674722E-003
  -2.1986384218165722       -2.4904594333995651        6.2919392105684563E-002
 -0.37030991376378775      -0.15087766001824429      -0.16670360733986836     
  0.31424396308946706       0.55828431435186476       0.79323648919335166     
   5.4373384033964598       -2.7692705370132349       -1.5166437010737004     
 -0.23162013068004844        5.2109070656827149E-002  -3.5856579498004332E-002
  0.28408632342259027       0.14482629184898504      -0.15807511034454860     
   3.0477057176286897E-002  -8.7645768005775573E-002   7.3873257293110367E-002
  0.14072935398319111        8.5144637626086317E-002 -0.14709305311698151     
  0.46399388756840160      -0.16594820893045908      -0.45522191738130269     
  0.19020846175161119        3.1757981474729351       -1.6603463315721958     
  -3.7205354607284483E-002  -3.2375900493602727E-002  -4.0221333683066518E-002
   1.6094921958306914        4.3204025286196170        2.0343735937041130     
  -4.1519531216715251       -1.1486151847575279       0.26123095874684182     
   7.5629831586201099      -0.74032673487578082        4.6790966655399453     
  0.37564023709944427        9.5615533630924371E-002 -0.12771368776215908     
  -1.2926225612330622        7.9702587884525880        5.9991949281666228     
  0.20564435559176761        8.0903417713397568E-003 -0.24406211687914742     
   1.5839069965894605      -0.87732637374745115        6.0756086175413593     
  0.24940201470677509      -0.11089354438153319      -0.44274163370749131     
   1.7596191065211944        4.2719478983120602       0.80834429464975366     
   5.8725825819468866       0.23442173788424411        6.0439288910982016     
   4.3912267216273868        2.8284496773748953       -1.0252687928042001     
 -0.15024156382608059        1.2528067572157823E-002  -9.3126479895157717E-003
  0.75963953023878872       -1.8655283614184046      -0.69039660331681907     
  -3.7278986460404164      -0.37191816497561903        2.8451296850920889     
  -4.6391220858592073        1.1603442042656404        7.0917627378879242     
   2.7699699581241863        3.4191493585820236       -3.0866126601019763     
   3.3274418120551807        1.6797623985565127       -4.1251630343543342     
  0.27314680402700514      -0.20273576200636331      -0.46566787021613415     
   5.5080934546363451       -4.5533804753695479        4.0315411314917533     
  -8.3711321875370732       -5.0393444184400300       -9.9068928074292781     
   3.2025105702403440       -1.4977500794509624        3.6160649774751472     
   4.0573241521936607        2.5782113408711931E-002   16.083057592569634     
  -7.4853356112681110E-002   9.5679203080923425E-002 -0.32683319310950143     
  0.34574853122461890       -6.8815902383481172E-003   9.0450140435638482E-002
   1.2566481273740520       -5.2844916365745549       -6.0546727325745326     
  -7.6656602505890209E-002 -0.25540671980674695       0.13729280413450615     
 -0.52047414513039403       -3.7087302083095826       0.62592520192243151     
 -0.39998001723461973      -0.10332481957581914      -0.11151481957261204     
  0.71088982512109566        6.9766242853607201       -3.5664869400542689     
   7.7475111640237460E-002  0.17664263484949561       0.12765503225587407     
   9.4754278870588404E-002 -0.21941777577062399       -6.5053228396062368E-002
  -7.6729921927899222E-002   3.9729455695530734E-002 -0.20920014596395073     
 -0.16823827386206067       0.10092559765689653        8.8270911042469952E-002
  -8.1510352294165575E-002 -0.27928857075742353      -0.25932839387752749     
 -0.35704900487361851       0.28402445710830820        9.3181412953674034E-002
 -0.55367089948820014       -3.8128991713154932       -1.8005461900874851     
  -3.9894890613945888        2.2460298498612694        2.3549139261368657     
  -2.8300000061526105        7.9382835237526903       -2.2552620659326701     
 -0.24184943378296958       0.30401973523178527       -7.9448200502699878E-002
   1.9875104097265880E-002 -0.31118917770198740       -1.3991373626147085E-002
  -3.1138731491447480       -4.2591689702722659        3.2340215799936725     
   4.2008921552576191E-002  0.27098571122419296      -0.24178902237967359     
  -3.7459773968966957E-002  0.12246595142614011        5.1003416437553031E-002
  -1.5562426269398824        2.0099148592077376        4.3364860932505440     
 -0.22296505408239387       0.32088356161265141      -0.43480724573858337     
   8.2408778536584210E-002  -2.2308395597215834E-002 -0.11735787011412227     
   2.2556074565840150       0.43403548514759399       -1.4150237738395930     
  -7.9230983760208346E-002 -0.11860649585299531      -0.41330179179665832     
  -3.1682539863903121       0.30048034887330444        3.5011212979250499     
  0.65524069903586568      -0.83710286703618619      -0.10105514180340998     
 -0.11384698320253674       -1.4323054773868467      -0.25947930778393935     
  -8.6026105489818011E-002 -0.19401698184360053      -0.35236609621752951     
   5.7331189592345746        38.159876658805878       -15.786824045805938     
  0.22781045915973738      -0.39409282305534743      -0.89412389977514195     
  -3.7533619554174185      -0.69432340354465116        3.1426851645949316     
  -3.0450040807179401E-002   4.3338124073324720E-002  -4.8955411590361528E-002
  -5.4684645442358581        1.3934010929228606       -3.2615412946667290     
  0.85618790956386825        2.8804067323135945       -2.1733326618034527     
  0.23320889259098043       -7.4297887659669204       0.44795183422686136     
  -4.0331222114008032       0.46933481667332311        1.2561745400723952     
 -0.37448503272920564      -0.28042934442842349       -2.2587903477586508E-002
  0.14066217240105786       -4.0690150007777612        1.0563712158457204     
   1.1619472317475918       -7.4844291167367984      -0.15714279311537838     
   3.7197970400794467        3.7402268317470249       -6.3842714094363124     
 -0.16507695650191331       -6.4934284250240781E-002   2.5588638747196354E-002
 -0.11072767920173357        7.5858386670362307E-002  -9.0052084859806869E-002
   2.0962277249072073E-002  -5.2604628051680764E-002   6.2327666146353308E-002
  -1.4079224465818863       -2.1508761562658645      -0.19003560545453405     
  -7.3592966368303658       -3.3545142379029427       -3.8404832685844359     
   3.8048032463191195        7.9399795860855749       -4.4698408835031218     
  -7.8609860037612195E-002 -0.10914601616935883        3.9137427541986188E-002
  0.66266273539101894       0.13601071835108228      -0.16112797603669143     
  -2.1514503339776434       0.15580803407912205        2.0883869238161812     
  0.28954318483271368      -0.57421154882214953       0.32806040773066864     
 -0.25816274074983619       0.64904689967772156       0.41974189391404071     
   7.2274985401676535      -0.78223421049751718        9.6999030933228276     
 -0.21940603374672407       0.33103429772491666      -0.44539222847165111     
   3.1827184018088994       -3.9014650856720272        3.4259966576634238     
  -9.9115820409704056E-002  -5.0230326971318719E-002 -0.27498516888673613     
  -4.3710798994901561       0.99045234391920756       -1.8127151117116715     
  -4.6928383066911472       -4.7747259865947909        6.7781465953402726     
  -1.8530741861440939E-002 -0.15349613242928761       -5.8600794027875582E-002
  0.62180163352050644      -0.53058138696989310      -0.36652252923570516     
   1.0322931639572814        1.7812461087620681       -1.0083653036603917     
  -1.6053652441195365       -2.6365782288923927        3.2355847672209483     
  -5.6887330700055881E-002  -4.0655804581026123E-003  -8.3380551478400095E-002
  0.18126910047027603       0.17570016224766233        1.7945192949838821E-002
  -5.7381311427272000E-002  -5.6135047486769951E-002  0.25369721881633739     
   4.8597070131558651       -7.0726910827088254      -0.32215957983906085     
  0.25470398526607246       0.18885280546480573      -0.31506672089810933     
  -1.0670393619023178E-002  0.23627926450960482      -0.35182955584764808     
  -3.5233140502759386E-002 -0.12311234698353853       -8.0983030189506700E-002
 -0.10980801143817535        1.5989725291885835E-002  -7.4777570478646652E-002
  -8.4787989290786334E-002 -0.11926184206528496        2.8050205497595546E-002
   4.3503163916718339       -2.1268054882488130       -2.0831261706519832     
  0.64590612100448885       -5.4808455432922178       0.50711175303627221     
  0.45495806361636981      -0.58690178128445758      -0.36863673775292921     
  -4.7087083975573689        15.186233559935504       -6.7567556579080490     
  -2.3158148903206914        1.3713894594507829        2.1325392701881785     
 -0.13336167339096269       0.28108350530796550      -0.18375500895505850     
 -0.13053412428288150       -8.3866289042901943E-002  -4.3422040393207625E-003
  -5.7164432768645586E-002  -7.3018796045296996E-003 -0.34675573824152117     
 -0.29881028877075888       0.80048745565302393      -0.92173391524800419     
  -1.1168830064370003        6.0193275667867212        1.6241573939012484     
 -0.56579898007718044      -0.39604660782828927      -0.11185923580804764     
  -3.1880922829602129E-002 -0.12082572191048128       -4.5426405412106484E-002
  -9.2607740811375322E-002  -7.8133206041566643E-003 -0.11801259240724861     
  -1.9369468281287616       -2.0311661447750895       -1.5629918965656624     
  0.54316483194585696       -6.5257833210722440       -1.0563420238991286     
   4.3266675906402714       -6.4844659337101023        15.300763362799714     
   4.9925045632548768       -5.6196457871852088       -2.2648277540413244     
  0.10826866768193574       0.49450938932264388      -0.77517662303703283     
  0.30545547558457586        3.0754426188555000       -4.9438994419898217     
  -3.0847597777628750      -0.31157324616987370        1.9948821659890343     
  0.51369174199784495       -5.6725060238907954        3.3679532975134716     
   2.4954573993615670        4.4295593614116617      -0.89647011321946024     
 -0.23888803645421772        8.6755476411344741E-003  -6.4347531123638193E-003
  -1.5295037289206459        1.4365638426154623      -0.16993576137936067     
   2.8439555811511608       -3.4735508374377475        7.6003136376366918     
 -0.29554326630850808       0.13644389789722725        4.4814767573666356E-002
   8.2180147465573186E-002 -0.20785126016754171        6.6623082572255785E-002
   5.0186525221785322E-002   2.7492553355297961E-002  0.18394501622528081     
 -0.39451876422355958        4.2694510510010962E-002 -0.23200772949834056     
 -0.13447853559833722       0.49855108443969615      -0.19489807909138471     
  -8.3303677839770773E-002   6.1780434327451159E-002  0.19535435119057196     
 -0.10749229506526511       0.13937360642533228       -3.8449421939689601E-002
   3.5363244942981847E-002 -0.52655690711263259      -0.42321677670927560     
  0.61297665438139681       -10.205828437688327        4.1840143360063360     
   8.7252693946974130E-002  -5.0684834812596238E-002 -0.10706887152289625     
 -0.13367821830994381       -5.9027109081342427E-002   3.4121582836499541E-002
  -3.8195074724895486       -3.2347540209750854       -3.0879176371153472     
  0.43073119369560869       0.26814337932579341      -0.43155472244458626     
  0.36833839268689855       0.18327693569495021       -7.0842021442267075E-002
 -0.19155951218066947       -36.709017625857456        19.935856781095811     
   9.5732301982587933E-002  0.20724502697707636       -1.1223024928427541E-002
  -1.3967603470207153      -0.34161432186866636       0.39941380425444384     
  0.16461470304330519       0.11361943574219754       0.24287574710761192     
  -3.0979788288057009       -2.0073555663754781       -2.9157372405098041     
  -4.2152707191867904        2.6713095807549605        1.3245777358134632     
   3.1088658587085751        2.0339081478824537      -0.58102955759157138     
  0.18762707853075711        9.6133277879917919E-002  -7.8374713833971849E-002
  -1.6939363294617402        4.3533754827562587        1.0324682225366393     
  -2.5317283577774492        6.0783639133314189        2.5623029677868585     
  0.10380944001690506       -4.2249508756613291E-002 -0.16156742909244098     
  -9.7676183680908774E-002   4.8015594377057443E-002 -0.14000147510120767     
   4.4510734412592745       -2.0946210240626084       -2.7348350247558142     
 -0.13516578414333782      -0.18841285536362859       0.37529828616765581     
 -0.21942153039748197      -0.24253264981435732        4.3612336999659232E-002
  0.28055554950312633      -0.13232714702667644       -3.3063678374533008E-002
 -0.15473783437858099       0.15123426977787799        8.8964083727230306E-005
  -2.6938072888059006        15.797717567638269        8.0706048438017213     
  -2.2989756814685056E-002 -0.94159945112430710        5.3994007918049515E-002
 -0.59318886181194663      -0.97681894239164835       -1.1418835756232353     
   5.0472633858494707        5.2154671752383885       -6.2256864242795933     
  0.17863396821893593      -0.11901405552349081       -2.2533041994908659E-002
  0.46335502139279316        36.042323924539012       0.42197129104997788     
 -0.10780017335643163        2.9066927148929558E-003 -0.22783885548195090     
  0.29119679392794884        3.5939034819820727E-002 -0.21282529846732659     
   4.2577250861041174       -4.7727495828225992       -1.6762418453181838     
 -0.19298742220874807      -0.10467024306404948      -0.12297035129722297     
   5.0441151796057806       -5.4528088112257471        2.3092779341571510     
 -0.22957417261565347      -0.38761653379625555       0.37619695682559529     
   1.4826973324996471        2.5848465029900942       -2.0980835445784920     
   3.1477604732086402       -2.5079101629717711       -4.6520379251639676     
