 -0.17218922224439617      -0.24780192785533706       0.14753209851211321     
  -8.8896014841648538E-002  0.19910850838078642       0.28573955224257486     
  0.20800022297266432       0.36046979627193626       0.26345871777618329     
   4.7616881138907309E-002   9.8914917563393628E-002   7.9946657870387419E-002
   7.6591449495028727E-003 -0.13400207580939891       0.39046498257931689     
  -6.5595140977688621E-002  0.17848237481160695       -8.9959156203956531E-002
  0.43913006135244681       0.47922476672956371       -1.7801629667834093E-002
 -0.17897847195084135      -0.44179898434823572       -2.6443844390012829E-002
  0.10915462608242160        7.5988543133239994E-002  0.39475312376260036     
  0.88270183687233350      -0.80062549733464239        1.1180838135669009     
  0.42723199361289294       -7.6518661327708931E-002  0.24648973640759220     
  0.14426842557954467       0.37732596249944123        2.0344025391462940E-002
 -0.11938084836935317       0.19836893118785495      -0.55327004577120964     
  -2.4154366784535759E-002  -1.5091525326363636E-002  0.15749923836233548     
   5.2802737616162228E-002  -4.3575067321960211E-002  -4.2717680914392257E-002
 -0.37921879982724771      -0.19049446096959957      -0.47618650687653041     
  0.22604119765003336       0.50551005296765017       0.21685484149450482     
  0.11573485891559873       0.27032522763238098       0.14613597000119108     
   6.3345916863035687E-002 -0.11220958117490942       0.36952311762888440     
 -0.47102824878301441      -0.23065062661663249      -0.37477956202009149     
 -0.33244367020688936       -4.0882988729840329E-002 -0.33998110650965402     
 -0.11586430026483101       0.22700553953679858       0.33283240438370815     
 -0.31132220704348401      -0.16972992915579238       0.30254544056718641     
  0.16232415139989009       -1.1799913575094833E-002  0.13810327787355783     
 -0.19241114457622885       -8.0694209218704030E-002   2.3143757135538446E-002
 -0.36215352084823532      -0.22224118683478730       0.31318553275582789     
  0.38876690660507285       0.22974177444738145       0.26997337261366633     
  0.15433368308240406       0.36739415986827839       0.34176087942409328     
  0.47664899883911183       0.30478666298521057        4.4385632958803913E-002
  0.37816465497973617       0.22570999797579142       0.26762579082509319     
   5.2677263270031860E-002   1.6392999075302048E-002  0.11574071797674761     
   5.9162641247459201E-002  -6.6589615249744256E-003  -1.7260866568756597E-002
  0.14860063229520792       0.46781763735428156       0.25726461339411455     
  0.36926438022358093       0.28433060955624201       0.19805110195361192     
  0.43673321151319394        1.6748423443634860E-002 -0.18049842649298134     
  0.18025643821928111        1.5126060745672319E-002   8.6435458067386270E-002
 -0.22297513534700908       0.41952500779775842        3.6865183833533627E-002
  0.12966745017085832       0.15467170986577397       0.17686014580282797     
  0.16327636752895325       -7.4233391029497831E-002   3.4073867686170468E-002
  0.17866286110349658       0.20437671983000322       0.22800513174130102     
   9.1506946224954408E-002   2.8084390659328586E-002   7.5748809348023527E-002
  -1.2878565348852280E-002   4.1209104183385643E-002   9.2808006900282458E-002
   9.0889982961143187E-002 -0.13139845926539445      -0.16234327180581845     
  0.54304375619883316      -0.12996982940379795        5.8627864635849396E-002
   8.3791073388687909E-002   3.2850548668439061E-002   8.3167837205515918E-003
  -5.6015159439663967E-002  0.12187528301831967      -0.37448066821892328     
   6.4184111239391300E-002   2.3356339274628088E-002  0.47911266444646367     
  0.24747242644263714      -0.23059057341995509       0.16784495141279251     
   6.2546027028795304E-002   3.6680915423138380E-002  0.10053204419997623     
 -0.31962765336664378       0.19309798652354607      -0.51735679514908639     
  -2.2440854244795718E-002 -0.15370265325957444       0.25251777189348645     
 -0.16775535882126075      -0.45497311920581412      -0.25327689109676615     
 -0.11953615424667761       0.16450830661225885        8.3475320912662632E-002
  0.44781389417945056       -1.2440946242838268E-002 -0.76787259691321064     
  0.49454304302981161        3.9250505176610495E-002  0.23015621595855135     
 -0.12997719115312245       -4.3920332986215588E-002   5.2333111469896734E-002
  0.41157096620962508       0.31805314976364091       0.13752963319379000     
  0.17162947066823353      -0.59405544739302318        1.1940638961097334E-002
  0.27963752194134534      -0.21022719794099376       0.39025744745384860     
   6.2368903994832074E-002   8.8594117510811268E-002   2.9106118980735254E-002
   7.3402167866867069E-002  0.17688001296894754       0.10347132021142628     
  0.10433763057543692       0.13314456801225452       0.11890715663096843     
  -1.1401977445528738E-002  0.39049237482927690      -0.32031787526126382     
  0.14343639617772871      -0.42894961930224740      -0.38657446107799492     
  0.25635956155913348      -0.40133053662646423       -2.9371373352520012E-002
  -7.3947368816674686E-002 -0.21706337743009496       0.14111444842032381     
   2.4942975682001007E-002  0.26334007777749635      -0.40828494769299217     
  0.33189774010984779       0.13504881889594778       0.15138393488432375     
  0.45977086079363200        3.3398111392726901E-002  0.24448632512917304     
 -0.15058973765198544       0.24826380971337378      -0.28813785303910389     
 -0.21000620775000023       0.19090816939844873        4.1801520572989290E-002
  -9.4356485652359628E-002 -0.12473727491803699       0.37749416094810312     
 -0.43200274030097857       0.36641103634151351       0.25818895573536454     
 -0.12780773276733440      -0.20114026059299928       0.39471558612446628     
  -6.4414133303536958E-002  0.25624105844326356       0.38821468032806278     
 -0.44844384781025443       -3.6791804661873338E-002  0.15933119335584650     
   8.3684302845921543E-002   4.3408116846191939E-002  0.47873692794884054     
  -4.2085467119128285E-002 -0.33939735981016678        5.2776667122060389E-002
  0.11924039364968064       0.11937017940711950        8.4771467470131492E-002
  0.17053114493301180        7.0895700064178752E-002  0.35129088389596463     
   7.0355687228887201E-002   9.3392697285102355E-002 -0.45044330933438653     
  -1.2881495500804781E-002  0.53553406794703806       -5.8227774556010629E-002
  -1.9982105290995193E-002 -0.27855354301511842      -0.21998578649241662     
  0.12878019869981311      -0.17005546898551055       0.22103656922434461     
   4.4071763334632322E-002  0.41045481640078385      -0.22614583775724939     
  0.37839586404705972       0.31018830475586134      -0.30619454581304800     
  -3.7979880895390179E-002  0.52582509811387890       0.18916036335632583     
 -0.30421646154275650      -0.20752896951590383       0.29281039192839686     
 -0.34773946409993134       0.31700827299316042      -0.25218090820409744     
  0.32755064335410822       0.33847621253567284      -0.18522828175386227     
  0.12294424812629158      -0.19479347971980576      -0.44100784708421864     
 -0.19687623132783760       0.22050494825261194       0.23243060857876677     
 -0.13278157377190081      -0.24848455830111948       0.34394017761036910     
  0.19477994483542921      -0.15975845001888214      -0.22568890424358037     
  0.28584109221957282        9.1286930409486960E-002  -5.9371599697914654E-002
  -7.5455289690587055E-002  0.45125024017247400        4.7194940849974491E-002
   1.2511956327050646E-002  0.50903954019124098      -0.18640944510236931     
  0.18051465767117328      -0.19395734338856133       0.33463312328257461     
 -0.30033584821273851      -0.32853243602873450      -0.38338378081225827     
 -0.31487677379761086       0.44935437906473497        5.2697967386100497E-002
 -0.33918661222097912       0.32488698325906551      -0.26537613072206739     
  0.31192176765937130       0.32964180759691158       0.21679985299226376     
 -0.49063414212857864       0.15918544648530722       0.34009487369392760     
 -0.23243547792084235       0.25211571443991820       0.26425454996419045     
  0.30955326694694058      -0.13519971865916197       -6.5756004480939614E-002
   6.6856085423284251E-002 -0.26083733719013608      -0.41009644812121610     
  -5.2529164730733137E-002 -0.44015252595926929      -0.33399722068801435     
  0.20890404748832600       0.35570143516228303       0.27254062405919915     
  0.19961091061335753        8.5229184941539068E-002 -0.46575413430155915     
   6.6117520402231691E-002 -0.44798511109335698       0.37844396048239165     
  0.38391566929296661       -6.5719458594878082E-003 -0.16482482493139400     
  0.41237655610399293      -0.25448059822650526       -9.3771604826632438E-002
  0.41242074772323867       0.25275053547100645       0.19506934898725906     
  0.18870296247791826        3.3096596515695413E-003  0.54430721601737619     
 -0.43651967733584407      -0.11065669549815531       0.36858523826607725     
   8.3340910288986214E-002  0.45291510754950581      -0.23507638629974528     
 -0.29787819044063091       0.38539282794776181      -0.25673926327328844     
  0.35375650943818604       0.25122906122237265        1.9878157577587867E-002
 -0.11711548273711359       0.38718220579175316      -0.25565466229448014     
 -0.41398741288200802       -3.5586584311720633E-002 -0.34821110232496200     
 -0.16830050974732619       -6.1531971620572695E-003  0.17605832067586835     
 -0.40983876062134922       0.12170957268624591       0.13010722491291743     
  0.20528993503523685       -6.8567679261993600E-002 -0.26395814983251642     
   2.1920184311873059E-003  -7.6175877882455209E-002  0.12119174501962095     
  0.12310082291746233        3.4164381117816639E-002  -9.9086886422257894E-002
  0.12267011378499149      -0.34398193262354182       -7.9343340126467224E-002
   1.9607583399080347E-002  -7.2791953236513746E-002  -1.0056256788217793E-002
  0.14304603785505215        1.3264064411382887E-002  0.11505626633998853     
 -0.13567529494085159      -0.44098147675711619      -0.22733489515007804     
   7.0222491870737353E-003  0.51136981452002772      -0.16870187791986269     
 -0.11904876282283858      -0.48835233816149598        3.5865823909319569E-002
  -4.0240214581869133E-002 -0.18438991314130315      -0.46795749811524434     
  0.45194708231564512        1.5049029062444427E-002  0.20604563022631836     
 -0.57494414236484415      -0.11165116518516381      -0.12219680826083362     
  -5.2678866878724764E-002  0.13366644881462456      -0.39023126204471287     
  0.10991823566279217      -0.46518091360788716        5.7063552417720882E-002
   9.9049059942730805E-002  -4.7761333257858835E-002  -7.8190682869022782E-002
 -0.50735535946743882      -0.13789725347479376       0.10031692251648856     
  0.17177513024014587       0.41264070086300930       0.10932187792767777     
  0.10692077016135705      -0.10599255489123464        9.4647287305745093E-002
  0.35080203118103831       0.14123958610726881       0.14250968002742259     
 -0.10320471167333818      -0.16031162778302727       0.13845365880268870     
   9.5211220133312277E-002 -0.15964179922555119      -0.15959685247307759     
 -0.18273397922087256        2.0251183211173897E-002  0.41615881846190433     
 -0.34988828687770845       0.49991691414308409       -6.7244866497656541E-002
   1.0997004052853501E-002  0.35314246996812615      -0.25719887535301234     
 -0.48357084984146875       0.17890527030894968       0.33736028628263448     
  0.11532080190073639        5.5798895485932462E-002  0.11504111978455381     
   7.5202776194079779E-002  -4.4763814131035060E-003 -0.46219487880214805     
  -9.5328953864747490E-002  0.33391859319795514      -0.30670460699660190     
   5.5119152080361777E-002  0.47385972927193198      -0.24217830731918794     
   7.2649082402265253E-002  -1.1432209979849277E-002  -3.4008945466867668E-002
 -0.38925985439532479       0.14443762274253907       0.14110085630263244     
  -9.7929355198740159E-002 -0.14442363685615114       0.35418072967840547     
 -0.18959445827198640       0.16882459188251178       0.22125612170659978     
 -0.46538404625693569       -8.9987131610130569E-002 -0.39231674997031551     
  -7.1379034262526009E-002   3.1864003756578198E-002  0.27405489417858109     
  -2.0571584053404843E-002  0.47431228882161286      -0.38219143461301425     
  -7.9976629430783874E-002 -0.45765635625829015      -0.24550254352538592     
 -0.35593662968539763       0.12962848208973005       0.16835355176468209     
 -0.15540758145525507       0.32759783147690658       0.33737093796682655     
 -0.27010996960623224       0.26141046119640210      -0.41005228089855927     
 -0.21476657516687381       0.47430015182159257       0.18315264679102081     
 -0.22723355070338114       0.46440204913154204       0.14592111947779748     
 -0.14093337511912579       -9.7698371992253119E-002 -0.21216437279370914     
  0.52010311568824497       0.12110313844645376       0.13254577998364905     
 -0.41918230027052561      -0.37748544924756383        7.6863543666168361E-003
  -9.1174003730228031E-003  0.26874572657119838       0.27699713053657521     
  0.28684437581767491      -0.49021190981728985       -7.5469300214961565E-002
   3.6249060979462441E-002   7.5488121628851851E-002  0.13104411699492391     
 -0.39173834949919201        9.1869506640064033E-002 -0.40380580142897010     
 -0.15667045428606780        8.3745837211102472E-002  0.41203133876325682     
  0.37326426018737896        5.9022309909662743E-002 -0.46979500140504399     
 -0.35342804524611110       -8.6000367054799451E-002  0.26871721919228364     
  -7.8631164022724576E-002 -0.54480265653725779       -9.9698506651532629E-003
  0.16818403019706221       0.22233540330652679      -0.18353794692062320     
  0.12506201797296354        8.2153607246953381E-003  0.10218529584827735     
  0.21766305426861873      -0.17731312375090397       0.27475184064944458     
  0.44752819747768446       0.12277119118141216        5.9486314107308055E-003
   1.9824637345468209E-002  -8.4358510005042131E-002  0.13734196913252333     
   9.7454869693714266E-002 -0.12085625579223534      -0.16983264536982012     
  0.34196175334736234       0.15907098365111821       0.12829624383561061     
 -0.19882464764566082       0.17713362316109635      -0.21392818343654027     
  0.10867419353328106       0.18584967806737704       0.17690178969069967     
  -8.7560796700331456E-002  0.37933540438968699       0.24165738622951022     
  0.22079292539291223        5.9023234147359591E-002 -0.37029625756804668     
 -0.37460228199073686      -0.17809158983757362      -0.46287965876056258     
  0.14841363873982405       -5.1749270582062572E-002   8.7500956028693955E-002
 -0.21950754311363294      -0.20078984011189410      -0.52331172992929065     
 -0.16818312477489580      -0.49087750251126672       0.23327667084356327     
  0.40766139835572873       0.18187614562809606       0.31058837191129335     
  0.40791027434339794      -0.29734894925816080       -6.2056259270953783E-002
   4.8768100351965910E-002  0.20392926691963384       -7.8679164592876980E-002
  -5.0032063224332506E-002 -0.20111037324768696      -0.34452740651319702     
  0.10930598134566323       0.24371144611361834       0.45115355718593075     
 -0.10126110232091819      -0.25908110167950521       0.47226802041024762     
 -0.42322448843536825       0.32951372293426651      -0.23536506697485032     
 -0.14979331868320878       0.27899940641071175      -0.18970949949238611     
   5.8637139761699673E-002  0.17711338870030491        6.6396107427244989E-003
 -0.12190565474783067      -0.25458237203554718       0.33509540193831694     
  0.17180314344426037      -0.57703641177381704        1.5592969514432429E-002
   5.0172911790090972E-002  -4.1019943634396962E-002  -5.9647506635003365E-002
 -0.18875549179728995      -0.29742877689317626       0.19342574775819968     
   1.5486404441410518E-002 -0.11158808173868001       0.19932554474723618     
 -0.37417690526265213       -4.8142672766106460E-002 -0.36332916607737276     
  -9.4631727483675251E-002 -0.21401044560102891       0.18654971251068755     
  0.28960643120801616       -2.4871655585262643E-002  -2.0706148100779901E-003
  0.14029756827572346       -2.5975919132865217E-003  0.19038624892889094     
  0.13604130084248633        3.8553027697090458E-002   7.8731221248998326E-002
  0.13741425722386252      -0.22032401612959668      -0.20653287853200292     
  -9.8482290519976146E-002 -0.56507051888282478       -6.9592607437799506E-002
 -0.22308566041669148       0.22427958249144289       0.13882747402449036     
 -0.47877374451928828       0.20043193838814508        5.4361671554933905E-002
  0.49130902633942930       -7.8602441462004152E-002 -0.20478086863169404     
  0.35899194607566803      -0.20660536616188385       -6.7844796140535818E-002
  0.12678771362853083       0.26924720340393482      -0.57099064503485952     
 -0.10620878208030886        4.5602757565686582E-002  -5.5437547887924092E-002
 -0.10739728799862401      -0.20228622482505002       0.14088007124575430     
 -0.27249850388750746       0.10371787127314350       0.17581759306839778     
  0.12134392153235610       0.43585403558830094      -0.33196146437295948     
  -4.3604528688280061E-002  0.24564112516522799      -0.33649258396626713     
 -0.54960192421789067      -0.15896787740409474       -4.3570573058901600E-002
 -0.25478859947798599       0.30665141407526331       0.15661836257601022     
  -1.9100078322509730E-003 -0.28028989116916153       0.17084842931361774     
  0.17708371396653919        4.7681767895854515E-002  0.57486203286367332     
  0.43881480323735056        3.2456013788157254E-002 -0.18704610752876860     
  0.46371916461110213        9.3878854831649164E-002  -4.3167943716854347E-003
  -8.3942133262779633E-002 -0.26648359718448483       0.34707264768536933     
   2.9179929687204117E-002  -8.9302577923769069E-002  0.16490117066097082     
  0.48261193389754570       0.16467288953789663       -7.5252172203391240E-002
  -2.8034881398285957E-002  -2.2824378354847432E-002   5.3453064678139900E-002
  0.22510991330297619       0.16412349214709396        3.6624784175810013E-002
 -0.21369142966492091      -0.53084080492130570      -0.26472587403948900     
  0.17604958006433469        7.3723269360842475E-002 -0.32717241568670719     
 -0.46526573240578972       0.26472938301003651       0.33036524937924339     
 -0.23259928939116084       0.27563916314683173      -0.33523795840468285     
   9.9992846645058961E-002  0.37402542338651212       -4.1311593768874767E-003
  0.14258702081766875       0.19344061380654445       0.19425746005930355     
  0.17943833926945982      -0.48199536475269950       -5.0124721097753761E-002
  0.17357052333136072       -3.0983724193689621E-002  0.26472282228066502     
  0.28967868794764257       0.33772210229782695       -7.7068708385045703E-002
  0.10523992594774299      -0.15523487815469422      -0.15047121620759910     
 -0.12280593500286301      -0.20078891550790201       0.19900835052494134     
 -0.10976377287685790      -0.20302584731416654       0.16849600032616333     
   3.2980777411022198E-002  -1.5018991633240868E-002   9.3743862544895168E-002
 -0.51124898879783709        7.2061906261668821E-002  0.11475923755797728     
   3.3690226300913034E-002  -3.3748919701728955E-002  -4.7211495792420920E-002
  0.36553434228470200       0.23967282878652291       0.11021526602613239     
   5.5637223607002531E-002 -0.23989588094364880      -0.15476226891181094     
  0.28180906475842665        6.8253661389252124E-002  -7.8455425594306474E-002
 -0.28193341641377190       0.34364478220304723      -0.25535457701268305     
  0.38400877382121651       -7.0825949330834935E-003 -0.16754331503043321     
  0.17094750615658294      -0.19999771718453199      -0.49572748278527273     
  0.18778140035051147       -2.8653377171150629E-002 -0.23851466946937955     
  0.23981895667456432      -0.13012975841089017      -0.21365459553085586     
  0.46244872271211784      -0.23336487180695406      -0.10321471951120892     
  -4.3219861346921020E-003  0.31696910958776897       0.16231028862963662     
  -5.8385727885504189E-002  0.50047512585739962        9.6945842288527678E-002
   8.2208160440711449E-003  0.16743650845461330       0.14072297494021252     
  0.23716207334025829       0.16857689082218738       -3.1388355970107279E-002
  0.18088670573580393       -8.5670346211258477E-002  0.46129005733151779     
 -0.40060526838923149        3.7521883984707377E-002 -0.32631080945265467     
  0.27629387181364146       0.32465641532266309      -0.25144535502007681     
 -0.16175095174659501       0.21693872711125881      -0.18832886740499621     
   7.4842817361876118E-002   3.5673466210012973E-002   4.6863273759112409E-002
 -0.12507308356503691       -5.2797809318452217E-002  0.13806855065183476     
  0.13058379664075284       0.33262632074702031       0.40401844817220867     
 -0.37412911763513274      -0.32329072562027994       0.10398569047297364     
  0.20179310740128817       0.45186896869456267       0.17219096939764439     
  0.14449660063711420      -0.14613341352741371      -0.14433993489432831     
 -0.21422176816659913       -6.0606660370306729E-003 -0.58252633130673170     
  -3.9188987906705032E-002   4.6360311612452840E-002 -0.56048612663347530     
  -9.7351510043320197E-002 -0.23263923591523378       0.17383977249096394     
  0.23334644377540315        8.4671310545617086E-003 -0.28729928307747088     
  -9.9023351288197003E-002  0.25334237240873930       0.35864254453501926     
  0.24925236076681734        3.0426377008914247E-003 -0.29030798677291630     
 -0.42085830805653063      -0.41511742990752853       -2.0908921423390174E-002
  0.25309080487427454       0.12802013192348030       0.13664070492748509     
 -0.43461616855983470       0.14801879954010627       0.15150059900469259     
  0.28844166179610820      -0.29709815810103024       0.18313476081487362     
   3.8009780255593435E-002  -9.8636873161525220E-003   8.9535315830109055E-002
 -0.15179893240641554       0.20433567037330264      -0.12551849668051124     
 -0.11033316136964777      -0.15982680292839421       0.34205480224119189     
  0.38268916471096670      -0.23755695118834674      -0.10594227223604291     
  0.23064546788760706      -0.28026325645619010      -0.25390273496466842     
  0.21535107223088490       0.11211284140689219        5.2444841906274742E-002
  0.20243971439627972      -0.83720596174802564       0.26738072254894629     
  0.13541836943667368      -0.17220184786183312       0.21186770612369113     
  0.35675142152128597       0.27827311037764502       0.20431101495228757     
 -0.48276771442465860       0.36170997713075576       0.15970839211061796     
 -0.34743816245538045       0.11969851287116653      -0.47919796130274128     
  -1.3731401228697501E-002  -7.0236107052023822E-002   2.4301734568677485E-002
 -0.15879730455808541        7.9953854168095320E-002  0.11202919665575237     
 -0.42852087551766288      -0.31556746286990095       0.11534223106955874     
  -1.4394021822758648E-002  0.19544256774516397       -1.5006964860164385E-002
  0.52787175994706892       -6.1503823284430062E-002  0.19142074962751196     
 -0.34153827169606188       0.18208402773835536        7.2550085470375808E-002
   5.3932574028852320E-002 -0.42338024187512746       0.10220575824780460     
  0.20499114776344465       -7.6998062326252309E-002 -0.24986089732019698     
  0.15353471092859994       0.25331090236986986      -0.15016828597897461     
  0.27304402894406510      -0.31835632877231806      -0.14918883140242828     
 -0.42677547290226053       0.33099887002854050      -0.22226474059991067     
  0.17440423124640159        6.0825395827170975E-002   7.5886052643765370E-002
  0.47509671377058021        2.8354606373350546E-002   5.8206280732618278E-002
  0.27897182262200970       0.11257499295643925        5.4379006675986608E-002
 -0.24453033130081017       0.27648350960052398      -0.34199812828494469     
  0.36649714710310660       0.23648058877660894       0.11536158183183284     
 -0.45086402148704807       0.23586293800217289       -1.6460248106342312E-003
  0.40382382410633799       -7.6303405708188485E-002   3.1302469549947247E-002
 -0.41427260139281358       0.10756080849135127       0.14082168786332203     
 -0.37144657850250573      -0.56379292962209215       0.43271414787455326     
  -2.1628066777991659E-002   6.3623351322127972E-002  0.51425397296597031     
 -0.12263811741612306        2.5346517403322905E-002 -0.44551124208082443     
  0.19544571486496570       -2.6695237903049410E-002 -0.24912866316413690     
  -9.4540057832309538E-002 -0.20665824531992497       0.18718448331755694     
 -0.27116013448916504      -0.41121390964821058      -0.15078863745292032     
  0.12199901453599761       0.16520117343344173       0.15006745067601884     
  -1.6143646159133128E-002 -0.10627113758817271      -0.50775732197638568     
 -0.34426429228565769        7.2228568833808101E-003 -0.32195681000972753     
  -8.9134261573041565E-002 -0.35602447148852340       0.18674416158159182     
  0.27360207953013416      -0.25148314836502200      -0.23622914179351989     
 -0.19578598299685471      -0.18441353171178260      -0.29435805946897320     
 -0.23273581834615709      -0.51969816224813126      -0.26149058308461892     
 -0.29139112897437236      -0.46036810939721834      -0.12666466450155908     
  -9.7123722121438133E-002 -0.20158177927817142      -0.40663726411032391     
   4.9027328788452167E-002  0.19785990233077055        7.5216889266832357E-002
  0.19762151521960294      -0.34723935610891932      -0.31700769614558949     
  -5.1230002245539148E-002 -0.22567739601939923       0.19111771167036778     
   4.3115323813846616E-003  0.10045031284588676       0.12150456211545489     
  0.12207199270547475       0.20281704808093984       0.55229851878659908     
   6.4858883387356930E-002   7.2515542200831409E-002  0.10785374503756054     
  0.34618780186095649       0.34660906798488633      -0.21470518833226515     
  -1.1358144395758392E-002 -0.35001813683426486       0.78490245645658896     
   1.1384048745886894E-003 -0.33937916030902127      -0.45632611036124560     
   7.3646195922832711E-002  0.28639302611760664        5.5012794526491313E-002
  0.29954588398260235       0.16234328235159171      -0.33176680610263698     
  0.39558730987912677       0.49662788738700719      -0.10183213267492186     
 -0.26556141596738003      -0.46035585956768227      -0.19229569938634020     
  0.19781564658367454        8.9822622595198645E-002 -0.39029758751822990     
 -0.20204173677724152      -0.27506462105969826        4.3164738718734906E-002
   9.8040989165560241E-002 -0.39542236792204621       0.31259409613392464     
  0.41639400417566669       -3.4539885446472782E-002  0.42674968713421363     
  -4.7683726050444325E-002  0.26778676925780415       0.37199467661865232     
 -0.96136080210085184      -0.97199447645324011       0.60891960244172127     
  0.13666842544864849       0.37040535038750577       0.34342943341652538     
  0.32684387109441787      -0.13124879796226041      -0.12888826409782544     
 -0.50004834859633795       0.21860584979291331        3.1473535775545618E-002
 -0.14004523334363445      -0.47791059803194469      -0.20083415476697825     
 -0.52624195693861264      -0.22201686848298674       -7.2787619113882970E-002
  0.25575045213659109      -0.12156825239477660       0.23139259976278961     
  0.10843750999196354      -0.12261411965342549       0.21723118019407744     
  0.31427954563028687       0.43462935750632947       -7.0415022464681606E-002
 -0.18982026453993353      -0.22466980655511826       0.46867231046257396     
   3.5391571086128649E-002  0.39996808743830992      -0.43751943732480353     
  0.23539009838692529       -5.9369869909815222E-002 -0.29504426344706675     
 -0.42203759621136744       0.11142336945844236       0.12806975130208453     
  0.10636145801757130       0.19372423025006064       0.33977406164388363     
  0.17263383690336701       -2.3391491306968437E-002  0.10971530397590820     
 -0.24158686639889990        1.3626563299938450E-002  0.42743770654329916     
   8.9008706473532540E-002  0.28112760432926559       0.12158984667861697     
  0.17697618553900660       0.24797543920256945       0.29212033334339949     
  0.19516632356317448      -0.16376399143442341        2.4369506052548735E-002
  -5.8394656282426932E-002  0.29925671863125286       0.40057600155800582     
   9.0187027362555509E-004   7.1106897452045181E-002  0.38085951045396904     
   6.6202282596633730E-002 -0.44591544200930389       -6.4756238724218124E-002
 -0.26701103773296186        9.9512086805211036E-002  0.12624532493630616     
   2.1177767788685953E-002 -0.47822940805620240       0.17415526340891568     
  -1.2470903491769417E-002  0.34620600596539197       0.15282696652340905     
  -2.7640137888233805E-002  0.32384103672993514       0.29826853500485806     
  0.21435401346967575        6.8295634376976735E-002 -0.42365473723034064     
  0.10333701955073173       -3.7206327652502362E-003   3.0681461490001420E-003
 -0.24712853184961220        1.4996060685962615E-002  0.40742952655466563     
  0.29322006804637152       0.51475284451352521        1.3931283996807381E-002
 -0.23891885075379138       -4.0629290932048298E-002  0.23392447947935993     
   7.2874300986516316E-002  -5.4299363371101562E-002  -1.3918019126095284E-002
 -0.58692885544846107       -1.4056854824220364E-002 -0.25410791516623754     
 -0.14651204051628694       0.30347488805761397       0.47569268762018524     
 -0.39630351703539962      -0.28928386218453261        2.6286918262059183E-002
  0.14169135647357153       0.80354584424708109      -0.14128896482887296     
 -0.47000919245202410      -0.32242399782211517       -4.5571200924773153E-002
 -0.21820791311815338       0.12603655447012807      -0.14488673521261081     
 -0.18484664219167563       0.18138428544462123      -0.13968333791037935     
  0.39632731184390479        9.9266679924999240E-002  0.26968318822724346     
  -8.0256979436031453E-002  0.46297867136624726       0.13040328918054725     
 -0.23643415899300640      -0.38466489882744487       0.12139496251414708     
  0.13031849976339754       -4.3437230610415628E-002   8.4521289307639635E-002
   4.9162749422626941E-003 -0.40078044360474369      -0.26590080883523098     
 -0.21112110090155750      -0.26275228986499516       0.16637652801347078     
  0.13830197813438347        3.9140093464368142E-002   8.6798684699666492E-002
 -0.29236060149838494      -0.15685290443485281       0.32689114519952756     
  0.13424989032639018       -7.2851944476845287E-002  0.14192296938452575     
  -7.9993738436993256E-002  0.26380621816620631       0.25349057073422748     
  0.24457346077251479      -0.20818440645425881      -0.26271532321606328     
 -0.24714933391157962      -0.16784670348946562      -0.33605771284692754     
  0.49922603676716792        5.5106759446916287E-002 -0.28899573814014118     
   3.0546226648346188E-002  0.27928599549234784      -0.10532762218768019     
   1.2711525077415072E-002  0.23808769024994531        2.8820887780977224E-002
  0.29836628761323564       0.19144102828250886      -0.36768738339712409     
   9.6728250908935748E-002 -0.46339916469754883       0.15315584846726538     
 -0.18473549609229900       0.14802396010538221       0.17077700156871736     
 -0.18811900034261467        2.8413821343948754E-002  0.41454326708549177     
 -0.60905525048327025       -5.3192801213568161E-002   1.5885691630044260E-002
 -0.50707245167463955      -0.12534071540571334        4.2805371688451485E-002
   1.5573543013638650E-002  -6.3155244170259875E-002  0.16227137588969515     
  0.30976161664194884      -0.12369849260939987       0.40134525219209788     
 -0.30821305998049542       0.47367206559301250       -2.0626917274989845E-002
  0.43179011618790625       0.10127691245150264       0.20285927058728812     
  0.32922103430594485      -0.29119956391627788       0.27033411302136851     
  0.21762254683834362       0.36480487944256884       0.28136059360867305     
  0.15663140402094974      -0.21176765986447932       0.21930260151670311     
  0.53620674171737270       0.22700664610460239       0.13283755851536272     
   4.3413928726016543E-002  0.12254984724495017      -0.19547719930171392     
  0.26617033966523768       0.29042221707266092      -0.48351574124125263     
  0.27902312698210668       -1.8286088571588522E-002  0.16558798667787825     
  0.22729594669097825      -0.22191046978255438      -0.23273801291206644     
   6.2920451721494075E-002  0.31896208163948980        4.4489628463639679E-002
 -0.12617019110851141       0.32618420733849229      -0.20294170945181803     
  0.35132748819639620       -5.3615108804557159E-002  -2.4338817336934989E-002
   7.2494412719407125E-002  0.16291078374219642       -5.6334271879385063E-002
  -5.9663864606801710E-002   3.0941604675683940E-002 -0.50158956569928737     
 -0.10138826834037461      -0.37806632568719356       -8.0753071194266182E-002
 -0.27049850221978911      -0.22873424448883387       0.44686612702135498     
   6.4529415497061315E-002  -7.5975628286688524E-002  0.12344917474531444     
 -0.44128042496553210      -0.31033197866921491        4.5439443493665421E-003
  0.26685976496097741        2.0384463767567217E-002  0.13560423331407745     
  -7.5976661756553293E-002   8.7616477897649911E-002  0.11329963664910328     
 -0.60479804916395952        9.6214185550957967E-002  -7.9363462952082575E-003
  -9.5465456099388474E-002  0.38261162806091503       0.24850934934023688     
 -0.31602958574766543       0.19588305281275026       0.17619772156402411     
 -0.44601769984565498      -0.39487164208658526        2.9208322538065712E-003
  0.40281554737848418       -5.2624302083471661E-003 -0.38098128753211613     
 -0.52411347899662597       0.26419845725205354      -0.19392503504804492     
 -0.17591738928038045      -0.37032701247689020      -0.28130687865721404     
  0.30424787264153258      -0.33361620962745264       0.28414998564722965     
  0.21946367583383825       0.22373686010139948       0.23412291119392653     
 -0.11842416251901582      -0.26999659173259261       0.16772301219651500     
   5.5651928458122203E-002  0.27636902606481317        3.4404584940518713E-002
  0.22747207258320648       0.28479191265167531       0.24637707970600034     
  -1.2938142705504307E-002 -0.29570445245869670      -0.25124485128000784     
  0.16941227451916882      -0.38004207154951436      -0.11666844050692227     
 -0.30085061070370955       -7.5891204841000384E-002  0.49302822971116977     
  -3.8272000339119323E-002 -0.18810073113340231       0.16343421919692402     
 -0.22252617914769823      -0.49583936080608859      -0.21132510700849225     
  0.20731368532465491       0.17543805764966158       -8.0471244302733794E-002
 -0.26488913814790660       0.22108105991574847      -0.40953118135090910     
  0.28818286833890155       0.14760827686952235      -0.49993164722719086     
  0.20710994390344661       0.21883862034734136        7.9673219604989055E-003
   6.1152184671185397E-002  0.36128972689053857      -0.13414845160849387     
 -0.23488782045554552      -0.31391014107400705       0.11772267020067759     
  0.26302940858602875        3.7727674426363225E-002 -0.28054467000636979     
  0.33422122326299081        1.3968459041539844E-002  0.19594921554621794     
 -0.11671739395732243      -0.52495836249183159      -0.15712890717454850     
 -0.24529814285752721       0.72454641532726893       0.35318654536520921     
  0.27832854682207508      -0.22541101063079677      -0.28259767749473941     
 -0.12852418983609484       0.20657544773225073      -0.12351546087725976     
  0.19277032604589683      -0.38276486964799195      -0.11779009764201463     
  -1.6391139920356186E-002  -9.7863629181657405E-002  0.24669836266812659     
   1.5584664090222576E-002  0.52995480756007740      -0.24475043731589646     
  -4.1714882171050890E-002 -0.46298409476628288      -0.27106606558263208     
 -0.40514683000501223        3.2339658459264245E-002 -0.35001462225686503     
 -0.25821481599802026      -0.33817046508132653       0.23741763764936935     
 -0.21592212003129235       0.30728428118607370      -0.20576369687142032     
  0.23101624236535129      -0.15984176550867510       0.16086314245942454     
   1.9871839979797763E-002 -0.41671061809205523       0.35432198788461361     
 -0.26039823139355017        9.4757711687756027E-002  0.19649495823134425     
  0.16610345036423665        7.6441210441963600E-002  0.33893552453774739     
 -0.17801302920093748      -0.32214797942211720      -0.49373444213667944     
  -4.7495859271886744E-002  0.28716991883975312      -0.35397365499389727     
 -0.46597827649719892      -0.35348980160577703       0.17426513664721427     
 -0.40304958378131212       0.12318245087402697       0.32308290469783552     
 -0.50669418187813464       -9.7561494356525752E-002   3.6606437524683753E-002
 -0.17610084734537618      -0.43640731198308763       0.39742303973981807     
  0.12601917399886281        1.5224602671622951      -0.45191527873472959     
  -8.0523047325770133E-002  0.16100447599286707       0.28588018979046759     
 -0.43523032943061235      -0.23046945696932192       -2.4237896549019453E-002
  0.22267751008645781      -0.11251153044922318      -0.24722761084732842     
  0.43081626559057146      -0.36940636799128862        2.1697250714627470E-002
  0.45324251778054325      -0.16871296633876207       0.12793630525222802     
 -0.17887587308835559       0.31042859429608971      -0.29804845802918117     
   1.2688037801502461E-002 -0.12668754417860245      -0.17348496736647143     
   6.5644605820822627E-002 -0.35837975033830405      -0.55257991296158826     
  -1.2074318374594635E-002  -4.5703200481964905E-002  0.11496214254464011     
  0.30114680013498918        2.8504122877659164E-002 -0.51574477186866441     
  0.34743441153801463      -0.18721467082276783       -4.7026383940782797E-002
  0.19875546409619724       0.36999760742481530       0.30288861349188384     
  -2.1571422990917223E-002   6.9360663395203442E-002  0.53842690802572113     
  0.21384358465442463        9.4045036234441201E-002 -0.44718192638214588     
 -0.25807287454187938       0.10850894123359053       0.18772892539286748     
  0.12151193564410000      -0.18661709236795859      -0.16162303472270212     
  0.30228421712219883       0.12702237229368049        2.2671946149705309E-002
   7.7073080443567324E-002  -2.2417720014562641E-002 -0.61754063068701093     
  0.20942947522800887       0.12729976815159369      -0.32524352164293480     
  -1.8212300773423722E-002 -0.47385322472272728       0.31850386880658166     
   7.2605932635307124E-002 -0.10214390240238531       0.10574939346856849     
 -0.17798529539200583       0.33795293387611830      -0.19034107223779750     
 -0.49737087588804080       0.25770938552813127       0.18997405677088056     
  0.49292206114322457       -5.2346453440744690E-003 -0.11917129791964304     
 -0.29043523072014266      -0.19719649123002791       0.36018299469733445     
  0.21167789485265437       0.15832192507570469       0.30073271580616273     
 -0.17040421560313762      -0.46664461633074800       0.19334499724448065     
   3.4312596504146919E-002 -0.46134196385643994       0.32175409858943466     
  0.30150027089801934       0.20516542942740332       0.11715917192315546     
   1.4861224654071633E-002  -7.1284617180917345E-002  0.11389575302571628     
  0.27674391498095241      -0.12814039167497213       0.22586466509083278     
 -0.44939458153946155       0.20933498494134400       0.13205140402270343     
 -0.32070392468919962       0.32607969049305024      -0.24799160586649416     
 -0.19037922933567669      -0.16055377529327222      -0.39685896785319119     
 -0.18633150061681611      -0.45171025125310532       -1.1599014661592374E-002
 -0.14519137202498389       -2.2244338572229863E-002  0.49534814748500366     
 -0.25598950153378497      -0.41803689533783794       0.16405971536763453     
 -0.48770345180399638      -0.10082058499678793      -0.38652443362976979     
  0.35403230653926027       0.12059303707110471       -5.8888477507707572E-002
  0.23010728632403252      -0.23402276500022676      -0.21171506283211255     
   7.6593455120034029E-002   2.5645436512449122E-002   9.5052374695792557E-002
  -8.4234441252508702E-002 -0.16165154955559474       0.14367692279624628     
  0.31855049352927989       0.37871688018300659      -0.16745614181678750     
  0.19647133111932025       -3.6581707551703549E-002 -0.26122321883719857     
   8.2519653572302079E-002 -0.17287801866393196      -0.13797968486468740     
 -0.28333318930723855      -0.38693729869106380       0.24496572281235968     
  -2.3949898405742780E-002  0.32674954900444891      -0.42701820565325560     
 -0.38770835694521383        2.9401844277894901E-002  0.17987740346071704     
  -6.1855091831737923E-002 -0.27475417913326272       0.10429873575147657     
   7.9095476693325673E-002  -1.3369668648074009E-002   6.5739065116795461E-002
 -0.23797518247564417       0.27945692643232461      -0.25977345140931618     
  0.13677757186800596      -0.10900320403047221       0.13931051626677682     
   4.0142883883608906E-002   7.9771834452724687E-003   9.2370305766111896E-002
   5.2846339767738129E-002  0.32270470728386741        8.5885330059887507E-002
   3.0477561537988435E-002   3.1254551803350829E-003   4.4022552362378176E-002
   1.3373429655109416E-003  -9.0112617495190631E-002  0.11760969502631079     
  0.10233941723181098       0.12565632012555517       0.11414340220433740     
  0.37163182043493886       -2.5959172327456384E-003 -0.27954404858052978     
 -0.18946759516317224      -0.23296241192811568       0.15626486035883527     
  0.18248306219666888      -0.34100697020459658      -0.11134678904260480     
 -0.14029586713870010      -0.42622550360189448      -0.26844673126584101     
  0.13790605689930999       -9.6817513650121062E-002   3.3266928927471726E-002
 -0.25746740247539052      -0.50074693943612358      -0.22139969262685216     
   2.6677213973401653E-002  0.14321636443050154       0.20825191201082491     
 -0.22747385679839854       0.30108602624912462      -0.29697584500256163     
  0.23020983376432252       0.28567731651047046       0.24313654667360238     
   6.9650907119576458E-002  -4.6285640024230620E-002  0.11483405878716192     
  0.13039964396763884       0.36739282776265519       0.34093589391142748     
   4.9293806230753960E-002  -7.7144704438716447E-002  -8.9525418695708001E-002
   9.7477076866072404E-002 -0.15605359151029902       -1.2929644381671872E-002
 -0.19106710683734812      -0.17736198159328748       0.24647829011988018     
  0.47297656755191991       -1.4357809338683716E-002  0.23443815993256290     
  0.16128671756640550      -0.13530867962021204       0.53862334438456172     
 -0.14517777220969832      -0.42794749723000902       -1.2368092161428308E-003
  -2.4704243821190571E-002 -0.56206097017836132      -0.34558150501177076     
 -0.48245196216111663      -0.14861104223125901        5.8808141253957613E-002
  -6.4489527060881485E-002  0.26757908805039560      -0.33773877175326467     
 -0.42318564988295726       0.22299397666703241       -2.4724653407447377E-002
   3.4109468682267934E-002  0.20404199471677423        7.8447210089364668E-003
 -0.17911713294262219      -0.15484161749319311      -0.35811950246235230     
   5.7916393704761621E-002   6.2376565267278153E-003   2.9601164428134284E-002
  -3.5585422899513733E-002  0.31376814983640466      -0.51976726171206422     
  0.36268665272940948       0.18262190864100372       0.17222838040878324     
  0.36816122416946651       -6.8081377646438110E-002 -0.40317070221423518     
  -5.2525345065205974E-002  0.15157650779940376        9.2118628970722843E-002
 -0.22473759442501520      -0.28604450492931455      -0.41812281760990022     
   2.1490241450839023E-002 -0.57344025906845775      -0.10527571542848718     
  0.22803564070072024       0.19009277928823545       0.32602810533273568     
   4.1613542172716914E-002  -5.9934260283658627E-002  -3.1499690817791443E-002
 -0.18544415274707463       0.23867680375558009      -0.17797193556775773     
 -0.42071936506821800      -0.28009496239702564       0.13201662517186685     
  -7.2282036186868438E-003 -0.29483779893352086      -0.26720199586660309     
  0.50367987241757683       0.13092580101959730        8.6982881066615406E-002
  -9.9839013109524241E-002 -0.52374077131691299       -5.0866707107506320E-002
 -0.21816617667249696      -0.33882365270994019       0.13045566378284057     
 -0.32807463168473411       0.32594878843096992      -0.26285176833409202     
  0.31876749754360412       0.16963252721411537       0.10131449421163008     
  -9.8156388897146549E-002 -0.21679164864613437      -0.25501504546367154     
  0.45735079092087583       0.44891970428915973       -4.4932001251444018E-002
 -0.15289251745592802        8.4912201441854379E-002  0.11045983768547969     
 -0.23874427582339924      -0.24183638819270206      -0.25591846277531244     
  -3.7884524046703644E-002  0.37700491649481854      -0.20665983977239899     
 -0.16236077566654536       0.26311831996103141      -0.28305344630948837     
  0.17454579020334093      -0.40599274672284558      -0.28167307496382982     
  0.11106253433106188       -1.7908418329542577E-003 -0.47716004320160132     
 -0.30105573428015159       0.11552664548566291       0.15301995461885268     
   3.1783580430272823E-002  0.18530551690262240      -0.21436065010927033     
 -0.38131974120752488      -0.20140564698230565        1.5425003190465305E-003
 -0.26317764220983830      -0.20313314668733490       0.29565150321869166     
 -0.10308661272175482       0.48329304256451899       0.10790141090128216     
   6.4244733083489547E-002  -5.2782701486857986E-002 -0.61992473372371015     
   1.0792869566814352E-002  0.27796746989801663        7.4931894040143485E-002
   3.1929343396776805E-002  0.47836911606053534       0.12481245839368243     
  0.18406741108126462        7.3592346376429293E-002  0.34560761812359120     
  0.21422202995592021       0.16311796274707055       0.29895298003503118     
  0.35205603514363482      -0.28617798780556403       0.27420114248963773     
  0.39532283099241355       0.26858933122521250        3.0155645297247303E-004
   1.8894195649547876E-003 -0.24318129671159375      -0.47394341978250354     
 -0.43499107598219183      -0.34636866436694363        5.3876048304473418E-003
  0.25040231642775695       0.14466510145886988       0.37954506824496459     
 -0.39833097231502368       0.12381796775002858       0.11869052711711585     
  -8.8348854822333622E-002  0.28263279102840161       0.25320427243235455     
  0.40333253375847805       0.10603714101333794       0.18847310334126058     
 -0.41744116768507999        8.7444997155640275E-002  0.12651960285670535     
   6.1011409344954033E-002  -6.5081197737928684E-002  0.14738349456307945     
  0.18503858743936027      -0.10189245481410950       -5.0655511189954226E-002
 -0.17021028039348993      -0.51199687174986319      -0.21786097763596446     
   6.5243829598497838E-002   1.2981257425929375E-002  0.46709515771613597     
  0.14404090386109053      -0.17126054722782363      -0.47610762042255100     
  0.20357554169581876       0.23967877619442315        1.1931559885168313E-002
 -0.40241237834459048       0.18817439393389757        1.0869604348647122     
   1.0342565337303535       0.54694170037269996       -4.3339315794164994E-002
  0.32935791958846200      -0.16813343673397113       -1.2710339773595470E-002
   1.7434430166481201E-002 -0.46089971033596383      -0.72940055393191316     
  0.25218836160807245      -0.64586411243905562      -0.31868579914164030     
  -1.2914159952764863        1.9206942706669259       0.57902010988065011     
  0.12878857920784936      -0.21061877361363485       0.11158580498698370     
 -0.20597539482816057       0.24574567838437575       0.29585766628230714     
  0.24539840953607700      -0.25855298294678303      -0.24371043672965664     
  0.13562445384991478       0.15353186220782869      -0.47207243987761405     
   5.4752899958885909E-002  -1.9462614492456428E-003   2.6856806338805501E-002
   9.2848361916753400E-003  0.21562135193173690       0.11440933771502267     
   4.7795785983084864E-002  -4.0651344551107318E-002  -2.7083804656784824E-002
  -7.5545453980950417E-002  0.23100747373349795       0.37819886471047431     
  -3.3075398639586820E-002  -1.3399840951099832E-002  -4.1280115731293483E-002
  -6.7425859822592096E-002  0.12104559745435679       0.37764856142406250     
 -0.39534923819735701      -0.31841219581515012      -0.49772897866754595     
 -0.17985580591563938       0.17593524485494330       0.31066136412790263     
 -0.47229321625836607       0.23635829640943951       -5.4404127856491208E-002
   9.4384440501345146E-002  -8.0832127469557147E-002  0.13376207005928695     
 -0.21900561913474317      -0.29093324859214448       0.12221503132955044     
 -0.16085003590614280      -0.25632101956183850       0.12964644090583258     
   6.6929321796526553E-002  0.48547077985978593      -0.16450231951713903     
  -4.6453768690394553E-002  0.23542919295265308       0.37025084424504245     
 -0.35280437595951586      -0.16118653784153000       0.30553975074983603     
 -0.18277638530301149      -0.10326213427680585      -0.35772276119969831     
 -0.46763544270058161      -0.29761815997578078        8.6442930530180540E-002
 -0.15901062517966047       0.24360089580513575      -0.14938730873393319     
  0.31496043096899379        9.3330996074010728E-002  -3.7768105086775021E-002
  0.15787045535465938      -0.11247006559958768       -6.9352876246031167E-003
  0.12098832727971670       -7.8280375387605156E-002 -0.14836918200433633     
  0.17061786859306824       -9.7199667564850430E-003  0.21114199437641110     
 -0.19534115560212265      -0.32511813326570671        3.7445566478065108E-002
  0.14043916144510477      -0.13551013061232051       0.21475658305893930     
 -0.21758101894831330      -0.27145037223249113       0.15650934505494740     
 -0.20645508964110293       0.11377224833357109       0.24581999385434580     
   8.3926975776668411E-002  -1.7238384868309493E-002   3.3180098887708787E-003
  0.30824379307858463      -0.35104794285279095        1.1145006268665320E-002
  0.32125272884093642       0.20970595356008173       0.15036351989447186     
 -0.10500139059903195      -0.24600705424898034       0.13639518554602792     
  0.20796118461997803      -0.53181172873479521       -8.1729703214196980E-002
  0.16462581244439695        4.6454800535790389E-002  0.17595383434866974     
 -0.19702709770807819       0.33504546336618940      -0.19278992576065426     
 -0.43082872324360943        4.7680228415780505E-002  -5.6860328937343121E-002
  0.50564571115207346       0.14254500549181237       -8.1145903077807932E-002
 -0.15777549673316568        8.9721148760479527E-002  0.40255359932602863     
   2.6699200778672681E-002   6.1964282818644287E-002  0.17013282790289413     
   4.0753811969852755E-002 -0.43089767555924008       0.12660172951539397     
  -1.0296954544706059E-002  0.45544553790590087      -0.26089238624905764     
  0.23522013105879258      -0.40108338911635960       -6.2258757189705694E-002
  0.15056050965890119       0.54939001163611634       -1.0020426170192225E-003
 -0.25644165133812591       0.29988805427812848      -0.35620787768245898     
 -0.41871923235423208       0.29212205321491663      -0.15282476661993732     
 -0.46634405371406790       0.24494687363214962       0.34490399509948622     
  -2.7336156161941749E-002  -3.3371664196246154E-002  0.44352569845633877     
  0.20759661419276376        1.5819716573462775E-002  0.11144359246035850     
   2.9859682830290571E-002  0.29621006628499558       0.16175420463914883     
 -0.16101720028208835       0.25752615272545598      -0.13437889646068743     
   5.9764037857914051E-002 -0.19736233799077435      -0.22485829062336235     
 -0.17709944346305431      -0.40463424850922364       0.23059054596928857     
  0.18192281126403459      -0.45076146144828849       -1.4157322724778747E-002
  0.27208600668629718       -1.4796568699681463      -0.87800920203281985     
  0.60553725458339336       -9.3700314666595563E-002  0.15254936176681930     
  -4.5021617337978243E-002 -0.32310713272415248      -0.51744471009458515     
  0.18653318471545399       -4.8400109898813874E-002 -0.26751124170080209     
  0.50112318052911176        5.8609204893951369E-002  0.21916633558691201     
 -0.47103469842756046       0.23143536286553701       -2.9431853646739246E-002
  0.35061265786415835        1.9679654998124577E-002 -0.29911431752726397     
  0.15071515041536826       0.30833569347657724      -0.34098838127909287     
  0.33878357912100188       0.13436716568571744       0.46075663088371588     
  -2.4032969653292841E-002  0.33320027567596155        9.4371868797901812E-002
 -0.17304649376795569        6.4211974488720486E-002  -5.7681706529033060E-002
 -0.20760298469078625       0.24279994655466966       0.26933085846427773     
  0.31761611395370504       0.26846771458346191       -5.3071749631195368E-002
  0.41808503409807696       0.31810524708536730       0.16438107128152216     
  0.16720649141086680       -1.4223567300082462E-003  0.11601112097712127     
 -0.11039416943115397      -0.38984915962650762      -0.11297104102024159     
 -0.34260845057329786      -0.14923100690606467       0.26068289409460721     
 -0.38431592148109239      -0.36162954640529166       0.14317255964592998     
  0.24590994617502121        8.5369470838828135E-002  0.56424183306109033     
   3.9943615468887382E-002  -2.4997036018194373E-002   6.9674668305373499E-002
  0.10576056605050262        1.0786240743165608E-002 -0.47542546207602204     
 -0.31254743874539809       -8.7287607126483549E-002  0.33655306740412605     
 -0.10955669058265827      -0.24343445641046255       0.46351300400067647     
  0.14560744191023400       0.27060467569358515       0.42341933984981051     
  -8.7392398387672487E-002   9.6934860114515561E-002  0.25958635530856372     
  0.17379546538762142        6.2424569611257752E-002   7.1450245397058368E-002
  -3.6607340103948768E-002 -0.42903897124827434      -0.27977311894789436     
  0.15220423240460113       0.31491834898895893      -0.53410611794385565     
   9.0731552289771089E-002   3.6413178434048440E-002  -1.0768796687461566E-002
  0.29480831158948084      -0.39553459082103998       0.34163831277441620     
  0.42086826496424518       0.30506607919963058       0.14413164098625897     
  0.51380219880104616      -0.23142011178169275       0.18899863825102092     
   8.1150679061612829E-002 -0.52546912360838671       0.10785994086622616     
 -0.50611315429344139       0.23646356995948606        4.4275251184058707E-002
 -0.18644334462564571       0.28879069453890449      -0.23877643712986871     
  0.20744114088330895       -9.3466810056166735E-002 -0.26020077529990715     
 -0.44263493115580438       0.23742213505909326       -2.1642682903443938E-002
   1.1442039220696186E-002 -0.42143886338304054       0.34507027400792673     
   1.9738897131701398E-002   6.1396841304693694E-002   7.9837166144675092E-002
 -0.14145900874415390       0.25020193691201076      -0.13154589827236510     
 -0.57523385683638040       0.10573789146157793       -2.0430558882394197E-003
  0.35470619475030929       0.12922319472183436       0.14935629426709876     
  0.15477992757515580      -0.22059381880124687      -0.23451988136903051     
  0.50452432694001337       0.10054256907650601      -0.11754763012273590     
 -0.20392283773288017      -0.27555476028092313        5.8801390166416015E-002
 -0.24337058144620266       0.17247361460935162       0.28623738780021951     
  -5.3170069037076287E-002  0.20144726935418966      -0.16720072486149976     
  0.11912231877885408        7.7423567221233572E-002 -0.38026155550507823     
  -9.6337417569875156E-002 -0.11445219007594064        3.5797465034519922E-002
 -0.12469969023032167      -0.26102265381949230       0.33596245526594232     
  -5.5524181254062166E-002 -0.59052056582357459       -5.9751434387806349E-002
  0.12678971411910153      -0.21278412565929208      -0.35454771448703298     
  0.41919983598606564        8.5881455501324894E-002  0.25457805678479101     
  0.11182463604677409      -0.35852108475448713       -9.1762760044620972E-002
   2.9755364016805334E-002  0.24900552937876644       0.11930678016079928     
  -4.1440489961081559E-002  0.54825563719240589       0.20350052839981431     
  0.17404258440873252       0.26812387780899277        4.1463321978106780E-002
  0.50172112878396924       -7.6923281092966646E-003 -0.13014231148082928     
  0.28233803104822791      -0.49161848119156948       -6.0613934614168932E-002
 -0.77471465325495736       0.73242910700789021      -0.83440441500098173     
 -0.47314996999599951       -3.8382794269883939E-002  0.14739494142687409     
  0.25591933712508114      -0.18370307610711240       0.10632494365169329     
  -7.7565724708656483E-002 -0.24989661291191673       0.18812077985820927     
  0.13724606021211896        7.5991011613637333E-002 -0.39165752291681194     
  0.27461456648861815      -0.19083991323794672       0.38638186502976790     
  0.28946829642168348        8.7250697238916541E-002  -5.5883552331529508E-002
  -9.4704101049199227E-002  0.50647677069159003        6.3876029444823762E-002
   9.4054887080503302E-002  0.10786318538371799       0.10042403339497341     
  -1.1850584845865906E-002  0.53789220912121916       -6.0531786915205846E-002
  0.23208288210786771      -0.40912831790482285       -5.6521761561466002E-002
  0.23714253045700398       -9.7049583455912650E-002 -0.22055756847780858     
 -0.17063820040364397       0.22860491608026678       0.39010542782440838     
 -0.16962686649022482       0.31472384017978483      -0.20066437021994279     
 -0.18185114389435428       0.20524264223927316       0.28650295664829173     
 -0.23565648769603612       0.37441399417599092      -0.48927006074377888     
  0.30964827099851616       0.11771810129581924      -0.29573994352221306     
  0.16515768811098464      -0.16118195131396290      -0.29679583889667360     
 -0.46706372462855628       0.16114865659187122        6.9970316165381477E-002
   3.4423079474612754E-002  0.38943662552676711      -0.14092666409654539     
 -0.25705813791638399       0.42974837176683733        6.6367160780365905E-002
 -0.16025127627435160       0.27845359761693167      -0.18335454502889970     
  0.38436852171504904       0.28121403775432918       0.20488824390580732     
  0.48737164618934070       0.14589535568141762       -8.7911730885989650E-002
 -0.12051368385767214       0.29936009936511493      -0.15955744365367250     
  0.16934367683096194       0.23457075241830402      -0.19853778579071063     
  0.25262655360744668        8.9508195231837936E-002 -0.35502542659575731     
 -0.46316748563457422       -8.1562871789056759E-002  0.24802600872686070     
 -0.19585955253470261      -0.23239813875220985      -0.41819453919298427     
  0.20595498350194813        6.9854428720662790E-002 -0.29148713460590925     
  0.25707232820577575        3.1366490393372488E-003 -0.25516152144744553     
 -0.10890143960374353        1.1110493347448663E-002   1.5526517394097092E-002
  0.29375820134491437      -0.41328946467394290        6.6537996790631618E-002
  0.12905101599525545      -0.11752712334028050       0.22052780529696872     
 -0.33248604704302309      -0.10955837423444230       0.29522842924111181     
  0.37006463684511759      -0.24279537870446952       -2.6887605831506504E-002
   2.4805807641770032E-002  -1.0575552292775793E-002  0.17560193670176877     
  0.34484544200198369        8.6748559912744563E-002 -0.27789866449773221     
  0.41942775664788934       -1.4981795403770972E-002  0.21130059119403177     
 -0.34837769636977606       -4.3819155024195096E-002  0.31669726948447358     
  -8.1177451755032770E-002  0.27305912209061201       0.25545574794277431     
  0.60331577457189112       -1.7910003952156828       0.80439236757202282     
   5.7149821290598639E-002  -6.3976210705855296E-002 -0.62701940348264529     
 -0.10288105409185101       0.39017069631521756       0.26317821236475175     
 -0.23861328236941301      -0.37136904035114837       0.21593050605015007     
   4.4868008440775146E-002  -5.9369790108726728E-002  -5.6938540067087325E-002
  0.28466099215762747       0.11095780400691863       -4.3005371867252125E-002
   4.9761513722423427E-002  0.38102281303896840       -2.4358217729492568E-002
  -3.8300260107687424E-002  0.46414741809314464      -0.28352841504172971     
 -0.42311382025730526       0.16784800903280528      -0.39129694458323899     
   3.8308693904026456E-002  0.30913914354422894        6.5937841531292132E-002
  -1.1091157029481130E-002 -0.47853692640013695        2.8430752630837306E-002
  0.19440366601431680      -0.18364721881922944       0.24426204707914390     
  0.13250691641148341      -0.42265959185636764       0.18335033981770507     
  0.24478846324685344      -0.11785585560789721      -0.33904809938551411     
 -0.45913797305684528       0.23778094327423324       -7.7661507022941355E-003
  0.55553470510195668       -7.1436110931213576E-002  0.14763552687082773     
   1.3980944474877228E-002  0.11945629797644110       -1.1322940767935843E-003
   1.1113119543202427E-002  0.45676248373508521      -0.10469350444047960     
  -4.9825084086156997E-002 -0.44752017619616297      -0.27505908823069508     
 -0.20094043064333778       0.21352974339732397       0.27735439180901045     
 -0.26653967114644123       0.19891578334442589      -0.27663737646904946     
   1.3396318913733573E-003  0.36069844624820840       0.15894338460960072     
 -0.47570763784079156       0.52737592575739634       0.22050404515261113     
  0.38058855360059868       0.20465611489012120       0.36181806517724890     
  0.21246916767523927       0.10099814070741588        7.7007661393107218E-002
  0.28281423979729425      -0.23412763485851748      -0.26720238595574558     
  0.17163430243680758       0.42166615110542444        4.4918428045003130E-002
 -0.14838735085164129      -0.16707664173212225      -0.31670500708557991     
  -4.4861769506724769E-002  0.22801081517476340       0.24370428443881961     
  0.43101059233303934        6.4963207886139532E-002  0.22186540554883435     
  0.33388394097851026      -0.30416505987159981       0.25456605238168439     
 -0.17603784391752744       0.22743651049622765      -0.21172147937268246     
   8.0816073343939546E-002  0.39429334378180886      -0.17472491974950111     
 -0.25152465918240019      -0.19971557048622862      -0.53903100817620841     
   3.4460971820737063E-003 -0.45358544081346847       0.23262753775630554     
   5.8751652204656606E-002  0.14953142811356332       0.13791402783639678     
  0.46043636018896561       0.12268089214465781       -3.3912110892506196E-002
 -0.41922564388277145       0.17019732602709362      -0.40735783297357986     
 -0.14846130856676584       0.24852552884673024      -0.20964236207091644     
  -2.1000061812456807E-002  -4.0014268025768835       0.14257128869787969     
  0.28379395199619573        7.1125301920451231E-002  -5.7052549745888081E-002
  0.18014522330519983       0.27233613525794859        7.3147650806751147E-002
  0.12215101151528028        3.3226197664158061E-002 -0.28423823267043929     
   3.2217312889356768E-003  -2.9252406076079367E-002   6.6878352396176885E-002
  -8.2597784533189528E-002 -0.21676017504860673       0.16854148122048246     
   7.3482025792212066E-002  0.37644881491007587      -0.13122012570787611     
  0.47279001338045762       -3.8665191172885069E-002  0.20330701021976122     
 -0.35227645656261902       0.48492090953531602      -0.11793345409643703     
   3.5801637745986443E-002  0.31303567572172386       0.14123270537089103     
 -0.12659893548291076      -0.47794522744710838       -2.1492768543226900E-002
 -0.54122703054900623       -7.1722215702293951E-002   5.1261185102055698E-002
 -0.52657123739212408        6.7616710058955531E-002 -0.32627432780181348     
 -0.16643870408112668      -0.44339848361144318       0.30528273086022700     
  0.17459297923728700      -0.49854944911334687       -5.7120891641763198E-002
  0.13135203281579849      -0.13026265475025386       0.18720047124397848     
  0.42467950019152689      -0.18978804549322911       0.30056298404570608     
  0.10540956511984299       -4.8776966562314977E-002 -0.35445822392768594     
  -6.9547645259380189E-002  0.30134306826777824       0.41202471655916534     
   8.8304010247589576E-002 -0.46369130204501047       0.13665045589181252     
 -0.49443462287742485      -0.14936739359267495        1.6279413774687203E-002
 -0.44794490504590395       0.24764889096837397       -1.0000282561136442E-002
  0.12527487518873812      -0.32117224925334281      -0.25023309628089313     
  -6.1109386665970385E-002 -0.23781764308640321      -0.16696846089290848     
  0.20802067742686264      -0.24622655821939576      -0.17697425656451854     
  -3.4570046538321818E-002 -0.40596853636977476      -0.35143421050075574     
   8.8595609672057832E-002  0.14559240799476589      -0.24182820539565472     
  -8.1529097933294561E-002 -0.46599458703882285      -0.23789361274429849     
 -0.24429199336584945       0.13922931137972944       0.12323517426812423     
  0.43891116814579573      -0.18603534368730579       0.15205953817254070     
  0.22249039811485177       -3.0928245527718740E-002 -0.26906698783981192     
  0.10111406590983894      -0.36346737304553822      -0.10785781914878419     
  0.24907489990137482      -0.38841907038857476       -6.8504727938289420E-002
 -0.15157723160889619      -0.24521916730653057       0.18829763477893452     
 -0.46637769275744922       0.17745168152813684       0.34657050828487451     
 -0.57292376951935087       0.44037746487376955      -0.29170705028087562     
 -0.35742425124367810      -0.12824817708532957       0.26591908439776357     
  0.34440068108503286      -0.12274677651771368      -0.13383211700870346     
  0.20444860885569238        9.3953500938752002E-002   2.5314226237384520E-002
 -0.35192457920416398       0.17364657882534643        6.0592069732579273E-002
 -0.11715476330276538      -0.45236334866135008       -2.9688863224602804E-002
  0.12176719496258497      -0.13143917183006362      -0.13689509862576760     
 -0.33883172173220510       -8.5877925041728004E-002  0.31466687955079770     
   7.2247570404052703E-003 -0.26706096181562305      -0.19310363726974289     
 -0.47530336652945038      -0.12529533915642080      -0.43644048976734778     
   8.9526678970616530E-002  -4.7939366560722653E-002   4.2887834839641627E-002
  -5.4393660561238968E-002 -0.32390535888677419      -0.51903259424676629     
  0.50916482773055816       -1.7329216774301673E-002 -0.11145853815315453     
  -4.0247555563889911E-002 -0.56711696216961915        1.1328858271846507     
 -0.20667536346039936      -0.11606255162637526       0.24813742067806671     
  -6.1810861791812659E-002 -0.45631527343831874      -0.27995395511224236     
 -0.53276656721688842       -7.4763867332886480E-002 -0.36097695730550355     
 -0.52613561297183098      -0.35653662221589255       -2.8585513819953914E-002
  0.42739967211366903        2.7499273113748869E-002 -0.19791898132603680     
 -0.56451027355486227        2.3216503464845752E-002  0.12677302338256916     
  -5.1087139730101719E-002   4.1812994827426730E-002 -0.51974727310006996     
  0.25649791329819105      -0.12383490098378633      -0.56876299301042499     
 -0.46712916638858337      -0.23789099530136046       0.23188213723553752     
 -0.57956127768895938      -0.14186641592993945       -4.4989999422530196E-003
 -0.25588369537605687      -0.31688891981858214        7.7594100651767334E-002
 -0.35882585692788599       0.13208588355194950      -0.46935176996970623     
  0.32023059369242940       -9.7862699169555936E-002  0.42732324744505912     
 -0.20407941195795692       0.38850997900808254       0.13599422033892555     
  0.36888882028631259       -8.9937472524248024E-002   1.4577816018200525     
  0.20101114447072485       0.27410138667522338       0.30688202701490691     
   1.2294417572901889E-002 -0.18382046588958073      -0.17347225556881782     
 -0.47543250955658606       0.37056165537160640       0.17485203091123611     
 -0.31992056913018485        2.1050406537497571E-002  0.21670032262776912     
  0.47336656430392349       0.47786009672015528       -9.6738157927767021E-002
 -0.10199734778489498       0.17486496288229697      -0.16745078427074087     
   8.5265174950376790E-002 -0.57455845780808634       0.18861790890250071     
 -0.44976616830850819       0.11011039791623164       -4.3275995089408069E-002
 -0.19027036392449490       0.25574444902274418      -0.14940384298530199     
  0.14027180680838180        4.1752880685099872E-002  0.32178538163156317     
  0.32346722038110692       0.16978738116467851        9.4054419579036347E-002
   9.3878195673177775E-002 -0.30893015325953199      -0.19772021907340628     
 -0.29430783673088751      -0.19331995598637072      -0.10478250630419571     
 -0.40309288304834495       0.11394563725721957        9.2958496796520823E-002
  0.45326336839061071       -2.9296070711467719E-003 -0.25194460832482773     
   6.0760468717157137E-002 -0.43166080872295037       0.29312768374963782     
 -0.19577350321160353       0.17805341346700382      -0.18179615377766117     
   1.5401722890650262E-002 -0.20686765773352780      -0.19469414361259435     
  -1.6835828202925496E-002  0.47284044241725304      -0.37362151921861952     
 -0.16329455379412958      -0.42897695270612157       0.19438985896952776     
  0.10421830654395402       0.43627485617123818      -0.32306698741149797     
  -2.1173847761283088E-002 -0.27762997584838822       0.16755726299696880     
  0.10925187496975085      -0.25334606175331953      -0.42046833166260322     
  0.35537748274387920       0.11067552232952234       0.28699013852639316     
  0.26371814791661979      -0.44112875405047630       -5.2421048771346075E-002
 -0.13880364657377106      -0.23336751087692975       0.17844846899699621     
  0.42146800066731743       -1.2646433342724864E-002 -0.41922106568859979     
 -0.37598437822718545      -0.30694021370872587       0.11772520473693565     
  0.19641265339336469      -0.16794422006482582       0.13573480876659963     
 -0.22491091518921552      -0.31511383763707351       0.21445038890464882     
 -0.48089416376476263       -4.8190871588341719E-002 -0.19700777404177686     
 -0.11173615345383281       0.31905707722504656      -0.20543158850337123     
   9.8674733514163698E-002 -0.37505341947367787      -0.13504382463724079     
  0.37567949846075005       0.25490085447808253       0.13585693126318629     
  0.51070891294078313      -0.45223413254296524       0.23783838751781125     
 -0.26871615562411399      -0.45401265919591360       0.12741939837667354     
   6.1712691437677152E-002  0.61612063779363679       -5.5255137789503358E-003
  0.33640674013795846        3.9265788183023988E-002  0.50045962340664574     
 -0.28939828127038209      -0.35726116545207764        2.9408287863418203E-002
 -0.27548675086420271       0.44206247737788912        5.2068522782317161E-002
 -0.26754933220603483       0.48128388358227597       0.16616317689250765     
 -0.32543216546871501      -0.41546058181625750       0.34843919539395019     
  -6.5344462154447919E-002  0.27831714178859357       0.39801488440080085     
 -0.18791023637152596       0.29974381430579056      -0.20380434582542692     
  0.49968019461230156       -1.3461394647885986E-002 -0.15033068801940463     
  0.20195093455290311        8.1660344134706922E-002 -0.30939173868756720     
  0.58975181939758115       -9.9805786228558652E-002  0.15435615274868728     
  -5.8533950769920157E-002  0.79240490610180214      -0.22780588547517666     
   3.5418311364294970E-002   6.7271580143517154E-002 -0.32524155211927025     
  -7.1252521234061042E-003 -0.43577632446432035      -0.19438220068029363     
 -0.27113671551377988        8.1121679622202070E-002  0.20654745770723174     
 -0.49238416473880975       0.62146068355733730      -0.18406970725596425     
 -0.46133541732600297       0.24167335856723027       -5.7121525628467968E-003
 -0.48819981476492880        6.1288871926432335E-002 -0.29324118224281781     
 -0.18708636169396206       0.21426575411990126      -0.21859663623911793     
 -0.31834410398176288       -5.3870562226158866E-002 -0.34415848356295692     
   2.6057145145363687E-002 -0.29302934135740621       0.15450711720905289     
  0.14203497031637499       -8.1799334306386709E-002  0.46092789512139204     
  0.17722523115898625       0.20684380141269021      -0.55890909234601416     
 -0.16809712471289451       0.26458451452286647      -0.19543997488569537     
 -0.40743913863267001       -4.8035323613358522E-002  0.33115406988976720     
   9.4156151447844547E-002 -0.33402140445601541       -9.6936913734485541E-002
 -0.16191418403199978        8.3143863108489230E-003 -0.44226486423976968     
  -9.9588211508101737E-002  0.40393784469683142      -0.31077143728323131     
  0.35620509149473711       0.13986492253014290       0.34023438132446887     
  0.11953119559904869       0.23812015861515062       0.45485438187259553     
  -2.7588086628740793E-002  0.15764498922343045      -0.14747754358373949     
   3.2082593313747708E-002  -4.1660669407873663E-002  0.14990424331188618     
 -0.22537210470901675       0.13440825316384541        7.8453015255891115E-002
  0.34573574134278917       0.32153324985704501      -0.16567720479141601     
 -0.11396933861915486      -0.26230012778228740       0.42372772075183673     
  0.36667337309883030      -0.10718305551148545      -0.12651739051350644     
 -0.47168831810270501       0.22128215168173182       -1.5433375041097612E-002
 -0.45998500666588488       0.27389233135125768       -8.4596120974027758E-002
 -0.27478152307963355       0.40338274727306783      -0.27573720100680338     
 -0.37485228996361425        2.0544619047451551      -0.57823842321025132     
 -0.16101002746017137      -0.43061499106755768      -0.64310450977994160     
   7.3579245107446914E-002   8.4690400674610727E-002  0.13666562816694450     
   9.6840270003085566E-002 -0.17693369341901549      -0.16918473323426095     
 -0.14728804019699346      -0.21449700450268039       0.17277449310773121     
  0.29859769682609388       0.24250415909480105       0.40394119688120106     
   8.6660814509900763E-002 -0.14193848998610437      -0.44095426881610905     
 -0.20464953322040302       0.24007220276881042      -0.25416567152347475     
 -0.20736032042485744       0.11967030947896949       0.24087278497005668     
 -0.34529687428681305      -0.25772111401207909       0.30602285050299344     
  0.55395354218451887       -9.3925076641093633E-002  0.15738677210569274     
 -0.28958618293873206       0.26025099833813670      -0.40267704355330602     
  0.11681402777175459        3.2382722357785783E-002   5.8554490660207764E-002
 -0.48957743867434028       0.24510680725588238        7.9113020891341326E-002
 -0.20626265764024596      -0.27981674764631709        5.6916538607164988E-002
   9.7007498397650826E-002 -0.35313222672649797       0.59441229745110202     
   5.6873249912217774E-002 -0.26563325842422919      -0.42712795693919448     
  0.11362992769272764       0.44658338706275846      -0.34895495305948687     
   5.4036846302204809E-002 -0.41955608768817138       0.33896680307155880     
  0.12493581828967328       -6.3890157993013813E-002  0.24986540674620214     
 -0.31774478947204499       0.10088765547884593       0.22431308324879456     
 -0.38731512373604987        6.9104441697303717E-002 -0.37973469780082025     
   2.2833440283035007E-003  -8.6438821155308682E-002  0.14093191535242522     
  -3.6270323988484406E-002  0.16982517087070662       -7.8991954429291661E-002
  -5.1356841398849370E-002  0.49619285722979756       0.10095200007972906     
   9.8832381189768323E-002 -0.15795521843316726      -0.20081669020829632     
  0.17801023790234946       0.40444886941609759       0.25034054116366428     
  0.30949884082204876        8.3109020832059788E-002  -4.1331946140835983E-002
 -0.13528366965802777       0.38839191740475537       0.18029653640242527     
 -0.38455704862308354       0.12046131452848334       0.13061820172816735     
  0.40141473511900644       -1.0786012578740924        1.0800639546609727     
  0.25189680955132832      -0.30908117338235591       0.17273923508749556     
  0.39255349422462177       0.11782220231591110       0.21835127940507548     
 -0.22534611333157137       0.42713630247606510       0.16789898044175314     
  0.40697991632299280       -3.9275763663576518E-002 -0.15046991238016028     
  -1.1097671524646805E-002 -0.11902220991099195       0.27389925193647163     
 -0.52349137489117459      -0.61690932228064244        7.5415923746543795E-002
  0.39729132231185338       0.31099173269782759       0.29388093955568684     
   7.0588237419900501E-002 -0.25311841910373839      -0.13176231262730606     
  0.29853337438180855        2.3648541523601786E-002  -9.0617518677116593E-002
  0.55207577729557544       -1.0900434923931033E-002  0.16245310170662244     
  0.17166719689243573      -0.11160014070331803      -0.26279142456000615     
 -0.27128778158512806        2.3352378347794685E-002  0.40524478436498002     
  -5.4694820715269540E-004  0.47326563646613778      -0.20408021306470689     
 -0.16693787197832716      -0.44375086865202851      -0.26668587372684283     
 -0.20346018830260740      -0.48691973580509273      -0.23014347325166701     
 -0.15515960518446692      -0.21903156503574800       0.20124389891697747     
  0.14262720493319833        7.0502617811185997E-002  0.37963179940281300     
 -0.48406040663174166       0.28750282498132490      -0.14548952239528640     
 -0.16865124627345424       0.22914531649948855      -0.18525156296173259     
 -0.10023717195809202      -0.16552586165305530       0.34390275906936107     
 -0.20801310871965656       0.24102825777912382      -0.23505495530880172     
  0.15357540334685943       0.37295097005595623       -6.8575990975927818E-003
  0.24006785596856683      -0.11310045865704878      -0.21645556721659939     
  0.53837408436492129      -0.19703693081126600      -0.14287980118725585     
   3.0725600462479324E-002 -0.20757566351113957      -0.14524028043166709     
 -0.47933854801575376      -0.31568178578641898       -5.5178329493181945E-002
 -0.28591095112973336        2.3511007799953104E-002 -0.13386596443406312     
  0.10542213184606340        4.6631399145931507       0.41130798045627703     
  0.17324887093216129       -8.9349606697168210E-002  0.10363705281201392     
 -0.32878404704421504      -0.14395740719754821       0.30233724491570368     
 -0.48694447309986594       0.15801899615119466        3.8752228351657106E-002
  0.45427735604868452       0.12185427774649409        1.6357139738006669E-002
   6.8667446004052335E-002  -2.1966419123713957E-002  -3.7213597257046687E-003
   4.3221225195030771E-002 -0.14230550004340117       0.20701117931197985     
 -0.36144974483133707      -0.25882192981354796        2.7085464253274065E-002
 -0.49422086699741424       0.27096339323439511       -3.7037894661525482E-002
