   3.6173797301515487E-002 -0.23392497316129909      -0.10029149361479683     
   5.7391195096990547E-002  -4.0649768624235812E-002  -1.5846734421673607E-002
 -0.10308785909565575       -7.4344681277430158E-002 -0.14268134096097093     
   1.0748863700413393E-002 -0.10619726957000968      -0.18934922839570531     
 -0.26921494385273997      -0.14437216890135818       -7.0999144060785196E-002
 -0.11246932755044702       0.14512174142216072        2.0571412618350306E-002
 -0.81895426913435387      -0.52107449984226806      -0.50762410268874925     
  0.12506823833569417       0.34514187105132904      -0.63110382464872306     
   4.1425005864698571E-002   8.4994016402739833E-002  -2.4567038451599448E-002
   2.2050019782437120       -2.1175822404621285        2.4376983943567332     
   1.5722974927000737E-002   6.8059594419108124E-002  -6.0053539460076764E-002
  -2.1999834563814907E-003  0.16270646142814804      -0.19474102762640003     
  0.53148297321095117      -0.87993557816094825       0.86736498279828156     
  -8.4305100983742082E-002 -0.19886609782548684      -0.10774469304750711     
   2.9735141535091061E-002   8.7035088563224575E-002  -5.4054713998273565E-002
  0.90032631946169495       0.37002780525996914       0.95880420358501106     
 -0.58030009080700762      -0.73913857670729499      -0.21884807556366653     
 -0.11885342887094584       -9.9137733092586500E-002 -0.19028253973998052     
 -0.16869041674478480       0.17722306241605015      -0.59075354862506935     
  0.60582688787769390       0.13314220105502722       0.80048719954773873     
   4.8500826813364803E-002  0.61762652373540705       0.64174230277744426     
 -0.23713504920313719      -0.43572549216968376       0.51053026885930697     
  -2.6828918730619850E-002  0.63562890275587769      -0.17462041915676205     
  -2.7254793262632719        1.9902072798357859      -0.65033175674215271     
 -0.24832991632332302      -0.25506034452406706      -0.14971005928710066     
 -0.15555496210149283      -0.19268607497886667       -6.3928642032439947E-002
  -8.3239579496310376E-002 -0.13357981698066532       -1.4700963987913035E-003
   1.6433315291000984E-002  -5.7847054995117442E-002  -7.1270633771182687E-002
  0.17604397243215980      -0.87467134675044667       -3.2240373139703016E-002
  -1.3536921847150760E-002   7.6978904436561621E-002 -0.15165566145379708     
  0.30893757036985153      -0.20359976330756654       0.52806148619751858     
  -5.0254164767068316E-004   4.3340803232064788E-002  -3.1770429846269113E-002
 -0.51914213735057235       -5.3769784785278576       -3.5120878016917039     
  -6.6581612127504979E-003   1.3755946330264992E-002   9.4759493993013838E-002
 -0.13190433816600539       -3.2657691320637635E-003   2.1862619902992257E-002
  -4.5761136313847157E-002  -1.6313831160703809E-002 -0.10780717165260296     
  0.36418122311063827      -0.48036936676000547      -0.28964426051091596     
   8.3211809692456173E-002 -0.26264338928225039       -4.1762320267282375E-002
 -0.11204656055752797       -2.1996263877289472E-002  -4.4000206998079099E-002
   2.0225473246744695E-002 -0.14359175012322620       -6.8108410049793025E-002
  0.16599073802389827        7.3126393245618810E-003   1.3350140709192611E-002
  0.55930105003513542      -0.30947856006645247      -0.32710083743777219     
  0.13501247547282089       -2.7195422453838238E-002 -0.20034649397010654     
 -0.55910720931674818      -0.30291394886138429      -0.46670700278780852     
 -0.11358423582306501       0.13159312057863259       -6.0476739453516740E-002
 -0.19004717456062331      -0.67057392976295949        9.0750650849638126E-002
 -0.15039226134351161       0.10009651000567932       0.15423355631912325     
  0.10570064089987782      -0.35209412755573039       0.14815680075206430     
  -6.3167647973914998E-002  0.11072158978756652       -1.7820732948486608E-002
  0.95381720508343426      -0.70866715234610211       0.71923011780155710     
 -0.22851190597151314      -0.14974707765260234        3.9061103418911197E-002
 -0.20589993762270009       0.90478744278786893       0.27857276612584631     
  -6.9499340163861473E-002  -2.4509826999754743E-002 -0.13028200725335137     
  0.80623262662534423       0.54217176460565075      -0.79711498090842814     
   9.7406556397908531E-002   4.8468388078329927E-002  0.15217921045240154     
 -0.40331702638494438      -0.45340235936928469      -0.15659355942471626     
   7.4960698033297607E-002   3.5364785500026866E-003  -7.0088256841906629E-002
  0.16126494178088602        1.0079400238515801      -0.53199987760026868     
   1.3371272917123242E-002  -6.3402457379159893E-002  -8.9900931058440429E-003
  -3.8423134937656402E-002   3.1693129828550992E-002 -0.15153581197513591     
  -7.3363949609967977E-002  0.11475934174429316        9.8397457615576594E-003
   8.2949291237825393E-003 -0.15090271380222048      -0.10570311066274936     
 -0.13699816346121965        4.6299750426814543E-002  -6.4884992230686195E-002
 -0.24919228654973863       0.21762887936475461       0.12153071578030228     
   9.4014583974407581E-002  0.76972190985363320       -6.7208452944173880E-002
 -0.24748214104767513       -9.9975647505409618E-002  0.14990906415176025     
  -4.1805314786789380E-002  -1.6565063923583825E-002 -0.19232444515290625     
 -0.11864859403951113       -5.0500180934981258E-003  -4.1399006550986800E-002
   8.3795305535675421E-003  0.18044402623387512        1.4553810650644360E-002
 -0.88272959791044092      -0.46391591685370082       0.24240137810341428     
 -0.25177697259068849       -2.6285869794550649        1.1137538218818672     
  -6.0552442061030831E-002 -0.29324148567522096       -3.6783963458571253E-002
  0.62029201810683787      -0.96931690316176367      -0.58445278284771240     
 -0.17508226185687673      -0.12504036996298751      -0.10477750751950010     
 -0.38410942384203667       0.19692425796525043       0.21990221218678782     
 -0.13213146936367692       -3.5185010202933173E-002  -3.5713809917892761E-002
 -0.29442856374314080        7.0189324737398945E-002   6.2399909932528197E-002
 -0.18977695245537496       -4.7066440396103318E-003   9.3957856492903946E-002
   3.3083447380405084E-002  0.41128374196820955       0.12200445894136010     
  -5.3774669671652023E-002  0.13095914445931506       -7.6734006723888804E-002
 -0.38596176467173809      -0.83129379024024497       -1.4846512696030741E-002
 -0.18657348199597701      -0.41006926308763725       0.20077575819453888     
  0.13725527538082630      -0.22195420287034215       -4.9431061310500020E-002
 -0.12264203679445528      -0.63342612242443430       -1.2232676903267072E-002
  0.34832478262280503      -0.66018708504146828       0.20622594099876670     
  0.82172041016411079        2.8748915344349368E-002  -1.8098103536812991     
  0.52621472805294722       -1.2970890307485179      -0.24559463228462516     
 -0.19676965869600554      -0.10812926644842268        1.3821244373696301E-002
 -0.15789231548233484       -1.0317392856830112       0.21932291598670403     
 -0.74442191388775680      -0.39148390421014034      -0.57981840376924842     
  -8.6658468405698227E-002   5.0667552524174653E-002  -3.6885665406652147E-002
 -0.24681694074599486        3.3388314079401009E-002  0.10282856924707774     
 -0.19817583599013722      -0.15093450581050494       -8.9309950018357967E-002
 -0.19220515999802396       -1.1929038709651932E-002   3.9794546815858901E-002
 -0.19161196027379856        1.9579264801226552E-003  -5.1030591015552525E-002
 -0.15951464999192375        9.8889912641875032E-003  -9.1851207214006567E-002
 -0.16021375159618936        7.9486290392406789E-002 -0.18016516412732314     
  0.13739273962286494      -0.22917942900987362       -8.0954747506150920E-002
  0.13817585941604543       0.78998796773497137       0.85464755889908073     
  -5.3683588820759506E-002  -1.0882837660332333E-002  -1.9876200072959149E-002
  0.44678894331833868      -0.66873187024585479       0.46434970244523310     
  -9.3562172287817245E-003 -0.13497360373287207      -0.13748687489980330     
  0.59301459045456961      -0.46579580774714785      -0.33983192082340474     
  -9.2737120945936870E-003  0.62633010015340684       -3.2242031478184205E-002
 -0.21390592401904529       -5.4551023794345156E-002   3.7431631398826909E-002
 -0.44221759544987627       0.69937390809032618       0.42591379778083710     
   5.4978653458632940E-002  0.67348555560487189      -0.16205867325831252     
  -7.7289235110765353E-002   9.6004156264084262E-002   5.5481397351909312E-003
 -0.34398252689200182        2.0787648997769314E-002  -8.1863035500563092E-002
  0.34214542799561659       0.91459728916492444      -0.41133968683359218     
  -7.0784259935404811E-002 -0.29243186188515252      -0.41492310109769026     
  -2.2718422621227627E-002  -6.2127033201253269E-002 -0.14064089617445183     
   3.5467817574774838E-002   1.7682345510103600E-002  -4.2377170878971561E-002
 -0.77433441817565762       -2.7707062896804642E-002 -0.56858609890749712     
  0.22064814548661571       0.48480206222377409      -0.31394171972466733     
  0.42437927208577525      -0.42056336025174823       0.21648436983930813     
  0.22567162129181553      -0.34372485730219732       0.84261900364943776     
  -3.7130597232883727E-002   8.7676500702376491E-003  0.13171035272665538     
  0.31624499935676653      -0.50449862494255604       0.17590287074310806     
  0.58749987597983366      -0.24828618276157699        1.1164382064541041     
  -6.6016247410606396E-002   6.2208333326156273E-002  -6.5043397517384707E-002
 -0.17748257754194141        6.1598494126541017E-002  0.19321748891794502     
 -0.10276558397442842        4.0994323810535443E-002  -6.8090808238581060E-002
 -0.31182137929476444      -0.16724240135897256       -9.8738940396538813E-002
  -1.3443394439918031        1.4033281792038039        2.0242520114765790     
  -1.6858580480090826E-002 -0.15251410164629309      -0.38944604620222228     
 -0.42852686869780021      -0.49932907636778795      -0.48134316526639120     
 -0.42758079599353122       0.21480963254877317        5.0841239148966912E-002
  0.42401788537277252       0.91758863507701838      -0.25584641395913238     
 -0.15901646264286415        1.8156680491593895E-002  -9.9467979219229924E-002
 -0.22873764884466144        1.0752948262179478      -0.13581292129757400     
 -0.18090036036010959       0.97024146494548169       0.21088787334771394     
  -9.5921632263370832E-002   2.3487179154723058E-003  -2.1779562656898323E-002
   1.1047536973363457       0.38294464699248726      -0.36173368493015656     
  -2.8980189693672262E-002   8.5125032793986477E-002 -0.17724167192807172     
  0.22452258335703826       0.50766822659777489      -0.19897651782954209     
 -0.15422444437991562        2.1801882476527208E-002  -6.5230634492996459E-002
   1.1397939510431927       0.42205145034047098      -0.36764265311512884     
  -4.1854675903266879E-002  0.12265097766061851        2.6717117131055870E-002
   5.2244863799760108E-002   9.1671454953852843E-002   2.1816313856679571E-002
  -9.8608902500726028E-002   6.4098698103151747E-002   9.0563765006122492E-003
 -0.19978604718560009      -0.16677340253544617       -2.1408873362102374E-002
  -2.7245022091388280E-002 -0.13692691311433311       -4.3253337714209035E-002
 -0.10707064597457470       0.16902779367233531       -1.2904931694886580E-002
  0.55170851094370421       -1.2412210310822209       0.43193805309219990     
  -8.5316359088658741E-002 -0.20757552543933391      -0.18432747375998881     
  0.59019881231216176      -0.46207757233053132      -0.91437598542263954     
  -2.5361818559622051E-002  -8.7077874894920110E-002  0.13991879072571850     
 -0.19701067419036164       0.56899254489919193       0.46744066402684414     
  -1.0402901070279873        1.1455230903063546E-002   1.2643274058711991     
  0.29071690902832048      -0.33898717145628798       0.17693840629307805     
 -0.25598330673443043       0.59679654468306065      -0.83505301735935711     
 -0.12102671193126592       0.17708692482753174       -4.3638451721827488E-004
 -0.29302193608741184        5.7544578670487880E-002  0.24759251955329623     
  -6.6777230284574707E-003  0.16557680189370974        1.5211629981467691E-002
  0.74886175952010847        1.8907275342681940E-003  0.56341543631876045     
 -0.20612868465228634       0.10901383970799901       0.13955751053877341     
 -0.11136675156435018       -1.0528659850325308       0.63924074548741161     
 -0.38952183292286913        1.2195339631771878        1.1213714444136924     
 -0.18975335483018466       -7.6916491725845831E-002   5.5496928150635748E-002
 -0.27692700025991629       0.22349523571439800       0.28881228632878975     
  0.86958387098334877      -0.19871509399102105       0.66587764382090242     
  0.45183361084887841      -0.60445312198575873      -0.66389516298240547     
  0.15630663575520690      -0.89203946479024954       -1.2561965794953923E-002
 -0.33033743910884661      -0.15872685095069072      -0.24494072899036254     
  0.15145041046110208        3.3700835778785521E-002   5.5740324588518853E-002
  0.52516770501304033      -0.17589933090993068      -0.40180846039961948     
   7.3466473018496528E-002  0.10045900851408658       -5.3339099406643012E-002
  -3.7550985874354278E-002  -6.8218917648661420E-002  -6.1525802527070364E-002
  -3.6639830845359628E-002 -0.19024022368097368       -6.7066517210891463E-002
  0.56647456656565243      -0.81126949374341595       0.81256848309516294     
 -0.29118052815888273       0.14482682149642606       -6.8763547936415745E-002
 -0.73500099264423790       0.10581390567911525       0.96009684009426188     
 -0.20306903193196382       0.88717632388433720      -0.28906749511088553     
   5.8022269507023494E-002  0.43804216224363834      -0.35452659743831694     
  -7.7447184325969851E-002  0.44592448157237735      -0.18171780509457217     
 -0.11829069916918084       -5.6520180132811435E-003   2.8333157131177405E-003
 -0.12942945528162522      -0.16027724288493420       0.16524280604831260     
   8.7238754766537641E-002  -5.4785930590567536E-002  -2.5982345517451894E-002
 -0.27203142718741136      -0.24013669675700930        9.1843027346918973E-002
  -1.2519938590021693E-002  -2.7723871580593088E-002  -6.3943705283125582E-002
 -0.26785473164884532      -0.13541872693394130      -0.15183885013578177     
  0.23760499478383446      -0.11301600946803568       0.22163084834718078     
  -7.8025994823180067E-002  -3.9158998979105561E-002  -9.4275219031507373E-002
 -0.19537809486785501        7.9896203943929239E-003   8.0893830349829554E-002
  -8.1277857093814812E-002  -2.8817710038817154E-002   2.3874280713352083E-002
  0.28556252149698302       0.53131422425821484       0.89796898201777320     
  -7.0236957902308120E-002  -3.2278721746504861E-002  -5.7585872932654034E-002
  0.43463437296903151       0.66583991825683020       0.77625298302749202     
  0.19821776467051277        3.6047817851206643E-002 -0.25063739929904322     
   6.8553799673372606E-002   4.0136647567534933E-003 -0.18508980327303204     
  -2.7780359313756411E-002   1.0447616293354227      -0.24230920711020140     
  -6.8324424953502522E-002  0.29692074420084219      -0.43587030323874076     
  -5.5493444158563471E-003 -0.12947223000505778       -9.6276777402845681E-002
  0.14581908590238829       0.18286537839971775        5.7765287718193552E-002
  0.38143072158437386       0.22790896947099584       0.25180590323684227     
  0.11541416260989086      -0.83262940755799164       0.14880039152366240     
 -0.14023015305391690       -4.8148491226881321E-002 -0.18772911089703720     
  -6.3756243721991512E-002 -0.37251227861638536       0.39672305065441227     
   3.1823949788321935       0.47835044835643731       -9.1942493935733580     
   4.1984581792706248E-002   1.1498960003016219       0.38539671910510287     
 -0.32923512977556318      -0.34879141748286902      -0.39100784182986514     
  -7.9482627889446086E-002 -0.56367907533180728       0.23245582012648025     
  0.15442308343283948       0.57992070822153052       0.25738098690955841     
  0.55561604993286695      -0.54925619859602826       0.55395579423263408     
  -2.0966515170560449E-002   3.0472309320473404E-002 -0.12449741466956238     
 -0.21546533315339733        5.5759352998899225E-002 -0.46372032683410114     
   2.6744093562891987E-002  -3.3799441849828228E-002 -0.22466683597176426     
  -4.8507009662780418E-002  -1.0012528063910307E-002   2.0830090105493519E-002
  -3.3970302151338616E-002 -0.19906433621591263       -4.6611497773339696E-003
  0.64158654975209317       0.43361941575307794      -0.29667299421082410     
 -0.80827529328516878       0.37797911780045468       -2.4820898700503084E-002
  0.20167411341278810      -0.66992096598333684       -9.6540608116789453E-002
  -1.4894594337139699E-002   8.2914707403193288E-003 -0.16814810249519901     
 -0.14507843997852260        5.7994340045894266E-002   7.3127680600215891E-002
 -0.40088337733222301      -0.69681798334127054       0.91471678741726758     
 -0.18063152449453965       0.38821860870958336      -0.35400466052959817     
  -4.4373422819567965E-002  -8.3156762138667115E-002  -5.3578706003820115E-002
  -1.5266488460411043E-002  0.10260409879546030       -2.1604552958894883E-002
  0.64411524716636537      -0.78882878651066768       0.33913220996046273     
  0.29249667386023198      -0.94467935305487005      -0.18183986415539519     
  0.83341725992762539       0.28180713112802391      -0.58960089450230835     
 -0.16080247043653839       0.17500436623071930       0.24978424021937917     
 -0.25645323559002775      -0.27898816190554560        4.7772150978890947E-002
 -0.58249476470987382      -0.60041736494268205       -1.2826738289618567     
  -4.6742651171154836E-002 -0.13420480361795675      -0.16050321891140679     
  0.89842320336245074       -1.0069652504003241      -0.54257207077823710     
 -0.25113241104991874       -7.6244569269313278E-002 -0.11571833413412513     
 -0.19539133237721532      -0.30465449046684462      -0.15962157019868253     
 -0.47547949923807170       0.20105886423432803       -4.1239596007286536E-002
 -0.14228306620087736      -0.19245971540738033       -6.9205192804538643E-002
 -0.22770572883631610        3.2743109680806161E-002   3.9681118285868427E-002
  0.51925516493992530        1.2312024751834116       0.28482791004254326     
   4.5729124934595390E-004 -0.21173011491255472        2.7995773485574440E-002
  0.98480761212517365      -0.29036745363768973      -0.49911114330569106     
 -0.17248914735486012      -0.27262799816932265       -5.7974472653919466E-002
  -3.9200840785490257E-002 -0.16652536727251754      -0.13503521946620051     
  -6.8053430153919764E-002  -7.9171464831075497E-002  -1.9734710578490602E-002
   4.6998293484277413E-002 -0.19218020534800945       -9.3922736635103352E-002
  -5.9943937263041605E-002   6.0870543564259617E-002  -8.1572703918603481E-002
   9.0735128517336564E-003   7.9049205607904016E-002  0.10441736295686629     
  -9.3425925354495495E-002  -2.5301127035663108E-002  -4.5702806373724418E-002
   7.4264580575176986E-002 -0.19182269229614193      -0.20404962576534444     
  -1.9494043976414705E-002   1.8388079033785799E-002  -2.4184775993552690E-002
  -7.5693906048431722E-002 -0.12650134564393348       -3.5547476295386723E-002
  0.47255087253681721      -0.55588504052386178      -0.32439384324805354     
  -7.2058694823009528E-002  0.10014699241260433       -5.2651629564140351E-002
   3.0622269100944101E-002  0.19912847866679492       -3.4567767921927367E-002
  -2.2542786431902842E-002  0.50132712564961468       0.25337238498394227     
 -0.20735256729374080      -0.14353352890835208       -3.3396852806229671E-002
  -8.0557517426863748E-002   5.7314333551762853E-002  -7.8011659705421163E-002
  0.17949405764491488       0.25289883254455581        2.3792173267460519E-002
  -6.2050236878730312E-002  0.10741684447687197       -4.3821607420362146E-002
  -2.8269180029789287E-002 -0.15466453095869775       -2.5603817465926132E-002
  -1.2668743510040161E-003  -7.2408267103821186E-002 -0.11027763577975845     
  -2.9605766289131918E-002  -3.3515884277741083E-002 -0.19113928416481815     
  -3.0449029778932952       -2.9630411309256273       -5.1568296976237944     
 -0.21743705494724624       -1.1417638900658849       0.67717378005387141     
  -7.0119880777095162E-002 -0.52178986055311671      -0.31549524903791598     
 -0.23510640246427478        7.8188349191163367E-002  -3.9484822743196736E-002
 -0.11161503694491695       0.12010430204917476      -0.63693649474182734     
  0.97041389326139749      -0.35734455073869831       0.32794999770332334     
  -6.3760608368908914E-002   5.0698029626927307E-002 -0.18069142738863081     
   1.6080798814678159E-002 -0.63906106460727108        3.8830501232238711E-003
 -0.19029761435320888       -4.1814889485435172E-002  -1.8218974060910137E-002
  0.13864122187298539       0.76677401150074465      -0.40694708697483534     
   5.1201332971218061E-003  0.21410009530988039       -8.2192931636431030E-002
  0.41477488259148482       0.62815045143519721      -0.68856515206780688     
 -0.17440952273148655       -3.8212891594963591E-002 -0.17017460167179027     
  -7.0018099385620702E-002  -6.2221526317600612E-002  -3.6149051861141139E-002
  -4.9961080114924207E-002  0.84732350358478936       -2.1347660977997385     
 -0.30557316780971033       0.20277091161878774       0.63495321654069414     
 -0.37234644913714915      -0.18281984488327641       0.18388664758016920     
   5.0903588098510352E-002 -0.28817628510698118       -9.6560073123339196E-002
 -0.10776091372683963        3.1079792442304643E-002   7.2808869290253049E-004
 -0.10166627148446908       -9.4216008050261313E-002   3.3344697734807492E-002
  0.75544009053134387       0.52893644795378503      -0.50708226167154580     
  0.21833128263395951       -1.0506439391196234       -4.7115000521476241E-002
 -0.31458362168213577       0.16512920755389135       -1.6389625343460681E-002
  -9.8091866451331750E-002 -0.11397931887082000       -5.5061619675558310E-002
 -0.63945149742849916      -0.66506072811288253      -0.19520968176452896     
   6.7046533874489139E-002   4.3291184907401775E-002   5.4615772334779102E-003
   5.4778896337661878E-002  0.28632274582363687       0.47166162565955877     
  -2.9817946256417956E-003  -4.4309907194657182E-002 -0.28497713245164497     
 -0.16202279850512882      -0.26556842792149382      -0.10785337669334162     
 -0.10815274651458982       -1.3137226787650174E-002  -5.1971393158039357E-002
  0.21158616777935435      -0.65646376925082506       0.61330880565434631     
  -9.5330500708297586E-002   6.6872225340884536E-002   5.9184192264444928E-002
 -0.56307799059293762       0.43102584453820286       0.27903294882738539     
   1.0723712276950383       -8.6195089336253305E-002  0.33800818857660414     
  0.90877866071801527      -0.75640146077134129       0.39132700943935550     
  -1.1929400185979364E-002  0.12728815020465967      -0.10929546489733673     
  -2.3789386854208634E-002  -1.2825535886521123E-002 -0.15657312640131524     
  0.71481581801817451       0.71525327668080729       -7.3627814011210185E-002
  -9.4507931765800607E-002 -0.26583975521489145      -0.42494653443185909     
   6.5245566323014481E-002   5.7649134156989537E-002  -3.4098240347786857E-002
  0.62190738816652003      -0.44945294057654744      -0.50100022941820099     
 -0.58919623603037485       0.56442431632521484       0.45248829520283435     
   2.5021201511237452E-002  -8.2919398147727877E-002  -3.2902875363588734E-002
   3.5298610097308579E-002  0.20687341382816138      -0.29315456976798809     
  -7.1083359018470627E-003   2.3606421684621310E-003  -7.1994177343680132E-002
  0.11904438561005588      -0.87763052676757214       0.65420755038514988     
 -0.17543915436996751      -0.13078972385222037        9.7000986302544251E-002
 -0.15846777638562376        2.0983029301841729E-002  -3.3314422474540369E-002
  0.36182357364673390      -0.22313661310335481       -2.1242531245595185E-002
   7.5271879648168942E-003  0.13355860178658366        3.8637830648987084E-002
  -5.5280972589194038E-002  -9.5934215605770166E-003   1.7827107779812737E-002
   1.3057468752272297      -0.31321927438937452      -0.26336030428197676     
 -0.96178968331707637       0.16837415510490500       0.21905391588257853     
 -0.21933068180491816        6.7457080313849366E-002  -5.3994947310145369E-002
   2.7313814736744640E-002  -1.9705747217210556      -0.12340635155341907     
 -0.21838991660523704      -0.27725395560178318      -0.45999420491460730     
  0.30422236550920662      -0.27566372345296386       0.96977400518375634     
 -0.11004453368939172       -8.2844996408786092E-002   5.6330631725559167E-002
 -0.21664407698868959      -0.16156296972887141       0.18443505823226372     
   2.7340355215871338E-003   1.2653055546443337        3.2556290681871200E-002
 -0.56709784746712477       0.59438855095920107      -0.26140268880926226     
 -0.62914839310440462      -0.17622578720457852       0.66379864287423929     
  0.81527751442110985      -0.38338898673814353       0.65395325344515298     
  0.29620170354194980      -0.58892618199627611       -6.0297098647064284E-002
 -0.29902216565229428      -0.16822762831437688        2.7209368883866656E-003
 -0.34141130934547320       -4.3116717384758564E-002 -0.13531673158014715     
  0.56366392427622070        1.1015495004221596       0.27512110850441995     
  0.28561565232716113        1.2250124786176420      -0.35471836937224954     
 -0.11344517052351327       0.70832747465306078       0.26915497570799130     
  -7.1531975814979304E-002 -0.11812396069484099       -4.4521536045402502E-002
  -6.0648130986083043E-002 -0.23667689954942070        2.6043248512025909E-002
  0.38362532015372502      -0.69619375588339527       0.62367699485287509     
  -9.1052098523645500E-002   7.2804604473181780E-002   4.1112253621199225E-002
 -0.58769190201732635      -0.75745440637578731      -0.68554579754039180     
  -2.2623334497107454E-002 -0.38021561219992678      -0.15154714225010901     
 -0.37191835724491140       -1.0745704539458354      -0.16488370671105940     
  -3.4646806305964173E-002  0.21155707354946568       0.40380732827118204     
 -0.63089318798300265       0.93701860800595893        1.0677056269901468     
  -4.5243545563544520E-002  -7.9463700823857938E-002  -9.1880946898760488E-002
 -0.18986114020773764       0.34377086487430997        7.2445622178004612E-002
 -0.68468293334942909       -1.0029546828637819       -4.6520133586157246E-002
 -0.33328651421814959        1.0029061170603255       0.57983043703977888     
   3.9626593435602736E-002 -0.13024633139459751        1.3069368137972128E-002
 -0.34889276963228311       0.17343777951919168      -0.85407818537317315     
  0.42226397654544862       0.78815655882049585       0.13615653625756138     
 -0.70012871124486165      -0.25173672359137422      -0.62055024803212500     
  -2.8288311041168038E-002 -0.11778174978647743       -1.9450104899498014E-002
  -3.6710952956907064       -3.3263930175548402       0.87899474717331894     
  -1.0424218957158562       -1.5431978494012075        7.2326644575212762E-002
  -9.4604683235580619E-002 -0.20413709488555171      -0.29353400795882872     
  0.72643308182435073      -0.33596950238828804      -0.31675434074418751     
 -0.29149830971648272       0.91468248262984209       0.39901859616886748     
   1.1305210377126489        9.6469796171189004E-002 -0.75721856432274248     
   9.2364074234656104E-002 -0.22521829857085596        5.8808519146873697E-002
  0.17061988946668605      -0.36984079129838299      -0.10661809567514105     
 -0.24480915792858146      -0.52905378265802294       0.11574647587274053     
  -1.6341734210410432E-003  0.21659597379937462        2.6330664716884278E-002
  0.10469656934535339       -1.3944063525705546       0.48879971280031204     
 -0.15413675737617769      -0.31680568083040106       0.14957164016072724     
  0.26616640409401660      -0.95303026140430258      -0.12074122687260286     
   3.8604656184866602E-002  0.30345262580073229        9.6422369648715804E-004
  -3.1636806988519617E-002  -8.2667753986232911E-002  -1.9170916013595565E-002
  -5.7821674356572567E-002   4.5238636573931360E-003  -2.9999552493600520E-003
 -0.39490769189491631      -0.29653097233492798      -0.13153046418675862     
  -1.4763607165014549E-002  0.40180126593638349       0.18311457953317525     
 -0.35739731509097089       0.20077956375693445       -2.7390751919008312E-002
 -0.28523687485200683        8.2005547960198405E-002  -9.0533515351840343E-002
  -3.0259466586944853E-002 -0.10616852520651758       -5.4729271010349613E-002
  -9.3882331089460855E-002  0.42821491136216167       0.21160405351589726     
  0.39547265203080528      -0.39076037702355154       -1.2408680349322150     
  -7.1814534797461776E-002 -0.13004520218983118       -7.1458109598237368E-002
  -5.9826426066228268E-002  0.47712711030335730      -0.13051187205228718     
  -2.5217851875372975E-002  -4.5808634806649387E-002  -4.0290969079576668E-002
 -0.21950142079000337       0.27752242057993493       0.36563040308503075     
   1.3014830602108663E-002  -1.8710277561597981E-002  -7.0757854687519932E-003
   3.8125747209976879      -0.57429093018166733       -1.8593163932391144     
 -0.51663075050395590      -0.96400710013092838      -0.23741327411717514     
  -1.2071959084326426E-002   2.7499317587823258E-002 -0.11855547120155673     
  -6.3638925476186270E-002  0.68301881120887464       -7.1703665614316981E-003
  0.94587147587384757      -0.12616953518337007       0.58424437946488739     
  0.64444181975473180       0.22210284176403250      -0.89785012755934823     
  0.70490302760116341       0.42900064845592067      -0.71672870812916512     
   9.8564323313645785E-002  0.26293049447872113        9.1583374429163589E-003
  0.74988981628074847       0.69351082416460819      -0.74116540066466108     
  -7.1865887856854003E-003 -0.77570261530972562       0.25464066495895749     
   4.1143886826150063E-002 -0.13460388301821996       -6.7813635567991581E-002
  0.14918843757081940        5.8142161923565250E-002  -7.7830597410354613E-002
  -5.0722626896812013E-002  0.12461269667072922       0.16340718782896035     
 -0.15228729774549432      -0.20999093592055162       0.32944556683597032     
   3.3363937391053346E-002 -0.27432277819692774       0.17329357855815569     
   1.0299970917359138        7.3733242563814083E-002  0.99617304296738884     
  -6.7143996106919013E-002   7.3069681304863521E-002  -7.2263081939726234E-002
   8.7744916179640961E-002  0.27774064556979539      -0.14398144188197950     
 -0.15598042915548463        5.0383779132641665E-002   3.2527682619076570E-002
 -0.33823887233871769        4.0207299883240282        2.4197359167877233     
  -3.2672907569659716E-002   1.8980632610235755E-002  -5.2530866080338204E-002
 -0.28400724198211397       -2.7199247525312633E-004  -1.0710488361428046     
 -0.27128173829730151       0.87609003112046047       0.30754710783418981     
 -0.81636370810489911       0.44350617747954274       0.53001024349453218     
   3.7956379562336467E-002  -4.1929736054510093E-002   2.9235194428067657E-002
 -0.10976293116955760       -5.6525265549585250E-002 -0.13190606235915867     
   1.2180795976740807E-002   8.2030243032830547E-002 -0.15550055285213074     
  -2.0261746504582483       -1.6019961527482034       0.35246621434580738     
  -8.0582559810535762E-002  0.11611019628920620        9.1233935360502116E-003
 -0.19621638440109343      -0.19391240509591404       -6.6484018138903145E-002
   1.2497781679310391       0.26560339564532032      -0.58152869918302108     
   1.1665039882645365       0.21256545709219477      -0.68518775957924727     
 -0.43831931608721791      -0.20522304668632144       -2.6054219783359076E-002
  0.10417614021032377        3.1069447658365286E-002  -2.7377267598508942E-003
  0.93013578906565797       -1.1211973445537302       0.18147665377826691     
 -0.15422404385528590       -5.2258894286704258E-002  -4.9709441131352845E-002
  -1.2394541594772908      -0.10498493324009724      -0.41454457509438380     
 -0.12413412716713963       0.16163524289821449       0.11044235694413872     
 -0.10920505772436688      -0.58741213447303808       0.22021624856224720     
 -0.42233005026948889      -0.67015437997121208      -0.62555379781236442     
 -0.13535013080298317       -6.7734948558650625E-003  0.12641197473735574     
 -0.61858371457206829      -0.67721127287633953        1.2021578764704475     
  -4.3734991088620438E-002 -0.45998836286251898       0.15793090383147404     
   9.3502697522211096E-003 -0.31718028362826395      -0.14702768828830051     
  -5.1379779348663050E-002  -7.8556069838577935E-002   7.4544599284455540E-003
 -0.24692162539828699      -0.46782219450724188       0.31626289978044037     
 -0.53204066029455255      -0.12878194338103194        5.9581445604732976E-002
 -0.13088460370933591       -7.0140550264171556E-002  -6.3776681026784229E-002
 -0.49207180975599307      -0.25631567424898011        1.0262775853623178     
 -0.39142943527867236        2.2741674370227158E-002  0.84161659664234245     
  0.32554140326472453       0.53738460614057915      -0.23224094361599137     
   3.2903777250435287        3.8251433580750938        5.2393490856506419     
  0.50556703301516792      -0.54252015116783314      -0.38371523249859951     
 -0.10901335833250281       -5.3076656012030654E-002 -0.13716747752951644     
   6.6725393624535766E-003 -0.10368047938407929      -0.14269927926512685     
  0.57158059080591495      -0.78041081309034954      -0.20989702863105925     
 -0.30671958831544355      -0.21233646619413113      -0.46233021353762971     
 -0.13536567045801001      -0.12384387928771318       0.23130819707287503     
  0.38156427263082487        1.2350160493455478        7.3754752469205362E-002
 -0.55286448752852790        4.7428532908798365E-002  0.79731221832421728     
  0.54936714753019256       -1.0587317076782874       0.70131184947372838     
 -0.62583323531884161       0.89012504552805027       0.13528559517204083     
 -0.18062415420545078      -0.10122872406132484       -6.0949577490387846E-002
  -8.7082141988816170E-002  -5.1391250626271118E-002  -2.8811175689327360E-002
 -0.16565841694887126       -4.6363140425670329E-002  0.23965672210495415     
  -4.9614846844917980E-002 -0.10173225243940838      -0.10317876505995600     
   7.2090263474917293E-003  0.32728451013627879       0.20382546922440334     
   2.8140061898779309E-002 -0.15181123478070530       -5.2504313745595423E-002
 -0.13742282970485234       -7.4221738325867301E-002  -9.7231569614199802E-003
  0.61438983188406149       0.17762445645341690      -0.77094904148963872     
 -0.55122706554730738      -0.15668817644866784       0.20085484023807443     
 -0.14327057320721562       0.93175416949641066       0.64323921808125051     
  -6.9384037964471443E-002  -1.7248749441482077E-002 -0.14627874797479362     
 -0.28370860154537247      -0.71383280920086778       0.11833596760454326     
  -1.0750077993363225        2.1792603235297112E-002  0.94132975464409319     
  0.10287077065628016       0.12210225544432884        1.5421458279748945E-002
  0.34493413573494236      -0.46110933220938632       0.20777245214246137     
  -7.8302781891879281E-002 -0.13841342676545240       0.12322446876233394     
 -0.13046277214751231        1.9767981476640197E-002   6.3715573547721616E-002
 -0.17402754417511038       -1.6630260953655149E-002   5.4352837199595251E-002
  0.25653861754985818       0.43268947398434354       0.57164927105610241     
  0.38532678631589107        1.8986046300645247      -0.33417151483039553     
 -0.11636445886964090       -9.5100123777302981E-002 -0.14487074717629020     
  0.12726798516794979      -0.85771520601588724       -3.8218781871943469E-002
  -5.1301940037432880E-002  -7.6012120907097275E-002 -0.18734367865014881     
  -3.0148424174352217E-002   2.8142509463846662E-002 -0.12905723253134596     
 -0.10186981725872231      -0.65629320970921956       0.84678963603617263     
 -0.11003790343934632       0.29872160387338592       0.12593575474819002     
  0.90828941736844027      -0.12956352650071568       0.80819124541070930     
   4.4687959432443336E-003 -0.18932480817689901      -0.14486913737236598     
   3.2605838172681159E-002   4.9943868580512880E-003  -9.3717868696496388E-003
  -2.3402655095859443E-002 -0.63914262101498387       0.35826317251058259     
   5.4000095008038387E-002  0.11874469222635586        5.4252439589382945E-002
 -0.12693238041244831       0.13285657253803998        3.0308412672931963E-002
 -0.12427008297500788        1.8153216455033067E-002  -8.2895473090123170E-002
  0.21012541036627722        1.0942724100893864       0.85342786145147809     
 -0.10350500629479821        2.6176263667538620E-002  -5.3743776612928604E-003
 -0.35337024864774114       0.69304818215110864       0.27581151901434098     
  0.56334764757289746      -0.49520974000655765       -8.2302139879865052E-002
   1.1354659815418529       0.37179403079565998      -0.49960487033104067     
  0.32765208286937764        1.1282685878645966      -0.50611582613519734     
 -0.18033072961667376        3.0382032102441752       -1.8002449273948014     
  -1.5976164904415384E-002  -9.1451045126626884E-002  -1.1282176781562266E-002
  0.76373822079457876       0.70239110775105595      -0.69466143669939107     
  0.21103037531653890      -0.43841459255743614      -0.38109616982037803     
 -0.59729581653860908       0.89759369022272839       0.46075479624667398     
  -2.3977600794015851E-002  -6.3364631629373822E-002  0.10817417592700042     
 -0.16408085120258278       0.21276317142029444       -6.6681879404652755E-002
  -2.4152889598851309E-002  -8.3489861043529845E-002  -4.5870907199564229E-002
 -0.20160840930865812       0.40262295396958292       0.40415209570802152     
  -4.0909141221454622E-002   7.7035255485787157E-002  -4.2778693717341325E-002
 -0.96982446299685443      -0.16050617931584757       0.69196940029246634     
 -0.11629003720006890      -0.17474417060997602      -0.17873089695041269     
 -0.12236611184593281        5.4307723699182034E-002   3.7387464220949761E-002
  -3.1851892035897826E-002 -0.34067399086408667       -1.2595722736895425     
 -0.67279484180163451       0.14377739150713006       0.57013936547600619     
 -0.15399686316900271       -3.5408871315486715E-002   9.2679345355271461E-002
  -2.5380644330827914E-002  -1.6293555127012679E-002 -0.10796194895926092     
  0.23101440504421467       0.11611701160627909       -9.2386105782482728E-002
 -0.28934794240572864       0.31868202353400149       0.72472460241563375     
   4.9884046874024264E-002 -0.11821180217872432       -8.9332918515731413E-002
   3.1060696014148625E-002  0.16921115767504252       -4.5940765192314562E-002
  -3.7417140500689262E-002  -6.2273718680919854E-002  -5.8148556633493796E-002
 -0.18542122815855186       -1.2471969639800370E-002 -0.12881121324591793     
  0.93860077284662236      -0.13503708098083217       0.41721943567476233     
  -7.6290859692586185E-002 -0.12120286959570875       -6.3533829246804799E-002
 -0.25192638253268196       -9.6185435759634910E-002  -7.8247796871075526E-002
  -7.3993944005564222E-002  -8.2829418589114925E-002   1.9589313891417853E-002
   4.5609436216063337E-002 -0.16944596860825351      -0.17231571881065696     
  0.43767645728513377       0.91483309209721253      -0.25368795355622520     
  0.77742112562518773       0.31512592496192326      -0.19696272737940621     
   6.0113575130323633E-003   9.1658007723646892E-002 -0.14230123606034975     
 -0.17204602070555172       0.41242646236341801      -0.22935640769917875     
  0.63238420736124745      -0.77009028744269092       0.24799754082478465     
   6.0143982240724758E-002   9.3660105242731953E-002  -7.3533369660996745E-002
 -0.22552420406067583       0.72850337815604671        9.7443954760147403E-002
 -0.21838518087535841       0.87592398127456284      -0.35981593318060690     
  0.24081305589297178       0.76452248988412697      -0.42839097022232170     
  -3.9669717040539863E-002 -0.19025517748374765        5.2299978454687243E-002
  0.64520681968325067      -0.24456915696621842        1.1231656896622209     
  -1.7099742559746670E-002   3.9896343212925775E-002   6.2466921747894553E-002
  -3.7131533581931192E-002 -0.27812780329036851      -0.15056753247510349     
 -0.14080258938793316       0.11647509876603435        3.0006818953927226E-002
   2.1079597236623591        1.8467588890912615E-003  0.79260733075100709     
 -0.47132184580148556        3.4330965741659530E-002  -4.8355858141531691E-002
  -7.4845698981905143E-002 -0.19449871166269941       -7.4324205520407638E-002
 -0.12321256041596773       -1.2207421536356407E-002   8.2661160600547116E-005
 -0.11774254664831392       -7.1784625666171178E-003  -3.4235435445636356E-002
  0.25618133430960827       -1.0071579689337633       -4.3787897345813856E-002
 -0.18465881026760303      -0.11700648229652585        3.8453758911435182E-003
   7.3936296719468955E-002 -0.18400547820842872      -0.12143214228590270     
 -0.17880253159679249      -0.10331725059181415        9.4086192808095118E-002
  -4.1999915955799993E-002 -0.48892418262283965       -8.0181879825636085E-002
  -3.0259315668156407E-002  -3.4671703895724881E-002   1.2294693531027318E-002
  -9.8840614592619225E-002   8.7299733920064473E-002  -5.2453946169834960E-003
  -6.9371753892458171E-002 -0.11164350820475792      -0.13413340968003301     
 -0.15722852288023936        5.7811118524774075E-003 -0.11300612998667207     
   1.1871018946285212      -0.62871809003360990       -1.4451583589123744     
 -0.15119296182046416       -1.1057380295834463E-002  -3.8826473542724366E-002
   3.8802129654860906E-002  0.41424794338844195        8.7251822845313270E-003
 -0.13399819102842625       0.42338600440290836      -0.48271965620183849     
 -0.10136984495789905      -0.15053140376372295      -0.26181302607117374     
  0.47485688896161371        1.0578284877675328       0.20736524666888903     
   2.9136170446924851E-002  0.15357666753406932        8.0813962430949599E-002
 -0.33631329125877030       0.97198697552677737       0.44295624713699483     
  -4.3648462496333758E-002 -0.17835561482915024       -5.3765174716871318E-002
 -0.10069809723277030      -0.57924677200771424       -2.5665838929895955E-002
  -1.8374837220486249E-002 -0.10887694773414701       -6.6025845280140646E-002
  -8.9704817714115120E-002  -2.7763483610000885E-002  -5.9336418410090484E-002
  0.37730664009323389       -7.8824964929866695E-002  0.36586219002412229     
  -9.6139634827598061E-002 -0.62206882695118038      -0.25614931254982082     
 -0.97517478020857251        6.3124653904866393E-002  0.56017435737433796     
  -7.3854418704400127E-002 -0.23067086694409847       -1.9940094113176762E-002
 -0.12766040216893007      -0.10398035581049762        5.5331809756513819E-002
 -0.70033845450716981       0.44860252411635565      -0.75642022153274058     
  0.53059078187828368       0.98175633499779635      -0.12913500694947280     
  0.31155506352009449      -0.25842541581934764       0.19964477504183481     
  0.61575695496046301      -0.44170138046743540      -0.38280231863925707     
  -5.0122433312668961E-002 -0.12041348877712983      -0.19819451331462148     
  0.86947498711407167        5.0727008046733343E-002  0.60310995250706101     
  -2.6941132776442091E-002 -0.12815971733178869        5.2404392123209201E-002
  0.12206353515851341       -2.3942651306768991E-002  0.78813006589680412     
 -0.10623890848101117       -3.6160794677954624E-003   4.7812150670816296E-002
  -8.1351237003278745E-002  -1.2686338941186812        1.1631563776286338     
  0.24309720723304368       0.28061139345363806       -2.2013431059494892E-002
 -0.67251968533533690      -0.12059605228440111       0.79446228133522667     
 -0.79565410712347739       -5.1047205327589502E-002 -0.70296634557600168     
 -0.15072275359935600       0.78054500257812254       0.63122707333307160     
  0.21502176769071873        1.1631862689018326        8.7604764225943543E-002
  -9.0509927592182821E-002   6.2110864927740379E-003 -0.13136085973450656     
  -4.2261247430989066E-002 -0.10314980730062059       -2.4999285672028609E-002
  0.13048878188607746       0.53573026844842009       0.10650089974151258     
 -0.14811668501284347        3.5129200428583182E-002 -0.22813689392457318     
  -2.7248553422232584E-002  -4.8209353637717778E-002  -1.4923641706487278E-002
 -0.11137711051546326        7.4886604793614489E-002   2.3413483790241003E-002
  0.29056040826702667        1.3004209888539171      -0.42979470613285858     
  -6.3564438016922478E-002  -8.1759250823400464E-002  0.15803749880111906     
 -0.38361979686375619      -0.97573766842680909       0.34079460105976322     
 -0.84761826883646596       -8.9758683069771181E-002  0.17536461672312628     
 -0.96499789407289305       0.43182093153470980      -0.24123163734374078     
 -0.19739084417495087        5.4727807175268289E-002  0.13530191081128876     
  -9.2102818197007483E-002 -0.14076731540740486       -9.5232669788849408E-002
 -0.45514802059727755       0.80630775732342796       0.77642436097179979     
  0.13897385936576206      -0.83593877008097395       -7.5446796340054578E-002
 -0.10628377239166246       0.20518523489218032       0.11462895842734408     
  -8.7810273848923606E-002  -1.3426675954431909E-002  -8.5335090317745874E-002
 -0.89224857904182475      -0.19774889967186990       0.81481779700486645     
  -7.2771310313595725E-002   5.0936070033725238E-002   3.9795972213997617E-002
  -6.5700565546122650E-002  -6.8769990095682881E-002   2.6418935697558127E-002
  0.20702444225045610       0.72257405305832056      -0.47636896551113084     
  -5.2981973042011382E-002  -1.1435269749963197E-002  -2.5263159986167790E-002
 -0.24999580850324865      -0.25675052543224064      -0.76207670627163182     
 -0.30804965149541186        9.9701922782767127E-002   1.2993805140743171     
 -0.15491169212740330       -8.1545583855351211E-002 -0.11658452192183440     
 -0.40149137105751875      -0.51192019730702054        2.9885827316241602E-003
  -2.1872614900905772E-002 -0.16800961769090852       -6.6414060553838056E-002
 -0.25297780527678593        3.8049848809576875E-002  0.12938074895905233     
   1.7950317826974642E-002  -6.1347141686199938E-002   6.5455880934978993E-003
  0.48402089696634737       0.23825328244665830        8.7447242621785173E-002
 -0.15625083158631739       -6.9753040391831611E-002 -0.11678424778135407     
  0.26161694938751184        1.0010814359051903      -0.46822157301457484     
  0.28168132590978001       0.38340293132274100        4.4673222500645510E-002
  0.10741698982485584        9.3351928863418837E-002  -7.6974756407723235E-002
 -0.24170524304305135        6.6164315650972153E-002   6.4816199464884927E-002
  -3.2882899073076031E-002  -9.7960031422570093E-002  -1.2034288841858793E-002
  -5.5072784282658417E-002  0.15781992625858238        4.0392934077653958E-002
   4.2658508387219074E-002 -0.50967354487989225      -0.18245824341375655     
  -9.1330375856581325E-002  0.15475597228584850       -8.5590436293589894E-002
  0.53299959859402579        1.0406973968201856       0.34812347974121371     
  -6.6639393447357503E-002  0.12788237722869136      -0.11346670678350927     
 -0.11885394619726490       0.41845327296112067       0.12445062405802849     
  -7.1645537345608482E-002  -4.7408717674096209E-003  -3.8207113873597459E-002
  -1.1857279961882257      -0.14877726380466760        1.9761552741630799     
   1.7680308715319968        2.1110312724249662      -0.33176595937935172     
  -7.2432275986571398E-002 -0.32323551409255630      -0.24859122474487474     
  -4.5282049683918954E-002 -0.21929391434451767      -0.64494953753908557     
  0.64758280818218850        3.7087676911056702E-002 -0.50055782958384099     
  -1.9301737052356893        3.9158419855002613        1.5992013122860924     
 -0.29299830131203880      -0.35511620602918187      -0.10635587548487327     
 -0.26454009681017704        2.3497844022519122E-002  0.15957153909038654     
  -4.8887617091383721E-002 -0.18694161662714029       -1.4255936060930370E-002
 -0.82390010875966424       0.14762237046484414       0.69264171485528880     
  -4.9237566366329241E-002 -0.11582012494201253       -9.6378931236139317E-002
 -0.11176659879334208       -5.2770764390718150E-002 -0.16353272931630661     
 -0.13751327836299940       -3.5203541076017045E-002  -8.2057248461661583E-002
 -0.12890772432285089        4.7715222125497198E-002  0.14411999072703305     
  0.12301445222791800        6.2722324463699297E-002 -0.39820430079809976     
 -0.23703616404905217       -3.5505526046374997E-002   7.9477998365039243E-002
  0.21745797586799009       0.11513534287468991       0.48293769321794350     
 -0.12320531049804635      -0.13775750522907695      -0.13828335408897180     
  0.33061700281896494        1.5799945789733185        5.2372573988719182     
  -1.1065848871502526E-002  -6.7293737578146023E-002  -2.1479079652928449E-002
  -2.3811233392560922E-002 -0.11062409321745810        7.7011063362992987E-002
  -1.0129822960860945E-002 -0.15390973273158470        9.0998499514289358E-002
  0.34815842963712662      -0.49739188682827046       0.18920115130240267     
 -0.14783904174471113       -3.5049029272640919E-002   2.6285935151638511E-002
   1.5964204044293626        1.0542548852690707       -1.3137895233365391     
 -0.70493406116611979       0.15542736418569872       0.58184921624266439     
  0.34954261409069776       0.78455079630487767      -0.40817532807444412     
 -0.17980727503180891       -1.0903293530602620       0.21189868094211328     
  -7.4847961522446688E-002   2.9414929806261770E-003  -8.9124314649155240E-002
   3.7584883099831941E-002 -0.39005712353163768       -6.2042239121804836E-002
   3.2844345737202296E-002  -2.0833315598347197        1.2012920776809011     
  -1.7328622932288873E-002  -8.3934886424789593E-002   1.7266430000644303E-002
 -0.31214840863809223      -0.14501847448816615      -0.49655669319428397     
   5.7016134487987258E-002 -0.18303682919231945      -0.10117503588585650     
  -1.3320036982277155        2.0064223163903812       -2.0491094428909991     
   6.0574491619021460E-002   8.4897612260923877E-002  -1.2104612661774337E-002
  -8.2755246250413125E-002 -0.40395638393074790       0.14936231422100332     
  0.50609365615825763       0.53921767520473074      -0.41376911771337427     
 -0.12260299170594599       -5.4102235995519804E-002  -2.7567698287520873E-002
 -0.25702060562838636        3.1630649579013195E-002  0.10154229428415326     
  0.10589911720231300       0.54364583791904164       -7.9906717082412801E-002
 -0.43159329827211979      -0.21535488033427211      -0.59760700173213421     
  0.65847440616601205      -0.22656698864806857       0.24567937094879941     
  0.20075148836647952      -0.60793322161406327      -0.44555703434909932     
  -9.2614183635489289E-002  -6.9310164503836383E-002  -4.2020399051568652E-002
 -0.24311966541776597        4.8075850158533488E-002  -6.6917011637757220E-002
  -9.7794391872030789E-002  -6.1033172653492472E-002  -4.5106512724402595E-002
  0.10337066661724147       0.18491690458033647      -0.19746693687912012     
  0.11062625470402167      -0.34640691488155484       -9.1727408832036630E-002
  0.18966811477255341       0.65996794836865358      -0.38900041156987442     
 -0.19454577237780357       -1.2535832705193530       -9.1630550842503281E-002
 -0.10505144455757155        3.2387190627556031E-002  -4.1452003262861033E-002
   1.0519794144743577      -0.20941970179233851      -0.34307546024021346     
  0.99751359440876020      -0.29082969840930956      -0.50961725735626362     
  -2.1637439779381901E-002  -2.8415329150584426E-002 -0.13329189247116288     
   1.8817059703420984       -1.3901722910483472       0.20445665182399383     
  -6.8558587805670437E-002  0.46290231479363292      -0.25634224954951051     
  0.28894841852515374       -3.7427691820244209       -5.4869286636101418     
 -0.17454277684139702       -4.4709786848833193E-002   4.1448325153887085E-003
 -0.20350246632326030       -4.7960271196887658E-002  0.16770218142470419     
 -0.63504585863048180       0.71797270126545498       0.32828964735584470     
   1.5051171041534801       -3.4369214840495923       -1.5285462616439187     
  -1.7609161611442692      -0.35117939065746739       -1.1756772994831497     
 -0.20606159143936414        1.3053446403788878        1.2605548221071434     
   2.0494718743685938E-003 -0.36041494353113340       -9.7102455445738714E-002
  -6.4598985945878401E-002  0.10533675584599858       -7.8943846924881600E-002
  0.83388957871620806      -0.26215712249525047      -0.37319695266982500     
 -0.43660338727058484       0.32940618613142741       -1.6561307707660555     
  0.63208493213082062      -0.25068486753820529       0.42847653812025377     
 -0.23642245756455488      -0.18572538315342571        1.3827214550375735E-003
 -0.11713987036041248       -8.0989150312370542E-002 -0.15144041692588986     
 -0.73258372185206766       0.28907545585689021      -0.23129221344382903     
  -3.8560794726597916E-002  -3.8075853966977997E-002  -9.4789197923376256E-002
 -0.15709849812187984       0.45200602752144337      -0.19413148248115233     
  -7.9563598299882285E-002  0.11647358065719794       0.28896320715860729     
   2.7373559560252989E-002  -8.5990999378422490E-003   2.6154744077953665E-002
   4.9843212119530106E-002 -0.10646833424962618       -1.2891768997312862E-003
  0.33795220223252570       0.82388676718613862      -0.79919419982279649     
  0.68559328312028534        7.2155886359822521E-002 -0.10781151398662646     
  -2.8225275865986929E-002 -0.51336249148201119       -1.1922841668151305     
   2.0519545097638640E-002  -3.8071584761161938E-002   8.1365798349510299E-003
 -0.75537964189182694      -0.11146380644349844       0.35602413061265115     
  0.65197329026772621       0.53669102081308051       0.29901607691088411     
  0.61355388319053716       0.51266795234337625      -0.12222122894478514     
 -0.11487287436085024      -0.10948428192854891        3.6923538073338757E-002
 -0.13347967407958589      -0.13282263535796418       0.14741705924837531     
  -2.3955548686862962E-002 -0.19034659270556120      -0.12856452572322430     
  0.36859428989709286       0.57874038640871783       0.76864857627695871     
 -0.61692752505078541      -0.45548368802532702        1.1083337380787819     
 -0.13657591989186696       0.24883907314113735      -0.40541431489589452     
 -0.79158228376438056       0.67902671749936516      -0.44305522590442464     
  0.17118260950985920       0.31623019507735056        3.0205128175159288E-002
  -1.3327390474396763      -0.27242791973559177      -0.46873047643416044     
  -5.7022609294618207E-002 -0.13000701516355698      -0.17855398569966779     
   1.1415271740144703      -0.68092663411619481      -0.44294773843071689     
 -0.12720124034693281       0.16236738047511234       -5.9960150396054533E-002
  -7.3407034262830101E-002   7.5243503710300461E-002  -7.1077498121034505E-002
  0.97160512981267011      -0.37096135613050402      -0.43072874095577862     
   7.4494738733507107E-002  0.83318702613043016        6.1661636526334218E-002
 -0.10434527238327222       -2.7797470865783668E-002   2.7653847894001288E-002
  0.31186617238959335      -0.93012767648699124       0.55266389027082097     
  0.84004961243268883      -0.48927680910847804      -0.52448105453812399     
  -9.3079498157967566E-002  0.27651507828094080       -2.0919216525789316E-002
 -0.18864699730143883        1.3936984391003051E-002   3.2146145404166777E-002
  -8.8511060951466367E-002  -5.4042437230835232E-002 -0.14764791354048062     
 -0.60018544039144828       0.68963204858184146       -1.3851319461843767     
 -0.10683864855593134       -5.1626940311247274E-002  -8.5186987795921695E-002
 -0.15644095755479126        5.0735441897216765E-002   7.0460793931301696E-002
 -0.30626583877475116       0.10981469514376260      -0.20989498863103187     
 -0.16973722938927174      -0.41212447982174022       0.11762623778907670     
  -2.9527945418017523       0.37842070853745535        8.4770250475760776     
 -0.60517457899256644       0.80957900834901975      -0.26659466487663502     
   6.1983470818225354E-002 -0.18201098002679342       -1.8231553764457432E-002
   1.2421058526386466E-002   1.0434502667577176E-002  -7.5278623405317463E-002
   4.8303100635413987E-002 -0.31903678850321993       -7.3093814461232420E-002
  -2.9459383747588386E-002 -0.12314297275429932       -6.1603208568441058E-002
 -0.15062957271260916       0.12725825666184176       -4.6591156275409149E-002
  -3.6703931902815942E-002  -5.8967795791976432E-002 -0.16160293826349600     
 -0.41654275148268455       -2.1968546240813489E-002  0.68574621338708008     
  -7.6390586234829291E-002  0.34833716818117477       0.20009861532028755     
  -2.1664671948455059        1.9225555156316601       -2.7504102008672895     
  0.45028881304254503      -0.36193815016329928      -0.62531261294971607     
 -0.25754845083692574      -0.17460877599515126      -0.17269159896618286     
  0.30508861163873235       0.36450255662463127      -0.15305267388066343     
   5.7114213310542034E-002 -0.13047865851042278      -0.14370512446248609     
  -4.1373522002974991E-002  0.28902901159550376        2.8124846053693878E-002
  -7.9090615141082423E-003  0.12308356740586378      -0.49046832525427120     
  -4.7607542937636027E-002 -0.17640753951446850      -0.11630567600674711     
  -1.3042383254946640E-002 -0.10105459031112056        7.0874159723583706E-003
  0.15677846741558801       -2.6894529879827093E-002 -0.44638279966584021     
   6.2824867155491975E-003  0.62685838134292027      -0.18499084068865973     
 -0.13042998609315806      -0.14479015298668788        7.3599852071352140E-002
 -0.25011554336731640       0.21221115246849709       -6.6611295700761131E-002
 -0.22656535513635478        8.9943095084117131E-002 -0.21917929675452252     
 -0.20199625036678381       0.11202424244867981       -5.5169843602683968E-002
   1.4485617651766931E-002 -0.57141399217897926       0.40206192498450205     
  -3.6070904915936466E-002 -0.20205061012336228       -6.4987258831015540E-002
   8.2932759577697551E-002  -1.5606150428889834E-002 -0.39077960961608432     
  0.37136132659831239      -0.74560732260361917      -0.58888237070663785     
 -0.15625756619316861        5.4224694476988147E-002 -0.13165631778747625     
  0.58586819578122029       -1.4435365511334384      -0.12042128239540251     
 -0.71354969672424107      -0.57520274022842088       0.13732473759886352     
  -5.3770057204020269E-002 -0.11858842058300431      -0.13621325497469253     
   8.5216739733122784E-002  -7.0612697866426377E-002  -2.1455498478642667E-003
 -0.12204984174353908       0.15151851695870325       0.12470674571162894     
  0.19199390682546902       0.36794115364929236      -0.10326226785641320     
 -0.98369137494338088       0.54258310243105146       0.53732685911757772     
  0.93663254407620833       0.22702394245027432      -0.76512724936590160     
  0.14800104611904533        1.1211661704906524       0.74011476526355813     
  -7.0520070673219748E-002 -0.15363602430549655        8.7367020744892054E-003
  -3.6216590920094917E-002 -0.12681373871210000      -0.23020142272075836     
   2.3532810255234113E-002 -0.10278183828930271       -2.8680874883987635E-002
  0.10294034286298312       0.31822579464775469       0.38608087406010300     
  -3.7041274553772173E-002 -0.38329389699108046       -1.7557332877910371E-002
  0.18494526481720597       0.52336035846333451      -0.64983596578783420     
  -1.2036247603419887      -0.36880267930851229      -0.25238455339488114     
 -0.58485099682453490        6.7006845893126749E-002  0.46694428147105160     
 -0.11737291130953226      -0.14167997431123355      -0.20467259337085675     
 -0.19319565170542480      -0.36113588626262677        7.6547070993749106E-002
 -0.12026303755224277       0.66068954442472538      -0.10720802163174080     
  -2.1820738858381317E-002 -0.13545228866418244      -0.10344164935729376     
   1.1623069000828803       -4.8013302707414418        1.5829268410728425     
 -0.49951264012836744      -0.53708600619772817       0.61553110697070423     
  0.66609567664235170       -1.2230206238901835      -0.63013076749245345     
  0.20551483589980565       0.13213210266099901       -7.9596645732120788E-002
 -0.14766942829646484      -0.17959507848904202       -8.1443849425411011E-002
  -7.3283357813061972E-002  -3.9651886887866764E-002   5.2781186420711307E-003
   8.5415756102597093E-002  0.21925054994356266      -0.24847379776220507     
 -0.13855490253196576        7.5798683780734427E-002 -0.10100262281463833     
  0.90300512413920897      -0.33731318961802165       0.86849484265891652     
  -2.2466477130768651E-002 -0.14332037098894149       -9.7498544582770671E-002
  0.53021441877988662       0.55462272086636144      -0.81662680491423767     
 -0.26716831496818255      -0.47501187528390754        8.4297607445522602E-002
  0.29555300539494433        8.1243801764095805E-002 -0.22515092612030868     
 -0.20438430468102442      -0.15401351397351343       0.59148511392460590     
  0.74943918091949124      -0.23727452849933570       -6.2752392473673063E-002
 -0.90808274183913062       0.36237129995475620      -0.64211988168262635     
  -1.0936853012400585        2.0838520928769442      -0.94983938285751457     
 -0.16745456094158143        3.9911556195792772E-002 -0.13924637242950361     
  0.84610855568024690        1.1628983649578042        1.2177933497424347     
  -8.8420823317547872E-002   2.9751288764911041E-002  -3.7372783064150851E-002
  -7.3995657314764360E-002  0.11674507789582166        7.6465850617724165E-002
  -2.7086377817071086E-002 -0.17999568353754999       -7.3996965739397527E-002
 -0.20093717656114576      -0.30605515053771026       -8.8635353504112502E-002
   3.6869964376567747E-002  -1.8748918509412148E-002  0.32710894677714014     
   1.3538352474080476E-002  -3.5792435293973149E-002   1.2996077680421422E-002
 -0.15359380159276501      -0.36429201835477448       0.11346314388784098     
 -0.16679279055360141        9.4388653903971359E-003  0.15847113816638547     
  -4.0806777282066553E-002  0.59273658239616978       0.16453346664028087     
  -4.1676389545718256E-002 -0.20678035291539379       -2.9536838664526711E-002
 -0.13085390239334690        6.2159061470919021E-002   1.8797985359502448E-002
 -0.59515563362532964       0.29050163272291291      -0.66330425988536423     
   2.6233938475227224E-002  0.13649707349928844        8.0777037110920116E-002
  0.40270184552272537      -0.59259664513807453       0.39238836836782187     
  0.13587460923992314       0.46845691142305129        1.0418438965831938     
  -1.7041163993284578E-002  -2.4879074750818121E-002  -4.7297616726754164E-002
 -0.67587982276746961      -0.15653541678607225       0.75540057853635334     
 -0.10371840184724082        6.7656880699537514E-002   5.3221415868823063E-002
  0.48447066116569376      -0.45028753728633464       0.72342000927519645     
  0.81825481746162820       -1.2409283749507323       0.30307533648316776     
 -0.14074941246071485       -10.651199285664756      -0.26968798391412702     
  -3.0171807991255958E-002  -4.8197309693447800E-002  -1.2441078702999105E-002
 -0.24025441683467272       -2.0750322540976002E-002   5.3565057087731738E-002
   5.4320549720928486E-002  -9.6826374725096115E-002  -1.1304592388975840E-002
 -0.11181729395420134       -3.6093729611473960E-002  -7.4650181465191617E-002
 -0.20807100753452851       -3.6536513791889005E-002   1.2718137278679043E-002
  -6.9315025080751505E-002  -2.0819708202342455E-002   1.2143845250475783E-002
   5.3265544073945417E-002  0.28441983728556680      -0.23885809870430869     
  0.74829758078162401       -1.1969547516576713      -0.12977366764571949     
 -0.40288010582951894       0.31197521093797531      -0.15203874046247737     
  0.42532773939190094       0.63537801288202178      -0.44485188483200216     
  0.49214948024589988       0.35829782738825766      -0.24878411993364255     
  0.74712185751270255      -0.21501825234265104       0.97195089334964169     
  0.26270933683994641       0.29886575934872800       -6.6143928008311256E-003
 -0.54650975166680338       0.58426606866728659       0.41846133143901565     
  0.40707418629978109      -0.85912202807374605      -0.30354389033579798     
 -0.11141365157127306        2.0995894621061523E-002  -7.4434642581052271E-002
  -5.0382338060195764E-002 -0.12640751789498822      -0.29355527972463480     
  -6.4571593568072017E-002  0.13986602269172707       -4.5624685236502122E-002
 -0.84451898083720567       0.66810686079602433       0.36302714037521483     
  0.64142822181889370       0.42454438472337741      -0.42151054737507465     
  0.83484663336707998      -0.17909805048315736       0.49158050309729745     
   3.7320683069511917E-002 -0.14200875591698031       -8.3682155657289273E-003
 -0.20724651866396859      -0.15209131332389322      -0.11075628681720957     
  0.13503036199316162       -3.0132536301462460E-003 -0.20896968240387062     
   8.9854490602755258E-002  0.86227520457833773      -0.22756715481513726     
 -0.17798389053160671       -8.1852196494464652E-002   6.3570013183309959E-002
  -4.3701591963429501E-002  0.65325276132495513       0.96944931219491715     
   7.9050807702730472E-002  0.21244288654780413        3.7653252515718438E-002
   1.7451178393525155E-002  0.19366718334135891      -0.15657985636918695     
   4.2979120168049618E-002 -0.15871422343499664      -0.25825454990737240     
 -0.56797481539199757      -0.54351468106518741       0.33970430921985822     
  -7.8104259699808290E-002   3.0288922208036133E-002  0.35710540350699749     
 -0.54804775488722135      -0.18230609657920610      -0.35214930788324250     
  0.89318113310760139      -0.46055866379727706      -0.24495164761225749     
 -0.38862297426175524       0.17388644628171535        4.9440404307826979E-002
 -0.11968211328093813        2.8429633541046509E-002   2.4709650082289095E-002
 -0.17205220354279793        3.4377003059763434E-002 -0.18350073368286865     
  -5.4052743605026897E-002 -0.10538655173623696       -8.1297069285970830E-002
 -0.19997453817159297       -3.5806122691443673E-003  0.11385017819801888     
  -8.2610030287513410E-003  0.81494090300545952      -0.42713070883707882     
   4.6887410919015673E-002 -0.22634346176900508       -7.2041747501302633E-003
  0.45700206617726163       0.68765415533294583       0.29811512875308638     
 -0.96384043880415826       -8.1583101066742048E-002  0.17087546150912836     
   1.0147275605293731       -1.2702573201657798E-002  0.63054085246211944     
  -3.2913793663400297E-002 -0.12052695238257824       -4.1623755811751498E-002
 -0.13460822230675346        1.1160204364922421       0.92654173650719052     
 -0.18308063282206466       -3.3710988807791012E-002  0.23772490208468255     
  0.30448353390649813      -0.66202051972697240        2.2568738956596031     
 -0.21208644684951300       -3.9972160166485027E-002   6.2270828549591782E-002
  0.36381764193312544       0.85394970499809364       0.26384986913842390     
  0.76366544140360570        4.8773168312277695E-002  0.78564038039839734     
  0.60832894453423625       0.39673947792011255       -9.7470962325767782E-002
  -5.2619254038905106E-002 -0.19626688912611567      -0.15324055170371262     
  0.54709329497255554      -0.48937732415498580      -0.12271301297919725     
 -0.58990947804213900       -7.3684873265596515E-002  0.72602537251555854     
 -0.63398722878811120       0.19836926363984272        1.0652516382831394     
  0.59579562724019686       0.65049038895261169      -0.57616213540376426     
  0.65922931474012003       0.28066649207648581      -0.65385606794647644     
 -0.38241061548749716       0.40384526302297347      -0.13155773694953110     
  0.81730829942975447      -0.62741830781801844       0.66063589831419078     
  -1.2096968966269204      -0.66939635259848185       -1.4466806559121350     
 -0.12953307997758595       -9.6522623256479409E-002 -0.16231059537428089     
   1.1239458135934048       -6.6890050157499534E-002   4.4491501596518299     
  -9.0960937040260467E-002   3.5198355753959618E-002  -5.6508628497866753E-002
 -0.13177454487435764       -3.4521891295438062E-002 -0.13092164488187807     
  0.28631020362754883      -0.72311107228189797      -0.79410802502997480     
  -4.6751467829439737E-002  0.16027898265928575        8.2462959088662417E-003
 -0.24644796839242206      -0.53850484608206228       0.12113396181542713     
 -0.10107708550598427        6.6573358934036014E-003 -0.11431924020454734     
   4.8249420441306749E-002   1.1035120557804827      -0.55396668918219993     
 -0.23835415222652673       -6.3690671372412924E-002  0.10119151121229213     
   3.2630040847164400E-002   3.9828817576825486E-002   3.0342196540747650E-002
  -3.4001431175893250E-004 -0.12332371721870831        1.2887232799897364E-002
 -0.17786447512436820      -0.13051371140693460       -5.3519660093577772E-003
  -4.2577491288092080E-002   6.4347556230502576E-002 -0.16884469031227736     
 -0.17772193568565220       0.36488912590837730      -0.42316796426736025     
   4.6967981942692853E-002 -0.83182953137211912      -0.47028397957130585     
 -0.82856944267823218       0.44269122390252535       0.49006145929861233     
 -0.39641763796767793        1.1249964706277180      -0.35066011726752949     
 -0.20163578671633792       0.16862911974491596        8.9098061245180424E-002
   2.2029987605722834E-003   5.7276890743356724E-003   2.5784899350085832E-002
 -0.34341927717839482      -0.62781956586594212       0.52037205086940586     
  -7.3612287062514048E-002  -9.3300337607424844E-002  -6.2953571318281581E-002
 -0.23206640031945178        3.1126507781816224E-002  -2.0585056894637761E-002
 -0.21454095216888389       0.44415778962689340       0.75415380155800738     
 -0.15489793746156691       0.36743670894992164       0.32062891638988961     
 -0.14104590296512137      -0.11317541812766224        1.2347351144210990E-002
  0.65526498558944013       0.28504107163007963      -0.24769574798101499     
   3.1510263042512178E-002  0.13757335752513133       -1.2740297680386472E-002
 -0.60919919768625830        5.9612990528144623E-002  0.87687314603716104     
 -0.10877772292539181       0.60670932348032314      -0.26622530078754914     
  0.13580141591026557      -0.69769652533437210      -0.12063794869363639     
 -0.18599957547189622      -0.33474426738984764        8.2967237638381819E-002
  0.77197236831969762        7.6889792724781785       -3.3568003018296051     
  0.52611979116728103      -0.26449256922709657      -0.20779750607029476     
   3.0283959877088696E-002  -5.2220031572368882E-002 -0.16908632530536483     
  -8.2824634867846608E-002  -1.4747952650221498E-002  -8.8036053033221318E-002
 -0.66466022564438809       0.26566886324306888      -0.36999315736467092     
  0.28104875866835388       0.68993602593501802      -0.55196810673961638     
   5.1536163096483492E-003  -1.2213741717148259        7.9015972349847516E-002
 -0.89149728424037344       0.14016219161156054        9.2186469822590780E-002
  -8.0473428586458146E-002  0.15829395575485908      -0.57639866687437480     
  0.17354280126512384      -0.91243174941312422       0.30534918107809356     
  0.26178677038814790       -1.2509730972237518       -6.7954435441975908E-002
  0.57491514564678603       0.57768618478099565      -0.98746069388835056     
 -0.33616703829160338        7.3552651147140380E-002  -5.5406753199791249E-002
  -8.0521602479283555E-002   4.7839111352935323E-002   3.9772716109055854E-002
  -2.9696089836848027E-002   7.1995296248772600E-002   1.6031115224978871E-002
   5.2136320335749262E-002  -5.6817618290216955E-002  -1.4893313311450003E-003
  -1.1961575247034271      -0.47836718129323536      -0.58763925995626076     
  0.75210389920044407        2.3366083580251549       -1.1312465496794164     
 -0.15396956539411233        8.4734436512304251E-002 -0.24921835744632412     
   2.6350613472426527E-002  0.26835578693421497      -0.26226574890277088     
 -0.52637017041294254        9.4770964269249636E-002  0.58360643457971928     
   8.7357051695834659E-002 -0.18661643274069367        5.1756443087029882E-002
  0.45192453957392176      -0.13566353658539315      -0.36242524421369543     
   1.0020369903174882       -6.0871780671594836E-002   1.3258366466952425     
   2.9238974745183836E-002 -0.37433555634169646      -0.28682417626999768     
  0.56195646554832157      -0.55607483490280341       0.56321730257772618     
 -0.26362607704366287        2.5603865579915900E-004   3.0683208918511715E-002
 -0.90174051572287284       0.25903541359877369      -0.45832018118976803     
 -0.64046846171594973      -0.65249527678692842        1.0036456296453380     
 -0.17150224206548986       -1.6567319582200157E-002 -0.14755719349491911     
  0.22577985571712120       0.50084484164410537      -0.29567193699646865     
  0.13730909398868560       0.47269063537336453       -9.4584167121012239E-002
 -0.20431762865717634      -0.47059407143534626       0.80446156523986523     
  -8.2078914956437737E-002   7.0935423161736677E-002   8.7496195962677090E-002
   2.0975697882362695E-002  0.11176783488548053      -0.16580562827625084     
 -0.41160880521962423      -0.41185907739204691      -0.34904881235695739     
  0.69723859447348846       -1.0030292215719974        4.0871150719845470E-002
 -0.15541390333617447        3.6803530365827127E-002  -6.4372963099978947E-002
 -0.23590638052270943        5.1105741960313984E-002  0.23661552929708043     
 -0.13266336506401252      -0.10224900793162063      -0.12768161342977505     
 -0.25153124045642505      -0.13091845014601838       -3.5486134416150901E-002
  -8.9230600510811678E-002 -0.14935932406622288        2.1389930723643591E-002
  0.84753968424436510      -0.36400672125211908      -0.32698681322682416     
  0.27557833496879164      -0.98369749509761428       0.15849711982063885     
  0.33533773089900504      -0.13846345068977917       0.21834133669327821     
  -1.2569247858646182        4.7349597137562656       -1.8364823976604430     
  -2.3232411419495141E-002   9.9383207161575601E-002  0.19272543542259471     
   1.9972585072526236E-002 -0.16373940361277428       -9.4875253332015116E-002
 -0.17370147578553305       -6.9627461210885755E-002  -9.1000789273324324E-003
   1.9025620952184438E-003 -0.23789568333300262       -1.8014112883232670E-002
   8.7956901947919518E-003   2.2305985449064286E-002   3.9669737675290945E-003
 -0.22639571428558300        1.0680850318566668       0.34132678819813178     
  -8.7108937860169156E-003 -0.57355554901002004        2.5866424334474399E-003
 -0.11590717508876160        3.3367987601003950E-002   4.4963794734077030E-002
 -0.14999568877324909      -0.12452421011022641        3.4060620651392065E-002
 -0.64115182150464289      -0.44779091320614589      -0.42355455909122519     
  0.16598083518105000       -1.1432861498591935       -2.8530138624368609E-002
  0.36916536596332844      -0.50476690424020876        1.1956687876840488     
  0.90318043456815522      -0.91411636766664506      -0.32746322244869863     
 -0.21067788357089531      -0.19644597936653657      -0.59865050831665856     
  -1.7869105992625055E-002  0.36691623325990697      -0.65877993312542316     
 -0.70432862348314618        3.1296150566821973E-002  0.59807242168031882     
   4.6587467020216246E-002 -0.93460117730145087       0.59837695805736757     
  0.43722131952316245       0.92071312632203572      -0.15891056698463943     
 -0.21520946867585239       -5.1709648546624645E-002   2.8873046016610247E-002
 -0.55560680325325262       0.31581377789737120      -0.12277059935972336     
  0.41033450597699300      -0.43230004753525303        1.0731335911620392     
 -0.16448113959469812       -5.6866591925734372E-002  -2.7345153235949389E-002
  -1.8062666751123533E-002  -7.3682999446392033E-002  -3.2177281103868229E-002
 -0.18793720548425749        5.0490084060011160E-002  0.12962599695261018     
  -7.8472868960101957E-002 -0.13573488550328153       -6.3100664299148110E-002
  0.20197716746549457        8.5188109030839287E-002   7.9885983696040969E-002
  0.11250261052683183       0.10772847915136005        1.7030005199819894E-002
 -0.14489567816546797       0.17176617230780941       0.23069331945237312     
  -9.2364377840421369E-002 -0.33970451748738323      -0.21262261727254936     
  0.45535948645762059       -2.9781706621813044        1.7416836009021093     
  -4.2383429200738412E-002  -3.7328980569700347E-002  -2.1350996518285086E-002
 -0.15092470109795017       -2.9237535260725065E-002   3.2997760063631157E-002
 -0.60167372410237996      -0.70551280973000230      -0.58416047959146500     
  0.35902107806458999       0.46154819289809940      -0.23015377044929031     
 -0.50847818942644474       -2.6943944697437074E-002  0.46422439760187134     
 -0.45852876038785750       -7.9217454870223420        4.0939916228475868     
 -0.14673654295058092        1.6966656205548027E-002  -2.3502406455421294E-002
   2.1416783507568732E-002 -0.11608710533311595      -0.15236523902944479     
  -3.6645276011245884E-003   7.3420925500000497E-002  -2.6740533095938750E-002
 -0.70782988642549294      -0.39329111440235220      -0.66138626551676138     
  0.27345733205275563       -8.4892829965468583E-002  -8.7586396666502239E-002
  0.80034829283707642       0.32496460531065924       -8.6465033163749191E-002
   6.7494843322157480E-004  -3.3450044440949310E-002  -7.1849077893849464E-002
 -0.32641699444546785       0.86732831235216423       0.31976013572962964     
 -0.28977427261747218        1.0430337308827238       0.45115304002672274     
 -0.11839344256467030        4.3491175267245333E-003   1.8268143464958371E-002
  -4.4001260987968367E-002  -8.8506215860880449E-002  -3.4984238832128346E-002
  0.85877168613020016      -0.30342999505270679      -0.44219530171852267     
 -0.21818181531392536       0.22486460131906499      -0.37124848921905623     
   3.3231614174226785E-002   2.5733667188203309E-002  -3.8138956781466858E-003
 -0.10130626413861916      -0.24682622816476030      -0.14910478646182770     
 -0.27294246292536373        7.3000543850066782E-002  -1.5944548525552771E-002
 -0.43040876737089562        2.4433358010131196        1.2801793204007068     
 -0.39710074014602148       0.56365685060841042       -2.8795065673760476E-002
 -0.59921535803618020      -0.39154215737754677      -0.26533770542738938     
  0.79834199316370558       0.74924796115888648      -0.83879762126331348     
  -9.5102809895046367E-002  0.14484541797511249        2.4430713847707102E-002
  0.17796488302327187        11.009167555594617       0.41380968512743566     
 -0.14102410896618470        3.5395393341434156E-002 -0.13163600912511389     
  -2.5530317926258663E-003  0.54857618791859075        6.8138152014889639E-002
  0.76711614097077452      -0.75142041542425142      -0.22018012751429922     
  -9.9951006548829477E-002   2.8629411445377645E-002   4.3766812114594107E-002
 -0.10667273284817150       -1.6977758127890170E-002  -2.7962572057251233E-002
 -0.26233458034035095      -0.49082564012718582       0.27098949384114024     
  0.42376668865256673       0.52529858470981916      -0.46785313106584780     
  0.65526234891664492      -0.46215072401801810      -0.73970678447070626     
