 -0.21391602192391529      -0.27099011341009888       0.17150186827867930     
 -0.11103636530133092       0.21987212121887770       0.34013136161608759     
  0.23116640451861045       0.42051884728113925       0.29276682424760869     
   5.7652966461815461E-002  0.12484466910150897        8.9247746882785528E-002
   1.3119430685162952E-002 -0.15065859135527085       0.44608834136616449     
  -6.2098714748769553E-002  0.20003278592506948       -8.9182433698874172E-002
  0.46272318207468388       0.52172936690565341       -4.3106708648409056E-002
 -0.18324961360725214      -0.49999556254819294       -4.0449575858832007E-002
  0.11306728749106887        8.9467425149703003E-002  0.44904600409524414     
  0.78078382994666262      -0.69934819383875224        1.0158589076896363     
  0.47279381270374149       -9.5255182461558799E-002  0.27841367271130668     
  0.18765612825867700       0.41528735459306299       -9.1190108389010427E-003
 -0.12970920454318557       0.21140127849352761      -0.60057134010729585     
  -9.1965593170558677E-003  -4.3912741697312380E-002  0.19328172634565211     
   5.4757691290223301E-002  -8.0954514093810742E-002  -4.5734288778951866E-002
 -0.40421297786664273      -0.20883116229161250      -0.51685044456823859     
  0.24735370044951657       0.55852733876539506       0.23483690331413185     
  0.13532376394462386       0.31668063638885224       0.16555797432312497     
   7.0374630108786751E-002 -0.10084245459795448       0.33445307664347196     
 -0.50534264990596700      -0.25128984362314238      -0.39707338487667110     
 -0.37541283919293672       -2.8863238198318264E-002 -0.36917417282108111     
 -0.13347265296080779       0.21304159380144361       0.40324270255065120     
 -0.36531158141841674      -0.16077621912693849       0.31052241371308298     
  0.21005905668904143       -2.1117246400748163E-002  0.13453532562670176     
 -0.20436051482953119      -0.11032567748565479        5.8845814986938264E-002
 -0.41208377271618274      -0.24604231698628606       0.34697908207276151     
  0.43015661629967411       0.25787813578783125       0.29617894503191067     
  0.14391118419683230       0.41666737667379666       0.38299409744832291     
  0.53477527419464144       0.28474681548265046        5.2534756715051860E-002
  0.42331426527368277       0.23661704336789605       0.32203750870038583     
   2.3873287041363770E-002   4.0332488519437874E-002  0.12985755258434353     
   7.2774894046146357E-002   6.5847583611639855E-003  -7.6136772088313737E-002
  0.15517365072544465       0.52231378453784516       0.28188141751013812     
  0.42234292197703671       0.30749384348299097       0.22106506227521275     
  0.47237768117318440        2.9957280634655796E-002 -0.21096668215044898     
  0.21977449672760621       -2.3334093179955901E-002  0.11459724806446336     
 -0.23814651650741542       0.45948814556070811        3.0161722751338473E-002
  0.14973038348436127       0.17214159336408005       0.20895490620789653     
  0.14804058449690299       -8.4776595892701187E-002   5.4332660874595352E-002
  0.20153456250795326       0.23579902961269825       0.25753882905489639     
  0.13751596391255186        1.4448239232723934E-002   7.1382435688381943E-002
   5.4370694632481426E-002   1.5449956056700350E-002   8.8871376282561657E-002
   9.8348173961775684E-002 -0.16617351285145149      -0.19143085529790033     
  0.59367891126280714      -0.14802133778280188        5.5928897978066064E-002
   6.9471784425486557E-002   1.6890756050855372E-002  -3.2641812595393858E-002
  -6.7123007146377506E-002  0.13498908813677207      -0.42446068060368886     
   7.5486158106237461E-002   1.9152641932066875E-003  0.54691119881015782     
  0.29074458738382880      -0.27772508599095880       0.17957319560362267     
   5.6130381612285500E-002   6.2229608766788888E-002  0.12708063039040529     
 -0.33910955453786623       0.20255921498061924      -0.56574899679446344     
  -5.9408402842167892E-003 -0.20199846685708672       0.28382858806693839     
 -0.19117608527814517      -0.49348767316400538      -0.27001270219871160     
 -0.14521013501312777       0.19456529671076919        8.2233880996191222E-002
  0.40811220942234322       -5.6510426348353890E-002 -0.74754126552512457     
  0.56331386383533644        5.6719931888905187E-002  0.24474088927231102     
 -0.17276083368962494       -5.0393482214274400E-002   4.2634859936805623E-002
  0.45032304708543558       0.34838606167676167       0.17777597136580284     
  0.19292621886980257      -0.64343201255250937       -7.0625559958740498E-003
  0.30676384409581969      -0.24071425554559323       0.43351950638906522     
   6.4409987888463707E-002  0.13209728173654567        3.2222449709614118E-002
  0.12595343171123288       0.16106846202049591       0.12952835196363147     
  0.15393171515448489       0.16090920780041598       0.12685750338102819     
  -6.2300221154038991E-003  0.42176088351002072      -0.36187904828664114     
  0.13990772447202054      -0.41936980007656099      -0.38517297491126118     
  0.29091093556634368      -0.43372591142386641       -3.1957022161221156E-002
  -8.2385942348841001E-002 -0.24683037468520216       0.17259348464666616     
   2.7315475429827037E-002  0.28921086526116646      -0.45540277348290625     
  0.37341881210157218       0.14606171728727430       0.15458016695670163     
  0.51743172806133808        2.6909951544446829E-002  0.26308271915436404     
 -0.20480787164716571       0.28901473709534625      -0.30173398308440091     
 -0.18079961191022315       0.42207460274888908       -4.7118094548765727E-002
 -0.11037060750395994      -0.14301692181798839       0.41676149722899691     
 -0.47591740512864034       0.38678962631856684       0.27464872233361459     
 -0.14552079683031036      -0.21725999811428881       0.44918354730772092     
  -8.4106461043424355E-002  0.28701953359729421       0.45078106397460571     
 -0.49730381742383473       -4.8853760184053914E-002  0.16681911243522449     
   8.8001458854939221E-002   5.0073164764076847E-002  0.53633429261428456     
  -4.2412072538969656E-002 -0.38070557232687841        4.5596032407693686E-002
   9.5101399305967477E-002  0.15486182067319063       0.11315586774789209     
  0.20696362432637941        7.1098747400501608E-002  0.38816533709639833     
   7.2155478844461954E-002   8.0295851892468517E-002 -0.50840447691276169     
  -2.0143496936990614E-002  0.58860820599531516       -5.5698301815600079E-002
  -4.4080193725687583E-002 -0.31105014234367628      -0.24010268657950140     
  0.13525899557711862      -0.18522143396936849       0.28116170979770877     
   6.0016918918713913E-002  0.44619081358820550      -0.25568098809164119     
  0.32878388779840023       0.32158801167247819      -0.17287867176117511     
  -4.3929719021014252E-002  0.57394567346420988       0.21197620245486726     
 -0.34150639539548988      -0.23340865234145750       0.31632766782391925     
 -0.39840452341109545       0.32300405766554169      -0.28230872679373975     
  0.33019443554363165       0.36537735398944421      -0.23592451803192047     
  0.14666684202408597      -0.20736166978899523      -0.48552764099272266     
 -0.23427158784685939       0.25706065887954699       0.25831733998133360     
 -0.16351930062888942      -0.27432563987869668       0.39002762811611852     
  0.22114119339172800      -0.18691954330759017      -0.26361867143764034     
  0.34169566398689899        8.9141868054247703E-002  -6.7543704121219891E-002
  -8.9828540611253976E-002  0.51514227493468467        6.5298477503722877E-002
   1.2566334784037928E-003  0.56566582387961972      -0.19896907981643233     
  0.19043780764671747      -0.23030205756478567       0.39932789055820167     
 -0.32714527496597856      -0.35797262768996924      -0.41581851465413344     
 -0.35562460677965413       0.49018131054285397        5.4581789410878538E-002
 -0.34256854723445784       0.35096333725881157      -0.27303232804900268     
  0.34737953823793349       0.37361335603524193       0.23409071401722556     
 -0.53214475322416499       0.18261907538401015       0.36727592605561454     
 -0.24120662160006390       0.31149160192796943       0.27108010940978428     
  0.34369137768536301      -0.18061349334030238       -7.6501521325376437E-002
   6.8299867995594996E-002 -0.28244622282325788      -0.44736358210789751     
  -5.4380947372389681E-002 -0.48521385680844847      -0.37733530339280930     
  0.23743029588498310       0.39412109976249210       0.29396309491597244     
  0.23337822709868516        9.9860368546861158E-002 -0.52046107827705923     
   7.5012685813109478E-002 -0.49592005665075478       0.40767363310501803     
  0.42597191362518411       -1.3947574527550730E-002 -0.18805674773230799     
  0.44738971809099781      -0.30689015174123319       -9.0931823849984300E-002
  0.44291621102300743       0.28270048746028237       0.20919717940915045     
  0.20198438518685355        8.3984118246461497E-003  0.60360922114738247     
 -0.48341421611954782      -0.11942865833187580       0.40710359148435649     
  0.10682448658953882       0.50494203490754341      -0.24785116046272179     
 -0.33147126687519674       0.43819858632410891      -0.27724944928026873     
  0.39687164977778122       0.28560656987429456        8.5459700516944716E-003
 -0.11489078189882650       0.41621279224896224      -0.29130407885474813     
 -0.46346830118380949       -4.4847937054922626E-002 -0.37345543260858405     
 -0.18151471927245194       -5.0801005993644247E-002  0.20591447612119310     
 -0.46079324518346337       0.15089390870362651       0.15131720644999225     
  0.23067107061316927       -8.8556602258255249E-002 -0.31447290686916674     
  -3.1595215113599098E-002 -0.11249684218849049       0.13159319061321603     
  0.13512881874570673        3.5705681328528839E-002 -0.12802298582001392     
  0.14776220318508707      -0.40378992053062274       -9.7648288126443467E-002
  -8.6030935219860369E-003 -0.10599445112093767       -2.2283932184408117E-002
  0.11776143009879306        3.5006929363932465E-003  0.10033337394805990     
 -0.13087263985591541      -0.48737598517889708      -0.25884289323058512     
   2.8392036279278176E-002  0.55980320367396830      -0.20155372183475620     
 -0.14211417832761156      -0.52947536367784631        3.1847059725234168E-002
  -4.6517290020679787E-002 -0.18378726838254678      -0.52199029378428730     
  0.49514759496167915        1.4294026104485120E-002  0.25019241669345094     
 -0.61818428360106625      -0.11844542306049410      -0.14025481976227175     
  -6.4105245343271056E-002  0.13796298411804200      -0.42431397682652033     
  0.12751262658363086      -0.50912106998992501        6.4380625376521255E-002
   7.8122758142803422E-002  -2.1743778463932828E-002  -9.4165225061529384E-002
 -0.55000456020881372      -0.14456061575580423        9.4356672971601732E-002
  0.18713251720828458       0.46396862092002084       0.11979010402395343     
  0.13473530835547992      -0.12534400652709438       0.12359945429621336     
  0.39780513865429962       0.15847561762067663       0.16738546517779315     
 -0.11758672540395115      -0.16732347145557899       0.13773555243437949     
  0.12312853272628382      -0.17274682360287941      -0.18369240527531788     
 -0.22496621359129992        2.0948130335805580E-002  0.46635935949420393     
 -0.37388074751853168       0.54409867868548323       -6.9186503728091195E-002
   1.4032209487028097E-002  0.39387361275232696      -0.28733877543277619     
 -0.52759971376757131       0.17948249058652443       0.37124542799425075     
  0.11055244133450383        7.0895364640260222E-002  0.16523981796831516     
   9.1232182625819280E-002   9.6609637041298602E-003 -0.50657120826320334     
 -0.14335443138348147       0.37511684510138532      -0.32874501680439183     
   5.7238628932402849E-002  0.53471476616510205      -0.25290641238636230     
   6.3417680741749305E-002  -1.0511933456461631E-003  -1.6621198989787030E-002
 -0.43346923118358782       0.15374986545644645       0.17146520145914992     
 -0.11344844271123193      -0.14265720936144108       0.42345050570890680     
 -0.21291214373314829       0.19068788330685857       0.23967721749813284     
 -0.50012356995975071       -9.3993353232100604E-002 -0.42267963400687114     
  -8.8628349296916556E-002   3.6560426321318666E-002  0.30763675025897685     
  -2.2036912719180027E-002  0.52125832081904688      -0.41566430109252706     
  -8.2270794856978607E-002 -0.51093281452000539      -0.26330248257520850     
 -0.39757951435293637       0.14946784399068180       0.20538587502382297     
 -0.18190141145170050       0.36991804131630790       0.37716363256193064     
 -0.28013043972715812       0.29266730296357668      -0.43477056088573268     
 -0.23286151666251395       0.52850696735226643       0.19309077086060927     
 -0.25666610795586531       0.50196340606592083       0.16753716866403232     
 -0.16885769269498710      -0.10430950974189783      -0.23603197587224450     
  0.57893524828265552       0.13833404023396223       0.14276589596286862     
 -0.45042399194718563      -0.42448165850968866       -6.6829851075582833E-003
  -4.0805144964798173E-002  0.28896537633438985       0.30344007115067584     
  0.32620903217043962      -0.54959709975808035       -8.0651967089504353E-002
   1.2054374785369373E-002   9.8834575875769839E-002  0.17605846013948387     
 -0.42481528110133576        8.2626995831014211E-002 -0.42545984003126008     
 -0.16941740420460516        9.6875861871738606E-002  0.46159862919545747     
  0.40913832175466069        6.8892670859614424E-002 -0.51145876483133079     
 -0.38962423036698213       -7.9037688732954928E-002  0.29670247078254580     
  -9.0969623109885045E-002 -0.60118155644724913       -2.8207245176699276E-002
  0.18869548479075268       0.24758671515568043      -0.20636537205210012     
  0.15091917614052425        4.9069913601350367E-003  0.15128078717491811     
  0.23724508272992770      -0.19388411114422160       0.27407824322094010     
  0.49723216969970746       0.15070876839275488        1.0878958494772164E-002
  -1.3227155575828336E-003  -3.5449158022774256E-002  0.16907449430757959     
  0.13391492340501610      -0.16085718233314239      -0.17748900654272309     
  0.37832926979444770       0.17617183728552505       0.12065627546842922     
 -0.21656144480346926       0.11200019537809984      -0.25705296424772989     
  0.11216230006196849       0.21781481183145496       0.21704163255972958     
  -9.9646340113316814E-002  0.43448680672440859       0.27465167487053416     
  0.24265651814594019        6.2658631300018364E-002 -0.43746464519398770     
 -0.41437939813911795      -0.18344311498122201      -0.49396133813723186     
  0.20892129977833354       -4.5870529821165087E-002  0.11553796414664523     
 -0.23359026366344454      -0.21622798982090111      -0.55776396535900941     
 -0.18164028802148319      -0.54967799902716385       0.25058421877232279     
  0.44125612393685082       0.21183898461018141       0.35181701866389897     
  0.45252379447140439      -0.29182621554570881       -7.6298863376310963E-002
   8.1512611083773036E-003  0.22924433162136662      -0.12351981546895574     
  -6.4972312263164009E-002 -0.21486244994847725      -0.39083445287976254     
  0.12357872739425459       0.26114553391613637       0.51634384523076970     
 -0.11081007000980146      -0.28299963075331419       0.53691851926026668     
 -0.47042284436068871       0.35151281769853593      -0.26497444957562577     
 -0.15769612691962759       0.32596157010772231      -0.19245273872156934     
   5.1447963271712860E-002  0.15070603428029813        8.6757508706808900E-002
 -0.13815660888123801      -0.30417314247052202       0.37864552057002504     
  0.19293989068733167      -0.62681561411607767        2.6335947528276123E-002
   1.4231877049449417E-002  -7.0448727569113467E-002  -7.3884811887881041E-002
 -0.21340788495486779      -0.33693871375876089       0.23062826213025012     
   2.9870468167729140E-002  -4.3772959622314554E-002  0.21768003037702596     
 -0.40452165414180169       -6.2678003614303437E-002 -0.39692000694540863     
  -9.0957882081569894E-002 -0.24686748080986207       0.19909720306962236     
  0.33496680863201400       -4.0826736149841621E-002   2.8871760090729441E-002
  0.24267935599511070       -2.7986975065100495E-002  0.15432157228981230     
  0.19011561267401123        5.1224875372006456E-002   8.9330758327783366E-002
  0.16097090576515796      -0.23459387082013969      -0.24767967980612779     
  -8.3914071633442999E-002 -0.63130202114467582       -7.8761883245503178E-002
 -0.24954989909631384       0.25809498616655735       0.14313323247519003     
 -0.53138317220666020       0.19156270998864300        5.7440973484229101E-002
  0.54171602784265049       -9.3599605268850097E-002 -0.22986388810999095     
  0.41308231364907050      -0.24030336052279638       -7.8124318572228624E-002
  0.13028164466712586       0.28951313821327435      -0.61800306726177190     
  -9.6538803757500430E-002  0.11687194068783907       -7.7541143673557869E-002
 -0.15574230748554713      -0.22043484256847820       0.13615047247847939     
 -0.30430646443743403       0.11036746438719670       0.20485716832209963     
  0.15114557334230549       0.47438080275032551      -0.35998657834996045     
  -3.7953025854139857E-002  0.26334000263133556      -0.37526907227413003     
 -0.59382415075745343      -0.17188642748755997       -5.9135707795350267E-002
 -0.28875901299200868       0.34226137706587817       0.16979884468618431     
   1.3360914431318160E-002 -0.32772215148216599       0.17749617376990737     
  0.19264240316999479        4.1969135116167698E-002  0.62323083492406017     
  0.49145514638623267        3.6451734923949680E-002 -0.21646376935428036     
  0.39009033120250042       0.18711792307821387        4.5012046846200818E-002
  -7.6925552012970189E-002 -0.29933750122042246       0.39353807302596328     
   2.4877120878255905E-002 -0.11321529657272163       0.21446666023890526     
  0.53171067896683200       0.18104376213259504       -8.5167873984390255E-002
  -3.3770062237270360E-002  -3.3520391769593871E-002   8.3516235207006670E-002
  0.26282287352390227       0.20106149877896090        3.4428510881977070E-002
 -0.21489020509798729      -0.56968994014156549      -0.28565850152730998     
  0.19417386053607638       0.10187186553871566      -0.36216871114705990     
 -0.50101627581837460       0.29001323846935501       0.36082964847886378     
 -0.24141913922154606       0.31601477036072828      -0.38778160556727731     
  0.11542797491979552       0.43024478958565038       -1.2891421588399626E-002
  0.16009822967694790       0.23424730768715363       0.21884127683051985     
  0.18530186020953304      -0.53728117036851430       -6.8362243593088068E-002
  0.19930580183440377       -4.5567408694654463E-002  0.33209990329448891     
  0.32512819158008077       0.37519026137267913       -9.4472453220346989E-002
   9.1539627690003955E-002 -0.15171369694757258      -0.20047821435054311     
 -0.15578032168369429      -0.20652584583892686       0.23254298223598369     
 -0.12317544374445713      -0.24124049339851772       0.17773041706110831     
  -2.1994188022157819E-002  -1.3190533466576324E-002  0.12585735287333549     
 -0.56658421832735828        7.4491222468076559E-002  0.12486241964112511     
  -1.2804226789418324E-002  -3.1593052492960912E-002  -7.9129139429820305E-002
  0.41331476329658340       0.27748821037690302       0.12921609918425805     
   7.3072894783117390E-002 -0.34883738985526519      -0.11141508958546223     
  0.32175895964040963        8.1897843243170149E-002  -9.8472560934559097E-002
 -0.32090413315205368       0.38844711697395240      -0.26850357410626430     
  0.42749667863167529       -1.1799549348144658E-002 -0.18264540407038826     
  0.18363943172763847      -0.21829242466294591      -0.55729581175908860     
  0.21059076326822013       -1.7344168995016673E-002 -0.27173063749221038     
  0.29450089193168716      -0.15593233417033259      -0.23826403376078081     
  0.50775001553311339      -0.26771090777410261      -0.11092051742332276     
  -1.1067402799612195E-002  0.35619053344831059       0.16252995434462569     
  -7.9601823587188272E-002  0.52766381454412215       0.12600735184679496     
   2.2065476067067821E-002  0.11360106959400434       0.10435999350559831     
  0.25588963913607121       0.21464789725922276       -4.3380015568877391E-002
  0.20419704687747348       -9.2400719663881373E-002  0.49425606960715579     
 -0.42908192035789000        3.3372546145537807E-002 -0.37236029463091691     
  0.31605196563252086       0.37753996827044722      -0.26536158851702740     
 -0.17194372694811114       0.22975977357338856      -0.19998422469898344     
   4.8439797493110476E-002   1.3560407481945270E-002   9.5200875675028371E-002
 -0.10752729193208518       -4.5502447344712121E-002  0.12633189205653961     
  0.13847756826428470       0.37017248456313179       0.45147199584927455     
 -0.41590300057013119      -0.35550805305632616       0.11548356564594271     
  0.22783327835620118       0.50147512417015550       0.18257212128088285     
  0.14076486963976914      -0.17563912958380598      -0.15624218082109348     
 -0.22107084579101785       -7.2654615282002954E-002 -0.44474131113680038     
  -4.4960310235931500E-002   5.4415863199766622E-002 -0.61748742792288203     
 -0.12975579805713694      -0.29259477591196781       0.17672182380016765     
  0.27635627870086499        2.4514913838964994E-002 -0.33044950907035742     
 -0.10476576531138690       0.25746838129873079       0.38403740048263418     
  0.26739129918020910        1.4780561312642904E-002 -0.32431959357354917     
 -0.45509406006150849      -0.45321115338842671       -2.8940345201884508E-002
  0.28841228551162001       0.14419766944296344       0.16659136414974518     
 -0.48624137834195064       0.16073631324871410       0.16782684283804639     
  0.32155878717289393      -0.32480486245372298       0.19215983246749738     
   3.9413648141701230E-002  -1.0504962991332007E-002  0.11051264930770605     
 -0.19195784034062011       0.21883626780818954      -0.14699222251893737     
 -0.10782995263987272      -0.15255314118782198       0.40712401856113956     
  0.42767418587008260      -0.28455938669406594      -0.10677049936389056     
  0.27888498279099783      -0.30144858542226882      -0.27447559003461841     
  0.24229927456587219       0.12504083144697542        2.1528606667522650E-002
  0.19550866235321526      -0.82836214057901436       0.23050558301658683     
  0.16250793020270834      -0.19234435244382403       0.26245720746440293     
  0.38490407329964560       0.32746312068528638       0.22503881693943611     
 -0.51340722014694995       0.40509007353702037       0.18612373473897650     
 -0.36486754201137311       0.11514691705754859      -0.52434318736174179     
  -3.0043047110123535E-002 -0.11154720889413708        1.6776276061976916E-002
 -0.18087894563928902        8.3178715629019281E-002  0.11225210956917782     
 -0.47139751024988363      -0.34403757521807166       0.13073227400485285     
  -4.9721720763130466E-003  0.14767732213645096       -6.1478390418532397E-002
  0.57848204819255122       -7.8105486500600355E-002  0.21381417927874002     
 -0.36896277841868297       0.18585544245065361        6.7489559583992928E-002
   2.6846903357931631E-002 -0.43485255578040627       0.13629185451785894     
  0.22015930098606978      -0.11222183743948755      -0.27467315779557794     
  0.17260008867923488       0.28591804333260590      -0.17335488787919931     
  0.31479149509430965      -0.34755962142063673      -0.15293909769306596     
 -0.47494437618498253       0.35610339910510924      -0.22711790942346427     
  0.20777358600065302        9.2380149080997467E-002   7.4122838099196398E-002
  0.53297445896754647        4.6688349236435236E-002   6.4187095398236277E-002
  0.32219825162620885       0.14319998552297372        4.9991648228520695E-002
 -0.27462366248099512       0.30353287960366115      -0.39534986703812081     
  0.41380331433644840       0.27221672735916519       0.10156568384180327     
 -0.46540133604242973       0.25220871716957288       -2.1948742078705787E-003
  0.41098220589918610       -7.4996082008210105E-002   4.7451877566333053E-002
 -0.46868419911659420       0.10289733667660995       0.16540995789890106     
 -0.39451077740265861      -0.43984409311122763       0.46689848611818036     
  -2.6065729129296139E-002   7.0821780176773944E-002  0.57395319777630804     
 -0.13054065966508871        2.4245229915408697E-002 -0.49477223071364629     
  0.20784137774071743       -1.7780259021118877E-002 -0.26210933481351778     
 -0.10801166446243080      -0.26591467812055497       0.20443853457658157     
 -0.30289078572146472      -0.43301702432965078      -0.16990079892204799     
   8.2237673490740001E-002  0.21639269807411321       0.11856692487168835     
  -2.9148625213776376E-002 -0.12553125721074740      -0.55098124032564855     
 -0.36853157048399054        6.0868501760250604E-003 -0.33827315290612547     
  -6.8188464083552558E-002 -0.42237529456524475       0.19335884413255347     
  0.32337958409874074      -0.28234011339100595      -0.29387749553744663     
 -0.21265846165119923      -0.22998564539915056      -0.35051069801172541     
 -0.24461488196020198      -0.56626423937154813      -0.27995054563468230     
 -0.31775973127405144      -0.50046079626428830      -0.15309406436612077     
 -0.10537460176792914      -0.21596646859852742      -0.44370736888441326     
   5.3556630377928072E-002  0.23436695032773713        6.5481991449622842E-002
  0.22009665256383509      -0.38857533054450022      -0.35659248541723737     
  -4.4776361213631780E-002 -0.27944292771597562       0.23068117103588373     
  -6.1970510632824395E-003   7.3029455026699969E-002  0.13484016447941957     
  0.12891315561343614       0.21554571863726238       0.60722895557823309     
   9.2107353214483628E-002   9.1950369055509878E-002  0.12029383230426234     
  0.38616171942932231       0.37775644080203474      -0.24641838351145975     
  -9.4587946088040067E-003 -0.38507892295511159       0.77754349325119820     
  -8.1720529001711624E-003 -0.37297457680807289      -0.49808003328981121     
   8.0477446743597109E-002  0.31839309456470299        3.7823571665939540E-002
  0.33522650202908205       0.19028386319062543      -0.36224083679854846     
  0.42949370032155743       0.52842189087674230      -0.10990344630247767     
 -0.30068658160786604      -0.49598359816786469      -0.19190886383413910     
  0.20034729863769485       0.10429147900171580      -0.43745228055281210     
 -0.22136421479300877      -0.30502814653486354        1.0986284998990153E-002
  0.12195484577925146      -0.43253026120435067       0.34324686569628865     
  0.45274102086328949       -4.0657259183595293E-002  0.46725568562046338     
  -4.7016002940386589E-002  0.29371353354255170       0.42655155079287171     
 -0.75491570061859747      -0.79233346441370733       0.58714364928490270     
  0.14757680919013380       0.39655275851325039       0.37947355070662170     
  0.37202093985438406      -0.14386965339389968      -0.15057276863790270     
 -0.53095618790104282       0.25448328059293812        3.9591128062606847E-002
 -0.16882682927702874      -0.52599253423056724      -0.23312558352996945     
 -0.56043137116119146      -0.25023529932288108       -9.7118473842042474E-002
  0.29095870209556335      -0.14975986474040334       0.27101878628743947     
  0.13133848521945796      -0.15981340905975902       0.24988288216474394     
  0.33187627432589029       0.42381831887626853       -5.9135518848118601E-002
 -0.21088336498267871      -0.24107014405787830       0.52314457808945058     
   4.1512601845460427E-002  0.43258711355648483      -0.48124332490545063     
  0.27397414438847539       -7.1416557429327718E-002 -0.35263787639187605     
 -0.46122975947859440        9.1386092237915995E-002  0.12336583814639375     
  0.11480906897608267       0.21263244738978901       0.38556523462997006     
  0.18515884814688063       -1.1975500013191830E-003  0.11453482819593214     
 -0.26230462024234791        1.8502555766712326E-002  0.45640303844863200     
   6.5045620072159666E-002  0.28252821185714905       0.13358697514552212     
  0.19629959404464378       0.29565486838921357       0.33219560866650816     
  0.15055438912459246      -0.11090445152687486        2.7958665560187276E-002
  -5.2435963883146322E-002  0.34762921459677537       0.44877081266365937     
  -1.9193182473120946E-003   7.6601972709295432E-002  0.43156048819468923     
   6.2544366366986792E-002 -0.47963527439376680        2.2335581350219919E-003
 -0.28203126403122591       0.11784654703327825       0.13034095392621031     
   1.9853309553532678E-002 -0.53827437318677596       0.18824728197471782     
  -1.2406254695977042E-002  0.40562890565985515       0.18336000881257419     
  -2.7309537610572955E-002  0.36597968004882092       0.32963633474002491     
  0.23581941385128039        7.8183487965773055E-002 -0.46205867916872695     
   8.9944842000623526E-002   1.9900678231754735E-002  -1.3590707376875578E-002
 -0.27644588609645415        1.4928724965081904E-002  0.46173580838596817     
  0.32029120761510410       0.56245867244023717        1.3480820712620138E-002
 -0.27135861098003322       -4.4705583784613326E-002  0.25458603037176680     
   4.4563875631863190E-002  -4.5179026819166010E-002  -5.0901048691423145E-002
 -0.63056932283119804       -1.7282325158316274E-002 -0.27019704893276864     
 -0.14906426824703098       0.34762097940825398       0.50538262723429495     
 -0.43607812590595180      -0.32406330842766534        1.9952667810115753E-002
  0.13462269969257354       0.80377171935697422      -0.14831128279960082     
 -0.52018551360860033      -0.34416599239224377       -5.4441104504244581E-002
 -0.25366025516581003       0.12109237909568522      -0.16583957134880881     
 -0.21339925143437938       0.21941058463480417      -0.17892616360244287     
  0.42215295781232415       0.10730768622128022       0.30581393937624207     
  -9.8595037692155593E-002  0.51460127293239322       0.12175722015918844     
 -0.26888440219489962      -0.45174419265765703       0.12681563780506308     
  0.12172103520789410       -4.8718230424859704E-002   7.9434580613599065E-002
   8.7120213930697403E-003 -0.44977732579538221      -0.28165828620868777     
 -0.26140589124465008      -0.30562078013646193       0.16546729490617695     
  0.18495562857088460        4.9592920885084116E-002   7.0108567598564431E-002
 -0.32084950878565277      -0.16395531682087808       0.37038830935792000     
  0.13665079099704600      -0.11693225937663626       0.14395032463419363     
 -0.10044477693056984       0.31360861867208228       0.26107652842667356     
  0.29559431972015088      -0.25515260651777594      -0.28956195220226494     
 -0.27020414937454107      -0.17078944112597846      -0.36911366715730104     
  0.54901124829769476        6.5937108084011348E-002 -0.32010658041903400     
   3.4421586653868790E-002  0.30981155436611241      -0.12622392114374065     
   1.6651978189188850E-002  0.27514854656550802        1.6871644762955603E-002
  0.32976782165309082       0.21895811923647890      -0.40991243109496556     
  0.26078439802082470      -0.35103583411650868       0.12941501422196397     
 -0.21650435266727802       0.15479027070302989       0.17376826791620709     
 -0.21552290545276079        4.7452377054621943E-002  0.46924417235343852     
 -0.66347799299642773       -5.6553476479244691E-002   1.0397102411944364E-002
 -0.53583757112231234      -0.14369945023278088        3.9345155108701707E-002
   1.1130998909820214E-002  -4.8282916382267942E-002  0.22638329522629216     
  0.34045988491073481      -0.14012166130297538       0.45151543841648151     
 -0.32944218499868361       0.51422609820609233       -2.3428851715707889E-002
  0.49276045119860595       0.11779231177854384       0.22451828997001580     
  0.35685147610458023      -0.33764474527271404       0.29245104126772486     
  0.23576808730596213       0.38867129958177393       0.32555321514831831     
  0.17847159343430599      -0.23874923961285641       0.26019170143968373     
  0.58533368461778257       0.22042305726535752       0.12666891787105869     
   7.0301698273868091E-002  0.13578837202436675      -0.23778269625405019     
  0.28911400693867745       0.31707666525236516      -0.52117084005991920     
  0.32202929859857216       -3.0629069221608456E-002  0.19746270615990733     
  0.25045793481851669      -0.24378262879128526      -0.26839776806648957     
   6.7936732602868893E-002  0.38006821854294398        2.6308885102279588E-002
 -0.16299952728554742       0.31872667133577159      -0.22260549433645940     
  0.38281683628735258       -3.1092373324809876E-002  -4.5041163273912187E-002
   8.3471506589018987E-002  0.19032649587838851       -8.1310548911233210E-002
  -8.2731028235358536E-002   2.9672584679143441E-002 -0.53611606872764994     
  -4.9619330046088171E-002 -0.36516887339547577      -0.17838088034173169     
 -0.29821314475399952      -0.25026946304352660       0.49508479318332765     
   8.7153566147499278E-002 -0.10702778264772733       0.12197970104150879     
 -0.48317428349283159      -0.38483473621086722        1.0857437374474746E-002
  0.28175187588165573        1.9327200640332099E-002  0.12695240092187454     
 -0.10465125152978624       0.10720990238958190       0.12476370993932684     
 -0.66041289254588464        9.8314494399318011E-002  -2.3962988314526992E-002
  -9.4529552808991654E-002  0.43127508236872047       0.26940302758452594     
 -0.35461304294884965       0.23218384444789333       0.19899994060026380     
 -0.48617271805380413      -0.40547394282695920        9.8754130488764094E-003
  0.45041545933370220       -6.9589696235319055E-003 -0.41370135842033651     
 -0.57340167307093504       0.27824056368121713      -0.19947695889739755     
 -0.22287421017667944      -0.39243445399887805      -0.31804573106481954     
  0.32621414846790731      -0.37548276364107946       0.31298461397261917     
  0.25145524118200008       0.24107608744747455       0.29284308393185138     
 -0.15280508910779375      -0.29899999902393781       0.17030831499760216     
   5.2638783113987460E-002  0.32173033786010735        4.6854671159715207E-002
  0.26297674824488981       0.31934927211005260       0.28127727954129650     
  -2.1225022325563919E-002 -0.33754626098583823      -0.27592097320121267     
  0.17274862026089180      -0.41479213308567026      -0.11837244685407927     
 -0.32821551521354336       -8.2138586666204327E-002  0.54243308985869176     
  -5.1019809749805654E-002 -0.24101441361430592       0.16969271695966864     
 -0.25644548237754877      -0.52680979474218226      -0.21954083929760851     
  0.23443188170793242       0.20125077656372647      -0.10866754574264478     
 -0.30833380456563819       0.22157309089578081      -0.44244458216937860     
  0.30531385086858998       0.15993859200186450      -0.54939859467701524     
  0.21461919337844140       0.27249410916897637        2.3343346977116826E-002
   8.1097369560971425E-002  0.38601954613323619      -0.15686986151089938     
 -0.29245891014020187      -0.34287190604264561        9.4942568662938445E-002
  0.31350814056659532        2.4617344712106078E-002 -0.33222616205176353     
  0.37658060431951845        1.0287075598464120E-002  0.22235539512859454     
 -0.10953173234174086      -0.60218936049569705      -0.12163212054354265     
 -0.28997872103072275       0.61780598747532001       0.40019119972372641     
  0.31709125147191036      -0.25552349354633541      -0.30349848407379848     
 -0.15491336985993073       0.21809568837130858      -0.11576493530223038     
  0.18796431257193832      -0.41929740235369395      -0.11871371676996866     
  -3.6694223719275783E-002 -0.10377553469095664       0.28590925735827460     
   6.4913309547928325E-003  0.58316867841535969      -0.25864699454370038     
  -4.6651705096313736E-002 -0.51619973814798448      -0.30378401264242205     
 -0.43283519525292263        3.8129767090977158E-002 -0.37238904372145049     
 -0.29995384446573248      -0.36932945206309631       0.26948786442187683     
 -0.25540238083561789       0.33644667460715616      -0.22579105384810491     
  0.27495566312361630      -0.19300051156261017       0.18827882390860995     
   1.8776354616841861E-002 -0.45388043798960859       0.38824527058426500     
 -0.28262348197523413        8.5515835494892778E-002  0.22122141480594237     
  0.17742988528483886        8.0939457280426480E-002  0.38258109876191415     
 -0.19541423894825538      -0.34259193890421824      -0.53966087543181174     
  -4.2411635461302173E-002  0.30977798427338488      -0.39318172570778970     
 -0.42623776917536793      -0.42774674951029984       0.14369307970171194     
 -0.44134573044792175       0.13131363395325971       0.36134826214706484     
 -0.56069970543076086      -0.10642121046454245        4.2726996091564086E-002
 -0.19162273447129380      -0.47446135017665647       0.43648845471637232     
  0.14878357027458225        1.4037188416574655      -0.34878348902377149     
  -9.1690915256646521E-002  0.18043103643124814       0.32505876865069777     
 -0.47524448215088294      -0.24393479871545426       -4.1136991972313186E-002
  0.22905612618054885      -0.11928194723909691      -0.29711192177610019     
  0.47254909129697698      -0.40508051471620155        2.6929798085597954E-002
  0.49612209085539266      -0.19529183742436154       0.13872058931590178     
 -0.21395162447154575       0.33394328620348579      -0.35301741043174223     
  -2.6245619916166292E-003 -0.11912000411513765      -0.17739474541900976     
   5.4828330885438273E-002 -0.35516407602370775      -0.58755990548461901     
  -5.6735592753761353E-002  -5.6735421227759784E-002  0.11211261034708113     
  0.32775019685901796        2.6546777124026404E-002 -0.56506647837295920     
  0.40030170478431099      -0.20392546033483114       -6.1437365153415413E-002
  0.20342096000433266       0.40628901140150703       0.34698953527439663     
  -2.6536587152425108E-002   7.3093873003170079E-002  0.59319560726953191     
  0.23787897395799257       0.10028294198482843      -0.49157522074351112     
 -0.29713337699583409       0.11824302901194648       0.17288732083186936     
  0.10891167233086815      -0.20164586933023371      -0.20146560452356579     
  0.34049378073355951       0.13491629084587606        2.8824150099377045E-002
   8.7076703336775918E-002  -1.6906798202613402E-002 -0.67036932292310081     
  0.22379559498183185       0.15616025998571414      -0.36838156858184756     
  -2.5838558889311393E-002 -0.52354452633530357       0.34877823816430564     
   7.8511546521722070E-002 -0.13607751337119242       0.14621786425372454     
 -0.17328823884831657       0.37019659444593167      -0.20179683974352164     
 -0.53210172481972762       0.29615865765268362       0.21787749730936043     
  0.55839354653630258       -1.3019159199556846E-002 -0.12213329137112194     
 -0.32366786887288912      -0.21727474943055830       0.40751553186547917     
  0.23950448870794852       0.18978358860722572       0.34814364840925593     
 -0.18415506323708503      -0.52779581641081952       0.20753075064800439     
   4.4758971252746665E-002 -0.51367859415973982       0.35527029725893006     
  0.33973716401428261       0.24316404744428269       0.14585167598614654     
   1.6748215328397527E-003 -0.10254342076091626       0.12594075765865140     
  0.32523932780421189      -0.14120526175151984       0.26269637879459745     
 -0.48882379236032075       0.21201127611584211       0.14905172623913884     
 -0.37204454116475855       0.34661422500663969      -0.29897189305479366     
 -0.21206542111432597      -0.16626971693751152      -0.44061045050113617     
 -0.20474648881236251      -0.48441434594305205       -2.4884123526475302E-002
 -0.15261175218883827        1.6192804956822664E-002  0.53230383771323475     
 -0.29035265876223959      -0.46815126155329645       0.19097833040177173     
 -0.52993103404501174      -0.12124555709596650      -0.40936280749962234     
  0.38001936532780151       0.13554329331163889       -8.5914806028878313E-002
  0.24608345709441107      -0.23990125473265256      -0.25326230652635590     
   9.8911585514290232E-002   6.5741696764423693E-002   9.7247939789355711E-002
 -0.13019443062536001      -0.16903279957416936       0.14455442051553147     
  0.34054963276272543       0.42202942326047227      -0.18704736514621001     
  0.19632798744213834       -4.2004060656450293E-002 -0.31009655989666524     
   5.9180232527287505E-002 -0.20045480286861025      -0.18488760218631592     
 -0.31658289235488662      -0.42839376963746900       0.27561217863528265     
  -1.8002301037087116E-002  0.34692680334703163      -0.47216211255744317     
 -0.43066824695037459        2.2180684559321050E-002  0.19508477113328260     
  -7.3151833949074832E-002 -0.29166687096322791       0.15404040640948338     
   9.4014490939806059E-002  -1.5187043328087369E-002   6.6814478000596395E-002
 -0.26044148282260315       0.29567416914766925      -0.28389645583146939     
  0.18019736221068045      -0.14934780057827354       0.14059813125640111     
  -2.5532494135285019E-004   7.2348911810984949E-003  0.11004567173086330     
   4.1880867773704346E-002  0.36497006699280088       0.10098792902855251     
   6.7062894524141339E-002   5.4807668768392835E-004   2.9296157400523354E-004
   1.0322837960119877E-002  -8.5227047092305760E-002  0.12654294818033904     
  0.13308988130688862       0.15296438440035584       0.16207845381043071     
  0.41417298610476028        2.3491291037082748E-002 -0.30828878951206251     
 -0.20578260727240005      -0.25133588066339702       0.13625943567467447     
  0.20954318204563452      -0.38130483203039017      -0.12748707533662765     
 -0.13662639295688331      -0.47474793652020064      -0.30468989559252280     
  0.17322862413143209      -0.13451711415921105        1.4378619636173762E-002
 -0.29499102804163585      -0.53591118748013156      -0.25136390031898581     
   2.3323756930958651E-002  0.18230559590766793       0.19055669481253884     
 -0.23599134542747294       0.31729036240184577      -0.34238354610000776     
  0.25519278663358375       0.32740391375497496       0.25324402795900458     
   9.8345080799981999E-002  -9.5687966846399561E-002  0.13831764921715106     
  0.15583754385281806       0.41762792136133758       0.37974630696128925     
   3.2817076322365094E-002  -7.6077427322321589E-002 -0.14132642799813069     
  0.23195704771270975      -0.13714773536400796       -6.5874272656136018E-002
 -0.22152431324573055      -0.19148342838287361       0.28244767090781531     
  0.51189138745573792       -8.9395282172933157E-003  0.26587473183836308     
  0.16330201391159513      -0.13914320640715147       0.59192660593921620     
 -0.15309812493858163      -0.46753660838234484        7.1012168591529454E-003
  -6.4038147448312072E-002 -0.53614616795111447      -0.37190640597343544     
 -0.52609845646547981      -0.15854087800565758        5.1174248207209873E-002
  -7.7549853428594245E-002  0.28329705824257490      -0.38376873048782612     
 -0.46340642441264585       0.26111783308900455       -1.7939202456522581E-003
   3.5052217786751494E-002  0.23263841293636428        4.5580717737577520E-002
 -0.18939070298509816      -0.18161078023778646      -0.37155575740440366     
   7.1404943161457651E-002   2.3884405361127754E-002   6.7072631415192999E-002
  -4.0679660230341606E-002  0.33594185511953867      -0.56775497709410083     
  0.41186558067848139       0.19279455986704669       0.19315939087995679     
  0.39846599682297612       -6.9417010295799345E-002 -0.43521650214595548     
  -5.1528992608528910E-002  0.18231210575986495       0.12025631991036921     
 -0.25240893073905168      -0.30767652725709210      -0.45264428235657489     
   2.8002467071493842E-002 -0.62561728383981829      -0.11554671834889350     
  0.25726300981279099       0.19499491997729620       0.38475339828097171     
   4.0205558278229719E-003  -8.9056877533533169E-002  -6.3268126650383977E-002
 -0.16583158567876649       0.30857132649063423      -0.18324834407082866     
 -0.37542330404019791      -0.28070605927098563       0.16421163848890605     
  -1.9881346491164232E-002 -0.32370137235708435      -0.31047926267241194     
  0.56338149020591566       0.15042263297458089        9.6868537083451112E-002
 -0.10865101794778784      -0.57266222987660054       -6.0517971914360244E-002
 -0.24955515179144080      -0.38569719675484898       0.14390401814003251     
 -0.36787715155014045       0.33756654528687058      -0.28382138398228712     
  0.37583585103639505       0.19089708132104521       0.10435332362798849     
 -0.12477685687990357      -0.22915392789595124      -0.28931277205564521     
  0.47088536994280533       0.42493279604783263       -7.4038980142764318E-002
 -0.19184385007054178        8.3554100679407550E-002  0.10906235158325546     
 -0.27165333976866746      -0.26264329378053225      -0.27709527162178443     
  -5.8034230746272501E-002  0.41209611154499964      -0.21423486898917571     
 -0.18460901394589796       0.27673334546063771      -0.30990175806332249     
  0.19406938972241070      -0.45539278539385752      -0.30896974893377049     
  0.10298659618777087        3.0127173791289201E-004 -0.51606369814981579     
 -0.33839402339120245       0.14271242234780154       0.15619137797511620     
   2.0248797802951350E-002  0.20550908399866613      -0.24185005707738605     
 -0.41544690914978810      -0.20661226082941483       -1.1780279389259258E-002
 -0.28943487726006661      -0.22865390401129981       0.33396821398820370     
 -0.11335748968520266       0.54040379771840241       0.11093097313119919     
   5.6287179474040092E-002  -5.1254404173337050E-002 -0.67027632093232103     
   9.9453670595154296E-004  0.33274761836866046        9.8966344886951385E-002
  -3.5189390976131336E-002  0.53612462715250553       0.15850605640356780     
  0.20111368771000959        6.9059536437026434E-002  0.40716110868492478     
  0.24109046688562000       0.18693919642086887       0.32342885237997715     
  0.40281636834775636      -0.31216195598736363       0.30073673796307071     
  0.45142653480598799       0.33338595590825493       -2.1543074499455413E-002
   1.8270877392625107E-002 -0.28998168771235378      -0.54302398226051074     
 -0.49357822948630575      -0.36792758966575922        5.3392789891142057E-003
  0.27217578673951837       0.16139831175037406       0.42630084644561966     
 -0.46059262463424760       0.14535904579879450       0.13092959965719425     
 -0.10708894761169216       0.30489185469300639       0.27421754843045842     
  0.45722547463743901       0.12364447318474908       0.20985472841715722     
 -0.45977685998624035        8.8136829422899174E-002  0.12047393851100541     
   7.5493351991564511E-002  -9.9571368394478901E-002  0.14762865525309324     
  0.21845587323521840      -0.11693275215641902       -6.0397853526701677E-002
 -0.18042813439833130      -0.54307174882189435      -0.24538972514552890     
   7.7616781910514146E-002  -4.6779341037406453E-003  0.51372477646222225     
  0.16559597154836098      -0.19296519354592662      -0.52703309275105681     
  0.22520397403562892       0.28218304892245061        1.1374673508320056E-002
 -0.33923554823016039       0.21249227646153776        1.0104962874035281     
  0.97119893452982486       0.42402035598882160       -2.0949141124163097E-002
  0.37122461887358504      -0.19343864121510418       -5.2309779346725723E-003
   2.2007237764169272E-002 -0.46469113531274620      -0.70922050629302458     
  0.20302744504845291      -0.67511482524752775      -0.28529571762330008     
  -1.2421492213046117        1.7688759353774417       0.50177448346316778     
  0.16302162639209825      -0.23359995744117079       0.14250615495943428     
 -0.22456412901639836       0.28332051282217907       0.33849949854041894     
  0.27496073718806363      -0.30891296425758935      -0.28484688329718666     
  0.13936493849171164       0.17261471028770525      -0.52010346662590790     
   4.9542684938529973E-002   1.9772848751995073E-002  -2.0507659203212993E-002
   1.4618635634037987E-002  0.24333022891495337       0.13412775600738427     
   6.7470443708663896E-002  -7.9057954963054539E-002  -5.5136721770366527E-002
  -9.4695857383031476E-002  0.24610855427414580       0.42456622175061298     
   4.4987988450983993E-002  -1.2417629862623585E-002  -8.5324009254509545E-002
  -7.8415048420189828E-002  0.14594833778158889       0.40632239308988216     
 -0.41492186921899643      -0.34599153367482943      -0.50702259680786066     
 -0.22163947630240080       0.21465254922188240       0.34317817341125167     
 -0.53221309781681592       0.26745764941309130       -7.2538352530828035E-002
   7.4633492535539581E-002 -0.11103725770695902       0.13009146924829829     
 -0.24652157552463133      -0.33077659560385975       0.11532823196826147     
 -0.20251278324553118      -0.26560534050752183       0.12818788396234590     
   9.2050530644105011E-002  0.53169246525277869      -0.18825139161440746     
  -3.3962896315717972E-002  0.25827691260086022       0.41725696950253771     
 -0.40321048979327162      -0.17406999537040216       0.33313774429631160     
 -0.22112445367048739      -0.12102940753567457      -0.38617711694018603     
 -0.51910893791705925      -0.31645111533242720        9.4935963546996849E-002
 -0.16315268093629892       0.25726628327966350      -0.16031425130950450     
  0.36733820571185755        9.9054116050230526E-002  -4.1225315867679552E-002
  0.18312021425702810      -0.14780459238492147       -3.7215917782176854E-003
  0.11531445349362979       -9.2847121744204966E-002 -0.19533891269569004     
  0.19548503913865906       -6.8475163430733191E-002  0.23247477434825783     
 -0.21538583312012372      -0.36393819510447634        2.5111834826622045E-002
  0.13595898336830786      -0.16184068029995100       0.26382163693954563     
 -0.27128382913278670      -0.28267440735822119       0.16617567477864875     
 -0.24026663993542105       0.12657347924341963       0.27262147967986938     
   5.9116395268807284E-002   1.7412703332045313E-002  -1.4085281785007460E-002
  0.37415498446481488      -0.36978443914644038       -1.4949852992219074E-002
  0.34450885076054516       0.24551801091123929       0.15089287590867528     
 -0.11434000423750912      -0.26323434631423398       0.17074572222186149     
  0.22346167393287666      -0.59382193469141831       -8.2002321953859869E-002
  0.13808263643767332        2.9235742355278659E-002  0.11409655797447121     
 -0.22827536816881402       0.38903278331464558      -0.19897458163336881     
 -0.47059734933102054        4.4153670885881867E-002  -7.2573262077819514E-002
  0.55987229486817480       0.17101668906682091      -0.10706056565660867     
 -0.17033458674312787        8.9397270856696062E-002  0.46909523301010425     
   4.3922528285788021E-002   6.3965341860864583E-002  0.19920251171216222     
   5.5099236574273056E-002 -0.47702570570935793       0.13190538171835875     
  -5.8363149020251451E-003  0.48762914148026404      -0.28950218925584187     
  0.26860194399374071      -0.41654215012631790      -0.10597045201362269     
  0.16611106125952385       0.60279096594482640       -3.1924889838916603E-003
 -0.27541814203617559       0.34579207723624678      -0.40279274360178341     
 -0.42914724681824445       0.33300921259476751      -0.18461869720968896     
 -0.50147710485881691       0.26884365753916395       0.37721070609991003     
  -3.1717042428904683E-002  -3.7795104215087159E-002  0.49993647343926489     
  0.24703307513016368        7.4844845234560056E-003  0.13793797754665943     
   2.2976348908511277E-002  0.34318340571474037       0.21762894817553097     
 -0.15849112651014527       0.26350920306509651      -0.14974899354234378     
   4.8957407151184892E-002 -0.21770449553674298      -0.26727072702936577     
 -0.18775221011218290      -0.46306725610177679       0.24110200053496966     
  0.20180662962840426      -0.49506932963686895       -8.0658310876059770E-003
  0.17863050121667798       -1.3291426690560504      -0.82714860617030150     
  0.65457503873791190      -0.11030327550100656       0.15478129290283962     
  -5.0930217915694090E-002 -0.34569183847437174      -0.56664321490897862     
  0.21607664575634400       -3.4674964997662920E-002 -0.30278129366334805     
  0.55904655155584770        5.0107287289159662E-002  0.24516888777264467     
 -0.51088583772872731       0.25786402093836797       -4.6442338345080450E-002
  0.39254556148466246        2.0912378844648517E-002 -0.33530353643839211     
  0.19793043047846803       0.34430896732300298      -0.35443000660537810     
  0.37046001349680552       0.14391141040090255       0.50847579135022303     
  -4.8598429871502105E-002  0.37678933247092483        9.2064039492082667E-002
 -0.20873957511699417        6.3613203655358705E-002  -7.3753481041708827E-002
 -0.23797982824617331       0.25861273787339634       0.30508902438694202     
  0.32350353278943367       0.32749401835141323       -5.6570105427011866E-002
  0.46090807931523575       0.37200512324804463       0.17152514571784505     
  0.20640849282864732       -2.7252336394813732E-002  0.14117009415372034     
 -0.13411348682704169      -0.42779499895405887      -0.11990107411529739     
 -0.37803088497065618      -0.16493487909417928       0.28381145698880100     
 -0.37075749058520963      -0.40425251583516819       0.14959243261395289     
  0.28213588169948534        8.0835125877466441E-002  0.60458945222086213     
   9.0460196013681202E-002  -2.7356894102320260E-002   8.0234536147221439E-002
  0.10285875938965361       -4.9944198486811279E-003 -0.52822387391462822     
 -0.31897638604405276       -7.1948911653066494E-002  0.39272516049114342     
 -0.10779930904602752      -0.26778227938525967       0.50468843436598809     
  0.16509524739785658       0.29967442908399838       0.47137781036730342     
  -9.6904726477044817E-002   6.4742687089892254E-002  0.31118569889826170     
  0.19088445039443044        5.0063603760731060E-002   6.2043702000662025E-002
  -2.7201339057829333E-002 -0.47201245028003497      -0.28495484081497846     
  0.16556201192607703       0.34281979593107925      -0.57329091311130786     
   7.2938778559812317E-002   1.6958725628833108E-002  -5.5711585517154660E-002
  0.31974831376863022      -0.43327681293061565       0.37658802584870710     
  0.47570088565222163       0.33621282911702310       0.17125487122481695     
  0.56012533140385901      -0.25814601765974088       0.20493729456503848     
   9.4230777508458735E-002 -0.58459763531017350       0.13197005098095735     
 -0.56018389696414073       0.23911576302192875        3.7207506545901423E-002
 -0.20377488601975521       0.31055845948756328      -0.26780249868375422     
  0.24118790115205266       -8.8698450678208959E-002 -0.31840502192796050     
 -0.46953005983191137       0.23825059018708605       -4.3415710017671173E-002
   2.4401938288670943E-002 -0.45065920472605275       0.39973760837871142     
  -3.7908621488227457E-004   7.9202676502594938E-002   6.8502591035212376E-002
 -0.13949907151797381       0.24278999996351736      -0.15528727700623746     
 -0.62431424197574004       0.10614943001235938       -4.1554784738121880E-003
  0.40736303502273896       0.12692247816918045       0.16680137361532174     
  0.16940907262833294      -0.26658299916771977      -0.27498821968404896     
  0.56012517023064445       0.10928947591619484      -0.13904976531660543     
 -0.24811821315280827      -0.29193033524136580        5.2327740464669419E-002
 -0.28401251210178646       0.18727117811310964       0.33034208907223667     
  -3.9512600378173696E-002  0.21784610543556165      -0.20727979089432480     
  0.12181820538443068        9.0667349147294712E-002 -0.42544697446820562     
 -0.13199467611370061      -0.13094450196763296        1.7251886899933188E-002
 -0.12889224044438413      -0.28265388587726786       0.37576791744909138     
  -8.9155765248606578E-002 -0.62804814536973852       -7.7738163149592282E-002
  0.13940574867841896      -0.24146468488475331      -0.39641854790883296     
  0.45176329953981298        8.5323827522955822E-002  0.28840007066078677     
  0.12731285492340180      -0.40154678068732047       -9.3984773255923082E-002
   3.0596827831370941E-002  0.29885033022213614       0.12078806321635144     
  -3.6662318277666105E-002  0.60897925025670929       0.22094227298727759     
  0.20719502604445472       0.29449970796641151        3.5114521039909495E-002
  0.54354236207154882       -8.9961929966724408E-003 -0.13736247425308723     
  0.31297077074432134      -0.53478567458625059       -6.8541900129502883E-002
 -0.66685082102030169       0.64005228802156777      -0.68672192307909308     
 -0.51938365193373315       -4.7355551541686081E-002  0.16432723141531272     
  0.29379306454335496      -0.17390335000111179       0.12609361356104493     
  -7.4017592941590868E-002 -0.26030606265588252       0.20267857141308354     
  0.14570467116585986        8.9810190309779173E-002 -0.43753769956054611     
  0.31141665210552966      -0.19370875396396997       0.43244376039213644     
  0.35483503313352049       0.10695775374971546       -4.8083399648546396E-002
 -0.10259385692187026       0.55297033496980696        7.2393722586145515E-002
   8.3194647792786194E-002   9.1652792861240881E-002   9.7211325491354833E-002
  -1.3273643840380276E-002  0.59327166101079853       -7.0510480021833313E-002
  0.26361234472701356      -0.44178713718943569       -6.2154108191115193E-002
  0.27730240407796025       -9.3606972980283559E-002 -0.23900298210897614     
 -0.20122719352224214       0.25157076948879487       0.44170967869972916     
 -0.18972947462017720       0.36715425197519058      -0.20178199355244322     
 -0.18170044901809795       0.23422153224981329       0.31035589430001492     
 -0.26545624006305268       0.37581828616762258      -0.51740356908343554     
  0.34845394471896046       0.13877813867595953      -0.32390320236982151     
  0.19700036678507468      -0.19196718729681431      -0.31671730641027140     
 -0.52950251432215134       0.17049453843198512        6.7454862283563247E-002
   4.6263994603787585E-002  0.41987578703147588      -0.16166402432554686     
 -0.27840896868314635       0.46721900733640398        6.5964046072891191E-002
 -0.20842585805323549       0.27029774381787025      -0.19833209649166508     
  0.43321895755250645       0.30598334204612843       0.21332734077561769     
  0.52938992679813512       0.15784907640812046       -8.8098900824823217E-002
 -0.15422875316755236       0.31360439415682206      -0.20358411497042775     
  0.18805190423897600       0.26575708025605466      -0.23995064414953984     
  0.25076604917146267       0.11449444876905177      -0.36901414252952819     
 -0.50430962312580874       -9.2491342233957843E-002  0.27003685584189635     
 -0.21650738535315855      -0.24495170733668245      -0.46808707679754241     
  0.21316909604856532        9.1589493240198536E-002 -0.33383694777971484     
  0.28234232871890680       -3.0475812243800054E-002 -0.28660317838254801     
 -0.14386582612767590        1.1924801730331261E-002   6.3772954154604376E-004
  0.33536529504551310      -0.45535636170169425        8.3732973250423906E-002
  0.14436579299666588      -0.16924780813070994       0.26741647670228524     
 -0.38192946186342502      -0.10535997070266893       0.33939014856123956     
  0.39488635766944197      -0.28128854729335828       -4.2116377383060045E-002
   1.3438359942990835E-002  -2.1015168071609372E-002  0.23119394696586618     
  0.39242201907562863        9.4870862280205845E-002 -0.30839724670368701     
  0.46428450050523945       -3.0619055215376754E-002  0.22571235747966048     
 -0.38445372405856204       -4.0277912534125396E-002  0.34427831400486025     
  -8.8960623266908748E-002  0.31929242912770794       0.29479254501130109     
  0.56057015607747274       -1.5624936462583972       0.74493481684394325     
   6.0070012337365655E-002  -8.0628831589967878E-002 -0.67965310971803938     
 -0.12584032839946996       0.43955505477219847       0.30078800049250454     
 -0.19897456112642917      -0.35974103036966831       0.22141506615349632     
   3.2786052924568300E-002  -7.7439196020371845E-002  -9.3925113645016420E-002
  0.32029554375225017       0.11471415444249108       -7.3542772585577953E-002
   5.5200506397318494E-002  0.42452492358676908       -2.1565577798826008E-002
  -4.1608711861876035E-002  0.51490970795619939      -0.32142196841945153     
 -0.44034430595170843       0.18138688008757820      -0.42284015067039410     
   3.2597454501670911E-002  0.37012262430910925        6.2721942573469386E-002
  -9.7516431040724719E-003 -0.52963860946843144        2.8981321735954052E-002
  0.24207550054948671      -0.21428191534921656       0.27443445770414587     
  0.15499009189522781      -0.46820435555879647       0.20238258257965469     
  0.27904428034560208      -0.18241255544087737      -0.33742735148628633     
 -0.50118241821772058       0.25182440588810784       -3.2026509917739273E-003
  0.60964327577760524       -6.6018104258914842E-002  0.15608219854798705     
   6.8567993333349944E-003  0.12793630706757475       -1.6956725503663405E-002
   5.5921859449988018E-003  0.50893628226496423      -0.10929526171753838     
  -6.2025359963068495E-002 -0.50203897579155621      -0.29251385528518464     
 -0.23305364452378607       0.23781804098911680       0.30648308680592051     
 -0.29357244346092759       0.22475283201390331      -0.33860827600774912     
  -8.2821571387964484E-003  0.41291058349104326       0.18507968896611421     
 -0.44587242619962908       0.57136427424893366       0.23349611920951066     
  0.42509679183716986       0.22363251275719820       0.38743259878009029     
  0.24995964235619283       0.13500583717720094        9.1725702789304656E-002
  0.33038999594189850      -0.26455262770215876      -0.30738540746639476     
  0.19432234177854979       0.47732362855493604        4.7188695004187986E-002
 -0.16201839056909426      -0.16729733793858570      -0.35014955161219513     
  -6.0722020489389357E-002  0.25324022997753254       0.28624434776319957     
  0.48357649715492007        6.5947245383285086E-002  0.25991984423156400     
  0.37347730546744806      -0.33008033574921819       0.28273802329543801     
 -0.21344104275996198       0.23794491783020316      -0.24108514187598623     
   8.4450671147954806E-002  0.44315912711178329      -0.17739873457639291     
 -0.26990216565306552      -0.21318713824240967      -0.57876026763075072     
   5.3124574195005077E-003 -0.50536460172448350       0.25678777561550353     
   7.3062376110855615E-002  0.17955783831935268       0.13869027121940247     
  0.51825452051250886       0.13856972603214412       -5.5159976686767122E-002
 -0.46473577476288241       0.18240324201120914      -0.44103993243692879     
 -0.17322911598244004       0.25630635625116083      -0.20832460887859233     
  -1.2007516957257370E-002  -3.5019100139694075       0.17348762657751912     
  0.31758287431112431        8.9910452551668379E-002  -6.9238295967683619E-002
  0.21052000867339604       0.30340482862123858        3.9665802593441754E-002
  0.12046746159144471        3.9720966317688004E-002 -0.32163965714459009     
   3.4631235923515968E-002  -8.4921188895450139E-002   7.8212956466314973E-002
  -9.7168882243196544E-002 -0.26767593477648916       0.16805276858671658     
   7.0738273244012800E-002  0.42450170382451829      -0.14911252423268190     
  0.43155119508850764       -7.5648296826560477E-002  0.22764395708403609     
 -0.38490197976036489       0.52338076980425041      -0.13005699985368596     
   4.9487998521059257E-002  0.36973902317104063       0.16230037995184135     
 -0.12920065124231925      -0.52384604703402537       -2.9063552286518128E-002
 -0.58880124183427140       -6.8813307270230023E-002   4.7183404048050527E-002
 -0.56769483496447626        7.2631835260380501E-002 -0.34548974028004331     
 -0.18031077242235563      -0.48987683372156327       0.33819811353438395     
  0.19269846767849688      -0.54191514575735777       -5.8742111731808315E-002
  0.14025487784528654      -0.14888491418674607       0.25776646384749674     
  0.46756007447148040      -0.21093086194045010       0.33275944697758003     
  0.10127547522156864       -5.4539057722164608E-002 -0.39642193838694895     
  -8.8988835120069845E-002  0.32913068871097634       0.46755570200338492     
   6.5005868328055466E-002 -0.50079303992528312       0.15764391075577452     
 -0.53625784591157333      -0.15566897050480991        1.8052899159310340E-002
 -0.48773363773133865       0.28569908319152681        6.5215969243809114E-003
  0.13680148484424520      -0.36885814628044111      -0.28001367355482187     
  -8.8262651593389418E-002 -0.26308435426489496      -0.18455719329616152     
  0.22072360623701950      -0.27702687642311341      -0.18413864841180025     
  -4.2532801334744602E-002 -0.43616832138819717      -0.39101427487683643     
   9.3848011740582785E-002  0.17075578853297094      -0.28103534935007024     
  -8.3286770571361551E-002 -0.52073607693264956      -0.25027677663546827     
 -0.28283044866781454       0.14176015678949552       0.11062717454048024     
  0.48534895691676777      -0.20920425567152270       0.15980332108862430     
  0.23996739075092366       -3.6538489957048413E-002 -0.29477796561760322     
  0.10660942345650438      -0.40458916883908352      -0.11370263754575995     
  0.27512378250985431      -0.43641714146124438       -5.3211061755118610E-002
 -0.14991275912126029      -0.29778069624270603       0.21444213863026013     
 -0.52413247190373236       0.18672913573102878       0.37215143853807942     
 -0.55303373941527878       0.43838324779799015      -0.30699128734781073     
 -0.40468805528200674      -0.14936606720644666       0.29404394025169561     
  0.40232780026135051      -0.16123636990058771      -0.13459770170952232     
  0.23440700191920152       0.12375110348045221        1.6189474125001036E-002
 -0.38970778315485299       0.19961078952062281        8.3892661349017114E-002
 -0.14370080084075273      -0.49681223022593957       -4.0184524148161996E-002
  0.16288581268820118      -0.14969433295846579      -0.14305749740791010     
 -0.34189864478090676       -7.9622722897007156E-002  0.36848169931960639     
  -1.0378162140499937E-003 -0.28285363105377243      -0.22241662756505651     
 -0.50113508889472980      -0.14110063338872550      -0.47452505017248992     
   6.1783033621295190E-002  -1.6965172235173541E-002   2.1175041057003501E-002
  -6.8777281031864562E-002 -0.34572885319415969      -0.56454170921580715     
  0.56159953142170194       -2.5428636197996977E-002 -0.11365729279558204     
  -6.6274530121140526E-002 -0.55620569000388265        1.0397737743879338     
 -0.23478319098526612      -0.11840421530249109       0.28126042123438283     
  -5.7578649385245817E-002 -0.49024114909772504      -0.31416688779236973     
 -0.56570372405970859       -7.6880167582129205E-002 -0.38177784774994705     
 -0.54172368468359400      -0.37489429284864939       -2.5811584942461989E-002
  0.49110118912304207        1.8183551558211736E-002 -0.21543584590298048     
 -0.62058206994289966        1.9011712425374500E-002  0.14074117282527096     
  -5.9729002919199144E-002   4.7507116327176295E-002 -0.56768715804994718     
  0.27911525214130317      -0.13315946684345756      -0.61587971076250259     
 -0.51555340038336239      -0.25781536405037697       0.24943427553149333     
 -0.63329389569402894      -0.15695919475734663       -8.5020867859224077E-003
 -0.29788936094611712      -0.34147248284925613       0.10006771377402243     
 -0.39345863113576157       0.13896932833060174      -0.51039995156814055     
  0.34800554275590495      -0.11816547630971826       0.46249715156611793     
 -0.23982912915430760       0.44373238285206473       0.15785895071264835     
  0.31104622295691126       -9.1454433336294008E-002   1.2285954689045258     
  0.23057861332683624       0.28444873549973243       0.33783086387517275     
   1.4534216759610131E-002 -0.24682880848149821      -0.27623642078069754     
 -0.52185857334305330       0.39609488020480937       0.17228271664829475     
 -0.35953091879707877        1.7573349151704287E-002  0.24140277880038766     
  0.50615569938609495       0.48190299597185454       -9.1021183005075584E-002
 -0.11705404222748353       0.18781849729487976      -0.18701477533140115     
   9.7284291380041257E-002 -0.62154291699393960       0.19553194780424507     
 -0.50846799360070583       0.12980608260390866       -4.5068288950535079E-002
 -0.21983022999704407       0.28870636057670140      -0.18127588221433413     
  0.14673212273376496        3.6547992614054489E-002  0.37527324621493963     
  0.37281947121371095       0.17312710451707433       0.11473363592883140     
  0.11970176670350240      -0.32381447102194710      -0.23403374103785887     
 -0.32803384514964312      -0.20774575053605304      -0.12556886616211765     
 -0.44746982533898055       0.10584374386011719        9.5081755626369682E-002
  0.49287501902944642        1.2991581728037147E-002 -0.27120347860679522     
   4.9230143613067129E-002 -0.44555666553054696       0.31603440987985298     
 -0.21226473118646641       0.22082444517925615      -0.20761346876951137     
   2.7576159254281096E-002 -0.24066149493176692      -0.21710602097590603     
  -4.2467901373264769E-002  0.49197516422680965      -0.38452467054413542     
 -0.18178849929208363      -0.46957729160046002       0.22626975629146967     
  0.12200106176154928       0.47904867352101099      -0.38129148441466348     
  -3.0371114764285563E-002 -0.26319880097758747       0.22565694642656725     
  0.12756193276918121      -0.28832443979915379      -0.46739564501710623     
  0.40781787517706530       0.11575725649209802       0.32899810532566537     
  0.29486096412739549      -0.48646646798012283       -6.7315563055264191E-002
 -0.17070738357546694      -0.28442180327076932       0.18084677381835668     
  0.46211909285693092       -1.8160269458138686E-002 -0.46468435466822933     
 -0.42752844350719532      -0.33699002424541158       0.13194590505821185     
  0.21698446539748220      -0.20459634562453877       0.17065246153525640     
 -0.26063813966399008      -0.35257045557192607       0.23750850893789877     
 -0.54384293898227742      -0.35155475776791467       -9.0387112427644578E-002
 -0.14479793001519861       0.34547991541392692      -0.23830369483280592     
  0.10355851900672007      -0.42549942423340492      -0.15824350729652850     
  0.42120047079786427       0.28927474555217869       0.13540157273681999     
  0.53546738905907021      -0.48617810421215252       0.24291445217451943     
 -0.29237010235103300      -0.49586889975766801       0.13121732026694222     
   6.7070052953771206E-002  0.66930210228079934       -4.8307664330868357E-003
  0.35046151558667832        4.6224163980352284E-002  0.55667367485004837     
 -0.32156832101929933      -0.39866850752343852        1.8690514584432813E-002
 -0.30793444511544754       0.47869573685757705        7.3127552659177170E-002
 -0.29201744601244550       0.51527095811719581       0.17990319022814327     
 -0.35438034883755887      -0.46038507960196251       0.36943613914248075     
  -6.4624725463588245E-002  0.32120435010479209       0.44591975416391749     
 -0.23013628415535692       0.31542899328099561      -0.25126748979612207     
  0.55590566746091630       -1.8899588875316346E-002 -0.15697532136588849     
  0.23558662925420049        8.9821758042273325E-002 -0.34121190245459809     
  0.64529979356230416      -0.11986364461783053       0.16265434239682017     
 -0.11989700047453526       0.66197366345095399      -0.15481267568051590     
   2.5711339483426011E-002   7.2102905324232525E-002 -0.36352833687189562     
  -6.8647824504696085E-003 -0.47663782743901167      -0.23106715022072191     
 -0.31736162406266066       0.11428166857087871       0.22369905421168193     
 -0.49785931248205212       0.64843604665651589      -0.17329313379689215     
 -0.52335845321766294       0.26574923052532495       -2.4367147338566930E-002
 -0.53327564861673071        6.6377122682393222E-002 -0.31363771080197816     
 -0.20452241802801854       0.25497817166976078      -0.24023529685728834     
 -0.33874605296522542       -6.2973149363111686E-002 -0.37414904884215533     
   4.2556726469366590E-002 -0.32531309437541622       0.19322819894147264     
  0.14420377748408242       -8.5641146493051115E-002  0.51232495654804822     
  0.19141823297591856       0.22376120068394431      -0.60730606122953468     
 -0.16990564798064625       0.31150605748979943      -0.20553566183775124     
 -0.44597603403033192       -5.1978136034161522E-002  0.36733102618329688     
  0.13488815297457080      -0.30117456597356063      -0.11496945983930072     
 -0.18511824284907741        7.7648758049064185E-003 -0.48165393332334605     
 -0.11328381518226861       0.44625303699777574      -0.35627255650286110     
  0.39092297664075792       0.14649538012324675       0.38750427461589415     
  0.12070180259616256       0.26311629432581157       0.49487343517077043     
  -1.3852332122961301E-002  0.13814823129278458      -0.13277467264409201     
  -6.5905919330490337E-004  -3.1759507226999766E-002  0.15743891818773054     
 -0.26112513053473946       0.15121416814312472        9.0182595322747708E-002
  0.38746279176836962       0.34745932998638385      -0.18576740127249919     
 -0.11746749874912257      -0.28875944005183468       0.48065570605551022     
  0.41704020172859091      -0.11816901050460055      -0.14638033681779034     
 -0.49415623804115388       0.25060312549430691       -2.9575507318369366E-002
 -0.51344175757685884       0.28248882987050944       -9.0423085503744116E-002
 -0.29403491516804786       0.45416013793263416      -0.30755467815362392     
 -0.30811540603526677        1.8508015688416948      -0.48301655149404138     
 -0.17895730575067004      -0.44273169432012605      -0.65468729785755486     
   8.8986152570932953E-002  0.10294474014939664       0.19683127818837381     
   9.5931455681783989E-002 -0.18446755278447322      -0.18727880862073915     
 -0.14609974445832979      -0.24793941849751497       0.20251876155224113     
  0.32719521859819478       0.26915934101201472       0.45167108220779351     
   8.9467045610943888E-002 -0.13625093900928092      -0.49593332974091581     
 -0.22637989364722527       0.27297061779212600      -0.28114344524786133     
 -0.22269819569174890       0.11923990821310690       0.28732531376566356     
 -0.38485099525300953      -0.29287804888728952       0.33959866619267859     
  0.60439568369396135      -0.11340215909063041       0.16131079330604850     
 -0.31538642998835353       0.26828406521078013      -0.45394206342325033     
  0.14314921206408968        6.5779898216222321E-002   6.6646360231640042E-002
 -0.54851103766085618       0.26171764919130996        7.8224271048928262E-002
 -0.23154855859004969      -0.29761781600851089        3.5538679524924531E-002
  0.11456603851251834      -0.36753392873794549       0.62357503696139693     
   5.1616885288170947E-002 -0.28512559189248898      -0.47695393561428390     
  0.11744137367359624       0.47917497863551883      -0.36892666195654872     
   7.1562120993448608E-002 -0.46828882700859087       0.37460029207271139     
  0.16310714558203837      -0.10461797585431697       0.26707774739566859     
 -0.35755601955021049       0.10440157204365656       0.24402661572961457     
 -0.42581846626964059        7.4288230001402847E-002 -0.39572863121857144     
  -2.1053252931317608E-002 -0.11749466774639154       0.12428081983563714     
  -6.2858298234657564E-002  0.20028994313275639       -9.3285498205614034E-002
  -5.6864465040183249E-002  0.55723326420003338        9.5285876486967222E-002
   7.7627691406352228E-002 -0.21145995570288803      -0.22364904543989667     
  0.18812142568838233       0.45337436607217585       0.27066626481223699     
  0.33295898000755492        8.5116881346754117E-002  -7.7378439144396294E-002
 -0.16334550938561423       0.42870673362963663       0.19638503185692163     
 -0.45036794446486406       0.15003547092893943       0.14307947864905241     
  0.39618615458875206      -0.93190997829184641        1.0269467375240695     
  0.27568363758536618      -0.35684481732295614       0.18719557549540072     
  0.44798070681715435       0.10516627235298560       0.25683709182725273     
 -0.26914959473013483       0.46539795967579267       0.16382475525160653     
  0.35462183230179206       -8.8948803457966283E-002 -0.12023912011839574     
   2.1540208330245166E-002 -0.13631828409025892       0.31657781054583911     
 -0.54600050960722391      -0.34420887417873552       -8.9129012612014127E-002
  0.43339883754857128       0.34873134189964772       0.32807652483749977     
   9.1400942439616689E-002 -0.28380636437547019      -0.14254748261579397     
  0.33421146354729209        3.4170959026272534E-002 -0.10979064006777851     
  0.60831881103311436       -2.2926023857925942E-002  0.16842050789185223     
  0.19518784711129639      -0.15086606720504983      -0.29435945331656671     
 -0.27121771212409090        2.3577114596801896E-002  0.45179791075275066     
  -1.1159281546433614E-002  0.52618153035759829      -0.21920778796632906     
 -0.18482510767558147      -0.50649744203881553      -0.27987080563339078     
 -0.23203392164330577      -0.53152971826845408      -0.24888540045779042     
 -0.12969027205036793      -0.26258614193421720       0.21183714757278951     
  0.15497009476822041        6.4589974418116564E-002  0.42624963958248901     
 -0.52204423083289409       0.31775762354426429      -0.16755589687471800     
 -0.15766164427734791       0.29785028197356433      -0.23827816848444322     
 -0.12201603566496111      -0.18169461034528589       0.38117308441922243     
 -0.21527679859362822       0.25924957215315397      -0.26297856371351430     
  0.18439832268501491       0.41685898635854246       -9.6912449436877273E-004
  0.28127895995139335      -0.12715459695163148      -0.23981637037645298     
  0.58903648540872311      -0.21586169972854902      -0.15789485477962636     
   1.6660557955927805E-002 -0.24505393880694137      -0.15188419599111955     
 -0.51012860157055862      -0.34541471824507342       -8.1741396115216691E-002
 -0.32325238509353982        1.6580145086621281E-002 -0.15151829347434734     
   9.9968332800576348E-002   4.1865544664978245       0.41108136227767245     
  0.14845174275281908       -8.4307107948882826E-002  0.13512827635455338     
 -0.37156020964900216      -0.15985890916149792       0.32050752814039218     
 -0.52924773097835753       0.16919648312172975        4.5596544612380149E-002
  0.50937178030136077       0.13728045483006304       -9.0524076898977884E-004
   6.4310291328115068E-002  -1.2406718068900317E-002  -1.8751217572254009E-002
   1.4623822845191946E-002 -0.21724009298658187       0.20518758201343709     
 -0.39786214658492036      -0.27153137413235429        2.2052276001520130E-002
 -0.53696359397109583       0.28737670524461295       -6.0920132445106551E-002
