  -5.2218962075265950E-004 -0.21595202981298328        1.7392090019607790E-002
 -0.11134806470799138       0.13051428773742241        1.0798220739755148E-002
   4.7825904968385241E-003   4.3892629641509924E-002   8.4276216396428488E-002
   2.8432592911397346E-003 -0.12911241652629915       -8.9346952251997291E-002
 -0.20813864434765442      -0.10146888269578405        5.9814100407820890E-002
 -0.11108890424860529        3.5981707633374674E-002  -8.0985133081085972E-002
 -0.28837682074445764      -0.23101891106984287      -0.11476159819284604     
  0.12096927178972861       0.25111572620446349      -0.33652852289635937     
   7.3390215724651889E-002  -9.7796377192205033E-003  0.17736801955070478     
   1.7471689856811987       -1.6612241250160322        1.9814787519769532     
  -2.8136335926427315E-002 -0.20043022646116976       -8.8472715804601646E-003
   6.6741682484442233E-002   2.8123200228848660E-002 -0.29381804759889879     
  0.21876605781193986      -0.33494513970740691       0.39253754698938054     
 -0.20942806258960542      -0.12440574796440382      -0.13983592325256977     
  -4.9277919154811630E-003   4.2307065740403764E-002   3.8666715961624250E-002
  0.34020002189988724       0.15270447807955659       0.37863355023209655     
 -0.31422863718394545      -0.43411466235156027      -0.13172478811167440     
  -5.0896710789290957E-002   1.4169245440388710E-002   2.5160678735987332E-002
  -3.7262281810586738E-002  -1.4765040396433785E-002   4.0131912962771757E-002
  0.20341434281462298        6.4090352495847352E-002  0.26391583009380931     
   9.1367657344315498E-002  0.26619247707020288       0.35629950169637137     
  -7.4725243367122815E-002 -0.29612314658604488       0.21708583635958034     
   2.5764807425777254E-002  0.37631742474408675      -0.17889954324683560     
  -1.5415492917521114        1.1304409121419647      -0.35591330847403074     
 -0.13307117164212487      -0.26624086896793853       -1.3499646887079660E-002
  -2.2186754524328112E-002  0.13568787011415742        2.6170511209357514E-002
   1.3203017593538979E-002   9.8718075177322395E-002  -7.3249135902619500E-002
   4.5503737215168202E-003   8.7758603225960921E-002   4.4167107564060566E-002
  -8.9772456193165290E-002 -0.25325500028942954       -1.3361515483638464E-002
   4.2902410728515600E-003   6.0678299933214226E-002   2.4100498726182737E-003
  0.14042996001961974       -9.1703958762564236E-002  0.26452069182874016     
 -0.12049010855920803      -0.17136581097311177       -5.7149161424027463E-003
 -0.22148210102374574       -2.4963318608739500       -1.6218999356133390     
   4.3580000205701304E-002   7.0777796353814884E-002   6.8174686089018513E-002
 -0.26619757447795445        7.6375763433161034E-002  0.17219850088268404     
  -7.9623939883303615E-002  -7.4626209948006589E-002   7.8135336476862771E-002
  0.24847791935802091      -0.28482607029649171      -0.15086153552613082     
  -6.0460128992522413E-002  -7.4509860864462846E-002  -6.6609351330943881E-002
   1.6347521259102524E-003   4.0988636974252583E-002   1.6744950411547235E-002
 -0.11491416181681917        9.9731282402208167E-003  -1.0830902590140376E-002
  -6.2694935631212811E-002  -4.3158099750800864E-002  -5.6858477434462637E-002
  0.30645605703047291      -0.18967842251141848      -0.18388260770600673     
  0.14647378136263589       -4.0122442587151377E-002 -0.16526086058043502     
 -0.36569565908732382      -0.10704216394611445      -0.25340947076229225     
 -0.10672296674602408       0.11483275660601379       0.12542842055303582     
  -7.1960263747366734E-002 -0.36936889820223939       0.17215367918487937     
  -5.8884233628156660E-002 -0.15033828072888378       0.14356451773395149     
   9.7086649607826189E-002 -0.25118515147218184       0.13465621305950184     
  -8.5527166105303767E-002   8.4705225251799979E-002  -4.9187696041529776E-002
  0.37126287959321547      -0.27716696534216018       0.31198482302910757     
  -5.6115952378300714E-002 -0.24434682652881290        5.1958933685667126E-002
  -7.9672059590093006E-002  0.46539417256216237       0.20313191271532513     
  -1.3915504249671329E-002   7.2966664668914025E-003   7.3852267951189682E-002
  0.71414115997496497       0.36063013545207695      -0.82761285943278973     
   5.4421898913016270E-002  -4.3684333408969517E-002   6.2403033413510528E-002
 -0.27823036823713465      -0.21471272239241643       -8.7861074989381255E-002
  -6.1790738365539923E-002  -1.1993362348799042E-003  -2.0207611212000640E-002
   4.2817951431149380E-002  0.50275769709389939      -0.22352528416798906     
   2.4866109989663723E-002 -0.11660383324285739        7.8618395102349276E-002
  -6.3274529849362368E-002 -0.10908602198470385        9.2496986368122189E-002
 -0.11029827599006016        9.3251558599061798E-002  -9.8960611025615212E-003
 -0.17257925814431954       0.12881272421797665        4.6004408187666490E-002
   6.0896611982285416E-002 -0.21923803776098547       -6.3973132232002974E-002
   6.9407738705134794E-002 -0.21230391032761278      -0.13682315837514178     
   3.9708533090098377E-002  0.45403295074496336        1.0000328218350306E-002
 -0.14480087144155185       -8.0214152142014425E-002   6.0447078429121767E-002
   1.5380606610907789E-002 -0.22353950842749487       -2.8676653506906825E-002
   2.7630513863790198E-002  0.16678132333559328        2.9363735606126481E-002
   1.1923871986722706E-002   2.6377269422645816E-002  -2.1386400811489913E-002
 -0.39885012005796838      -0.26477806150433880       0.19138093290808644     
 -0.25619180444005424       -1.6804898670911645       0.75878365465495456     
  -8.4044951138741553E-002  -2.1872310311940868E-002   6.0205926546073624E-002
  0.26852506814758081      -0.37182028380590670      -0.23114817904160634     
  -1.1059266955158379E-002  0.12624012110919342       0.12796000241840172     
 -0.20500172948930012       0.12686335390794232       0.10564497914246075     
  0.20879089278554183       -2.4804733328444937E-002 -0.10685659889095772     
  -4.5943006649439722E-003  -5.7343662232605230E-002   9.3365692475364300E-003
   2.2512499334210512E-002 -0.15758421125305472      -0.12893792934951198     
   8.5786917665689161E-002  0.27554992388489158       0.13659365926041286     
  -3.9498502793898611E-002   7.6121102678769675E-002  0.13249371059648246     
 -0.21496223609072876      -0.43883790202911410        9.3662851334997480E-002
   9.5966189987843634E-002  -8.2176125009157192E-002 -0.15753617484371485     
  -4.9838371690418680E-002  -8.6356989016735788E-002 -0.10146325942995076     
  -5.8033140644176202E-002 -0.28955996548351420       0.10312760609341914     
  0.20283169018558025      -0.40137470270349590       0.18049262779755235     
  0.68761695363506781       0.13582206657124959       -1.3199982236642700     
  0.25741110992222738      -0.65152541479661485      -0.12961187650413070     
   4.7343585773919755E-002   8.3992197721410367E-002  -5.6489410000841504E-002
  -5.2088295912316319E-002 -0.53772960101109368       0.16388399341876089     
 -0.36003713978309593      -0.22311324196224486      -0.15616988182080246     
  -9.0058212360208861E-002  0.22002850724883136       0.15256944973233347     
 -0.24125293142759729        8.1916362668660505E-003  0.13203217231005804     
 -0.14250646746325546       -3.4740675575660754E-002   1.2537389134811429E-002
   7.1386216593446503E-002  -2.5865708409057903E-002 -0.12202988010105775     
  -5.2344253946674274E-002  -2.6250301179334492E-002   2.6257910997457935E-002
  -8.2415529330359116E-002  0.13596498478026414       -5.7964384394352780E-002
   4.4840543437394915E-002  -7.5406212689840546E-002  0.10827307195861646     
   1.7317458317015928E-002 -0.10373040373946665       0.10151364192439445     
   9.4955221348209815E-002  0.32744954920183805       0.39470758368848491     
  -2.9862095134430826E-002 -0.28427616019712293       -8.3220631395460126E-002
  0.22105632566446481      -0.28155740460452283       0.25698992008074656     
   6.3582360991083497E-002   5.3717719856974509E-002   6.3995700323613534E-003
  0.32165907955820350      -0.22253830307163566      -0.19851682558256012     
   6.6092859451992031E-002  0.31868764093250246      -0.13214833474614585     
  -8.5203129281482756E-004   8.5952744016521671E-002  -9.5412083394677549E-004
 -0.22051246241212275       0.38200604551406026       0.28144874430191463     
   7.9691661943220374E-002  0.42999071164110786       -2.1957925327757959E-002
 -0.15417220789866992      -0.22097152403584347       -5.4887959617194386E-002
 -0.29596199746303237        8.6431998636199783E-002  0.11584816338600512     
  0.15556900855542238       0.48206477253185387      -0.25510720622844280     
 -0.19032703737330944      -0.17089994611872542      -0.21153990355697735     
  -7.9480436701180893E-002 -0.13654369288232662       0.17456144005314006     
   3.9639066550370985E-002   1.4620547451024594E-002   2.4374764393104775E-002
 -0.39519564141628460       -1.1071314695777790E-002 -0.35613947973039173     
  0.23081361326791486       0.27653005732742530      -0.19718856362670842     
  0.20335299197486875      -0.26998404889939304       0.17659964196047623     
  0.16738160155906615      -0.18401109987190162       0.49862722596952247     
   8.4596933846159808E-002   2.4279216527285506E-002  -7.7481873329681372E-002
  0.26847888473958625      -0.28177892286500622       0.17127269166547154     
  0.27596788408682033       -5.1374780722968777E-002  0.53187537373510463     
 -0.17964898469431134      -0.13588768580706065       0.10187285406125009     
 -0.16565949941623070       -7.7450439081005212E-002  -5.8003645760061721E-002
  -4.4257802892803615E-002  -1.0751755087055809E-002   1.9098065230377707E-002
   5.1990090549197621E-002  -1.8202429651304756E-002  -5.6594115392520426E-002
 -0.73589748026512658       0.80146351074746702        1.1887701054193784     
  -9.3600967171495367E-002 -0.13286967658376786      -0.20302741557300272     
 -0.22591436152557157      -0.21414496037331796      -0.22595679378610073     
 -0.26155581328917216       0.11516338241459956       -4.0520045842159909E-002
  0.25259980901130413       0.46866487592946654       -7.7427672969983374E-002
  0.10185893245027512      -0.18128508751227360        7.8287851255260332E-002
 -0.10512896753709243       0.56870560376742163       -5.2202245236946540E-002
  -7.0647810321937649E-002  0.48927723646155907       0.15939127954359372     
   4.8888766923917632E-003 -0.13891965623805724       -9.4338884729413666E-002
  0.44570479690637177       0.14129258690088287       -9.1595891753922479E-002
 -0.14164072661791094      -0.11726111471222821      -0.10843147191833830     
  0.13651422631621205       0.36446439371777029       -8.4481814827001636E-002
   4.9558361489760970E-002 -0.11957986972933377        3.1380972718185723E-003
  0.53377813615359293       0.18461476612676819      -0.13311906443628518     
   5.8990093351155612E-002  0.19177610087109467        3.6927142418495054E-002
 -0.12378664825958523       -6.7729427357989619E-002  -5.0317088313605610E-002
   2.2643609518492074E-002  0.11551832919162437       -2.7492999777857630E-002
  -3.1717536882289541E-003   4.1683937973635773E-002  -2.3064935277151769E-002
   6.0183116666201034E-002 -0.15521225075745987       -5.1628420324698270E-002
  -7.0298922706282907E-002 -0.13113476911362820        3.4590340965526344E-002
  0.25797763430417286      -0.52901767576326875       0.18293191517569557     
  0.10034345154738274      -0.26614503519734911       -6.9733425278567143E-002
  0.31425469690827973      -0.21249462876910297      -0.43384633572049947     
  -1.2473746654900902E-002  -8.4545286733696837E-002  -7.6083572674294039E-002
  -8.7889517435661313E-002  0.28322378728408021       0.34229423044523349     
 -0.46331478271929755       -3.2578525173840037E-002  0.62500895379777632     
  0.19327797374273617      -0.23831269408110792       0.22874403886753841     
 -0.14429378057289147       0.29799934126918748      -0.37005318895458750     
 -0.14760206528484310       -7.0905137060863946E-002   3.4081422945663326E-003
  -8.2896179777354667E-002  0.13057830757601427       0.24660348543078037     
 -0.11250261461351944       0.17826834785412166        9.7819808638042266E-002
  0.22075850481269904        7.5333251257135086E-003  0.18563671940099891     
 -0.17297332290514675        7.7539919379701353E-002  0.20823380863303201     
  -4.6070863706936763E-002 -0.49247493188650265       0.34152654765711926     
 -0.15989245523195328       0.54967962466041376       0.50840815207327938     
 -0.17969990787278223       -2.7161450546061165E-002   2.4768273375106696E-003
 -0.15953963321126885       0.10257487070528348       0.13196682047954017     
  0.36711903165854876      -0.10449739306993659       0.29603667572848108     
  0.27140046743508178      -0.34412431393980819      -0.35424878502798191     
  0.11743096297314717      -0.51037008377169157       -1.7747896440966551E-002
 -0.30054874007537435        1.5260498839666431E-002 -0.11557777489384903     
  -3.5155112807965766E-002  -6.2833317823666968E-002  -5.2221160854445912E-002
  0.34014277024724987       -6.3374649509431086E-002 -0.20125350827660357     
 -0.17072211777345128        4.3850821638947754E-002   8.1974790537775052E-002
  -7.0513800295743641E-003  0.22814815280064576       -7.8240343827675862E-002
  -3.9780216552013727E-002   6.0658071259516097E-002  -2.2491852273128166E-002
  0.22240294231166352      -0.26276399915955428       0.33589575524039123     
 -0.21431864260197978        8.0190544875698377E-002   3.2237086497361032E-002
 -0.36147487184767996        4.3136086535029879E-002  0.47694722147314711     
  -5.2554115389420113E-002  0.45085804104925709      -0.21199837687012260     
   5.0150071532097378E-002  0.34848996555893069      -0.23131898443730323     
  -1.2253447110459687E-002  0.22099257720964963      -0.15499588539965786     
   2.0373261400792785E-002  -6.2947009100394080E-002  -3.9485590992699778E-002
  -2.7075646551345828E-003  -5.6111834631519621E-002  -4.3179046624074263E-002
   4.5837674323765010E-002  -2.0971293673036077E-002  -4.0379647707216158E-002
 -0.23874373780790495       -5.5620236100396805E-002  0.18771042145860184     
  -6.5175755256503348E-002  -8.1995122706902415E-002  -2.7329686084342483E-002
  -1.1176088284394264E-003  0.10903251474816493        7.7468105392296538E-002
  0.20160428883986406       0.23636760650533556       0.18240477122330589     
   1.3448003119653548E-002 -0.14473228553862363       -1.5658644748774399E-002
  0.10197484004429454       -6.4120647965249342E-002 -0.18667383592257783     
   8.3156444942890831E-002   1.6729562102862985E-002  -9.6811532624071869E-002
  0.12362868100005081       0.15891586877438205       0.31464690473002976     
   7.5839636640939127E-003   5.3448341838645524E-002   2.0119081211384362E-002
  0.12760363513667289       0.21887110881005117       0.27997422457507520     
  0.24200171863587616        6.8090036774149765E-002 -0.21852165737625570     
   3.6041828176401045E-002   4.9170042601970519E-002   2.3441884408556407E-002
  -8.7132616672825694E-002  0.46554436062230220       -8.6037919047301806E-002
  -8.6138327758372657E-002  0.14240265116608694      -0.29340991370986735     
 -0.21475386833425322        6.4603868324579067E-002  -5.2681597191131829E-002
   1.4086629444375671E-002  0.10994675129984363        3.0410274831717130E-002
  0.24682182931862190       0.17901844747709650        2.3767447046505956E-002
  0.12289937570039083      -0.40851484174878466       0.12780997451339807     
  -2.1335083948895342E-002 -0.21892955244601145       -5.4067111168053308E-003
  -3.5594270146441002E-002  -6.3929356444330163E-002  -2.9205395328075947E-002
   1.9201143261376556       0.21329781204105247       -5.5663803916048558     
   1.0551958102764587E-002  0.52163367325313303       0.16208781174706802     
 -0.19447190536538220      -0.20160578645028052      -0.26081243423484152     
  -8.4207881378313962E-002 -0.23557626694892855        6.9639725966849114E-002
   3.2621614545045710E-002  0.23000122505049736        6.3345812208317406E-003
  0.26896157631042350      -0.20403637051761486       0.28042767821819625     
 -0.11340438047484343       -3.8847880118799652E-002   1.3166902100831133E-002
  -2.9292607407126307E-002  -9.4563904598559158E-003 -0.27023702858159004     
 -0.30275111973091728        8.7817850068110673E-002 -0.11956093516784332     
  -6.0010314683695117E-002   6.3132275866785168E-003  -5.7051186597456206E-002
  -2.4324368823572227E-002 -0.20995668406969542       -8.0524478528979940E-002
  0.34149504585636953       0.29067739302228263      -0.10606755033945622     
 -0.13541928733265324       -1.0662212273925730E-002  0.10293856103405501     
  0.15379960060492617      -0.36808238441963204       -3.3678603758402925E-002
 -0.18625545807132815       -6.3082648437386729E-002  0.13396722195550581     
  -1.0251502047870478E-002  -1.1092715764639332E-002  -7.9979865223361396E-002
 -0.14636656487177557      -0.26615839467316482       0.38620736815609075     
   5.3741455351757332E-002  0.12357141985491761       -6.3986043170434811E-002
  -2.4628431244504385E-002 -0.13478181252626012       0.10151089625454254     
 -0.17152069006966256       -4.0124864420003313E-002   3.1365102685607403E-002
  0.27090305375845403      -0.38454364145727044       0.22111833641804465     
  0.17050525997063717      -0.51513653345399490       -3.2164224469536686E-002
  0.41093837050359477       0.12433424455305557      -0.23995599715142413     
  -9.6539291141483657E-002   3.2767502496287501E-002  -4.5088778805357915E-002
   3.0225299728778788E-002 -0.26372369737839002       -1.7953103144258499E-002
 -0.25198909218092075      -0.22394094995740738      -0.56962169533517415     
   8.8907542924977795E-002  -3.7009906334757453E-002 -0.15913834003393520     
  0.81031067567245108      -0.65573928959239247      -0.37677406203160213     
   6.7752354278596799E-002  -8.4942859037319893E-002   7.7177380324863362E-002
 -0.22719670618844315      -0.29831886211716518       -8.1941754759374041E-002
 -0.39192102103888538       0.14038723166595327        8.4726217919207300E-003
 -0.20064884581984782      -0.18663397695840778      -0.15863437851350792     
  0.12967039988630852        2.9122505565711164E-003  -9.2430414637667657E-002
  0.24550278977036447       0.50894722806487391       0.13940225806104367     
   6.2217926692896490E-002  -4.9690916969750809E-002  -5.6879774486291015E-002
  0.43665953998520202      -0.14490389334027046      -0.24256330123826925     
  -4.6798105588623441E-002 -0.31746017888546285        1.1795104081438160E-003
  -6.8246437723353467E-002   5.9786848662996966E-002   6.2539443612807777E-002
  -5.4727997420809971E-002 -0.17436778014678708       -2.4128316760125895E-003
 -0.14080973438477895       0.11322002939697326        2.9120916232498913E-002
 -0.11578948474976894      -0.16125897807544079       -4.7302344873154892E-002
   4.9467195822014004E-002   7.1601002847115097E-002  -7.2699758555978822E-002
   1.7353285725679263E-002 -0.18456194440556981       -1.3899804444201412E-003
  -5.3788746528108639E-002 -0.12366183037323461       -7.2847846101560240E-002
 -0.18306512861084218       -8.7679505163303986E-002  -4.6661996736568458E-003
  -3.7378679990190067E-002  0.12354985414231133        2.0021513359005812E-002
  0.32898464806978284      -0.29046633175026038      -0.16199127504005009     
  -6.5987129030752791E-003 -0.17516668882395081       -5.8520976997492376E-002
  0.18633123376498167       0.15186664053677099        6.4197819031997965E-003
  -3.7570333761997583E-003  0.49836420863829717        4.5546696157962446E-003
   2.9245624284376083E-002  0.10804166888118445        2.4848942894002350E-002
  -7.3101083887701243E-002 -0.18799323010856192       -4.2807949115504340E-002
   1.1544438543420419E-002  0.14289646091767813       0.18407959070794669     
  -6.9539744847467416E-002  0.21756909049062831       0.16041442134611472     
  -8.5058047104242140E-002  0.17068647598066594       -8.6554919757733384E-002
   2.2176172269979654E-002  -2.5515082325661083E-002 -0.23249036565197573     
 -0.10821460872436008       -1.8410532583990596E-002  0.17413653216798627     
  -1.1641202824534191       -1.1103561518141514       -1.9480068248308440     
  -8.4955369923348387E-002 -0.53979264622099532       0.29002149243940223     
  -2.3195844426514227E-002 -0.12826785609177119       -9.9789711383752810E-002
   7.8620012344840812E-002 -0.13674059014713000       -2.3113652937205693E-002
  -7.2444491448743875E-002   8.7757224259248298E-002 -0.43057461884241160     
  0.44496282813101784      -0.15187349496513441       0.18078855192463880     
  -3.2248134576122772E-002  0.12863089720025694       0.12955558767722380     
   1.4672836160304778E-002 -0.38237623684448996        6.7948449887353116E-002
  0.10478632817447331       -1.6609274125311602E-002  -6.0323357374447238E-002
  0.10560434122213036       0.37823985418164691      -0.25751245909481918     
  -4.0190446206176456E-002  0.13987755159216747        2.7075836889255796E-002
  0.27274999659338267       0.35374954628532035      -0.35328729103308198     
 -0.15733758862994626      -0.12471020396693051      -0.27531052950299112     
   2.3344099903534903E-002 -0.17046493902934859       -5.5443370916108493E-002
 -0.11162241248827981       0.55682564270840251       -1.6228785571164357     
 -0.11217275210514641        8.0261707815619851E-002  0.40872031386903046     
 -0.26226582681924232      -0.16267653350118141       0.14888069547817095     
   5.6108743432855705E-002  -1.4905700213671009E-003 -0.18316567583656737     
   9.9171091097283899E-003 -0.25942296764130013       -4.2971058295578388E-002
   3.2224140290838518E-002 -0.11550345146125858      -0.12278831339350664     
  0.38155946148483610       0.26494362883587469      -0.19229266010584639     
  0.13075979160828952      -0.66657382638796470       -3.0722557740275276E-002
 -0.22131975569253656        8.0962953361412467E-003  -1.3549229664509112E-002
   7.1389794836048074E-003  -7.2944803294841959E-002  -5.4470888697072803E-003
 -0.31553351407509672      -0.26350143293969841      -0.10200485215847092     
   2.0695652966280446E-002   4.5877020583160122E-002 -0.11434963701936354     
   8.1525301969874453E-002  0.21248731847548993       0.26902565488596453     
   4.8791201976453369E-002 -0.11397109911855811       -9.9022733238683533E-002
  -5.7766758999944740E-002  -2.8694062936752921E-002  -5.3346056443533491E-002
  -5.8599927948063388E-002  -7.4737311042285606E-002  -7.9069532569510451E-002
  0.22610912841971809      -0.77772498285256053       0.53076709073920703     
  -9.9602679045056979E-003  -5.9017702668053097E-002  -9.3099498568554401E-002
 -0.37596900123963473       0.16319245458613346       0.11105959586219280     
  0.44365232547530215       -9.8895788831943540E-002   9.5877557707726532E-002
  0.34562553859950024      -0.25413180692461024       0.19364809021977261     
   6.6528281748632527E-003   2.5253172997111807E-002   3.3985913238343796E-002
  -6.4407142034126605E-002   1.0585522135536663E-002   9.1053063922437921E-002
  0.39292328152388156       0.35001798024818209       -2.4304140725445247E-002
  -3.3028393037708728E-002  -7.2231063598051565E-002   3.0593380007559207E-002
 -0.12684477130355562      -0.15953983276199055       -1.5201277411136360E-002
  0.35931774746468659      -0.23634423565547111      -0.26407620922032909     
 -0.18427875425284548       0.26838929914943777       0.11478164900541274     
   2.6504885913530337E-003   2.0795104767250539E-002  -7.9811844824301342E-002
   4.2527547410151224E-002  0.13382265178039127      -0.22909929154511297     
  -2.7412383061466202E-002   6.1152910058346527E-002  0.23463567923976250     
  0.11639953930448747      -0.37477240169904502       0.32143475562203228     
 -0.14541938594281428       -5.9450696412787871E-002   3.8937407520420395E-002
   8.0859886063528813E-002  -9.0959898668399861E-002  -2.2627922130720023E-002
   6.5215340864413121E-002  -6.6640846836439740E-002  -2.6624838871160423E-002
 -0.10249132880041818        2.3980571126234560E-003  -7.3440019295523448E-002
  0.11316515361370920        3.6990031692003773E-002  0.12176932485780266     
  0.52745627092490555      -0.12611177713898097       -7.4376599660019888E-002
 -0.48702069793718739        8.8544547323086198E-002  0.10041672318140817     
   6.1445421252658464E-002 -0.13390626845265804       -3.6662760516190216E-003
 -0.11862512088544910       -1.5151431364987189        7.6954198708286278E-002
 -0.10674096154037316      -0.15458106025430196      -0.36804143010706220     
  0.16622860175723331      -0.12727353428911550       0.50800627730069126     
  -3.1969767171217876E-002  -7.1597106507722691E-002  -5.1308637493132539E-002
 -0.10471100304320975        3.9110708723647594E-003  -5.1643389895458455E-002
   5.0848700366462121E-002  0.52886728149431994        4.1886028009251390E-002
 -0.26734520554520835       0.22217182238860816      -0.16017843815002433     
 -0.25732548115097603       -7.8679812742877914E-002  0.37432119200826608     
  0.35559682187999508      -0.12102955424316085       0.27153119345015875     
  0.24760760254260383      -0.22696094052508020       -5.7366312713595352E-002
 -0.20514581412636534      -0.16039896964129657       -9.2572994488490767E-002
  -8.2032724936589543E-002 -0.12688293837130116      -0.14061326198429755     
  0.26595812927953227       0.49249850687225050       0.14341185458379777     
  0.16530575663440542       0.58485488371554351      -0.12170624012621228     
  -4.2377583219808798E-003  0.36941682072628251       0.23122809109326684     
  -2.7869686860165398E-002   7.8089202119916379E-002   1.3775069201812521E-002
  -1.0532258136770369E-002   2.2401971338295860E-002  -6.9335557192946706E-002
 -0.14564482872984821      -0.10364649129809325       0.17582068563365552     
  -7.1472637687046328E-002  0.19981056122797763        4.2767535860511949E-002
 -0.27194897344819702      -0.36235188934185109      -0.37808964314372562     
   2.4044757042265617E-003 -0.20902003173655820       -8.2606927957738954E-002
 -0.20839365321151118      -0.55527439353894459       -4.3809685023615555E-002
  -2.3882575854243571E-002   1.0030020341399512E-002  0.65868861595231620     
 -0.27492163215896009       0.42237590288799243       0.50580546215429123     
  -4.8786328640916553E-002   1.3392274573176700E-003   4.9878054024815703E-002
 -0.16215176999635625       0.21980578208244567       0.21721630148958862     
 -0.28235952998329528      -0.38019830736977106        1.0602921755162462E-002
  -6.4627565715655311E-002  0.41285171906910656       0.25564162820771741     
 -0.19588489791580552        8.8127050978497462E-002  -5.5541977519271118E-002
  -9.7979338010567879E-002  0.15653356049126591      -0.41123393368777450     
  0.24876553641873211       0.42906407109057298       -5.6893044543329012E-003
 -0.35604556825867228       -9.7160104718691895E-002 -0.35284195757485304     
 -0.12553674571192022        6.9342214513099465E-002  -5.9894951436487105E-002
  -2.7274860290961147       -2.5068046743075638       0.78609304502156074     
 -0.48560219416117473      -0.76256204043604914        2.7153416153579961E-002
  -3.9319327417831465E-002 -0.10387171012769875      -0.25710518236670654     
  0.39202084175465685      -0.15776657662393295       -9.7184782151914853E-002
 -0.14116613556938373       0.50295545826163346       0.22277030105344267     
  0.49879650910903689        7.2817734845655888E-002 -0.26389143232278706     
  -9.3999309399230485E-002   8.4522851699680795E-002  -2.3680983232466188E-002
  0.13240755065036675      -0.25188573316878132        5.4349479437186196E-002
  -6.9848537124637136E-002   3.9835155706014924E-002  -1.3246282072952821E-002
  0.14173169197564589       0.23824853955653175       -5.5503863190912661E-002
   4.1835116957811905E-002 -0.61769035874077138       0.27668118748330178     
  -2.9795134561749256E-003 -0.23664419663440839        4.3348405951440842E-002
  0.21101112541254513      -0.46331515694394027       -7.1171225089539727E-002
  -6.0051544023868872E-003   5.8992864301002992E-002   5.8045966222375699E-002
  -6.6210312053803552E-002   7.2462807146265726E-002  -1.1123242525217696E-002
  0.17590806217748869        7.1000021567046379E-002 -0.12058781882573004     
 -0.31433267971245049      -0.25875232725296687       -6.9705528831084565E-002
   2.4407196151602910E-002  0.18441989871073941       0.14189805878765435     
  0.10439947853779824      -0.11581597744668247       -2.5207897093157086E-002
  -7.1411506762869073E-002   6.7576597021546961E-002   5.0021500794376360E-002
  -6.3194100609432549E-002   6.6983177496871674E-002  -3.5522519079388588E-003
  -1.2200675561709937E-002  0.22593146947343176      -0.19316320510974994     
  0.24426830462128904      -0.18356991474491674      -0.61326403592748158     
  -4.8174181699876577E-002  -5.3525258471950221E-002   2.0180374631705921E-002
  -9.8610927760596434E-002  0.16228882894424113       -6.7778375228977533E-002
 -0.18221358961059336        3.1918630174451117E-002   6.5672713833854493E-002
 -0.11305769105285267       0.14990428675385031       0.33579125211066996     
  -5.5545030224493259E-002   5.3524527325746946E-002   9.8147553403432480E-003
   1.8000478184026385      -0.25763109384403132      -0.87075352540118411     
 -0.25241899364019371      -0.49472116323601806      -0.10500873210317076     
 -0.10030662987343225       -5.8107025969133558E-002   4.5021705798914589E-002
  -4.3445518653640026E-002  0.38117345764697819        3.2002331077638196E-002
  0.34807357943283862       -3.5756656548171055E-002  0.19817531681854100     
  0.28247667155225720        6.2266236756394047E-002 -0.42387177143034588     
  0.39519706455804920       0.22384899078821205      -0.32802765228716108     
  0.16002389296253447       0.59292457907544394       -4.8445108183678726E-002
  0.37394477385771258       0.31280467493662617      -0.25470364278021462     
  0.13706650490515968      -0.42122596181307032       0.23055502841315031     
 -0.17562783239377094        8.3358098219688842E-002  -5.4518143836548277E-003
  -5.6812715002128367E-002  -6.6791765298954184E-002  -1.2035822287202879E-002
  -6.3790140348507773E-002  -9.6277969880285315E-003  -6.0545405488584114E-002
 -0.10180425657720812      -0.12195639657557338        7.0689978822391447E-002
   6.3479570428940785E-002 -0.16936943477453570       0.18140737475718000     
  0.47383828642361658        6.9680323103290004E-002  0.47611863537810145     
  -5.2956065532707063E-002  -5.9751637289526233E-002   7.3989142999871535E-003
  0.15416859072601447       0.23166129731369908      -0.13785646963548340     
  -3.6885663408215426E-002  0.22798474287589121      -0.12034704574281344     
 -0.13918333272428740        1.8688984384440956        1.1340904543177170     
 -0.13980751515766696       0.14404537920497767        7.7267281157594250E-002
 -0.13091474277424947       -1.1160591448593573E-002 -0.48099141492370995     
  -5.8296425655076277E-002  0.41307513579946081       0.20904163062473724     
 -0.44698631471746558       0.23244014407898098       0.27973530065886609     
  -3.6638360398530925E-002  0.12085378288182901        8.6043952263732598E-002
  -7.0499495417816688E-003   2.4859784897499008E-002   8.5829943849803497E-002
  -8.9393410958893901E-002  0.22254069307041463        4.3533274229606095E-002
  -1.3034565093866295       -1.2320921857886735       0.28979813917486918     
  -4.7868256848057796E-002  -5.0026912350367714E-002  -2.9699119199418509E-002
 -0.23235865730487376       -7.8102482747663030E-002   6.7682016357793404E-002
  0.57087284998710996       0.10934154288566851      -0.20941515966670651     
  0.50557240740024789        9.0475553218763299E-002 -0.23548732929401880     
 -0.33390924323352023      -0.14545913236244301        6.3039691762429226E-002
  -3.6937583795887394E-002  -6.3402623025583776E-002   1.0453663910174819E-002
  0.42028861240850091      -0.48711011024771145        9.9876431074732278E-002
  0.11256856404460029       0.11590085436343675       -2.0888552038661825E-002
 -0.62569893566821888        7.7623715990315263E-003 -0.22719137188789579     
  -2.4058829321879530E-002  -1.6708986359895185E-002  -4.4736856903846843E-002
  -6.0617404221190593E-002 -0.20554343738651068       0.14573061348434557     
 -0.24709604279462238      -0.26700429515672963      -0.23185128119068210     
 -0.14332539381408951        8.3636797944102073E-002  -7.7117416128586011E-002
 -0.23656489687670865      -0.24975657575879884       0.47752847038134505     
  -6.4187304782233140E-002 -0.19698456373335743        7.4046911466332868E-002
  -2.3234686806533626E-002  -7.8779494494179550E-002 -0.10336611922554452     
  -4.9742218548670608E-003 -0.10845849240104316      -0.12300085801720526     
 -0.12926516550466674      -0.29918263097006281       0.23387936301669454     
   9.9012469638580874E-002   3.9577210883221248E-002  -5.8326595704389899E-003
   6.7251261493316936E-002  -3.7711523094572888E-002  -2.8765366582888807E-002
 -0.13459686990632996       -9.3064529206164565E-002  0.42611540175226581     
 -0.35872340153370824      -0.18950046216660982       0.62350287901329937     
  0.24574965600366874       0.33429583178323341      -0.17267489065318545     
   1.2365912269588302        1.4613214766439022        1.9914577847468551     
  0.33719852279961893      -0.20744904996269808      -0.13514988772658204     
  -9.5542489642316042E-002   3.9660830868220510E-002  -1.9037403456582183E-002
 -0.18026643016667102        2.1000242515098883E-002  0.12774165984030675     
  0.33154483019705283      -0.33154352803074288       -7.5316360259731749E-002
 -0.38995202461368506        7.3199138368429603E-002 -0.29849496435399253     
 -0.14529359348924517       -7.5424181927756778E-003  -1.0056239852200798E-003
  0.19862140132966100       0.48548087137643448        3.3326149965278079E-002
 -0.26704589657650984        8.6948376146464262E-003  0.45142798038291881     
  0.25843690620077764      -0.39540989664965892       0.28219268584075802     
 -0.22263837858872756       0.40199549230505777       0.11185623112024383     
 -0.29798383101637732        3.8937634538268096E-002 -0.13489523396631417     
  -5.2148370048802142E-002  0.13203674119658049      -0.14059720855541541     
 -0.10040278846042298       -8.2254108068839094E-002  0.23382636001888285     
  -3.5766105620828444E-002   8.2479562223804620E-002   6.1704039958922909E-002
   9.1779243282021725E-003  0.22827111010785064       0.12325036757111724     
   2.1637540037403903E-003 -0.12102867016689116       -9.8821982935914127E-002
 -0.26211799596031388        2.1641071285163793E-002  0.16038819605689761     
  0.33205010594660173        9.0512368245191627E-002 -0.41348223275169127     
 -0.33531755576677713      -0.15036832643884965       0.12736760971401612     
  -3.3413439466606680E-002  0.43367234714110936       0.30595715816535590     
  -3.6010419989218403E-002  -6.0217871665104571E-003  0.12646457759483909     
  -4.2560788871668580E-002 -0.34916812197617164       0.10478675566441631     
 -0.47993400616140608       -1.6776107063312420E-002  0.44455410376580645     
  0.13010524349140559       0.19815379156184096       0.10660194378222883     
  0.25102808159757189      -0.30053730643087878       0.15932130993542576     
 -0.19307596033014035       -3.9644881885544291E-002 -0.13635841918802477     
  -2.4146061584898463E-002  -4.9182368445822910E-002 -0.15373129314571271     
  -3.3120010701166824E-002   9.4501641025057266E-003  -5.6454932750049348E-002
   9.6285804486143142E-002  0.31646927259843843       0.11052708728385943     
  0.16543073000732980        1.5241023108781517       -9.1919370790027544E-002
  -3.4400473359122649E-002  0.18657717257401665       0.16099393312190002     
   8.9597876637054361E-002 -0.48102151510306368        6.0634738465072439E-002
  -5.4388777714899438E-002   5.1417901679625615E-002  0.15839388495974271     
  -7.6174461217581452E-002 -0.15560127407484645        8.4817981486241451E-002
  -4.7088755117985485E-002 -0.35068068624056348       0.44662473512192208     
   1.0883003545670972E-002  0.27129065474305192       0.16814118686393645     
  0.38812037580135689       -2.6888073252560461E-002  0.34970878116778470     
  -7.9861423960471231E-002  -7.4478280759790929E-003   7.4309977540451197E-002
 -0.10440298184542889       -4.0660472315840891E-002  -9.2623115339900600E-002
   1.8199896843892709E-002 -0.16763440905548149       0.10820499770083168     
  0.15307152848857536       0.20455800430356830        7.8271947965114275E-002
  -3.9606223429301438E-002  -8.4813935955786041E-002  -5.1274396088488612E-002
  -2.8125367904675999E-002  0.13318923791662643      -0.11495087853343100     
  0.10906883786518938       0.43581591103737283       0.38856778195017089     
  -1.1156824050739955E-002 -0.13412960670850896      -0.16052697416880193     
 -0.50767621849550504       0.36990336307150523       0.30212092031729576     
  0.38902333411955192      -0.24835310681560707       -4.1189866674897178E-002
  0.51611704607817321       0.17339595508288883      -0.18989784887155076     
  0.16680949151339602       0.53145616256724404      -0.24481464149742829     
  -7.3121886990301366E-002   2.5169834246772704       -1.3328522764360284     
  -9.2610672931209784E-003  0.10591053540944864       -3.9821997497777706E-002
  0.35397608325296975       0.31627234676298382      -0.26781606213751907     
  0.13320618288188948      -0.18807078840132105      -0.25785268275749251     
 -0.31450336915322685       0.47328704714640080       0.22107615374676942     
   2.1467070314472444E-003  -6.1843582743232262E-002  -4.4666904986933931E-002
  -3.0767433127274833E-002 -0.13884001002839366       -8.5402809471034263E-002
 -0.25208152768176550        7.8231435608129923E-002  -8.3898499212776034E-002
   4.3763380741694065E-002  -7.3614742619267703E-002   8.8672605805943577E-002
  -1.5425292179814112E-002 -0.14425504992328653        4.0438133427514560E-003
 -0.44503085179640828       -8.3995534605801628E-002  0.35266269124518679     
  -1.1050407800484937E-002 -0.15886077168549567      -0.18231571202308078     
   6.4586059544857848E-003  0.16490587526667422        9.9117372355455400E-003
   1.8280595207398404E-002 -0.17159876368235349      -0.69312511710159730     
 -0.33511450392457520        5.6391029988472063E-002  0.40285109745372594     
   5.1129118618763778E-002  -6.0138606613678652E-003 -0.20927044283242924     
  -7.2073521063550458E-002  -1.2423992256748975E-002  -1.4948396505686218E-002
   2.7514803529522510E-002   3.8093716716098125E-002  -9.4072655803740288E-002
  -6.3586698329281016E-002   3.0104200065077413E-002  0.24513455499300693     
   3.7782129093221362E-003  0.12001297878566672      -0.16030518480774322     
   5.0437827824133988E-002  0.29626261012969990       -8.5746433516351750E-002
  -7.9268418157850462E-002  -8.5429752040865493E-003  -1.1917392965219948E-002
  0.14915083804040399       -4.6832944330975818E-002   9.3229067226513238E-002
  0.46225900218598814       -5.9724787438876825E-002  0.16003511973719867     
  -9.4365142286950282E-003   7.8557762095800940E-002  -3.3172089422940323E-002
   9.3152279509713040E-003   4.6528749371474026E-002   2.2046031180487757E-002
  -8.3359192246839645E-002   7.5558347486420513E-002  -4.5066491271704430E-002
  0.19868000936114000       -2.5476724044578212E-002 -0.21873858619725545     
  0.23256838869901530       0.51554175074894693      -0.15973159749975974     
  0.35930712623238059       0.14939347287904381       -6.8015424527900353E-002
  -7.5932209563794539E-002 -0.12219568844543398        5.5269436782755380E-002
 -0.16674526121572628       0.38373236740241640      -0.22704741989682084     
  0.35821761744938296      -0.35556431759690188       0.10298694089413823     
 -0.17548646260692602       -5.2318338494079505E-002  -2.6236599398314950E-002
  -6.7902053016952318E-002  0.40632509568336783       0.10310238713165738     
  -9.2743362471148755E-002  0.50274707021428233      -0.17589060664669801     
  0.11759134282624478       0.23356542761276167      -0.26475648252169109     
  -8.0132083730564338E-002  -1.5551008880696751E-002  -4.7214151176883649E-002
  0.25435380999593038       -5.4171342413309002E-002  0.42374453408941359     
   5.6113254799277403E-002  -4.7368114973657366E-002   1.6200107889272342E-003
  -5.9270209004529437E-002 -0.18464422550967127      -0.16540121204056718     
   2.8970025075724295E-002   2.9709834001660690E-002  -6.7837344228490366E-003
   1.0946766818486151       -3.4999939468093828E-002  0.46099166849333439     
 -0.38534477881304063       -2.4090138847272315E-002   4.2072246129253622E-002
  0.10449843083718156      -0.15623607509972540       -3.6930791974106793E-002
   9.7403966855327304E-002   7.3708943387442924E-004  -8.5444947263795368E-002
  -4.7706636480289034E-002  0.24444136802662875       -8.9604699082016445E-002
  0.12759188587315612      -0.48536891885617683        7.5108439944315403E-002
  -2.7118658642358233E-002 -0.27548840225131482       -4.8469050264779052E-002
  -9.1869870437445517E-002  -2.4421198161485483E-002  -3.3339168392266007E-002
 -0.12112378025909136      -0.14770006304617339        5.5370560910101604E-002
   9.3632202790848315E-002 -0.36235777653245871        2.3394880791630750E-002
   1.8613495165535530E-002   4.3655346622783087E-002  -5.7300612351162149E-002
  -5.2554516056474578E-002  -1.2621098231424169E-002  -1.2205063982305383E-002
  -3.8883050893471494E-002   5.4204887290529122E-002   5.4226315326576992E-002
   9.6396617184632230E-002  -1.5229435761354278E-002   2.8405636032792635E-002
  0.73724510415987166      -0.37188890212438097      -0.81866997012224352     
   7.4913235834198150E-002  -7.8952423666947408E-003  -2.5655598076458348E-002
  -6.5288817641241031E-002  0.33216935578168461       0.10311497082782667     
  -5.4377441574265939E-002  0.29574964069101201      -0.33314800131167932     
  -5.2758540396195319E-002   6.7149473215677401E-003   7.1419413110960422E-002
  0.23044843171926957       0.47390275557078193       0.10475897039784766     
  -4.5649850217615744E-002  0.12673587045126283        6.5155756287025426E-002
 -0.11933157560659205       0.47842407899965128       0.20627652816460884     
  -6.6910786599806343E-002  -2.0621004103389327E-002  0.12793391113959754     
   3.3259674459652305E-002 -0.39704519469198474        4.0875712518872183E-002
  -7.7673682379090628E-002   9.8161809794039670E-002   2.0349274092896122E-002
  -5.3227326192784793E-002  -2.9000619329173786E-003   1.7076037433706122E-002
  0.23981042080659520      -0.14309753289825505       0.11576985258607003     
  -8.3176946939705260E-002 -0.28759070510784096      -0.20161118438478423     
 -0.72892380894489250       -4.8654580399160360E-002  0.42080409764670257     
 -0.16335142802461461        4.8534712096685362E-002   4.5709788848585634E-002
 -0.26231747303383340       -8.3085998085269952E-002  0.15338313602220369     
 -0.31043365524792615       0.21962595250267430      -0.39990625487326481     
  0.28336253305252052       0.48506098294157013       -3.3251887199663127E-002
  0.27131948144238643      -0.50889208110701134        7.1805312783619884E-004
  0.29167795028061749      -0.17310588652593376      -0.17341006454324021     
   8.1296139179657501E-002 -0.23722550814340612      -0.14651824545475578     
  0.41270279316951269        4.8737839882187469E-003  0.26592812346700700     
  -3.0748972763513523E-002   4.0041258301797375E-002 -0.12716501094303306     
   8.0785629418136870E-002   7.3007189065390932E-003  0.39086449485156094     
   4.7640663792463756E-003  -6.8710287105446688E-002 -0.13811477676456727     
  -2.2175884848146071E-002 -0.50133095519256055       0.51999185242506551     
  0.11290879701831860        8.1165635836968258E-002  -1.8436767610247685E-002
 -0.32226212902375811       -3.9556835286466814E-002  0.40608273943169915     
 -0.43060330727583662        4.5446295948490308E-003 -0.39636777955775604     
  -2.2594017819082567E-002  0.34081003376001301       0.34000324225437256     
   9.6151235799081913E-002  0.57248736656485633        6.5610372453237795E-002
  -5.4632687216287210E-002  0.14131307401766885      -0.14723260121613371     
   3.0729600414214180E-002 -0.18449798814530199      -0.20128637844745853     
  0.16873871875018737       0.23902169528591130       0.12988385967959964     
 -0.45065554707133637      -0.13098358904355167      -0.17897188479144299     
   7.7786236424142383E-002 -0.13839625539194414       -8.2393275246428074E-002
   4.3654194223516275E-002  -4.2767187942694448E-002  -2.5378948330260963E-002
  0.14566832572008298       0.65079364520154515      -0.17937399508258578     
  -4.8363596541229105E-002  -4.7300046260674126E-002 -0.15608840471997959     
 -0.11846349618817684      -0.48417675520659942       0.19608557355878312     
 -0.53212694911048741      -0.10110947759498781       0.15616663193854713     
 -0.46858671454831080       0.28664062246408184       -5.5617392806286706E-002
  0.10900810276956228       0.38285352625343239       0.18734345405616695     
   9.0578086659987254E-003  0.12075987235578381        8.3336843529580422E-003
 -0.17861935833386675       0.37329820127851715       0.39983262288025478     
   5.4257027363338241E-002 -0.49509446312628980        1.3561115404424553E-002
  -4.6943775052171247E-002  -9.0196655129348463E-002  -5.1063735143101065E-002
 -0.12368073036149670       0.17436486240892016       0.17792524221106654     
 -0.40147181876211663       -9.9300948508382295E-002  0.46374064665743248     
 -0.13464676090853916       -2.2935873939357778E-002   5.7297281197998554E-002
   9.4208797481987377E-002   6.7856729758535989E-002 -0.10593364166656148     
  0.16880118442317549       0.31491810643097490      -0.18399160802504744     
  0.19097170789046775        8.7884830164775996E-002 -0.15608599664624981     
 -0.10324937480586380      -0.19856964421913414      -0.44881925964097735     
  -9.2893918627236366E-002   3.0747694385074704E-002  0.49002436631308499     
   4.0019605293516863E-003  -8.8874145319410604E-003   3.0269853728012920E-002
   1.0477646604802469E-002 -0.36850152007812093       -6.3436853550359537E-002
  -6.7728227137533736E-002  0.10377833672976169        1.2867340447521762E-002
  -7.4650433962792209E-002   3.6493945020138523E-002  0.16303105703829945     
   5.1279180571243317E-002  0.21112471197263505       -7.0636473673059211E-002
  0.22353614777304234       0.11503460634774230       -1.6657884815601313E-002
  0.18320874240536117       -2.5416585357291507E-002   8.0317210124282418E-002
  0.17073267985411084       0.47406344571011949      -0.18847634842149696     
  0.16282301164538499       0.14965793126144999        9.6164731783803817E-002
  0.31072411573801362        1.6366803561490232E-002  -5.1918997404663818E-002
 -0.18138324296474440       0.10997851473797156       0.12129373155757769     
   5.7165545457760307E-002  -9.3426195116475694E-002   8.1048245306659550E-002
 -0.10271344862360050      -0.12337173434588680       -6.3998568884028398E-002
  0.10605276511353098      -0.28970490496428292       -7.8669818638884642E-002
  -6.8537087680409489E-002  -7.4536593969326020E-002   5.9851617151537834E-002
  0.24462022624444296       0.45362538712362344       0.17376250687435277     
  -5.3761605134153144E-002  -7.3725625691613422E-002   8.3314381885427710E-002
  -6.1676724444176489E-002  0.27677661004506410       0.22724509574589236     
  -3.6754750739200773E-002  -7.5258021691860785E-002  -2.1855791110532881E-002
 -0.92160831366779206       -3.0426198749675219E-002   1.6844709104038080     
   1.5243843518664171        1.5753417289233140      -0.23249028658543619     
   2.9355735689939738E-002  -8.5904797700903590E-002  -9.6157848699291615E-002
  -2.3553671089486646E-002 -0.34468868512849793      -0.75494593034909807     
  0.57446875271044462      -0.24132504079121533      -0.49803888189771844     
  -1.7091727684661109        3.2220974605088184        1.2438251775605906     
 -0.19126532480336367      -0.28466145518914104       -5.1835826252211697E-002
 -0.23927030402995111        3.4133023031625284E-002   8.3949101982223218E-002
   2.0556691297175991E-002 -0.25740682679150789       -5.9707304842924303E-002
 -0.41250235015813458        4.6958284268653339E-002  0.40624046788511570     
  -8.1613087486814354E-002  0.12677660081553749        1.0619685514479360E-002
   1.6457172787415021E-002   3.5704746465548116E-002   6.2674820903392450E-002
   2.0669489274058235E-003   3.3299520425182430E-003   5.4215439773220749E-003
  -7.0566734363822506E-002 -0.13218216497972887       0.16020172887445264     
   1.8294219114222965E-002   2.6090966894100936E-002   4.9161656775946208E-002
 -0.17547333709977792       -4.7564918586765802E-003  0.12084409101178052     
  -9.8493662756766447E-003   4.7266053547256270E-002  -7.7648605251332409E-002
  -5.5046375610176349E-002   7.3908928990361805E-002   2.8234610434384574E-002
  0.17028038368805951       0.65485262782896014        2.2236266406723382     
 -0.10288427524016257        5.1245846896691462E-002  -3.8857845397588540E-002
 -0.16123167439929004        7.6704640694462936E-002 -0.14526032667331898     
 -0.14301770291818924        8.9176500048957261E-002 -0.17379097295413709     
  0.22947360021806545      -0.32368901631571612       0.15239867844886415     
   1.5894987115427819E-002 -0.20021483514621333       0.12953144595690083     
  0.79573946234358728       0.48863774369508073      -0.62911166391250473     
 -0.29307944683697107       0.10803815654807189       0.36788465670135595     
  0.25655250021323106       0.41769497062860206      -0.18970093917133568     
  -4.1835246236858241E-002 -0.56791063169116207       0.14617295243857656     
  -6.9297213801070776E-002  -2.1603962111396671E-002   1.8305490861909864E-002
   6.8416265398156928E-002 -0.29632922072719703      -0.12729980898687004     
   6.1230725053472698E-002  -1.1360690521012724       0.69888556061247531     
  0.10740928472360685      -0.17034197856336275       0.13431586978988397     
  -8.9261768904088296E-002   1.4361086841069366E-002 -0.34532155382401541     
  0.11949855032124586      -0.26722413118316890       -2.8174981032800379E-002
 -0.66419932394758674       0.98048144179541730      -0.98031317645140603     
 -0.13009766508159029        2.8374012094721034E-002   2.9393773020578041E-002
  -1.3532734779165842E-002 -0.27330782407187665        9.5613925359816734E-002
  0.13887013562040018       0.32846946648852271      -0.16638992153948479     
 -0.29190237871398522       -6.9683193987341713E-002 -0.15238834416965982     
  -2.2830505312237251E-002  -8.0082409052680256E-002  -1.8294710146065381E-002
   3.7714725907174715E-002  0.39568798636839714       -4.1124135409063893E-002
 -0.10574546161514971        6.7211959163702810E-004 -0.11718336137703500     
  0.41605897305555967      -0.12037187928523688       0.19557360298451784     
  0.20378895947043602      -0.29828997965232518      -0.20427161731220034     
   7.0262262640882311E-002  -6.8227528327596487E-002  -3.6997050078419143E-002
 -0.11668183428454396      -0.10934001511129342        7.5501444738412693E-002
   6.0849966862811501E-002  -9.1190181180543201E-002  -8.1468943624748366E-002
  0.11866859784245579       0.23551378382405358      -0.19689334360859065     
  0.16239801055555195      -0.28232372733286781        5.3018960640587982E-002
  -1.4566156263708201E-002  0.27747580756302093       -8.1323086945316259E-002
 -0.10433567362554155      -0.63597133326525579       -3.4877876803165488E-002
  -3.9216619897195153E-002 -0.19254988732254735       -7.6960648996677927E-002
  0.41752705020858127      -0.10639483296273421       -5.6421617701096063E-002
  0.47079442569694907      -0.12054377646611847      -0.23372525585596149     
 -0.11447106550899000        2.0264451369413017E-002   4.0179931937438670E-002
   1.0866298819739602      -0.80406245587390590       0.13086692187676038     
 -0.12943686330138038       0.28153313662992163       -8.9429335182675193E-002
  0.15300060610525384       -1.5717307267934213       -2.2640184384005546     
   4.6264540793562001E-002  -3.5747064821969793E-002  -5.1772568412901496E-002
  -2.9107290924017377E-002   5.8622244330415142E-003  -6.5454406711631441E-002
 -0.33681561967722062       0.41369365360210536       0.18056289654439156     
   1.0759600198831041       -2.7587285508442045       -1.3043210122712334     
 -0.75385224774465154      -0.11266052009651983      -0.47668241016879520     
  -6.7194937826956264E-002  0.50535370177609573       0.51363772619679593     
  -3.0366951781957734E-002 -0.22531858918813652       -9.6103869666424951E-002
   6.3332810564582342E-002   3.4826692017797520E-002  -8.4676068392672971E-003
  0.42523316377348447      -0.13598794213420981      -0.16524615807627874     
   9.1847367675781336E-004   3.7478476558479537E-002  -6.2927503418537284E-002
  0.22032043915814778      -0.14595112636801741       0.25820084228885715     
 -0.26538036626779377      -0.19619122613763454      -0.10942445639466927     
   1.3539836465458730E-002   6.2944269561646837E-002  0.10350245436242132     
 -0.33579454533120578        9.6925596175610515E-002 -0.14767646275941962     
  -9.1483404750695302E-002  -8.4513305899371685E-002   2.6267911687835800E-002
 -0.20747386589529890       0.24992908367597819      -0.10153590456664038     
   7.0693593315010614E-002   4.2928919982212176E-002  -6.7744964070556760E-002
 -0.12701365434607326      -0.11746093633883636       -6.8284365553816007E-002
 -0.19932992066869801       -1.9402427315951737E-002  -6.0103965575561379E-002
  0.21801846119156937       0.42680804601000183      -0.43623907822666663     
  0.14219303355297103       0.14434767360393924       -4.2787094620236138E-002
  -3.4111439815201101E-002 -0.19402565734444210      -0.52732974614251404     
 -0.24392997550856482       -6.4606144661656290E-002  -7.3879678107605873E-002
 -0.40511035770923548       -6.3040545128773551E-002  0.25519573572570742     
  0.33929687715403417       0.22589080131466710       0.10766904747921686     
  0.35950764410592445       0.29234285034046770      -0.11419107529374682     
 -0.12938791796590865      -0.28534162797624868       -9.1917880020979947E-002
  -7.3994391801630838E-002 -0.21497196310839695       0.18044517086514961     
  -8.3634413889279557E-002  -1.0322139365570634E-002   3.2066641024503052E-002
  0.17267654306168670       0.26114067325808543       0.35563376815006453     
 -0.20485971181253534      -0.18537328911225515       0.43449099975781513     
 -0.10412572877112641       0.16623642876982625      -0.33137492669237084     
 -0.38382072894286545       0.35122178084762323      -0.22109014708890129     
   2.7215837719533661E-002   3.7362871634938240E-002  -4.9041679020537361E-002
 -0.63685614245728484       -9.1128359723443880E-002 -0.20585308301799046     
  -5.4154032292571118E-002  0.15395616257443007        9.6152137563538118E-002
  0.57941179120120445      -0.32912097805768986      -0.20407431396598116     
 -0.10209920009288453       -5.7993991980076896E-002  -7.8744571022956691E-002
  -4.7686248251007091E-002 -0.12882304866701133        7.8213089064917297E-003
  0.44472450609893588      -0.16810825253994746      -0.14306302188870756     
   4.1552374767701468E-002  0.44486877749814041       -9.6265442811763868E-003
   3.4481881321520080E-002   2.9974710089287225E-002  -6.0306500344153913E-002
  0.16292428599935599      -0.42591998594979669       0.27126510778355195     
  0.42979245424432250      -0.19739779208638561      -0.17899760156200734     
   3.0868085479393997E-002  0.17221667541287516       -8.0814489441393522E-002
   7.1939254348201101E-002 -0.12217207072303611       -8.0475223462361536E-002
 -0.25289388165674870       -8.8036583774712407E-002 -0.18058989387582791     
 -0.25389742300514639       0.35326948765080002      -0.62635131341240791     
  -1.0876386337295773E-002   3.4923332435304190E-002   3.4561339129573564E-002
   1.6782186632966857E-002 -0.12272725197927636      -0.11142570069465225     
 -0.31855896636121878        9.8545759214164891E-002  -1.6818094889689002E-002
 -0.17461469628026824      -0.23660572531171886        7.4351186499611380E-002
  -1.8645164568817345       0.15316663819550086        5.3382696041611215     
 -0.17810024600454835       0.35750954612685204       -6.4617786367373808E-002
  -6.3268959659815077E-002  -9.6631524894983001E-002  -9.1339258449808058E-002
 -0.27172078176614761       -6.0636358251560107E-002   7.2480636439405804E-002
  -6.1592061761558178E-004  -8.9835200550951164E-002 -0.18186192994987962     
  -1.0438246018008215E-002  -6.4936942864012845E-002  -3.8440660783680268E-002
   2.4191783148167945E-002 -0.12622586928003868       -1.6950390317108999E-003
 -0.14087716265524547        3.2814765064681548E-002  0.11130874269354446     
 -0.26413746555027279        2.0310825960235875E-002  0.43670057607432117     
  -7.8850270510186768E-002  0.32175823292391931       0.16316315313232477     
  -1.6847113902238879        1.5107381630322825       -2.0862797743742063     
  0.29601411755801843      -0.15043509972852745      -0.32647317252387970     
  -2.5818917862501713E-002  -4.4044060199876667E-002  -4.1067711574328449E-003
  0.26457874096726003       0.23712856185720130       -4.6332647014085002E-002
  -7.4130976898029124E-002   6.7640222895482632E-002 -0.18204826851843106     
  -9.0649861582730376E-002  0.30734793711393094       -5.5383257849392693E-002
  -7.6989106949290190E-002   4.6462122188857369E-002 -0.16365522485995962     
   4.4109685843420926E-002 -0.30969887503407301      -0.11668363927114205     
   2.5627948927434141E-002  -6.1988468433322494E-002   7.0366378416101896E-002
  0.12104889639187742      -0.19720613026683628      -0.25453730116063489     
  -4.0855139549951659E-002  0.41699510081764279       -7.6663581342818754E-002
 -0.14983350145479679      -0.19684890377780151       -2.9522381317287287E-002
 -0.13794279456341874        7.6688616510539362E-002   9.5191695747306695E-002
 -0.12906953755401951        7.7884430410757929E-003 -0.12565343127209028     
  -7.2995521777539124E-002  -1.2257687471548361E-002   9.3737572815203833E-003
   8.8797972909850018E-002  -3.3239548474452429E-002  0.11814130265720674     
   3.9121215290958362E-002   2.5368630831172287E-002 -0.12964024208017857     
  -3.9897341436507722E-002  -5.4703180981373273E-003 -0.15885622193258031     
  0.26752684547360245      -0.38487757443371573      -0.30120254653027845     
   6.7093961853225595E-002 -0.13826512824948906        9.0841942888679847E-002
  0.30172257403380892      -0.67971549171012668       -5.8616229934815751E-002
 -0.32663202832225086      -0.33012180198705121       0.11189025896464225     
  -1.9791342011328938E-002  0.10848360673498561        6.3211440472640615E-002
 -0.21371901274499105        5.0518621103757544E-002  -6.3127040194719333E-002
  -4.0157019084527019E-002  -3.1594541014452034E-002  -5.9461038689527027E-002
  0.13458689518857586       0.18847111878630690      -0.11201785579220201     
 -0.43367102977184102       0.19988686804982242       0.27734961043444817     
  0.48857833105218584       0.11379824777443395      -0.36825850515900765     
  0.11915126698142124       0.52347123779891602       0.38385953211414103     
   3.8846399953192695E-002 -0.11469842142986557      -0.11699243022557690     
   9.8400018865443001E-002 -0.21811298739097071       -1.7634401420769816E-002
 -0.18833980356267094      -0.10957841683238909        3.5690526742711774E-002
  0.10680577299146767       0.22153174555870181       0.23837205481308171     
   6.1550028573996492E-003 -0.31668400266885666       0.11012954281582174     
  0.14670351030694043       0.28535402384633196      -0.38330144155439611     
 -0.65632706683073738      -0.14011725969540045      -0.11334309835913049     
 -0.31730772633873328        3.3897431455794533E-002  0.24433617581847211     
  -9.3857691025768138E-003  0.10012176517000289       -9.6272700006970288E-002
 -0.22199528682657668      -0.31428957587159806        1.1196569344907804E-002
   4.6045249312853071E-003  0.39780485443699459      -0.12080974466018324     
  -9.9104726830393688E-002   8.9901524587256781E-002   6.5671365228188741E-002
  0.96800219660265574       -3.7525539397034655        1.3121823310320797     
 -0.21028301711027292      -0.22889440195154684       0.37186021899653726     
  0.49982643719570835      -0.72096618498239706      -0.30160686479855303     
 -0.25038906911850378       -9.8270966237312421E-002   1.4419948993172822E-002
 -0.19260517062334157      -0.18661722382997981      -0.14330589932430532     
  -2.6791107607989705E-002   2.3060043266671701E-002  -3.7856983423851319E-002
   4.6205943286604781E-002  0.15304559662126618      -0.20811325160188116     
   4.9640243430451370E-002 -0.21210491010560131       -1.3363087863169002E-002
  0.32761620126428004      -0.11557053017147703       0.32666249378756107     
  -5.7542702865928184E-002   4.7716544129533550E-002   5.5751294805300493E-002
  0.27542158074873219       0.33426576106440059      -0.35992237773831182     
 -0.13163128049928635      -0.27698164654715041       0.11083411960785938     
  0.24778979605495174       0.15486788727108081      -0.13526298448858903     
 -0.16667010701057680       0.14529834550710466       0.27423706588818164     
  0.40818297752194616      -0.12184884440852890        1.2923023670272517E-002
 -0.45175813780774715       0.18525366601313376      -0.30511739545304528     
 -0.54971602006362752        1.1455739496089168      -0.47075177597023898     
  -2.6590849442899016E-002   3.1967983619205654E-003  -3.0221707784778902E-002
  0.37813603693525139       0.52352966188391004       0.55452758111739753     
   2.8065822258114329E-002  -3.9598831077208553E-002  -3.9387071016719344E-002
 -0.14748205209442916       -4.8484224337463959E-002 -0.12553179574716455     
  -9.0109611647388732E-002  0.14899609897459712       -1.4877419876551416E-002
 -0.50156852937343610       -7.6359118669960379E-003   3.6851947922028963E-002
  -5.6433751580251677E-002  -7.8991134636415772E-002 -0.15389719553542139     
 -0.13843109776692447        2.8239542173021596E-002  -7.8250760351849427E-002
 -0.19518853986756202      -0.20307562160973203       -1.9109871054772392E-003
  -6.8080026185845771E-002  0.14300521378884135       0.13667473001591515     
   3.0376713422825424E-002  0.35306415895898879       0.15515122540423379     
  -5.1200254111834854E-002   4.5632631232196588E-002  -2.9764779314910613E-002
   3.5159271400863716E-002  0.11340654431996834       -2.9111062081220905E-002
 -0.34854196083177097       0.20223014252053992      -0.36680262083889087     
 -0.17784449596779520       -1.5899362142787511E-002 -0.11859443902471185     
  0.22618875131588287      -0.32662447773257663       0.28820225388334098     
   7.6663536763391119E-002  0.17121638076571885       0.42200687227650463     
 -0.12511047573119344       -9.0361758290998836E-002  -5.8579089641406096E-002
 -0.35039819360183172       -7.4846219877289774E-002  0.38869784565147775     
  0.10868464810949598        2.5195284206460229E-002   1.7753654306712607E-002
  0.21757662861146831      -0.17809102077371802       0.34234186067833328     
  0.41982216114913329      -0.57494333182561519       0.18452569644800981     
  -9.8849634746854056E-002  -8.3251190717868635      -0.12541192350963914     
  0.19851362542791284       -1.1529458900672411E-002  -9.0345849858755253E-002
  -1.3225241914069246E-002   6.5946030034295750E-002  0.11602937885155613     
 -0.19400582438053113        8.1173078987349406E-002  -4.2709658748937181E-002
  -8.6656767621419994E-003  0.11082093712927019        5.2369522192993428E-002
 -0.15618235359020241      -0.10619559308974097       0.11788230289986154     
 -0.15931456169947117        9.0656290989338278E-002  -5.3578692866233964E-002
  0.39382847812488003       0.25850661092181643       -9.7939581556750060E-002
  0.33113880713781851      -0.50893709241076457       -3.1643496054020143E-002
 -0.21700430294900902       0.17966301907381887       -8.6019779018985845E-002
  0.25628923839383183       0.38287808236058890      -0.20455296269217615     
  0.31038065600092463       0.17636256350623772      -0.10375530818079588     
  0.30229168413450164       -6.4337381743957811E-002  0.37436736257852460     
  0.24483612591001946       0.26242031340571204        1.3224669680827202E-002
 -0.29605542893596426       0.35568984464273656       0.23410296527657062     
  0.19777982462687455      -0.44710174461131669      -0.16149405032008485     
 -0.24497840022705319       0.13274406654164417      -0.15476578185780224     
 -0.22169323048268233       -3.0665880803535123E-002 -0.16685970772553371     
 -0.11617601779709327       0.18721693973242992        2.4604860378438693E-002
 -0.37126615391327650       0.35248015136450461       0.11891868590268427     
  0.35650252144720762       0.19099391673512536      -0.18058309016065288     
  0.41462160495224221       -8.5633075138978013E-002  0.22552389218660199     
   1.8403095701935143E-002 -0.17774490345305832      -0.11182534374965601     
 -0.31264928382570750       -1.4442007902011843E-002  -2.2531067505692913E-002
  -7.2041236189648930E-002  -8.8862982387453729E-002 -0.10003599167556043     
   6.1555345273647241E-002  0.47187680674416149       -5.8364577764040616E-002
   5.1166360612863011E-002  -8.1899577086781458E-002  -4.4360184113370699E-002
   1.0829871091003409E-002  0.33670252408579743       0.48808185455310410     
  -8.4105175060926060E-002   5.4426931594262470E-002   9.9739470103919273E-002
   2.4092032748761014E-002  -4.2395739680444508E-002  -3.2414281101154387E-002
   3.5932497326037920E-002  -6.2980702109697542E-002 -0.26097656321277030     
 -0.29355818667088757      -0.24485014982448183       0.28882442393888913     
  -2.3351267653077164E-002  0.10579629279292570       0.33486829858570138     
 -0.29652816613606786      -0.10881104462899475      -0.14385003785768910     
  0.38353702189418604      -0.20457778890384726      -0.12511881535527389     
 -0.56826699688151017       0.33984884705897883       -8.7189930769235771E-002
   7.8558175503135610E-002  0.19592981063930839      -0.11528596733426334     
  -3.0900686817382443E-002   3.3174836001698817E-003 -0.21466462074108972     
 -0.16567173064388740      -0.15615118828748892        2.1176750269990767E-002
  -6.2438148290452050E-002   5.0322697879933275E-003  -6.2116174548727962E-002
  -7.8903155073508872E-003  0.46887449138160825      -0.22916613739763139     
 -0.10834154880714167       -9.1005351648964589E-002  -9.8298101614377797E-002
  0.27639695463100028       0.27313304148151540        8.0687556218899018E-002
 -0.52370592743295441        3.2815548752188971E-002  0.13690831416844246     
  0.34727354909022412        3.8705839088126290E-002  0.23476697066081947     
  -7.4323867631882493E-002   7.5020650718091622E-002  -2.3356612163028190E-002
  -2.8447031341513798E-002  0.45882603669626842       0.43169817004920685     
 -0.17469375745053439       -3.4009977951632584E-003  0.30956016309746748     
  0.18522540934097823      -0.63565631745676643        1.8821322330855874     
 -0.18444550920652530       0.19889455204374959        6.2854184565747567E-002
  0.18647877676155603       0.43961684593001010       0.17122327565086462     
  0.25327591231348301        1.8558200087178713E-002  0.25349521905920402     
  0.12214956515823398       0.10096463682953585       -1.5156188472825618E-002
   8.8822886611439861E-002  -1.5632602048896660E-002 -0.14211364536669047     
  0.35112663909664998      -0.21534093450613853       -3.3566221474257356E-002
 -0.23273725259192585       -3.6761824072523840E-002  0.42410167984715147     
 -0.24409967658029980        9.2117263742167874E-002  0.44965274727262355     
  0.33078612635207083       0.32948373601657771      -0.29040738394456450     
  0.34267442989964608       0.13273779181563339      -0.26698481045696271     
 -0.20173482741456267       0.35041432685559348      -0.11119551310949519     
  0.34566641471352322      -0.24153756570859861       0.31700013871904270     
 -0.55203929706170118      -0.26911478122535815      -0.66812151161093702     
  -4.0181380366259303E-002  0.10776172452524037        7.4994970515150972E-002
  0.86156501219771831       -7.5172227747202489E-002   3.4095211643122179     
  -5.1941465852974482E-002  -4.7263137249301687E-002   1.4042262731071432E-002
   8.4567024624598211E-002  0.25596108594926714        9.4814506069597029E-002
  0.17593558175564947      -0.25365504643612241      -0.24517543962652336     
 -0.15673272520022608       -7.1686427925452614E-002   1.2771314776624852E-002
  -9.8657609804742294E-002   2.0173792310821136E-002  -3.0478182206115995E-002
   2.7089592952969872E-002 -0.22864015651788577        8.6884836553350539E-002
  -2.3500534715435294E-003  0.49314276029748988      -0.23619312752603433     
   5.1180950589977084E-002  -3.0109770715333616E-002 -0.13089201632170230     
  -2.5269907459450014E-002   7.3301883199305640E-002 -0.11537307038336074     
  -9.1338256000314436E-002   1.1784608236027469E-002  -7.1007896122466704E-002
  0.12301671931613264        5.7371865624749455E-002  -4.1188012200365158E-002
   2.1258215452817152E-002  0.22654119630076908      -0.16146012998424089     
  -4.5967688436530665E-002  0.27409310589405833      -0.26211347838061994     
   9.7402721026898731E-002 -0.43020436348083485      -0.26682484235814913     
 -0.45087819434370496       0.22517135887819553       0.30008639259526210     
 -0.14595226289346469       0.43808807956679668      -0.15446061726324803     
 -0.19179436161962166        5.9208108805698711E-002  -4.0754228849223476E-003
  -3.5608978586789769E-002 -0.15934657397597024      -0.10596376998604631     
  -4.1959514871254128E-002 -0.20030696728308589       0.17876868030267057     
  0.17575960759289147       0.11617291625231224       -5.3615052231115762E-002
   9.9041523792292724E-002  -8.6542808845097630E-002   2.0953497890050028E-002
  -7.9353485107412053E-002  0.24338667302015862       0.30978183323344072     
  -9.3934753661175208E-002  0.23283205801305468       0.29577665441133660     
   4.7072562805307160E-002  0.13513583717210856       -6.5522538867570618E-002
  0.34134261932918070       0.22987245219581995       -9.1338836672885823E-002
  -6.0696334697716590E-002 -0.14630881851636668       -1.7303323220036020E-002
 -0.32121606237478040        2.5432533369142741E-002  0.50505376871910601     
  -1.0733986523446745E-003  0.41309393149888801      -0.15295560773957775     
   9.0572683584228833E-002 -0.34385659286710551       -5.6741274407918076E-002
 -0.17061890480868055      -0.24864726253375294        3.7079855356228382E-002
  0.33204754735691805        4.9867585172487283       -2.2544676974234035     
  0.30666365000027579      -0.16077638347553999       -2.8354281981310629E-002
   8.4890646298329021E-003 -0.14107080976488270      -0.16762887528499001     
  -2.1736374251724387E-002  -7.1470099451227315E-002   6.2198274454830629E-002
  -8.9141142023388825E-002   9.0396603595656738E-002  -2.0402106552892860E-002
  0.18276553446994687       0.39712601350379911      -0.29345510848071282     
  -1.1754080429148521E-002 -0.56813906160262340        3.5174388290287968E-002
 -0.45198790935077704        8.3359844261926094E-002  -2.8392524827627681E-002
   2.2859774255185279E-002  0.17737051996555009      -0.36259538827993471     
  0.14689071849178009      -0.50170960089332273       0.17705200820476591     
  0.15654628855688821      -0.59779380410686989       -5.2892772871018651E-002
  0.26033974283675021       0.26310560421971074      -0.43381171978100797     
 -0.21143175278973680        8.7595669044002206E-002   2.3210489247150475E-002
  -7.6210888346291333E-002   8.5863564167911036E-002  -7.4664890351377647E-002
 -0.10348112936205731        5.3035170693940509E-002  0.24572440093118739     
 -0.15823647392186041        5.3007304400118936E-002  -7.2739674795077675E-002
 -0.58412919680193953      -0.19551563437236075      -0.26594908614585316     
  0.47227748535470288        1.8168108201711080      -0.82393005466867020     
 -0.24015098723250339       0.11193539947812141      -0.10266959483525617     
   3.4108377600114391E-002  0.29656207146850311      -0.15905057230077643     
 -0.27793629594307567        5.6366584572525448E-002  0.29093529269516349     
 -0.27579719430950284       0.19929294647799858      -0.19406728200622733     
  0.32780376794469041       -8.5647596891092415E-002 -0.21530744380204220     
  0.42020210715037187        2.8931042185108007E-003  0.54234980958591916     
   4.6636160774105852E-002 -0.32512047879733680      -0.15321915851156076     
  0.24298209534005089      -0.17947300291487076       0.23748801771545522     
  -3.2992134950672991E-002  -9.0836520377960112E-002  -7.5745933542082769E-002
 -0.47177439236354146       0.16291998823947260      -0.28524054062436560     
 -0.24503022773266508      -0.24876968461643753       0.43887582267289132     
  -1.6915279262399621E-002 -0.17654537579511947       -9.2330904627307524E-003
  0.22757706379294737       0.25967634870212197      -0.21845970495019656     
  -8.8047842177978508E-002   4.0892907807529792E-002   3.1696617850806415E-002
  -5.5911126648015473E-002 -0.21738971982816854       0.46791982929829135     
  -7.5178283696485007E-002  -2.9108388114544147E-002 -0.11747235768334842     
 -0.10292825335597515      -0.14494749657575218        6.9305362669370624E-002
 -0.22883115777104585      -0.28361727377932178      -0.28086489947291582     
  0.27158558446853331      -0.39829235654769984        6.7747953054668034E-002
  0.11164771055755247      -0.12425873066243899       -1.2187399106763400E-002
 -0.22653547224512069        5.2387078588369440E-002   9.8386696842401228E-002
 -0.20685591548962309      -0.23342345844512563      -0.10006375276004105     
   6.5306318781823317E-002  0.11079857888259352       -1.1811253713187624E-002
  -2.9213801702214007E-002 -0.21315602227929603      -0.10805646407964109     
  0.42246874845108456      -0.16270616245384956      -0.14963663640988528     
  0.20016189597744066      -0.46441183787494511        9.2877815070660286E-002
  0.27181501693325050       -9.8174831638901616E-002  0.23022606071198087     
 -0.94934666539662582        3.8014571908548982       -1.3977592572633450     
   3.2434645912013074E-002 -0.18392856652300033      -0.31502275490613496     
 -0.15747212273531594       0.13000942237306443        3.8135019712895256E-002
   4.8358706936808653E-002  -1.8102005245157437E-002  -5.9841422262384682E-002
 -0.12785170346993893       -1.4529785856071665E-002   2.8275180905467184E-002
 -0.23811000334305696      -0.14203874536664690       -6.9734912347250474E-002
 -0.13468574054940538       0.51144504761336451       0.20164252387837142     
   3.6187697683952295E-002 -0.40937523058391245        7.1136566418674094E-002
 -0.15855982127265636       -2.7637651294383194E-002   8.1763614257898513E-003
   1.7428915889189628E-002 -0.12840875176785227      -0.24084357616356511     
 -0.38494072584078781      -0.20075104318867582      -0.22801353859768497     
  0.12585769202766309      -0.54774923484195215        6.4965836487889617E-002
   1.0917513474128478E-002   2.6469490255924551E-002  -7.4948596121914027E-002
  0.47839555124503497      -0.44208754302810699      -0.13590278696992600     
  -7.4811105704362016E-002  -3.0491637072036348E-002 -0.40182162446214015     
  -5.2904059199564368E-002   3.5998338017990197E-002  -9.9134727838271652E-002
 -0.36376941735372542        7.3037060476116536E-002  0.37487210213570821     
  -3.8161082867534009E-003 -0.42287126284913867       0.30286277043083565     
  0.19261550347806142       0.50837523534362605      -0.10330822650578103     
 -0.14149156831198959      -0.14877725085457902       0.17229227233096614     
 -0.20827254993941957        3.8764667101586159E-002  -6.6210044484850752E-002
  0.16632076960407885      -0.13645606365254365       0.42260886364282563     
   5.1687224487046921E-004   1.9371954809889565E-002  -1.1304238338994604E-002
  -8.1667424708728620E-002  -7.8338950124030179E-002  -1.2786196833094225E-002
   4.2720187637967075E-002  -1.9877973252056397E-003 -0.15130178679499506     
   4.9760181385012321E-002  -1.3208842346484492E-002  -2.2771702050624260E-002
  -3.2468132127813909E-002   2.7037934665175279E-002   3.5871886665326133E-002
  0.10014280361273092        3.5845991502265438E-002 -0.17052652805384164     
 -0.20770972769097029       0.10201688005680114       -8.8088085331234911E-003
  0.11849306569312991        2.7493857196372252E-002  -3.5733596828776158E-002
  0.43836302470479505       -2.3218803168046214        1.5161955517238099     
   4.2754330001952556E-002  -7.6478538578270638E-002   6.9293217537329782E-002
  -2.1134794616052523E-002  0.16320653845808536        2.2117627629024243E-003
 -0.24380756774600548      -0.40148294615255697      -0.29895220549112095     
  0.50482117377877989       0.34951334157420111      -0.25781818027154940     
 -0.32364127315540464        2.7171449827954188E-002  0.33744159022264969     
 -0.48215463266750080       -5.3689484666806528        2.6891467778380997     
 -0.33003204136785835       -6.0969485831361740E-002  -4.1771462275884151E-002
  -9.5100094934587820E-002  -6.4354698175778213E-002 -0.15018281939889444     
  0.17600781434243959        4.7017621879673274E-002 -0.13599623871953737     
 -0.41016481759746315      -0.18841546205531337      -0.35835989539851687     
  0.10820080635992953       -3.0906987688884967E-002  -2.9895374925504193E-002
  0.45257634524987556       0.12549425108409853       -5.5742237413733027E-002
  0.10938004642014017      -0.11168603178225148       0.18021189372857119     
 -0.13319173805577669       0.47163702553215192       0.21473339224940102     
  -7.1350537219227739E-002  0.48274116898255814       0.21485873019476251     
  0.12019616563794461       0.10292321610755438      -0.17387998663571227     
  -7.6834680570742719E-002   5.2291804511932015E-002   2.7470029820520932E-002
  0.43453629127996907      -0.12307700055634603      -0.16431693746049944     
   2.3641858247836815E-002  0.14836628957527498      -0.20700737293263274     
 -0.13771477497145168       -8.3303910483809751E-002  -3.6843420727592863E-002
  -2.5881917891988154E-002 -0.32986481551796376       -2.6211008357175328E-003
  -9.2235090631733380E-002  0.12360266844076107       -5.6645384308801609E-002
 -0.22742643996361039        1.2428426979145728       0.66927973719600775     
 -0.27273232786099538       0.33851136861357617       -1.1065580870948813E-004
 -0.39865377725684792      -0.18241185998761206       -6.7841686617514343E-002
  0.37067747755847008       0.30676731263147988      -0.30566099453408990     
 -0.18266028238016341       -4.3520560557941471E-002  -6.9954888107967017E-002
  0.15260165269184625        8.7892240961002006       0.41299516025066052     
   1.6743484335139495E-003  -7.3428667711864879E-003 -0.17024957982432551     
   8.9783854916717712E-002  0.33631039158865883        2.1357045199460437E-003
  0.37377363753398790      -0.32697595690247899       -7.5361233227310656E-002
  0.11903322183705693        3.4729263681742034E-002   5.1834710676547380E-002
  -3.2176838994676459E-002  0.11896160878573324        1.4656894946546987E-002
 -0.13688362957430456      -0.21346554578690788        1.3836980630609791E-002
  0.22824567508609955       0.26414379871997357      -0.22525891324810915     
  0.36628848302377631      -0.24168967728854357      -0.31207304362152949     
