 -0.30670259527423355      -0.32101507040840538       0.22569204254361169     
 -0.15832924466863763       0.27175104679649070       0.47929295375675879     
  0.28560166311536350       0.55059056114331839       0.36753904075707905     
   9.4808544963313340E-002  0.17395324325498007       0.12857048102181601     
   2.6504910289355886E-002 -0.18899076033962453       0.57531581434912027     
  -6.5766115756760737E-002  0.25194907986920784      -0.10298518649931951     
  0.51133505264095414       0.61892441289547617      -0.12407412749780436     
 -0.17302531729228215      -0.62537426752571756       -6.1286951996608545E-002
  0.12494980596884843       0.11982637227742010       0.57293803492707474     
  0.46930529280689059      -0.39067802906378646       0.70178469364518548     
  0.57908042167729634      -0.13635724482098346       0.35114701175474350     
  0.32775967854580168       0.48024903555196358       -5.6807504369514206E-002
 -0.15441376922940267       0.24303082924824729      -0.71327816395407451     
   6.3135965553395595E-002 -0.11973619186871268       0.25873914150942062     
   8.6344675985991243E-002 -0.14469748474922237       -5.7008110780605629E-002
 -0.46624220794429133      -0.24669416482855616      -0.60898492291288331     
  0.29698393844025334       0.68285601845632482       0.27699115602489266     
  0.17803513827707040       0.42081943298853580       0.20882254643443324     
   8.2235670888663848E-002  -6.1166708536922514E-002  0.18572956565558230     
 -0.58700149773999510      -0.30053998263123366      -0.45147277034807631     
 -0.48503321860779525        8.8449876247428151E-003 -0.43961773978927454     
 -0.16863029058640330       0.16787929154395614       0.57655833018580249     
 -0.52233367309675671      -0.14843031913579682       0.33963431996882992     
  0.31673265708072196       -6.0251168361534164E-002  0.11263963545120494     
 -0.20337403631122436      -0.19697873141799002       0.16926974044220802     
 -0.52628613635350541      -0.30059154820242501       0.42513186348771498     
  0.52078025667841044       0.31583001608328543       0.36141126182831490     
  0.16730699022028223       0.52809724866780106       0.46500919615928332     
  0.67329673202574702       0.20513213743287792        7.8667569512869615E-002
  0.53671836200635303       0.25821576997539120       0.45739037687743811     
  -4.4761118970087957E-002   8.8222657045711556E-002  0.15110371539083101     
  0.10720753579151605        3.7563308486652834E-003 -0.17236011162418036     
  0.17086145930702681       0.64944426006060740       0.33912957976870628     
  0.56195044139208017       0.35509902055784959       0.26594770612649965     
  0.58098427623540339        5.9467884465538488E-002 -0.30703481439428953     
  0.28447627990620655       -8.4788770873724245E-002  0.20997106715313515     
 -0.27469090958439341       0.55419118427329706        1.6508873409746196E-002
  0.19392377686768372       0.20841590695343309       0.25990349128979090     
   7.2062632363701279E-002  -8.6119105626265346E-002  0.12382727999696329     
  0.25411137276473361       0.30996525988655727       0.32377388031946269     
  0.23037512249920156       -2.0302160913184663E-002   7.8515681116148789E-002
  0.17298502297312210       -4.6742353584604775E-002   6.2924455094000825E-002
  0.13693041715385076      -0.26030610199956927      -0.26101139841391841     
  0.71221907397117179      -0.19122798990401080        4.9410650663589115E-002
   1.6317719844578488E-002  -5.4081947734457264E-002 -0.12333453280156613     
  -8.2799455987369028E-002  0.15779652158276775      -0.50341211077891923     
  0.11025872667733624       -5.8744568803581837E-002  0.69770875718068859     
  0.40117672315673586      -0.39565853287066016       0.21294008474888987     
   4.4770353980699763E-002  0.11873610188159145       0.17819435027392275     
 -0.38527090085446308       0.22376911947178305      -0.68143532507218685     
   4.0528599395853585E-002 -0.32479626775744613       0.34154698175007769     
 -0.23440994899076692      -0.60469243533590000      -0.31511823053769838     
 -0.20179173762472813       0.26411498234951752        8.0444437338166905E-002
  0.27667629616533290      -0.18597806973273331      -0.66345377173040754     
  0.70286862447354559        8.1208608442657398E-002  0.27020421562104480     
 -0.26882011426287505       -6.6589272552749254E-002   2.1513867691232445E-002
  0.55384936111734373       0.41051932165438393       0.28651754689670050     
  0.24852252878918890      -0.75211822826196661       -5.8285653923373759E-002
  0.37039466866003173      -0.30904129468740688       0.53434223468905440     
   6.9521821726364716E-002  0.23311413546957974        6.7184630709885271E-002
  0.26463361508659572        8.7162434079417178E-002  0.19382071848524834     
  0.25769701465862693       0.20628697226846804       0.14766116158991049     
   4.5748312600530283E-003  0.49606347552297358      -0.45898080632911181     
  0.12268229917496271      -0.36315785619341362      -0.35366762422666753     
  0.35340447361700106      -0.51576679520173230       -5.9740905722761445E-002
 -0.12419718831759520      -0.35125862016315335       0.24869234419571393     
   2.6871844769208390E-002  0.35718299239522727      -0.56727658886111265     
  0.48747796540905813       0.18445120347805088       0.15504715174409670     
  0.63862316117862150        4.6255886959461418E-003  0.29849499458194118     
 -0.33860475392158745       0.39216086775917663      -0.30041818831927897     
 -0.18849338640354399       0.65650160935620616      -0.12087341656695556     
 -0.12951481682162680      -0.19204807388700390       0.52096094567248330     
 -0.58669362454623086       0.42756340196432485       0.30851024251174969     
 -0.18731888777083999      -0.25551944663927623       0.57496838419100282     
 -0.12962560531444350       0.37809827946747665       0.59237317349286589     
 -0.63838655269401312       -7.4597287202366219E-002  0.18951638828953113     
   9.6497141746520299E-002   5.8960059976042242E-002  0.67034733961770310     
  -4.1823510849305433E-002 -0.47621929554206016        2.9262863574874575E-002
   1.7791022848203067E-002  0.24220581031665100       0.19291995417892671     
  0.28514201181003490        7.3578691571569876E-002  0.48149470780514564     
   8.2799715955203523E-002   2.9764672845899464E-002 -0.64736048449469941     
  -2.6676101879918826E-002  0.71370153284651383       -7.3278217158795206E-002
  -9.4148215501185462E-002 -0.38750084734603757      -0.28739313609620698     
  0.14479965317797358      -0.18954799654360827       0.39384676377678957     
   9.7116844486797721E-002  0.53159560540472717      -0.32500756180045393     
  0.15516533029296958       0.33736445820058397       0.24047198295349043     
  -5.9331443017685427E-002  0.69101684078568293       0.26548745127232787     
 -0.42909023487849890      -0.29101631300013819       0.37226466711897221     
 -0.50257076202314288       0.34717579411038030      -0.36135276715110676     
  0.32280167935171006       0.43134765830872079      -0.37374989132501918     
  0.21057508505682937      -0.23461575750137478      -0.59461323476991912     
 -0.32296268508569415       0.34423093621693995       0.33133924626672645     
 -0.22926122532511781      -0.33831316346204210       0.49424927592031320     
  0.27031036425372851      -0.26519861362507152      -0.36339934744798824     
  0.46631346591723077        6.3898571106887569E-002  -8.1234129280130338E-002
 -0.12762570990675678       0.67853523516482228       0.12102603874839021     
  -2.1394883665012885E-002  0.69011720439730007      -0.23927140228559543     
  0.20847067791039364      -0.31951456398701483       0.55934221905443893     
 -0.38906201443074090      -0.42883273472636679      -0.49640335271741926     
 -0.44922254892264929       0.58617959520849450        5.9461610353760568E-002
 -0.32788442222794878       0.41128223433769029      -0.29532501751973195     
  0.43605885430567259       0.46857518966791989       0.27238916251757606     
 -0.62658807058108645       0.23636915949330131       0.43630956780199370     
 -0.24352767348302926       0.45548885763988101       0.27865630353623722     
  0.42589823322520692      -0.30018015685800259      -0.10399573762177666     
   6.7398163475959921E-002 -0.33202170392546404      -0.54371508970260740     
  -6.0917075682058473E-002 -0.59245466430211946      -0.47629735210858737     
  0.30080387672618003       0.49278828121964446       0.35034435180108137     
  0.32269582982963146       0.13563710566981518      -0.63083464727622618     
   9.3833041976431053E-002 -0.60095160378994661       0.45637285694685098     
  0.51727239033167205       -3.5139681527320367E-002 -0.23267424839914400     
  0.51617347985292095      -0.41674969034954984       -7.7364464080211512E-002
  0.50158685517134949       0.36535424769524444       0.24320241715157670     
  0.22854237149489165        3.5008521757695907E-002  0.75062682253172097     
 -0.59206355796207644      -0.14005970903180787       0.49676208428940044     
  0.15564876628717453       0.63372730679593758      -0.26397414300696587     
 -0.40753149720939713       0.55965286399083647      -0.32754722365584760     
  0.49772925316256994       0.36576876705291755       -1.8868229473889091E-002
 -0.10558774158253383       0.47324774102102274      -0.38029110381025588     
 -0.58676174376426993       -7.0663215802392820E-002 -0.43817206135980002     
 -0.19733847274766189      -0.18429206904537185       0.27872453604606179     
 -0.58227249402643522       0.21897069277651923       0.18491784170766865     
  0.30806662731621071      -0.13652652221200889      -0.42888228480090179     
  -6.2713661643943652E-002 -0.19802801483386992       0.13142712275465707     
  0.14996564726703226        2.6920879960382366E-002 -0.18131465689156659     
  0.19383875115468738      -0.54057284240137238      -0.14702118938808872     
  -6.8081048814639972E-002 -0.17438894370930941       -4.8010894971574361E-002
  0.12625318366344523       -5.7684599070329023E-002   5.5230252346342400E-002
 -0.10738631103437887      -0.60600829088311969      -0.35027933696034791     
   7.2798616122789955E-002  0.66878523112870925      -0.29229407069168001     
 -0.20181016723278908      -0.61351591254623861        8.0277698227721912E-003
  -5.9126277479384967E-002 -0.17046329396298004      -0.65469744977918476     
  0.60850875850323649        1.5619152443292737E-002  0.35940616361297117     
 -0.72111672583525788      -0.13508740958746787      -0.18314588560005474     
 -0.10214587533038373       0.15863790915806539      -0.54187616094081226     
  0.16905154307123010      -0.60943494732641101        8.2692077741554446E-002
  0.13952589695473433        3.8473078173781886E-002 -0.13971692560862520     
 -0.64892018351896430      -0.15425076799803797        6.1669542416478061E-002
  0.22141605244132728       0.58358086689435407       0.14376906727243383     
  0.15563997758325160      -0.15509729077532833       0.21677240365074019     
  0.50545552300134999       0.19030058018451770       0.22483829509028411     
 -0.16701351454422980      -0.18938177907541040       0.15628315279650379     
  0.18465821629987506      -0.19881302873967927      -0.22645513559971306     
 -0.34481044570240127        2.5087064184490592E-002  0.57804070435811894     
 -0.42692182078030844       0.64752554397804485       -7.2757955581134140E-002
   1.7883521460255736E-002  0.50025837402654727      -0.35778442238885577     
 -0.62922759081227353       0.17746963381447634       0.45486032241418584     
   6.8767172187553391E-002  0.10121423868865502       0.27152664740362736     
  0.13700409584101089        2.9397474776257627E-002 -0.62439938900145464     
 -0.28034519867879548       0.47012001752415028      -0.36597428178802421     
   6.0567877840776975E-002  0.68058966532846643      -0.26756993897822356     
   4.9798240206679903E-002   2.0938002928997647E-002   4.0625078749861876E-002
 -0.54224037977381412       0.16871613952329337       0.24303188371027509     
 -0.10532049641638418      -0.15095256412740612       0.55007056632150209     
 -0.26799155598898794       0.24268841735192553       0.28314132878179193     
 -0.58611798140332005      -0.10481772192647054      -0.49267714861940098     
 -0.13065267019799809        5.1902925738015707E-002  0.39682550947391165     
  -2.8356211921975516E-002  0.63011983202740851      -0.48573219881339802     
  -8.7303319368031054E-002 -0.64614871386319916      -0.29555929576694118     
 -0.49441271149135724       0.19593679451688212       0.29253410941720653     
 -0.24438221418403927       0.46722400317692658       0.46972526166893236     
 -0.30590805382619185       0.38205273002773388      -0.47261594103175469     
 -0.28001032180054491       0.65126377379322975       0.20615145449076477     
 -0.33761460936255161       0.58020068685981441       0.21952445166068826     
 -0.23453469153493731      -0.12071754803183880      -0.29206791616819289     
  0.71350906227580202       0.18598529202731875       0.16109992645073148     
 -0.53414831095285409      -0.54707664811361623       -5.0557565690327169E-002
 -0.14134078331004041       0.31915920947215531       0.35973962683150967     
  0.40922191161577143      -0.68042749814336168       -8.0871199382305053E-002
  -3.7373895435074536E-002  0.14480314034128858       0.27191090634491821     
 -0.50424679397356642        4.9121266789868688E-002 -0.45312627875256145     
 -0.18150810396987951       0.12038335140838100       0.61325856589372374     
  0.49409144612053402        9.2852930555323718E-002 -0.60939712057997586     
 -0.46963759292362517       -6.1501542270866821E-002  0.37742188368266422     
 -0.12600110409513865      -0.73062738256402160       -9.3565726803262944E-002
  0.23422030886568429       0.31440628964410056      -0.26058176260452320     
  0.20866292603157974       -9.9982318501706195E-004  0.24854247582045499     
  0.26840597479002037      -0.23351226157406593       0.24450931311670174     
  0.62166921924653618       0.21247475610307778        1.8582240587921482E-002
  -4.1509910547656556E-002  0.11359999789958339       0.20192836352681415     
  0.18841512765718413      -0.28298226184668618      -0.19097035685922203     
  0.47732554285731338       0.21345682356610537       0.11696401522933583     
 -0.25258971918261047       -7.8045972124364940E-002 -0.36426367922457537     
  0.12278209018135045       0.28591815708024559       0.30492514517312963     
 -0.11522359578684353       0.56200323654223339       0.34638061291880839     
  0.28512162320241491        9.7683839820954049E-002 -0.61085026802286391     
 -0.51469110822895325      -0.19894790890911668      -0.57275386397030170     
  0.33314742528644237        6.9766101034051745E-003  0.19554011387856463     
 -0.27261358934967395      -0.25503894433860158      -0.63521148688992846     
 -0.21400302801334142      -0.68542215174767118       0.28131845514366760     
  0.50899419474677110       0.29012291359537001       0.45039714383959517     
  0.53642682618124715      -0.25933378600926343      -0.12274317781528930     
 -0.11658309131421425       0.28458222625410551      -0.23969214605515735     
 -0.10732710822342736      -0.24708279672857297      -0.50779442866444391     
  0.15826741146088463       0.30288329215893145       0.65197807109408079     
 -0.13665859401110356      -0.33472370368551763       0.68187862234159158     
 -0.58146384980362598       0.40443523105078766      -0.32967703644420010     
 -0.17218570273150829       0.42267236846480072      -0.22952067107131918     
   7.3862966010736039E-002  0.10260099299229226       0.27268639763267488     
 -0.17525313704714615      -0.40450437091183250       0.48355069047623617     
  0.24592586829782170      -0.74715869011087910        4.6511675401693660E-002
  -7.6266573895667961E-002 -0.15872050916862823      -0.11936454855742806     
 -0.26983906266115948      -0.42995779315141730       0.31482034582123758     
   3.9889028416052491E-002   9.4322308229166069E-002  0.26412151925749988     
 -0.47512871657109434       -9.6235003021527737E-002 -0.47473504602438976     
  -6.7637192586750078E-002 -0.35108212731159877       0.20167960401102000     
  0.44549089514934725       -8.2941924018263516E-002  0.10318745449357171     
  0.45859026491451116       -8.1209615444210931E-002   6.3240797538418228E-002
  0.30118480142303539        7.4948484390918169E-002  0.11691919210148503     
  0.22581514807747835      -0.25528314324445683      -0.35015445789442151     
 -0.10142260287701531      -0.75864400795991671       -9.6444443031001401E-002
 -0.31012469853603042       0.33613005813003216       0.15446901268649241     
 -0.64646645313894791       0.16102482732329901        5.4818619813104458E-002
  0.65920481970852240      -0.12864235572316754      -0.28913531980311957     
  0.54904217242468756      -0.32231915725966065      -0.10504271052103085     
  0.13853673051884366       0.33853568218254576      -0.72957219430795428     
  -4.8585361867091323E-002  0.32814709771062112      -0.12648489667815091     
 -0.28123614316284296      -0.27620059519378987       0.13403108384742893     
 -0.37729889846266002       0.13161897165142261       0.27989484662591241     
  0.21542485144113560       0.56697288886139285      -0.42774735020363597     
  -2.8717364645634257E-002  0.31805060706822058      -0.46900614577664945     
 -0.69924383538357215      -0.20288522496210390       -9.5191526245546262E-002
 -0.36769511399417787       0.42504518961269006       0.20199173158324285     
   5.4158307673983642E-002 -0.43377137697165175       0.19476901688109385     
  0.23413562382485911        1.2170647768964902E-002  0.72967204422143994     
  0.59932335635853828        1.8891529861981952E-002 -0.28814649712877494     
  0.14203591552858380       0.44302945689450396       0.19346510244314555     
  -6.3943596819615076E-002 -0.37340295483507241       0.50070661754137458     
   1.6442820717910842E-002 -0.15801607706334106       0.32583708490600299     
  0.64853386316094663       0.18921540144358998      -0.10617890642383640     
  -1.7125495728494481E-002  -5.2797941644877729E-002  0.18561802216264928     
  0.35200521313654271       0.28480596670364766        3.2323808129067176E-002
 -0.21572343765494292      -0.64519380903468371      -0.32168320735321454     
  0.25696945456087178       0.16410310254811500      -0.43014594184395211     
 -0.58556859075539880       0.34630144505867511       0.43724392765511849     
 -0.26976134675157015       0.41914133987754176      -0.50538434574148905     
  0.15123009155317269       0.56064354314208065       -3.2434456083036509E-002
  0.19639932402922639       0.32562044086826825       0.27156944204124100     
  0.22469663213080604      -0.66992022588485811       -7.9105587923745696E-002
  0.25679897850658284       -8.4586395003913586E-002  0.49763848618941892     
  0.41003394166237978       0.46004673895455406      -0.13237130630324578     
   5.6941977045895285E-002 -0.17932324966502794      -0.29230026262784875     
 -0.23243837017975483      -0.22627553307316636       0.30089298048033947     
 -0.12039617429293921      -0.37790300624976009       0.22010206594923820     
 -0.12967890171120042       -9.1807866718794980E-003  0.19917643713436681     
 -0.69741355520365200        8.0712365212497278E-002  0.14976561566289365     
 -0.10735997138369213       -2.9499118082086686E-002 -0.14451192746615088     
  0.53870066086292856       0.38171164963158005       0.15782309030197603     
  0.13356865743018528      -0.64566611293072995        1.8049068497381870E-002
  0.41120260039292156       0.14241105561959116      -0.10360809483228385     
 -0.41875610097048460       0.49181098949730512      -0.29910018453951748     
  0.53621951318130667       -2.1541705062627363E-002 -0.22813635645603506     
  0.20766418852650176      -0.25699574272332615      -0.70100591313673488     
  0.29013950763260044        4.0676008507134886E-003 -0.33991610182331267     
  0.41758859735025816      -0.20710150932608387      -0.29779298106910085     
  0.60249511808311595      -0.35336340441935593      -0.12403221694444189     
  -5.8251719968346631E-003  0.44814372932498880       0.13748390176726499     
 -0.14683195097505514       0.58039245569445175       0.19383629013188439     
   4.8087447757016143E-002  -1.5551491802794901E-002   1.4792321048489654E-002
  0.29109211646253574       0.33154589799961010       -6.2108954369735292E-002
  0.25706805862987597      -0.10369099206600249       0.56034411881547996     
 -0.50219774707021214        6.0009376773086424E-002 -0.46276116672705953     
  0.42082535490744000       0.50619895760593447      -0.28033763749538188     
 -0.20874015936761656       0.28365584575437597      -0.21531238707080894     
   1.4777363392452770E-002  -6.4687590845712836E-002  0.20062764975048980     
  -1.0697374415359281E-002  -2.6413702773416495E-002   8.9401827245143534E-002
  0.15764678329018239       0.45740291095630076       0.56145573739297194     
 -0.52314059334145346      -0.42247369700252768       0.15556178816203320     
  0.29070186050357755       0.61659624292678150       0.20657883044404490     
  0.11817041760738493      -0.23178728121680631      -0.21955538587330184     
 -0.22583588912861496      -0.27191063310560742       -1.1637707251112527E-002
  -5.9675780120590445E-002   7.4141824218954225E-002 -0.75032344809347529     
 -0.22228235236543112      -0.40683258462876343       0.18360023493260194     
  0.37463309860306837        4.4537314802501449E-002 -0.42232199244510465     
 -0.11824377824067708       0.24420727289860816       0.43250893903035914     
  0.31800564805256676        6.0582677939746636E-002 -0.40963306349313067     
 -0.53311860186017046      -0.52853182835623613       -3.6359591071064810E-002
  0.36978639082445286       0.18013014489998713       0.23528473805851341     
 -0.59064558042909210       0.19285435117851690       0.19188707933804666     
  0.38599651534927082      -0.37960514721399186       0.20173260071152285     
   2.1265304747656404E-002   2.0526981257190713E-002  0.16246459945945868     
 -0.28145760803206399       0.26998968471104273      -0.22624818796081467     
 -0.15256682148811823      -0.14304863499220200       0.55712737447304705     
  0.54080014116628605      -0.40468655977523538       -8.6035342936880921E-002
  0.40448816954102118      -0.32856660045050129      -0.34298883418739962     
  0.27948849581601259       0.16456153005793592       -4.2631129550187649E-002
  0.16889677982468709      -0.77881506751745599       0.11420044850807945     
  0.19930539723890880      -0.21687060200745004       0.37810954604978486     
  0.44944780162367526       0.44934414057426131       0.27199913349517313     
 -0.59819002747922378       0.49329575394153874       0.22347562569964635     
 -0.41006283751712141       0.10743880482422356      -0.62954187965681851     
  -5.3412502063010181E-002 -0.20580667552892554       -3.7100383706142317E-004
 -0.24090509513706171        9.5317632328451141E-002  0.10565033320855040     
 -0.56016654792951626      -0.41164322605906284       0.16616285797851837     
   3.3675986237977448E-002  -7.4001499606653927E-003 -0.17725392254679484     
  0.69760998815938036      -0.11766815888190914       0.26522454164774617     
 -0.44069688506549548       0.19045885669809048        6.7073040984062596E-002
  -5.6127955996857076E-002 -0.44185007479317645       0.23410459012043827     
  0.25731856596506020      -0.21908104527435959      -0.34524844116015208     
  0.21902374161736590       0.35655854006786813      -0.23109777010604091     
  0.41367584079754921      -0.40993692829303452      -0.15260512565932566     
 -0.58995694833965562       0.41112073232991730      -0.24072210473593028     
  0.27129367172588864       0.15738074970694502        6.8712385463532588E-002
  0.66915301535954930       0.10466981953401885        8.2866746463832061E-002
  0.42763039303394140       0.21100439167215718        3.2358714701438314E-002
 -0.33147815594168123       0.37590759884485009      -0.52694501599149601     
  0.52470876535630240       0.35950637619199916        7.9977629809429934E-002
 -0.51432024372883145       0.30482927544409394       -3.4270867609995652E-003
  0.43478398421347264       -6.9382054947763200E-002   6.9192636812064334E-002
 -0.59430433154608298        9.6156633099165043E-002  0.21948288023160209     
 -0.44446781304781813       -5.2552616041323962E-002  0.54562633701812024     
  -3.6706102320658962E-002   8.3554596565036943E-002  0.72326431051845408     
 -0.14128957728503067        2.3144635234410130E-002 -0.61918106955656171     
  0.22552801092868005       -1.1196697880468993E-002 -0.32490104924253521     
 -0.15412392141021561      -0.39095012394317213       0.21831097927618326     
 -0.37714816341767615      -0.48573080732301843      -0.21722663653613655     
  -9.3178036685916277E-003  0.30487271709451447        7.4031995821229241E-002
  -6.4084142881441847E-002 -0.18357545901607364      -0.64730373414169795     
 -0.42618772555536222       -1.4273766782901902E-003 -0.38066502856450851     
  -1.8193501603049611E-003 -0.58355882634135237       0.20234533868239601     
  0.43146040133533886      -0.33477626949248945      -0.42892457385732657     
 -0.24566944126518550      -0.34783909539883501      -0.50224703772991186     
 -0.25469057163806341      -0.66895706719808334      -0.31446475894883330     
 -0.37058593966207737      -0.59133549047960587      -0.22738223677751040     
 -0.11972257635855053      -0.24871466351340624      -0.52202292889441904     
   4.6943649663448113E-002  0.31147909485589031        5.3191724805709793E-002
  0.27032144129610874      -0.48635840335978370      -0.44897803628378069     
  -3.1057790354774548E-002 -0.39914027089659920       0.30774228889792893     
   1.1907593209365006E-002  -2.4822899206956441E-002  0.15061280073046224     
  0.14460904243125208       0.24451641347360581       0.73720659939680266     
  0.15508328226352908       0.12528906131225248       0.11392114902362879     
  0.47604250707364365       0.44903702183103283      -0.31928504707283950     
  -3.8196833638148775E-003 -0.47996205455102525       0.73462652292014075     
  -3.3195399486837890E-002 -0.45268422222981775      -0.59684420751908585     
   7.5228553767508949E-002  0.38579761122705059        5.2735029824446276E-004
  0.41872946608966755       0.25552444399511282      -0.43393352021121756     
  0.51592288724642044       0.59979631185954907      -0.11991543347718304     
 -0.38340673520857405      -0.58617678871256707      -0.18706942491902154     
  0.20194210539407867       0.13274256419316566      -0.54787792201548668     
 -0.26975797250346334      -0.37518652843104228       -5.1752623958873631E-002
  0.17653963964761324      -0.52184275041223904       0.41495878222464277     
  0.53841051809460516       -5.4758007799675081E-002  0.56277218925555450     
  -5.4046837799604633E-002  0.34828184637179288       0.56011072637928194     
 -0.12608061584736913      -0.24295805199000073       0.51165542657337115     
  0.18573033783123824       0.47509918723260902       0.46188744349913347     
  0.48938598193622701      -0.17032272692238304      -0.19677878805654253     
 -0.59647561631332746       0.34218985021953596        5.5735445087998041E-002
 -0.23158731962372792      -0.64195940724069200      -0.31812090007984245     
 -0.63519834288743615      -0.32542960397755871      -0.15726554462898473     
  0.37345819591092733      -0.22001139623227658       0.35841504262746154     
  0.21675882776472957      -0.25061618792679552       0.36129457281625788     
  0.35902291340999803       0.35828569818484157       -2.5235910242497439E-002
 -0.26094928540420465      -0.27941927272248712       0.65079935274866185     
   5.4744021565764203E-002  0.50952309255122252      -0.58434599683979460     
  0.36062708334889515      -0.10000772458052094      -0.48136101272643300     
 -0.54237579382641188        4.9750187525883977E-002   9.8228601529367909E-002
  0.13636512796800887       0.25533925992053069       0.49090929486777146     
  0.19585481923535283        6.3365308632633205E-002  0.11942620083871350     
 -0.28517133747358819        2.1386627921634298E-002  0.55829830395849178     
  -1.3846538517048031E-002  0.24878224959245973       0.16948856939727511     
  0.25463809559754935       0.41556801411656019       0.42429179623243862     
   4.0531812111577595E-002   3.6585063446971405E-002   3.1164033639707135E-002
  -4.8507406599311312E-002  0.44192987391643512       0.56082075774929296     
  -7.6655302494676118E-003   8.9338724294586447E-002  0.54836107601885242     
   4.9192683744712910E-002 -0.55214037102801905       0.20641812246025126     
 -0.31520026257606726       0.18087645562842522       0.13672035629055126     
   1.7383685055385803E-002 -0.67920336851325336       0.21985914571583925     
  -1.3567941365293441E-002  0.54316273283295513       0.25547364389451938     
  -2.9347136223610716E-002  0.45900053652127915       0.39658934318951766     
  0.28708894421861497        9.7773098491933455E-002 -0.54580504093687376     
   4.5233856571781231E-003   4.4169063645080185E-002  -4.8702741393846095E-002
 -0.32686752008758724        2.9971893511806971E-002  0.57775585648223293     
  0.38545930991752075       0.67508737148282971        1.2123187909596177E-002
 -0.34702659184892864       -5.6096065647456950E-002  0.30246459699411549     
  -2.0904522782907300E-002  -1.2444139613999447E-002 -0.14526858455009239     
 -0.73525344892698830       -2.5271832448124247E-002 -0.30928479514699325     
 -0.14211894007624054       0.45545159962837178       0.55968560072836859     
 -0.53241989536934875      -0.41286903889126364        5.7714361526191348E-003
  0.10873205901929722       0.77882273033181493      -0.16464229458751542     
 -0.64018565636711333      -0.39852296027694817       -8.0241806370038124E-002
 -0.33428520613542456       0.11036491705511124      -0.21671143936339671     
 -0.25164801301354833       0.35082729371573129      -0.30162196492580007     
  0.48234846631294259       0.12692825830360788       0.39548799890426045     
 -0.13536648292682318       0.65897796574214385        8.7724630140452717E-002
 -0.36204548015370025      -0.60541205892482697       0.14406610392402885     
   8.4603057713823870E-002  -1.1367913222342693E-002   6.9882067808803155E-002
   4.7750995296829356E-004 -0.57777555105567269      -0.30807288933170196     
 -0.38406029363071609      -0.40327537030481764       0.14689931869334932     
  0.28605688376667893        5.8754956561768802E-002   2.3384572558282232E-002
 -0.39138265216924084      -0.17949844140801982       0.46974360817840932     
  0.12121866601389054      -0.19253994947825820       0.12337193115669949     
 -0.15594526894435345       0.41660429404837418       0.30411053683026756     
  0.41990952023986378      -0.37150876230653629      -0.34857823676767208     
 -0.31173940856112281      -0.16847257180093392      -0.45242038223786329     
  0.66554340067127871        9.1981592958087596E-002 -0.39385713259722943     
   4.3609137902678889E-002  0.37810345004083601      -0.17551145442592841     
   4.1622926227507157E-002  0.35817431769540276       -8.5716984148842394E-005
  0.40336409076917829       0.28107639906149751      -0.50778153457463038     
  0.72759195281867217        9.1655573455001263E-003   5.4888831037712013E-002
 -0.30056185618526265       0.16196770527248652       0.17214952197002517     
 -0.28611635512964062        8.6387889257550296E-002  0.59705142111285514     
 -0.79257562575734430       -6.5859575942574342E-002  -2.9897971376143745E-003
 -0.61557248773837103      -0.20468001675026487        4.1093379000530818E-002
  -3.8608241446731013E-003  -9.5605762412522433E-003  0.35234804638452427     
  0.41322045092078380      -0.17017896180324310       0.56561864927248529     
 -0.37799294748848461       0.60891893467631542       -2.8941097726736489E-002
  0.62224251380083329       0.15638298912713922       0.27618668209993796     
  0.43708149254956585      -0.44229966131919340       0.33574707465128673     
  0.26752475680043586       0.43662301544343579       0.42388762396798507     
  0.22426814872882858      -0.27324590517551334       0.35595967705641834     
  0.69389281271829739       0.18090543001534470       0.10589008088079069     
  0.14850722988304027       0.16895618820076688      -0.34377991868362306     
  0.34337051873457081       0.38064061422482243      -0.61091571084247687     
  0.41810926294645745       -6.0124461884252370E-002  0.27223464616460930     
  0.28118007095378200      -0.25939282169008027      -0.34088404022440155     
   7.0758927714868303E-002  0.52808619235047449       -1.6700533288130998E-002
 -0.28007529255104963       0.28210113363713590      -0.26115719045145597     
  0.44149313789121319        4.4544136124407711E-002 -0.10092604839571799     
  0.10735913243173979       0.25144237227191302      -0.13585798306690802     
 -0.14638056549978110        2.4496576096725241E-002 -0.61372953610092829     
  0.11007063590345748      -0.30023818329234409      -0.46050502393621151     
 -0.36393435145200703      -0.30122097200917491       0.60753684006545061     
  0.11656113327994463      -0.18596535444065507       0.13798801978677333     
 -0.58856400499499439      -0.49216261271430695        2.2531280263248344E-002
  0.27376630532611590        9.4060336095867884E-003   9.6716868434497394E-002
 -0.16613263036279924       0.15277910640649095       0.15131488229890031     
 -0.78860191208084762       0.10407658367204292       -6.2948733123407763E-002
 -0.11113243618072882       0.54825339887710345       0.33294030564650096     
 -0.44439954730689912       0.31684578898985877       0.25352413667847190     
 -0.58858923246049366      -0.49668107919750110        2.2491590898935151E-002
  0.56402255776576238       -1.1912977736475937E-002 -0.49186984513174192     
 -0.68941625205536261       0.31377839485834536      -0.20327803914490303     
 -0.34620301014756139      -0.44242836554946441      -0.41069220949917684     
  0.37876367550247597      -0.47182404583227083       0.37831000510017837     
  0.31843340599249043       0.27469059695423281       0.44758879761248421     
 -0.23099784832023537      -0.34742853846269678       0.19148765914649238     
   4.7834391279302821E-002  0.42713410636457994        9.3010574457260506E-002
  0.34315088131520938       0.40098011467952793       0.35686106885580998     
  -3.8558230549587978E-002 -0.42992916441764489      -0.33361915872888376     
  0.17080414958925089      -0.49663168399176527      -0.11116490692258285     
 -0.39328278748089829       -9.8161162610950939E-002  0.65836242120596578     
 -0.11514603556108217      -0.37670599935577459       0.21178145184305941     
 -0.34004921251658959      -0.59578421273894944      -0.24387588466097535     
  0.29824515288517695       0.26087725640310538      -0.17186077355720145     
 -0.42202712767948780       0.22698002697227943      -0.51561972330962680     
  0.33870432408218792       0.18492368793471425      -0.66667100106115684     
  0.25372402035278541       0.40805149613109737        5.0187237404293282E-002
  0.12560124170144341       0.44948002483408095      -0.21212857299666132     
 -0.44539389636175225      -0.40382537278832742        4.6300391609526759E-002
  0.43091157534073576       -1.8265301844901480E-002 -0.45912724036602803     
  0.47496911575409123        2.3651857482055554E-003  0.28238309831104519     
  -9.2646183536636326E-002 -0.78012727409087168       -8.9767570840506225E-002
 -0.41135100706244282       0.27725886446944015       0.52417913422569840     
  0.38846432432697248      -0.34820930225716390      -0.33127986747520571     
 -0.21980364927676099       0.24730909542885468      -0.10450890115838779     
  0.17074687936051333      -0.49406922920042690      -0.11038130017073594     
  -8.3063058169340412E-002 -0.11504246836747153       0.36627544619401736     
  -1.8165737402355438E-002  0.69963242184746899      -0.27995580328101982     
  -7.1305356580406168E-002 -0.62598974201938251      -0.37788938387791043     
 -0.48050886933089654        2.3124351895808467E-002 -0.47100895301383228     
 -0.39701052301458101      -0.44019361469070839       0.34123875549434041     
 -0.33813608449743854       0.39421451960317583      -0.28724504000010120     
  0.37138070187417033      -0.26923775717123261       0.25780144841527003     
   4.2797899725472967E-002 -0.53454842101914013       0.46453432037408920     
 -0.34053025256244884        7.1727161508829962E-002  0.27577826681217599     
  0.20730852603495914        7.7310878610703140E-002  0.49490138207878126     
 -0.23862527812930795      -0.38807448252048138      -0.65166743788992976     
  -3.2079958029448283E-002  0.35308474373897725      -0.48009149930308159     
 -0.27827057773235864      -0.61811889440790913        4.8174459775423957E-002
 -0.53057157837005831       0.14936126938631186       0.45164499037299422     
 -0.69279192812655599      -0.13197323233298638        6.3110968106447118E-002
 -0.22930914943389502      -0.56461580856327509       0.52872792846918182     
  0.21571573844332584        1.0376725612849906       -3.7415580917345391E-002
 -0.12119371346812334       0.23992163812172002       0.42339093316408261     
 -0.56970752815335979      -0.27604406784505708       -8.1104436525110526E-002
  0.23423486224438445      -0.12359707667228684      -0.40671972256828259     
  0.57022345691241905      -0.48893927013763988        3.9580399013411073E-002
  0.60186124910540340      -0.25423630393107377       0.16642525145695522     
 -0.31348623364248135       0.37561516448831872      -0.48309384142750172     
  -2.2709014641287769E-002  -8.5548636973576425E-002 -0.15774392019689579     
   4.5064062888704723E-002 -0.37664822091505679      -0.68154793191701613     
 -0.14540450572541611       -7.2785594271485746E-002  0.10504954125664140     
  0.39124378098321921        2.1774164805826533E-002 -0.68156994899794410     
  0.52703281280707381      -0.24754316430937029      -0.10849515429053182     
  0.20898719649774472       0.48209006817199268       0.44938259279127052     
  -3.5836851664536352E-002   8.4648115170191329E-002  0.71259692983684420     
  0.29211651872642802       0.10367496984852316      -0.59458605515971874     
 -0.39259198123142797       0.14618548695208369       0.12574570825295195     
   6.4559157007544929E-002 -0.19709522128908274      -0.28044189226012639     
  0.41237751544510420       0.16103916624029105        5.9314746680625002E-002
  0.11020299804127352       -5.1423997123289369E-003 -0.79718722587574820     
  0.25542034374861228       0.21172287173668378      -0.47124841210796026     
  -4.2108845629751507E-002 -0.64008083972225005       0.41972965939526036     
  0.10104221833538146      -0.17508442116402395       0.23365226317051710     
 -0.15957978494861216       0.41912075879143362      -0.22329611997737644     
 -0.60743096550152187       0.39674087884585879       0.28916361377566796     
  0.70361522313586056       -5.5674301744062793E-002 -0.12913662542950008     
 -0.40393420876846087      -0.26212117098489884       0.51485033570298311     
  0.31223051744770342       0.27810646371998399       0.43751341309610492     
 -0.21630056356787819      -0.67526848187657162       0.24972102641515134     
   7.3632261319013195E-002 -0.63108820822259692       0.44114700771653254     
  0.41976787144766892       0.33067361470573398       0.18596204249294887     
  -4.0861492579207286E-002 -0.15130744769546473       0.17135887688530205     
  0.42869092056111313      -0.16991354859918675       0.34969468438915080     
 -0.56723826537845501       0.19951007072329752       0.18414611210732640     
 -0.48825236770294678       0.36483529711278789      -0.38308477702598803     
 -0.26366922344627908      -0.17932810578184089      -0.54086095349484020     
 -0.22616574163829092      -0.56272018014841119       -6.4450863026656979E-002
 -0.17130739033077599       0.13396659222996721       0.60105087171920391     
 -0.37229509346818712      -0.58344962640642561       0.25737933342443514     
 -0.62810271343082502      -0.16824641905397578      -0.46570204478712118     
  0.41718396336925767       0.15476354257993696      -0.14296641095847859     
  0.27839840352173678      -0.24820521681766636      -0.37619800733399161     
  0.14218323526460780       0.16424679882564436       0.11671806857290944     
 -0.22341646085114572      -0.18215808086724963       0.12767153749506865     
  0.38922011866861811       0.52042199613430706      -0.23488159711919676     
  0.20893949300582809       -6.3832369309537562E-002 -0.41791507920122972     
   1.8308927078497496E-002 -0.26560093948915964      -0.31946995922542681     
 -0.39273000439686778      -0.52106371916979888       0.34786198012880259     
   1.1747342061649772E-003  0.38859649764483445      -0.57593799221295860     
 -0.52919373461680641        6.2949550427556754E-003  0.23181213163059061     
 -0.14124312346073625      -0.29357624123731180       0.27098742103760964     
  0.11300669397558641       -1.6711029591938039E-002  0.10306441058975170     
 -0.27544804504902864       0.34876973984073401      -0.33189577651568419     
  0.27577657806966765      -0.23514813138408364       0.13812286905907994     
  -7.9296802458207818E-002  -9.9157262079637189E-003  0.16998019044392906     
  -2.6155413416804568E-003  0.44452474382190676       0.13799298223148199     
  0.13064382695332918        7.6870885936234029E-003 -0.14664542730097069     
   4.6812158778532051E-002  -7.0763559206532614E-002  0.12931357263513435     
  0.20262868773936216       0.21620790457806033       0.27600713966337326     
  0.50450639740190550       0.10142774620663568      -0.38208156022323214     
 -0.25097736504290485      -0.31764060918459969        9.8023071810703841E-002
  0.27143887617545598      -0.48018802408850542      -0.16504075083669512     
 -0.11180339196037622      -0.60286259066502079      -0.38393480613864384     
  0.25164668450928596      -0.23975895939682643       -1.6721091896476983E-002
 -0.37826300351185144      -0.61613241888723635      -0.32289503207578274     
   2.7114940318413033E-002  0.27895289490977765       0.10938367164820359     
 -0.24681939092274918       0.35595859504674093      -0.45303516232281171     
  0.31432337647254383       0.42198510717782411       0.28411844119561636     
  0.14972600914638148      -0.22422736225623802       0.16571967187159067     
  0.16208863095969250       0.52442503082012837       0.46522739203241897     
  -6.2151017161370887E-003  -6.9956161582794538E-002 -0.25285301597655518     
  0.38640856764281850      -0.15165279935978226      -0.12071437841561440     
 -0.29244325210663913      -0.22498236463648963       0.36632164523088029     
  0.59097115540968725        4.0072140515369829E-002  0.34042405368747303     
  0.16161637150854810      -0.13947837339197564       0.71732331864545573     
 -0.17027786281064436      -0.56767698745012352        2.6115502405901856E-002
 -0.17107347268046016      -0.42870106546700626      -0.42584819918295952     
 -0.63594905752177922      -0.16348666252404839        1.9270753938668901E-002
 -0.10182094181450628       0.32219245838017629      -0.49187947396789983     
 -0.58493452055900275       0.34843440537041354        5.1980046760024871E-002
   3.1631622248411900E-002  0.32478682729973485       0.11288123116829246     
 -0.20212167835040779      -0.24876153131993201      -0.38890411569752176     
  0.10764358477962728        5.4264093384841311E-002  0.18450808136521019     
  -5.3116855909648597E-002  0.38899079259310182      -0.68078265502246960     
  0.52204114751862585       0.19577393984889724       0.23144412171572706     
  0.46644067841232756       -6.3102227142202760E-002 -0.50325179071882742     
  -2.0918774367312553E-002  0.25223877707115738       0.19444842359464751     
 -0.31923611788322448      -0.35504092581577840      -0.53460892049946152     
   4.4212154655118636E-002 -0.74911737071962381      -0.13967651168618056     
  0.32429964424621738       0.19657507478882522       0.52855182749918084     
  -5.3419223270237640E-002 -0.13065290387467582      -0.11333295862145094     
 -0.12009017380310809       0.48616360479162163      -0.22665789995831470     
 -0.20496438313833301      -0.28070524103667766       0.24477749600208651     
  -4.9627534271111037E-002 -0.39190264602097696      -0.40181790034736220     
  0.70610614226432156       0.20191114742402697       0.13211409948804714     
 -0.12927275046820849      -0.68933365209416519       -8.0616118026598599E-002
 -0.32892267408441800      -0.49121638162584186       0.17780125460432342     
 -0.46206278689208929       0.39040778175991347      -0.34701829989532712     
  0.49718394173986374       0.21117822393115770       0.12794110009086956     
 -0.19101906236781785      -0.25293357785034298      -0.37720519513143158     
  0.48527423992867835       0.33411817101027846      -0.15273568523478931     
 -0.26887254164958724        7.3838672195623345E-002  0.11269744197602283     
 -0.34836071448862338      -0.31125743170326348      -0.32850466391867211     
 -0.11758820231530613       0.48716317619822053      -0.22811359235393136     
 -0.26790771585244749       0.31324826710902404      -0.33725301216229703     
  0.23909710520537614      -0.57110846711878760      -0.37264804227906745     
   7.5994513179607578E-002   2.5549153652428172E-002 -0.60841823725346367     
 -0.41774870481959597       0.20913178623231335       0.16319569978719448     
  -1.8305628872891954E-002  0.25688438589544293      -0.29479342463153768     
 -0.49587300243324989      -0.21943758855861342       -4.3406597157408681E-002
 -0.35515952249141447      -0.28793831797014724       0.42425869360535495     
 -0.11788121108614892       0.65648189518942313       0.10685639017673235     
   3.7258482188935758E-002  -5.1504312843664531E-002 -0.79353746797974156     
  -1.0188162360578205E-002  0.46173283485387134       0.16976739200104854     
 -0.23706928850545961       0.67327595940801732       0.24470187790162359     
  0.21584052732888040        5.5943011148292296E-002  0.53150523046334475     
  0.30223543887515880       0.25560561939330012       0.39478554112427128     
  0.51716591756239916      -0.37661743487452026       0.35867319522632640     
  0.58470675156907470       0.49523155320483114       -7.7889704178369726E-002
   4.2657564260455937E-002 -0.37045157430030262      -0.69742956659003719     
 -0.62118841026762106      -0.42666569388324532        1.1421178625302770E-002
  0.31939601799938733       0.20610806699120385       0.52187396493022997     
 -0.60649212260881102       0.21717608401262531       0.19981242274885369     
 -0.13100200011276764       0.36691645412980017       0.30780642094105531     
  0.58990221473630167       0.16532230510689691       0.26838691138709220     
 -0.55252760041791060        8.7862483594421795E-002  0.10890911079312909     
  0.15221580341678945      -0.18946301495672233       0.12263116962159257     
  0.29396906103934661      -0.15466428060772844       -7.9654740847793518E-002
 -0.20541815156279894      -0.59619573295606831      -0.31696112323076470     
  0.11292277468523906       -4.9628485885973114E-002  0.63177072178038962     
  0.21919882072543498      -0.25401767929210939      -0.64715875856755134     
  0.26366280928521574       0.36858575607267613        3.5833259270522611E-002
 -0.14480682869162981       0.28167415741967045       0.76513093506154117     
  0.76372169147181390        4.9257294934780760E-002   4.6932451793835067E-002
  0.46826336334213253      -0.25326630130613614        8.9367799685719507E-003
   3.4334153287512242E-002 -0.46134925105172153      -0.62679386564757522     
   4.8157325556991440E-002 -0.73670481427857715      -0.17384122416009581     
  -1.0919027805741892        1.3101201046359141       0.26914417450893030     
  0.25327774436716655      -0.26142834680740046       0.23392240903494557     
 -0.25940715642551282       0.36326896413624160       0.43107198986315332     
  0.33888376861586161      -0.42333808934321449      -0.36245369757684576     
  0.14775939950295436       0.21676929326174973      -0.63259969453114584     
   8.0806191799617205E-002   3.4362118098214912E-002  -8.2845782989636491E-002
   4.7439426335287867E-002  0.29895894804298334       0.15287530734857796     
   7.5725229711049294E-002 -0.16433086999771077      -0.10286835448250806     
 -0.14285981024660080       0.28387849984569724       0.52004571716089210     
  0.12547719162638862        3.1575265517556642E-002 -0.13132337457268028     
 -0.10876015589729024       0.22048456244393136       0.45628526955613802     
 -0.45587522789217094      -0.41458366708124822      -0.51654381821498552     
 -0.32233183648068842       0.32242072326016341       0.39957783799997104     
 -0.65590490333255536       0.36732544035590564       -9.5887960320513679E-002
   4.8593253797254259E-002 -0.15168639945123075       0.11101415476171739     
 -0.31331720744335251      -0.42371306039673645       0.10136320951093546     
 -0.26881410852465426      -0.26156560022521552       0.13496720611420412     
  0.15320034680521927       0.63313121721500853      -0.25965809125598344     
  -1.1222023869397626E-002  0.32274591406705522       0.52874763304267713     
 -0.50913368573270923      -0.19252971589211496       0.37848642676964428     
 -0.32074889897480241      -0.17721647973085319      -0.44962416938456806     
 -0.63842529004258752      -0.36112133709993444       0.11614381669676857     
 -0.16125416551142469       0.27186417792044121      -0.19682791782955295     
  0.46910897309773730       0.12431723725789000       -5.9841414227110430E-002
  0.23913223233683792      -0.20360412692807414        5.7352260050046178E-003
   9.3348837106570895E-002 -0.14978964210976606      -0.30687550019216792     
  0.24274836050314350      -0.24015978736153126       0.27588631629713206     
 -0.26285758417317406      -0.45016228993103324       -3.0421277200513137E-004
  0.14817077350103661      -0.20620605379984802       0.39977986155511674     
 -0.38675786760728226      -0.31457711436032881       0.19266341287871733     
 -0.30373124902754206       0.15665613096476005       0.34203321172893786     
   1.7578147180504742E-002   6.5813235152472963E-002  -8.1243044887889748E-002
  0.54555550090761884      -0.39780420541790490       -9.5326678752856928E-002
  0.40970888922678855       0.32510325993547579       0.17656298288096695     
 -0.12564687408274419      -0.30345796920833196       0.27595719135303015     
  0.25597935857395415      -0.74470039433931989       -7.2472142303087531E-002
   2.6815122365642527E-002  -4.3262747789199814E-002  -7.0980694202196146E-002
 -0.29933813546713445       0.50972039061591623      -0.21699027693839296     
 -0.56491230029128936        3.6923545935961352E-002 -0.10935481307306555     
  0.67739698897121525       0.24070615765831607      -0.16626504251424437     
 -0.21495646771926111        8.6426603299510407E-002  0.59771998919583125     
   9.6172749953215605E-002   6.5342820385838801E-002  0.23571755987836665     
   8.8031222453929386E-002 -0.58464794343563053       0.14668878728273266     
   5.9479886721596721E-003  0.55674382621654039      -0.35810443541019465     
  0.34605011350985942      -0.43712545878144421      -0.22095320875204399     
  0.20286191858274083       0.72943843122469310       -8.8168380587596504E-003
 -0.31033722202258729       0.44719301427252228      -0.50937605944446496     
 -0.43756061495115345       0.43994690346551779      -0.27896021907163310     
 -0.58403183598453356       0.33228314342145099       0.45018031351304832     
  -4.0159421660165173E-002  -4.7692868435427110E-002  0.63226828957924064     
  0.31620240513191333       -2.4568320843107776E-002  0.18514422806746414     
  -8.2241082316611295E-004  0.45559355488796710       0.35907353055862939     
 -0.16189675828633907       0.24781777982638661      -0.22122639774806538     
   2.3777102070975272E-002 -0.26816765644869750      -0.35275936757933624     
 -0.21229289223409428      -0.59827807911413855       0.26154611207641937     
  0.24971307533327838      -0.59845715768938368        4.3502555127136241E-003
 -0.10232238961576245      -0.87038285512867741      -0.66977105949519389     
  0.75488766381474159      -0.16151187015003413       0.17176618579327765     
  -7.1557975807251747E-002 -0.39852507906529688      -0.68292912319804977     
  0.29456685989065501       -2.8157372741103538E-003 -0.36478157101657938     
  0.70371086539314809        4.3527808757498704E-002  0.31548725887543588     
 -0.60215122384586628       0.32681998344940233       -7.2551063722498269E-002
  0.49350731670642062        2.6459474686205818E-002 -0.41243532968918395     
  0.32732757871947821       0.43213988009976501      -0.37015727909761281     
  0.44543764653335177       0.16606376453062693       0.62088560359044731     
 -0.10203129046409333       0.47370650999476760        8.6790981530585329E-002
 -0.29011313072108025        6.2479788173554353E-002 -0.11035188199569262     
 -0.29838685367197937       0.27338562024016089       0.39541588066678746     
  0.32206038538187465       0.48183794524670293       -5.7771109548311016E-002
  0.55700892723197082       0.48456440142582852       0.18636503934048509     
  0.30507417852693935       -8.6213254213270238E-002  0.16816802557924673     
 -0.19454062052822507      -0.52039017739126092      -0.12944068394187738     
 -0.49549672185301874      -0.18757732406492464       0.36471607205087347     
 -0.30361240221123437      -0.50211106057480415       0.16138207964295673     
  0.37723151256920734        6.5470067451598890E-002  0.69393606930260654     
  0.21067011895029181        2.2466878051092230E-003   8.9940741158302639E-002
   8.8316116059570904E-002  -3.1615632502599508E-002 -0.62066868792671159     
 -0.33097676611901466       -3.3686486970789055E-002  0.51779604074006114     
 -0.11072373554609717      -0.34133866161770993       0.59519555342138564     
  0.21021234343046397       0.36738687677318782       0.58364603268818827     
 -0.10880901290756793       -3.7679581029259376E-002  0.41502523591354668     
  0.21343013734931549        2.2856860714551352E-002   7.5595594110309500E-002
   9.7302901310908491E-003 -0.56978919818043339      -0.29684328503339069     
  0.19722468412755984       0.40882600190964474      -0.66683159292960004     
   1.5986732756125239E-002  -5.3033988968467047E-002 -0.11444966383745524     
  0.37939291272318171      -0.52196894483070844       0.46000492091922962     
  0.58847908982536068       0.41392656783607518       0.24998277206305319     
  0.66941981552241858      -0.32129113245101287       0.24274597218968136     
  0.12599091368897522      -0.72903041062686724       0.20411083577013148     
 -0.67028747936860333       0.23800301466069854        1.7069947236130270E-002
 -0.25782600399688077       0.33977250220092126      -0.32394589752214464     
  0.30064166754862787       -7.9733582258273566E-002 -0.43731954666923684     
 -0.54386969120958473       0.24408951310619093       -8.6822898395882808E-002
   4.4007009501098850E-002 -0.53225907461776045       0.52599675061695483     
  -2.3262901662018737E-002  0.10903374257755792        4.8366482211210413E-002
 -0.15174440812535306       0.21945110321158973      -0.22911835688118154     
 -0.74481431123532049       0.10510837150980505       -1.0368063297873317E-002
  0.52358429734648715       0.13761443633899917       0.20891604116159748     
  0.20127742803637674      -0.37188657522586899      -0.36262856713364550     
  0.69042729836702821       0.13130498517268646      -0.18966108858292757     
 -0.34267013456838263      -0.33698765167919081        3.0902229085999301E-002
 -0.37500168129736944       0.22287808112560289       0.43217650090809978     
   2.5628572526820059E-003  0.25190703138479470      -0.30751967366216154     
  0.16238290364796357       0.12334730862850152      -0.54226342536984495     
 -0.21260351169975411      -0.16583758498044929       -2.3224487368112855E-002
 -0.14696790814051000      -0.33965382558107199       0.47168852637948966     
 -0.12637740637151906      -0.73821879785681455      -0.11955934385654358     
  0.16907166867229215      -0.31232731277781767      -0.49227488752859122     
  0.52341250549692797        8.9199844266547604E-002  0.35428150096304811     
  0.17495007933514015      -0.50284145732926477      -0.11842396598769123     
   3.6533152721276635E-002  0.42142255926822514       0.11326161627052891     
  -2.4901899999365373E-002  0.74600903581532430       0.25767030295440080     
  0.27616227538859467       0.35849175514642551        7.6985153104512866E-003
  0.66095827642238358       -2.4788533002066893E-002 -0.15386525981492505     
  0.39344312156383593      -0.64304350514957120       -9.7346333599993840E-002
 -0.33175301511689353       0.35177609359427414      -0.23208398285145587     
 -0.60220931206084227       -7.4176688877966662E-002  0.20159742097859731     
  0.37159872808421174      -0.12374801703679343       0.18184152806583859     
  -8.9986174073503011E-002 -0.28110295268943719       0.21194642248318760     
  0.14919682827951547       0.12415498349605762      -0.53507020614893364     
  0.40426964825784295      -0.18961351262333004       0.54328716747518602     
  0.50498696303420187       0.12369662444001409       -3.6278613700766682E-002
 -0.11416049585673971       0.64026863975768433       0.11370315144994789     
   5.3377053040822693E-002   1.1476924884954505E-002   9.9852324788858249E-002
  -2.7361153903183482E-002  0.72186139923489268       -7.1629413401109482E-002
  0.36197904781974410      -0.51188389487396990       -5.1105140475428558E-002
  0.36744278829644555       -9.1998378534963760E-002 -0.28595875364457596     
 -0.27155498134263972       0.30565032558540334       0.55929314153681986     
 -0.23542073342784203       0.48269219226150900      -0.20601067746248297     
 -0.17231838682692707       0.30722011184680875       0.36239220166569069     
 -0.34332780064420931       0.36259150708018523      -0.57019607847386966     
  0.44013904112840690       0.18633631548703436      -0.39048706328878080     
  0.29205290357410640      -0.24948396149873509      -0.33475228632510207     
 -0.65921619628094463       0.20621056713729988        3.5373394037210779E-002
   9.3362924357372326E-002  0.50084222622782948      -0.20503599482380933     
 -0.33381381374572766       0.55801243507881715        6.6601764890006340E-002
 -0.31056983528756338       0.23446748417357446      -0.24295818988900872     
  0.52692419450296191       0.35519313900020305       0.25288074799405180     
  0.63417974197870608       0.19646043709160008       -7.7175090664420895E-002
 -0.27539596356691520       0.33327389866179280      -0.31973009969299515     
  0.23053868718363002       0.33558684012037210      -0.33089354974301327     
  0.21821531316097992       0.16554034259146250      -0.38966216776681173     
 -0.59190294246519481      -0.12076371523059491       0.32408667383397460     
 -0.26667404079004198      -0.27044159162895753      -0.59216653502792604     
  0.24014868038989770       0.16225480951015145      -0.45494399100542804     
  0.32109658498820498      -0.13127401648972584      -0.36455821591687948     
 -0.21988811221972959        1.2801590477280033E-002  -3.1306690768582918E-002
  0.43880223820342135      -0.55371167794309828       0.12778819159345081     
  0.16863326174178978      -0.28530313736896112       0.35044581506666250     
 -0.50300004574792390       -8.8553315371691116E-002  0.44424992191397011     
  0.44869079781612325      -0.37093630972497288       -9.3766178036572931E-002
   1.1396402602981763E-002  -5.3398349738660131E-002  0.35240940301704443     
  0.50596266411225133       0.10171626661754002      -0.38181017862614175     
  0.57021858159616134       -6.6884060696087919E-002  0.26000690948747801     
 -0.46756893356759499       -4.4250576031657135E-002  0.40201828051921545     
 -0.11052988140105871       0.41851340701830170       0.37555076825902539     
  0.43003299888127339      -0.87108621941338082       0.56363504861392011     
   6.7757528055374203E-002 -0.11517873502984143      -0.80331467950567459     
 -0.17570462882573079       0.55275899718921140       0.38386967411682493     
  -6.5876097579944976E-002 -0.28781255925445109       0.21572937043517543     
  -3.2082456777943005E-003 -0.10279848050518305      -0.15619389953516163     
  0.40100868265791928        7.9805372903307761E-002 -0.14805453512214425     
   7.8411047726307193E-002  0.51285503635567709       -6.1197374026931818E-003
  -4.4831598592796583E-002  0.63078178713001121      -0.41537644304947763     
 -0.47642787560073241       0.21516831535440897      -0.50558907251033036     
   2.3138964781462802E-002  0.50688638312442336        6.1437163707609981E-002
  -5.9095922299664599E-003 -0.64859672474420271        3.0572051101248353E-002
  0.35457847676081117      -0.26563136623132144       0.33525511650269624     
  0.20689445073331358      -0.57540599048507401       0.24591379778120806     
  0.35077859676591244      -0.35935219030592103      -0.29774731595753129     
 -0.59426535383710788       0.28959960596778783       -3.4830856364039663E-003
  0.73636528500838550       -4.2783500767369899E-002  0.18380577030596004     
   1.5247690451959009E-003  0.12950105181939017       -4.8832696983064632E-002
  -8.3538419994556769E-003  0.63234679960875040      -0.12132092733090190     
  -8.6300530328428812E-002 -0.63440908400277496      -0.34216788581922680     
 -0.30538925428891356       0.30905610412400308       0.38051872411061061     
 -0.35220259331005810       0.30485384638848195      -0.50163551839333520     
  -2.7586376417011272E-002  0.52589459287948948       0.24928945405087946     
 -0.33915841347511677       0.68020214043077565       0.26269818238595211     
  0.53519276604032961       0.26401215744592033       0.42889751989815356     
  0.33174793908476841       0.21599770617374608       0.12538213424761610     
  0.42140628525810236      -0.34613060718009003      -0.39748222822312440     
  0.24721074293927850       0.60599101462128258        5.3063410650874283E-002
 -0.19973690225028448      -0.17002490361893846      -0.43430248158386903     
 -0.10850922569197916       0.32744316021569292       0.39332617408346632     
  0.59712753468560154        6.8400705953376675E-002  0.35448388873946762     
  0.45520220541942097      -0.39465748446116639       0.36242856631320136     
 -0.28070304871594354       0.28339790217260846      -0.27089680821937967     
   7.2700873581046849E-002  0.54642438630064527      -0.17234410144964635     
 -0.30416379691938206      -0.24780250150697888      -0.66425727870251861     
   1.0641739906799544E-002 -0.62782682988842997       0.31367038829764371     
  0.11067301385560947       0.22508662333945365       0.11997861605429461     
  0.65653125380702870       0.19319838660050961      -0.11661243717499156     
 -0.56753204372819543       0.21104239644493220      -0.51585769689550953     
 -0.24852577899232145       0.26652570194413217      -0.19523401575532906     
   1.4977478320193275E-002  -2.0014453822608123       0.26611173905456537     
  0.42003781821396174       0.13940406635153874      -0.11862584899917274     
  0.28954990890650756       0.34415692376028045       -5.4113012268951745E-002
  0.11841610516158037        5.4413224002511938E-002 -0.40898867818996631     
  0.14447742851655737      -0.20724966586007793       0.13955808701488745     
 -0.14669582838012230      -0.37060463262269960       0.20287518974744984     
   5.7590488910708046E-002  0.52942773544378019      -0.21163490393070733     
  0.27743131442140284      -0.17187815545407678       0.28574358349514800     
 -0.46362439769230240       0.61458385521394931      -0.15768370070096113     
   7.9049280852865722E-002  0.49891218976458146       0.20747184023355122     
 -0.14290758779739662      -0.62121593445560463       -5.0888623852704533E-002
 -0.69844214854960507       -6.5820920853879181E-002   3.5357629126847388E-002
 -0.65873827923437578        8.3258553562984353E-002 -0.38412670030146928     
 -0.21326656351375467      -0.59993886071093128       0.41501792450521330     
  0.21198282144278455      -0.64041180956735222       -9.4545532622734227E-002
  0.14744583810147729      -0.23820019840462883       0.41598432913782846     
  0.56850802641650544      -0.26050061942274344       0.40865724485164057     
   9.1683659823767652E-002  -6.8201461645203770E-002 -0.49182176795262644     
 -0.12925069378873491       0.37422404019253641       0.58787359543675044     
  -1.1241190748500557E-002 -0.57703270742742607       0.20528543927035148     
 -0.62476326544358773      -0.17413944278552984        3.8339254046343682E-002
 -0.58368828581681254       0.35224101965724092        4.6811842422485532E-002
  0.16266320074733007      -0.47861379564190332      -0.34782665876301105     
 -0.14827748781931913      -0.32289983938978217      -0.22719430595467646     
  0.23726727278143195      -0.34063910915440943      -0.19914716417673420     
  -6.5252705459226679E-002 -0.51131051251233750      -0.48012293441134934     
  0.10432764215893599       0.23010991224604677      -0.37066205012423226     
  -8.6476445334441612E-002 -0.63798226076509146      -0.30392627823128932     
 -0.36325155579732388       0.14402706643828331        9.0291065272427778E-002
  0.58660786045695446      -0.26680026680756941       0.17433666728354116     
  0.26637388997437134       -4.5134280954017933E-002 -0.35510869315565069     
  0.13851623122780177      -0.49696926321593587      -0.11738433139275420     
  0.33483694848922235      -0.54959239769074453       -2.3827304138657780E-002
 -0.12737083157486168      -0.39694477544801476       0.24143721655180700     
 -0.65655039025790241       0.19851632838005279       0.43495164156535271     
 -0.46840270896220260       0.41227804412354219      -0.33865649500264444     
 -0.49288656128988967      -0.20648306233106467       0.37845265337877015     
  0.53527227573618930      -0.25884827109211411      -0.12339779463070895     
  0.31968458513405362       0.17998640249528380       -4.8831267366987625E-003
 -0.46724589274329659       0.25433741444531843       0.15069632010833089     
 -0.22070282695613114      -0.62196142699482482       -5.9695813615291894E-002
  0.25221975657528073      -0.20410969660879449      -0.16426087359147556     
 -0.32705338366597941       -5.6156497731662335E-002  0.50938628958160737     
  -1.2357504666213742E-002 -0.30635985706712199      -0.29595798100561632     
 -0.55664516908173411      -0.18062374313647686      -0.56520582901866090     
   2.3315930847587023E-002   8.4980843989360719E-002  -6.9900658347111344E-002
  -9.6502005825469084E-002 -0.39672153254733700      -0.67400235923122565     
  0.67778340908776413       -1.9993882995695256E-002 -0.15755304061222755     
 -0.14305807539908341      -0.51620885735780997       0.74739268749283694     
 -0.30017823433169089      -0.12410837084468081       0.35973756763978965     
  -4.2306498069601482E-002 -0.57514357469894384      -0.38771779072080415     
 -0.63437123195664680       -8.1334249190982602E-002 -0.43343016280039343     
 -0.55468448153635341      -0.40932688160669267       -1.1135484835844863E-002
  0.63609345700958453        1.8345787413610200E-002 -0.25841250142502131     
 -0.75349202029238016        8.3173567243758611E-003  0.17459484695586619     
  -8.2723405107810066E-002   5.9220556083271932E-002 -0.67999913800783518     
  0.33435610510903613      -0.15429602841579151      -0.72917999808586254     
 -0.62896019153372829      -0.30472070651287619       0.29088368005337728     
 -0.75933964205955162      -0.19378485987784330       -1.8620824290135195E-002
 -0.37776369541193716      -0.39645691411295358       0.16244066948856986     
 -0.47248608603079856       0.15147420638184553      -0.61065910248629240     
  0.40472016861209736      -0.18972715937838316       0.54281258629025553     
 -0.34019808233651244       0.59392967646648831       0.21495691531916089     
  0.13343271429111653       -9.4584370305687532E-002  0.52553489953647381     
  0.29940739470266658       0.29163141228869743       0.39737852311656180     
   3.2650428882489646E-002 -0.42210153585844262      -0.54940922844500317     
 -0.61954737262166060       0.47208461830491871       0.19317042808719079     
 -0.45177127116207849        1.1015519921697494E-002  0.30091243429895781     
  0.58065103162284071       0.48195567639067433       -7.1454293098704075E-002
 -0.15798579573098631       0.23809409943286061      -0.21692714760467860     
  0.12574899876825138      -0.72527046345023749       0.19973391154673520     
 -0.65651500576608701       0.19096589063314187       -3.9116690674011440E-002
 -0.26389973263987299       0.35127599918066621      -0.29429176746462188     
  0.16464232743244947        2.9588771451836471E-002  0.50860484295375197     
  0.48659981118023971       0.20828604146418925       0.14338415274228708     
  0.19214957729357668      -0.33670711408433185      -0.32660956749981490     
 -0.40703984969939505      -0.24168867426305912      -0.17474394736428375     
 -0.55895804106597036        8.9835977403979764E-002  0.11955685014539111     
  0.57849727321720734        6.1252899441329924E-002 -0.30116871116678606     
   1.0006690260540373E-002 -0.46370667862351389       0.36883547299280356     
 -0.24388592248982907       0.35484470487845193      -0.27453291643959565     
   4.7210400818616959E-002 -0.32011419617909792      -0.25575543106722981     
 -0.11469319613263793       0.52380399905829600      -0.39334166891430422     
 -0.22790776139845925      -0.57081342143838165       0.30225781698585608     
  0.15682715255091742       0.58301529927979945      -0.48643974986071609     
  -7.2893583705356729E-002 -0.20192046194375704       0.37002380539450774     
  0.16934558286549584      -0.37155709381752172      -0.57680577190184179     
  0.54256236092047538       0.12117902289082651       0.40619754429431032     
  0.36588718493777406      -0.59066302118907188      -0.10413919228607979     
 -0.21540076219812565      -0.40559046117198183       0.18131769690406391     
  0.55627621806437288       -3.1158620997145222E-002 -0.57033618545175024     
 -0.55371041646469388      -0.42168000668486372       0.15809800833326851     
  0.25310991626240875      -0.27965436547748085       0.26356749068725183     
 -0.34168191591823899      -0.43920807063683687       0.28725028319617002     
 -0.63567915849019840      -0.37380442228742572      -0.15464620708883922     
 -0.25012878330714722       0.37884746254365931      -0.31478299932335529     
  0.11725515034110279      -0.53904271045169116      -0.20761245923408223     
  0.51616905737609531       0.34774031204398281       0.13885458022747463     
  0.59029993991158936      -0.56967915435895577       0.25018795553131612     
 -0.33295079136241229      -0.59363071855482619       0.13952505755071476     
   7.9954390559942953E-002  0.79561068775757549       -3.1999038912705266E-003
  0.37399414952691845        6.5667542210196703E-002  0.69602466810007957     
 -0.39532081335629277      -0.49634015107779739       -2.8750609567707785E-003
 -0.37608652029438666       0.55956434052982640       0.13143115456233395     
 -0.32889185794855885       0.57890799317443298       0.20696991147174978     
 -0.42221437251015753      -0.57087944589693407       0.41270511434078949     
  -6.0719705898335558E-002  0.42543632007525223       0.55918690362790924     
 -0.31023724394561070       0.33322641785552815      -0.37762704024614024     
  0.67691357564784405       -2.4707907103584347E-002 -0.14494334459932887     
  0.30577696186739223       0.10968794599677772      -0.41893775900046065     
  0.76990510547740532      -0.15435906132441141       0.16781856051269825     
 -0.18774189940704844       0.66919112756722954      -0.12016657660749853     
   4.1943696773591556E-003   8.2816557860870513E-002 -0.45178846053729876     
  -7.1919702752174328E-003 -0.56736649819408869      -0.33050010395901591     
 -0.41999273035173806       0.19767189344246960       0.24533966512438424     
 -0.49887738670113280       0.70858753188622436      -0.13619307953466675     
 -0.65707558919650555       0.31623447977058378       -8.7993562349073004E-002
 -0.64858243327187126        8.0259198824396374E-002 -0.37003316956920779     
 -0.24851548116838321       0.37318826884216100      -0.30793757659315041     
 -0.39028660356178269       -8.1391336897822908E-002 -0.44593523147583997     
   6.9272320067093773E-002 -0.38924506546535609       0.29006063460114423     
  0.14450877225037972       -8.7557063162039844E-002  0.63228950727035227     
  0.22503025191994247       0.26507596528216137      -0.72237873476307268     
 -0.16080740762643039       0.43068278683894406      -0.22424371335432833     
 -0.52452234576598011       -6.9092451946777891E-002  0.44891590615375432     
  0.24384402151581711      -0.17525858895966187      -0.17155538350834207     
 -0.23940915721465228        6.2100532466519325E-003 -0.57455440149609593     
 -0.14356772066917081       0.54428651192231536      -0.46438938489124404     
  0.47299770141970970       0.16078063667504125       0.49547338536057522     
  0.12566126035096989       0.32247986467003831       0.60375579715351202     
   3.5635779138818199E-002   5.8619841323205440E-002  -5.4934553941419273E-002
  -8.0518461880115702E-002   4.2864095555384210E-004  0.15498910865716981     
 -0.35770238089960305       0.17336025271600550       0.14425238673622878     
  0.48368427497006788       0.40891320290502786      -0.23483608464793251     
 -0.11655233294395331      -0.33543637605042137       0.62603978934351379     
  0.52393488684921630      -0.15089320466271341      -0.19245190019921718     
 -0.54830395700706347       0.32876891798608648       -6.0727105552101944E-002
 -0.66220508058469973       0.30687859363652104       -7.4769212935756418E-002
 -0.34054573381041253       0.57070351848815748      -0.38102745889556106     
 -0.10702391437922644        1.2339857751660139      -0.19594876535357203     
 -0.22616866053283810      -0.46454024133653865      -0.66777430698606099     
  0.12644499264710732       0.13784336894700383       0.32545929871239387     
  0.12475484941537507      -0.18506640793034002      -0.25008638738943328     
 -0.10079498564515266      -0.34045864557854821       0.25604702267867735     
  0.39407990858175768       0.33169703022964608       0.56340504359752719     
   9.7344802275223061E-002 -0.11399990739847496      -0.62922089554489913     
 -0.25577855866697308       0.37878279476810123      -0.32316782588590859     
 -0.27315463346621904       0.12190007647355382       0.38552376529152727     
 -0.47750287760268545      -0.37145977508035510       0.41952364184042290     
  0.72688811284285182      -0.15538753092555155       0.16834275484627501     
 -0.36907477880889605       0.28281132633352757      -0.57307123718251052     
  0.19380248485780283       0.13700045635522165       0.10808162809111196     
 -0.68667579165814463       0.28947511582054020        5.7295029151019972E-002
 -0.29519129649026882      -0.33526094657946420       -1.1155401471176909E-002
  0.16159217711877155      -0.39698227628595295       0.68645150797014243     
   4.4072808209691172E-002 -0.32794972053942062      -0.58503125104269316     
  0.14136311109365249       0.54977917401037246      -0.44218358681732545     
  0.10561939539527088      -0.60009538853854805       0.46432918166651260     
  0.25614675633931494      -0.22511445376762693       0.27110648469192711     
 -0.44119777649243164       0.11465187784804720       0.27609700171826668     
 -0.51714423416503630        8.1413999472208232E-002 -0.44209000514889674     
  -8.2405538588185348E-002 -0.15700922106462362        9.4681354048390454E-002
 -0.10788350787030640       0.26454757350848856      -0.11040033712580730     
  -8.4928110196554524E-002  0.69444602610098471        8.0477999771299505E-002
   4.5201402020931661E-002 -0.33271150396024135      -0.27238152581326747     
  0.21292931332594023       0.56507595360190610       0.31930285026057909     
  0.38965246588984542       0.12780202942535965      -0.14732725404902122     
 -0.23441017501497599       0.52231987887080311       0.23415771960224277     
 -0.61632625468938984       0.21361357800414560       0.19023061345757436     
  0.37752540252283046      -0.48559378138077547       0.86004444002087910     
  0.33206887223485787      -0.46571135866266966       0.21945901602882703     
  0.59131332797354463        5.5128395473650317E-002  0.35879647444839263     
 -0.37129540048222670       0.56142414437229704       0.14335698454336593     
  0.38980903611349449      -0.14148128838791837      -0.11364250899098007     
  0.12085205479301259      -0.17526905504573118       0.40112954605691742     
 -0.63378603344597861      -0.38289563394960136      -0.15535462419345192     
  0.51625908862485759       0.43694117192146648       0.40776099816003414     
  0.15095912530808392      -0.34644146269134535      -0.17147697632655276     
  0.41263932696546274        7.7096465279632820E-002 -0.14304829285217946     
  0.73838116555583644       -6.5671597791152087E-002  0.17898150054025497     
  0.27234895328044872      -0.26636836771941319      -0.35247147186916050     
 -0.28793028667222820        2.0827853257240105E-002  0.55336288553823687     
  -3.1373889866523938E-002  0.66067938952417493      -0.25481740264030289     
 -0.22933722065799339      -0.65158612717901754      -0.29752248473308518     
 -0.30311313556203656      -0.63989992652940497      -0.28998930816156671     
  -5.2821108490564282E-002 -0.34642800381794620       0.19227933129790592     
  0.18835132521464126        4.6924045243715004E-002  0.51999619468104630     
 -0.60673093495000241       0.39434828123399451      -0.22654779123414956     
 -0.13481819707904663       0.48788016656947442      -0.36595693456464629     
 -0.17485239661707475      -0.21400800193669989       0.47223803654590324     
 -0.22591143601036179       0.33028344405981130      -0.30227928030285756     
  0.23295998527507011       0.53132916695379262       -1.2995535730051433E-002
  0.37474387718147201      -0.15734123503063666      -0.29688069426050084     
  0.70839408994006692      -0.26062476076741248      -0.19349389581027424     
  -1.0278218249485853E-002 -0.33257072795224468      -0.17072021065420931     
 -0.58890285988732671      -0.41849934278207934      -0.13593244727471152     
 -0.41065400882301994       -6.8112241966681013E-005 -0.19263977739735014     
   8.3573893953429762E-002   2.7555455736666286       0.41026267053030918     
   4.2785763659378181E-002  -6.1703224820001401E-002  0.20445816937941680     
 -0.46623022091258698      -0.19300790416767888       0.33856756764234791     
 -0.63876791601368910       0.20830462097106206        7.9902806805492735E-002
  0.62810830006660623       0.18834524235401212       -4.1857776235524544E-002
   3.1733699616326695E-002   9.4537126179168263E-002  -4.4440808503328495E-002
  -8.9182551362452983E-002 -0.41137739781916771       0.18701386756075061     
 -0.48522244571634582      -0.30082262194758236        1.2063161767177637E-002
 -0.62645720083833711       0.30412922825282013      -0.12712686718046259     
