 -0.10288491573202249      -0.20970346716912330       0.11801610292865228     
  -5.5698915655198716E-002  0.16531226063598412       0.20420377104076046     
  0.17281121631209506       0.26809531803251618       0.22463154521564380     
   4.6780550535521437E-002   4.2680379227641195E-002   7.3707901889502866E-002
   1.8585186157950816E-004 -0.10711800971907072       0.30209671811308647     
  -6.0378264763480800E-002  0.14430890007427757       -8.6841497108649857E-002
  0.40201883624181367       0.41393419595630776        1.3734360636084417E-002
 -0.16611890067726542      -0.35771307490809295        8.1357247195846432E-004
  0.10675486913045076        5.6340247557296184E-002  0.30564883154270739     
   1.0176161620298709      -0.93479786493038342        1.2531812034414549     
  0.35691111826729882       -4.4874475380607237E-002  0.19541145294297391     
   8.7310679761890705E-002  0.30947394521929639        5.8030497472675108E-002
 -0.10330736627532043       0.17837448718701246      -0.48031576932293885     
  -2.4711927172146850E-002   1.9869835258276642E-002   9.5000726789517057E-002
   5.7001958845363840E-002   2.1890487973189581E-003  -5.1673898655986697E-003
 -0.33773356018409212      -0.15936827740165388      -0.41025540904429902     
  0.19241883759368758       0.42262204575052581       0.18851531392416082     
   8.2184733883739425E-002  0.19598853301789088       0.11156388316279481     
   5.1577348022759373E-002 -0.12322422058532263       0.40201476841549705     
 -0.41855567687316469      -0.19916133703378841      -0.34058440912395482     
 -0.26884097719825534       -5.6673747282669933E-002 -0.29610614336884983     
  -8.5473961294989534E-002  0.23987152121728134       0.22795729991834290     
 -0.23505848316830291      -0.17259545501755910       0.28500192823667841     
   8.4350017424721591E-002   6.2758001587965868E-003  0.10942949096368282     
 -0.16433006747602749       -3.8039126220814581E-002  -2.0270498972066363E-002
 -0.28180506511552622      -0.18546819418099747       0.25894330084787687     
  0.31217109019014672       0.18113836673546793       0.22307993697187059     
  0.16417099474253696       0.28950795292633136       0.27461704345698013     
  0.38799513770349248       0.32371316421173196        3.4155368016895768E-002
  0.31958136494678674       0.20808852714140449       0.18887348278684865     
   8.5318471065402551E-002  -1.2733587999860567E-002   5.5322912374052423E-002
   5.7423631295155916E-002  -3.1109576082228640E-002   7.9277208068451760E-002
  0.13811113225738181       0.38217000698117715       0.21809814617933057     
  0.29705201764759120       0.23455198320052084       0.16888279789391777     
  0.37625251265253606        7.6103347022954317E-003 -0.14654486522913029     
  0.10233695429742547        6.4665152066696638E-002   5.9717136763690101E-002
 -0.20000798775369646       0.35806652011351531        4.8213910014037437E-002
   9.9701308862583271E-002  0.12901730789618351       0.11543427722135259     
  0.16471939282266948       -5.2113746240698110E-002   1.2617441967752302E-002
  0.14260541492628259       0.15390123663209218       0.17818367989140038     
   2.8353208513407984E-002   3.5552872993935072E-002   8.8262847961651819E-002
  -8.2094169629800623E-002   6.9721551077121025E-002   9.7104774993866452E-002
   9.5900375482505670E-002  -9.2764799786809057E-002 -0.11904644832638439     
  0.46341369864468790      -0.10173895009058180        6.2719260017549655E-002
  0.10537833692310089        4.8631404880890523E-002   6.5092258873043485E-002
  -3.6716760456179831E-002  0.10949083452170272      -0.30589037717076561     
   5.2791563586455877E-002   4.3298948616812362E-002  0.37759921250613110     
  0.17945460931190088      -0.15601546727499610       0.14681956867144449     
   8.0294141477563030E-002  -2.1993397075630389E-002   5.9628820250597930E-002
 -0.28922619642333453       0.17777093155125837      -0.44361981789550026     
  -4.3961864458484122E-002  -8.0491200695244028E-002  0.19980735251668436     
 -0.12882277761166591      -0.39106585717776288      -0.23129858436227629     
  -7.5419851311284036E-002  0.11623216153460819        8.5372562129400767E-002
  0.49778146109012583        4.6423494006151950E-002 -0.78981339970323161     
  0.38546526947776572        2.2059641345467083E-002  0.19727478661222048     
  -5.8522649199618318E-002  -3.2729822586116682E-002   6.7278316127190652E-002
  0.35347383676778815       0.26370509290452449        8.8352823954357576E-002
  0.13989146893057888      -0.51022709911543229        3.6285968673771110E-002
  0.23240166813415314      -0.15822939940185254       0.31956081224522737     
   6.4895004024157099E-002   1.3695401141079054E-002   3.9973294241241561E-002
   2.8555492588900958E-003  0.18107140869140895        6.3190392412857760E-002
   2.9327020432557978E-002   6.4828298845516066E-002   8.8536927979964750E-002
  -1.9442879821568129E-002  0.34043912965380363      -0.25463971514080463     
  0.14529334325117410      -0.43345737552921476      -0.38066421293085811     
  0.20148926084350383      -0.35078663723492215       -3.0257895441895926E-002
  -7.0776922774531445E-002 -0.16947853852376563       0.11467105939329326     
   1.9704473051978751E-002  0.22477017799426779      -0.33465058480796367     
  0.27573901826199310       0.12440927538146038       0.13499051068129714     
  0.37206155374032851        4.1696464887013514E-002  0.20602528603094425     
  -7.5530263040908721E-002  0.20543388967143916      -0.25575728189632785     
 -0.23958415401542260      -0.11947619360944095       0.16333167377601651     
  -7.1695176605429067E-002 -0.10323212502492374       0.30812022437497993     
 -0.36668807461384878       0.33244895039582822       0.23090373826875735     
 -0.10048115005269510      -0.17595787712370750       0.30835923139184540     
  -3.9141471216866869E-002  0.21458784466735620       0.28406314712941838     
 -0.37842627992754663       -1.9605038458953970E-002  0.14397002717625562     
   6.9905914942586231E-002   3.0331609222915345E-002  0.38672868554209372     
  -4.1130835775734162E-002 -0.27206282678915550        6.4807962153029600E-002
  0.13930449211309118        5.5475733886782619E-002   5.4159924877449708E-002
  0.12448813771180346        7.4253283413921511E-002  0.28150203507145616     
   6.9176151430193011E-002  0.10800237256603148      -0.36163728984486032     
   2.1663135422312352E-002  0.50223343074979165      -0.11418043755188642     
   1.8877422470646103E-002 -0.22833842831625817      -0.18791745377073288     
  0.10266654202287981      -0.13120765271352566       0.10869018307877087     
   1.9989483728789760E-002  0.35468917481286627      -0.18002512131668394     
  0.43729221055243761       0.29025717396669110      -0.47718382405660387     
  -3.0362745576915248E-002  0.45136077964132176       0.15518430103563269     
 -0.24557431416749254      -0.16289746620179782       0.25591754165716352     
 -0.26138329277913758       0.30659220874280707      -0.20880415660346135     
  0.31708410459855718       0.29310295741942771      -0.11285398361103224     
   8.9468443736573589E-002 -0.17292006161709506      -0.37124600851782358     
 -0.14093500111189800       0.16210381289828046       0.19743882220693842     
  -9.3062023663858642E-002 -0.20853475075193059       0.26788329523675669     
  0.15395480474953840      -0.11590900053728878      -0.16751603133366774     
  0.20909776336746755        7.8400679905116399E-002  -3.0183109823606894E-002
  -5.3600956569130984E-002  0.35599397115345272        2.5408386605615577E-002
   2.5905785358477682E-002  0.41795287413226800      -0.16374948833973915     
  0.16349099887819898      -0.13755404549553701       0.23436944208125840     
 -0.25814751517079443      -0.28384308467033714      -0.33416321220400813     
 -0.24905723363192003       0.38509752453257579        4.9159335585924654E-002
 -0.30559088858148498       0.28815505678742626      -0.23874353643699894     
  0.25799058038445372       0.25852731597423639       0.18810372654920049     
 -0.42094595790498390       0.13317054660442221       0.29731344622911909     
 -0.20402160486974058       0.16052165378924729       0.24796077625809454     
  0.25446228753686673       -7.0525351887405219E-002  -4.9416958405048908E-002
   6.4061306833981146E-002 -0.23328916487625295      -0.35223843946077776     
  -4.7807658953327663E-002 -0.36901119716861047      -0.26552060000263034     
  0.16884674930990909       0.30163144386569218       0.23749954023548345     
  0.15532791894659140        6.5310960705761451E-002 -0.37388819231276815     
   5.0300283412871995E-002 -0.37422676900015706       0.32742564963623533     
  0.32110070501415000        5.0120371190843192E-003 -0.12773387905278047     
  0.35162899369872952      -0.17531302388234957       -9.3690994176828954E-002
  0.35574839458441881       0.20699493094918178       0.17148791529494001     
  0.16713556772240951       -1.4945338750498552E-003  0.45407190243869894     
 -0.36276585661741678       -9.6770333743055867E-002  0.30781896676366355     
   4.3278654782868610E-002  0.37586753122319744      -0.21353386944989855     
 -0.24224503631960778       0.30283109469095326      -0.22546975471322064     
  0.28734198805406336       0.19558187275338088        3.6610480901591906E-002
 -0.11621909218009223       0.33523495450323598      -0.20216119025455984     
 -0.33755477233252351       -2.1459073610080918E-002 -0.31003248110679948     
 -0.14088704018661002        5.4007545915340342E-002  0.13086279691513258     
 -0.32031171615696408        8.5431843642155336E-002   9.9794084706369399E-002
  0.16628492729813193       -4.3694034324396128E-002 -0.18033956169726570     
   5.8864671336943168E-002  -1.4079781157700488E-002  0.10678199224719115     
  0.10127672420006777        2.6281835134790345E-002  -4.5870885397291332E-002
   8.1740773047821402E-002 -0.25820368365881202       -6.1496508455345891E-002
   7.7234021390145707E-002  -4.6152461643464947E-003   1.2174752263607876E-002
  0.15747050137642152        1.6724743205611053E-002  0.11924042658699630     
 -0.14107734603555497      -0.37439123527165252      -0.18381842542050508     
  -1.8250468997567854E-002  0.43132219574674274      -0.12764126557100036     
  -8.5711783722906207E-002 -0.42094459329394762        3.7662244651187539E-002
  -2.9378396247558770E-002 -0.18274943499845739      -0.38494814623825013     
  0.38352349623174353        1.7507063292504309E-002  0.14768116646718182     
 -0.50796813992728129      -0.10139262840616978       -9.4058151422147268E-002
  -3.7172729537533401E-002  0.11932413623314468      -0.32505870030859102     
   8.2354582999920892E-002 -0.39518758299044537        4.7915725624158752E-002
  0.11718357240232480       -7.8741886821662638E-002  -3.9919128527183351E-002
 -0.43913407518874881      -0.12593569168963384       0.10259673107993046     
  0.14582226782925817       0.33100374805446214        9.2100238708738985E-002
   6.0945847205801040E-002  -5.2659238150329565E-002   5.8471072190364154E-002
  0.27073850899462498       0.11816793835330407       0.11641907021282884     
  -6.4345021138532993E-002 -0.15970245500081581       0.14964209158667560     
   6.6024769696161445E-002 -0.13011433836672584      -0.11853437927795979     
 -0.12929955910593302        2.9514991593300965E-002  0.33508862782084187     
 -0.31107440594192293       0.43123116728175420       -6.4544990897020357E-002
   4.1026596911227222E-003  0.29310777989431946      -0.20880253998642387     
 -0.41157922828639126       0.16604000796113416       0.29076503188016839     
  0.10620049781009724        1.8836379213364972E-002   3.7393163447027963E-002
   5.7040582703136618E-002  -2.2121862905992426E-002 -0.39266473916929961     
  -3.0300458572764484E-002  0.27033780913753730      -0.26717628819707934     
   4.9549045563106242E-002  0.37731125154919237      -0.21809729984484238     
   7.7518521170959892E-002  -6.5698991623007422E-002  -1.8059033549311092E-002
 -0.32267006830210820       0.11803344044769046        9.4051986790261444E-002
  -7.4405677284030469E-002 -0.14548290926428095       0.25195007374703776     
 -0.15303217333602659       0.13465996863072396       0.19112943612075253     
 -0.42018715169623938       -8.4215381771263892E-002 -0.34595051875668981     
  -4.3015338591109148E-002   2.5824388720910509E-002  0.21623496252588981     
  -1.0559558190116673E-002  0.40578754530744943      -0.32553030402454053     
  -7.9995627386867205E-002 -0.39018181027799947      -0.21032878397549273     
 -0.29205907175522922        9.9313024640804770E-002  0.11128508575636724     
 -0.11352068454951836       0.25950325761546733       0.27430807877660862     
 -0.25348727227591478       0.21523159515856452      -0.36375463434229971     
 -0.18729673889429871       0.38819388784219661       0.16121812156168963     
 -0.18309734878770464       0.40197197077308067       0.11814366189515425     
  -9.6644943247540041E-002  -8.7343526462599477E-002 -0.17370436739565176     
  0.42648013533022117        9.5393960760704319E-002  0.11554997582807125     
 -0.37187548148277089      -0.30299734804115341        2.4434123564239626E-002
   3.0850848544966645E-002  0.23231449607110247       0.23143116446374204     
  0.22473676484374494      -0.40184872400542943       -5.8107766133139567E-002
   7.5232258345409406E-002   3.2979921122760908E-002   5.3094359712376624E-002
 -0.34067181690670306       0.10057871664660885      -0.36440498029093660     
 -0.12632529362354095        7.4369315723129742E-002  0.33678589689917660     
  0.31762021172318766        4.4061637913241677E-002 -0.40451217435708092     
 -0.29194380516960422      -0.10062061730320954       0.23215560643161406     
  -6.2122465479951414E-002 -0.45606093650510404        1.2084411755461467E-002
  0.13643395221579824       0.19095057354402559      -0.15032756140579293     
   8.0724428651211363E-002   1.8917934747631402E-002   3.0538205906428893E-002
  0.17964927570734543      -0.14843134368976832       0.26113978872585525     
  0.37346097103477954        8.2175754355377328E-002   4.3502655854927401E-003
   4.7654346888800013E-002 -0.12565319142781164        8.6262449370698963E-002
   4.9796565196041039E-002  -8.4898571135062398E-002 -0.14011559623539491     
  0.27778685777163403       0.12574240171410273       0.13749502255486126     
 -0.15741336110151655       0.26951087467416990      -0.14907105223764902     
  0.10387140771407440       0.12406039092284274       0.11462468010892296     
  -8.5696981752326609E-002  0.30718126355554659       0.21234240598955723     
  0.18476534788408469        5.5441197143706142E-002 -0.26843074469411671     
 -0.31885235060432426      -0.17237426622046170      -0.41892436377819003     
   5.1206919829383898E-002  -3.9071901200178387E-002   5.4172503435369286E-002
 -0.20080556944733782      -0.17773733540936490      -0.46977740741646123     
 -0.14731889543484364      -0.39763611491648143       0.20317443708047347     
  0.34998701775663765       0.13785475859269961       0.24560813511131202     
  0.33732259223648686      -0.29356929110667268       -4.3579745144577929E-002
  0.10028074926272226       0.16008150988805159       -8.5873424801053196E-003
  -2.7618955295333220E-002 -0.17911833180346834      -0.27331604419360095     
   9.7395932670125362E-002  0.21178820412703850       0.35308904749909892     
  -9.2585792281159610E-002 -0.21486053875764893       0.36937156407945254     
 -0.35261413482957621       0.29439273172977587      -0.18809435170585370     
 -0.14948124184366829       0.20330120621491901      -0.17617087329457023     
   6.5774418096248233E-002  0.20230309517442008       -9.2863797544182614E-002
  -6.6440011744738819E-002 -0.19997296121529631       0.15077824837386197     
  0.14000502535451775      -0.50539445203090672        1.0492669419480752E-003
   8.4667292843944905E-002   2.2120772490859350E-002  -1.7653285849167644E-003
 -0.14958481470891383      -0.23127205643407872       0.13272349827329305     
  -2.9546043556959427E-003 -0.19106081493728544       0.15735518392047704     
 -0.32922535872768977       -2.4604601642533763E-002 -0.31001332335487197     
  -7.6733137456334644E-002 -0.15425030910415718       0.13790346359964240     
  0.21601473011266484       -2.3796455317800841E-004  -4.1149774411742959E-002
  -1.2108516445554565E-003   3.0117592461543691E-002  0.21801298828824228     
   6.1202412965152497E-002   1.2993580101316274E-002   7.4273234654119738E-002
  0.10364250677258932      -0.18845824228619706      -0.14472231760945597     
 -0.11423206606597694      -0.46261383392852679       -5.3780399142361990E-002
 -0.17997196869234897       0.16935605340515875       0.13254192048306462     
 -0.40056851950427796       0.20715796196036010        4.7617669556182088E-002
  0.41129142313989964       -5.4158240529961224E-002 -0.16543163150258347     
  0.27406772758930426      -0.15239252454353386       -4.7362667352482152E-002
  0.12144430182567800       0.23856161020198299      -0.49812686282957891     
 -0.10863424433427295       -4.9476626002972778E-002  -1.7832428300788628E-002
  -3.6643020764376776E-002 -0.17183807544165366       0.15715011075915372     
 -0.21887063984685790        9.3293979831746351E-002  0.13925734971570333     
   7.3661577879578430E-002  0.37794199560300579      -0.28625704475356795     
  -5.4647285109961231E-002  0.22760789826024949      -0.27472754054432319     
 -0.48100121240511495      -0.13885740776502489       -1.8221285418860075E-002
 -0.20091275516408247       0.24993267914440281       0.13624295459128566     
  -2.9103419741126190E-002 -0.20399541831316767       0.15328789796629119     
  0.15447704262147080        5.3744409650159662E-002  0.49766636472869274     
  0.34973230309468001        9.0520196615675296E-003 -0.14648314326524786     
  0.54894072021399487       -2.9574306945254526E-002  -6.8783578030106332E-002
  -9.6941167234496459E-002 -0.21120600209057283       0.27231484581553556     
   3.2667993470212750E-002  -2.9990761752126997E-002   7.7045523636417451E-002
  0.40929202701258033       0.12803082862878046       -6.2341771737182639E-002
   4.8171990140927247E-003  -7.3596288841821234E-003   2.2880333009405826E-002
  0.16512372610584858       0.10296316002090178        4.1868424974966394E-002
 -0.21154213997676857      -0.46221704459655077      -0.22683329915469871     
  0.15545171134928443        3.4673032502227703E-002 -0.26851987738081834     
 -0.41012314076804002       0.22025723047047843       0.28725503946841785     
 -0.21383669660023175       0.22265939185523506      -0.25368937369384603     
   7.7156347580806486E-002  0.28543268296616886        1.0681887623494143E-002
  0.11141910380109402       0.12559059791632349       0.14786079716107423     
  0.16733272296501564      -0.39992389671668105       -2.5233623928581118E-002
  0.12904052500366814       -9.4081947033337818E-003  0.15686835777095284     
  0.23539954303974822       0.27755927037220357       -5.0444216265996350E-002
  0.10701293239408427      -0.15955407076470907       -8.3979122501832537E-002
  -7.0698529697421339E-002 -0.19168736295712488       0.13318625453514579     
  -7.6620623841144028E-002 -0.16096925173373927       0.15762712400866824     
  0.10921303734749602        5.6587577754899357E-003   3.9393139708843360E-002
 -0.42508431338671643        6.8497549860805418E-002   9.9389486540178512E-002
  0.10959996090510790       -3.0951008260092536E-002   1.6507897979645369E-002
  0.29096851765853549       0.17987698656401593        8.8381310391008272E-002
   3.7547743396820384E-002  -8.3274024559898990E-002 -0.20294427179624458     
  0.22288709031299000        5.6165489296826757E-002  -3.1798658100750110E-002
 -0.22274921980051110       0.27449443180200001      -0.23146836515015654     
  0.31561288100231549       -1.9804926172841421E-003 -0.14406644393948892     
  0.14784661418475875      -0.16965458452103824      -0.40064855714109293     
  0.18075667257622019       -4.7773112487451946E-002 -0.20319193233552985     
  0.16151182067448461       -7.8786604305413038E-002 -0.18317137612878773     
  0.38756876141047175      -0.18181519948738517       -8.9782132672752715E-002
   9.8432814358568755E-003  0.25600017439684553       0.15072499912916634     
  -2.9919055904637185E-002  0.44771829755196113        5.7692611184982541E-002
  -2.5383257612602590E-003  0.22869907730388880       0.18015202518308057     
  0.20356480439363850        9.7593056937568964E-002  -8.1118320513337075E-003
  0.14205681581989218       -7.3271135368485993E-002  0.40443400448459216     
 -0.35520520436113173        4.1439976709802442E-002 -0.26459200480641359     
  0.21825462407481439       0.24658184548956408      -0.22474357984071827     
 -0.15208186997594633       0.22153823174427992      -0.17175970222465795     
  0.11444243446038650        4.3662920060699398E-002  -6.2230618049787835E-003
 -0.13614150717392132       -6.1339638857068390E-002  0.14970124606968030     
  0.11823155404208457       0.27341905919759668       0.32894561826143520     
 -0.31143349138231269      -0.26846179338254439        9.1899076589877934E-002
  0.16194391624144511       0.37340248842015078       0.15535193614708681     
  0.13203743335164633      -0.10023161387307358      -0.12544040634620621     
 -0.20180043810404502        8.2808577695185986E-002 -0.75764449604529915     
  -3.0668716174700638E-002   3.4252065652474968E-002 -0.47106753558271958     
  -5.2634722449439945E-002 -0.12890279136957594       0.15421390982759442     
  0.18106901863213370       -2.5543853925452449E-002 -0.21684749303171955     
  -8.4322208779089913E-002  0.23797141041476305       0.31289210727908517     
  0.20459821911652856       -8.0449186735124453E-003 -0.22860627786856824     
 -0.37008722936663802      -0.35248144316718266       -4.8385897471186186E-003
  0.19480875608486400       0.10034428294741685        8.9067196850281721E-002
 -0.34391423113563524       0.12111455972946179       0.12432337826709608     
  0.23296086217583864      -0.25021672890713020       0.16607554402294894     
   6.8074147171744578E-002  -6.5284303226540025E-003   7.2180957503140034E-002
  -8.6568081174401276E-002  0.18700776761163551      -0.10588606809837792     
 -0.10639846250137690      -0.16561673862740711       0.24561458954282228     
  0.31420867337225389      -0.16789113090885066       -9.7813886550230184E-002
  0.16465119163351472      -0.23213835797958762      -0.21748603641446645     
  0.16340021803420543        8.0202500070088084E-002   9.3428571601895466E-002
  0.21027291027287606      -0.84362158995904624       0.31483966195598723     
  0.10858394282522672      -0.12658836893962278       0.15219582717847741     
  0.31673477869580374       0.20865660710304135       0.16949465119118251     
 -0.43932291432396653       0.28824303235748977       0.10587745251384635     
 -0.32376845092320383       0.13085879439963291      -0.40454883012484161     
   2.5365391878261690E-002  -1.9928897486854863E-003   4.2545740785010527E-002
 -0.11089820143331612        8.5201314347797791E-002  0.10584477401422966     
 -0.36068412726346694      -0.27057971168675921        9.2081507744701668E-002
  -1.8596652299705162E-002  0.24935172187076701        5.2577756371654558E-002
  0.44816620577806310       -3.4149953708996907E-002  0.15653569051136709     
 -0.30186846127677264       0.16877388212275091        7.9213826091189266E-002
   8.7742478271015389E-002 -0.40002958523335858        5.8095234626020120E-002
  0.18077755119785047       -2.5460844356519952E-002 -0.21982571902440856     
  0.12385464637312302       0.19958941715170028      -0.11401683323524306     
  0.20759231911435103      -0.26876549011026324      -0.14024778579152788     
 -0.35076722627176993       0.29107186509580601      -0.21419903650025279     
  0.10914385990211133        9.9629172585192025E-003   7.1127754520854028E-002
  0.38437966507294247        5.2232304400662609E-003   5.0445373800168170E-002
  0.20684648995758848        6.8943656902850523E-002   5.8380693830693262E-002
 -0.19359680138300206       0.22994507061226099      -0.24928208411509245     
  0.29242479923559345       0.18264635436115098       0.13581210276756481     
 -0.42611057067493091       0.20259249409154695       -7.5013336577569520E-003
  0.38065716576183700       -7.4154994318820486E-002   9.1419351992425655E-003
 -0.32326970041036268       0.11466429860267446        9.6683738677288522E-002
 -0.33719221019813683      -0.72369331096178291       0.38297592368619227     
  -1.3848894666731976E-002   5.4160133978958247E-002  0.42781720463326028     
 -0.11105919373441414        2.5053005149926678E-002 -0.37077657530056213     
  0.16822102275402601       -5.8655569660921301E-002 -0.21697954602504871     
 -0.10299085307120513      -0.14784270920076628       0.14855768386551188     
 -0.22165776431623047      -0.37805631027211667      -0.12229234472467584     
  0.16180910732116643        8.6001962244842037E-002  0.18603732047883068     
   2.8155245445231078E-003  -7.9181958230734414E-002 -0.43908623967765581     
 -0.30760915582947368        8.1038302958198836E-003 -0.29612922399408748     
 -0.11692503694358881      -0.25254680884084391       0.17169371116869495     
  0.18469885950721446      -0.19935548244786444      -0.15542834428331695     
 -0.16596812801670485      -0.11987430901456429      -0.21523852041409344     
 -0.20483548033742147      -0.44966722691556082      -0.22756161553327020     
 -0.24786828603816338      -0.39798743426113814       -9.0763725817461588E-002
  -8.3205438071496302E-002 -0.17859723770133482      -0.34714161620323530     
   4.2859480883350912E-002  0.14057374284058910        9.5151892894177886E-002
  0.16204287639988141      -0.28276152960074863      -0.25432322206755786     
  -7.1047304252905508E-002 -0.14713834033516138       0.12434123821541651     
   3.3254038119143702E-002  0.12508261537535686        9.6512113194729673E-002
  0.11135489564679966       0.18191306371196142       0.46741369529725657     
   3.7582778704612636E-002   2.9396555558506392E-002   7.8952023628546197E-002
  0.28298679730217885       0.29639065133793907      -0.16178723781514820     
  -1.3809436799699693E-002 -0.30085229283074344       0.78892076722258719     
   1.4270798071012556E-002 -0.28759170855920491      -0.39124903157914626     
   4.5375766326984458E-002  0.23743725612456504        7.1429499116758319E-002
  0.24363588969926922       0.11774282245841722      -0.28322504803671406     
  0.34499081407355386       0.44528580145201019       -8.8038046092049280E-002
 -0.20916025565983712      -0.40798159574300097      -0.18966086489737743     
  0.19235007632122325        6.3998753126591673E-002 -0.31493264946099775     
 -0.16395648356012846      -0.23671531447288210       0.10036298849186254     
   5.9730300903065608E-002 -0.33963786350705699       0.26426831075919111     
  0.35950306002772470       -2.4825701956856350E-002  0.36361971697515222     
  -5.1167588916276770E-002  0.21555563932547073       0.29179384382821366     
  -1.2352361077033613       -1.2101647160131006       0.63709985850679718     
  0.12277498245228351       0.32467515690750393       0.28409023243399495     
  0.26095666486142366      -0.10678533123716831       -9.5109388577718126E-002
 -0.44659976486906561       0.16903981946235511        2.5458604499185154E-002
 -0.10177580215560904      -0.40545690407219281      -0.15825231464644546     
 -0.47109007456214197      -0.18015506540998466       -3.6141310406032724E-002
  0.20256822391423915       -8.4420094710230292E-002  0.16621344986457270     
   8.9488294138528032E-002  -6.2586949956962082E-002  0.15467082864058615     
  0.28494846318424349       0.43896605048987830       -8.3354158949816556E-002
 -0.15710125675761669      -0.19865594166507361       0.38351151015237106     
   2.5553526574738954E-002  0.34915582100877196      -0.36952873562105415     
  0.16992114502564051       -3.6796313191177245E-002 -0.19809341126881966     
 -0.35162795381281053       0.13545105028970394       0.12933131589556504     
   9.4211466693853704E-002  0.16225531344721933       0.26553445881023957     
  0.13300305095476839       -3.9864260610805502E-002  0.10186001147077267     
 -0.21298026422498015        7.6414354577075613E-003  0.36829482942980674     
  0.11490104970955699       0.26431658275113523       0.10049854536540509     
  0.15020174854500268       0.17605958581137313       0.22818236322746932     
  0.24344419107720439      -0.21994783567389870        1.8339684993492797E-002
  -7.2268005155858323E-002  0.21892714015918413       0.32540580329608071     
   5.7124312149604353E-003   6.2346906494763446E-002  0.29976130514561372     
   7.0197678132994670E-002 -0.38838194120252501      -0.15192866382329229     
 -0.23801434159089355        7.8133000757785426E-002  0.12639472128530985     
   2.3298085845813908E-002 -0.38547793353778426       0.15115182912463229     
   3.5941456027708306E-003  0.25851677114634874       0.11108647160302484     
  -2.8316991053915129E-002  0.25432400732226002       0.24621981015094418     
  0.17967050141792754        5.7266390673724230E-002 -0.35921032639321548     
   9.1088073564074307E-002  -4.0831948070693617E-002   3.6291980979104348E-002
 -0.20394229035748745        1.8518368489499681E-002  0.32806408176778956     
  0.25178643756999453       0.44057971261900158        1.4378474239898626E-002
 -0.18755752484220267       -3.4764725461152113E-002  0.20012487030408657     
   9.8891079662682832E-002  -4.1531142963977766E-002   3.7347655390902672E-002
 -0.51994424265440187       -9.1861892947540397E-003 -0.22952636351522110     
 -0.13897989914554698       0.23814395939297109       0.42444800745017003     
 -0.33443562925995995      -0.23734178845927154        3.6187512933979538E-002
  0.14984336683623997       0.79659137201618491      -0.13075577108546602     
 -0.39975816201930137      -0.28491877727485776       -3.0933468728339786E-002
 -0.15945583019730181       0.13778558519397424      -0.11435012685803665     
 -0.13546737589392432       0.13525802328567196       -9.0041048518935268E-002
  0.35389834367967776        8.5836905098412714E-002  0.20755580910492463     
  -5.4372277996901149E-002  0.38511315821352893       0.13479590544286851     
 -0.18527493330747927      -0.28114848093081501       0.11505544407068072     
  0.12833968061165760       -3.1920384313505586E-002   8.9157653256907221E-002
  -2.2186283610434133E-003 -0.32695775803175287      -0.23789896531171537     
 -0.13115586471916055      -0.19836651685917028       0.15763301529809287     
   4.9327002926077876E-002   1.1450098598871842E-002   8.8700584320879405E-002
 -0.25235380142435099      -0.14597200951293074       0.25522150638120183     
  0.11487749746138044       -7.4801516945722651E-003  0.12206931477568275     
  -5.4206442653982563E-002  0.19796002939221349       0.23041632880454566     
  0.16821883320112010      -0.14219664438735877      -0.21263980686423095     
 -0.20728424051715458      -0.16103341518103129      -0.28565453347074793     
  0.42115248537811645        3.8208175940920464E-002 -0.24026105142021259     
   2.4868990886929371E-002  0.22883663364702569       -7.1476240695170598E-002
   1.4529373483558582E-002  0.17821095586780047        5.0241160284301985E-002
  0.24909607848450299       0.14645065732045182      -0.30100533083386810     
 -0.12596008283725374      -0.60138842907625556       0.17941258102913199     
 -0.13754573150381880       0.13409764114926837       0.16504438712970509     
 -0.14200402650309840       -6.2595456981125036E-003  0.33141859680273417     
 -0.52457374615274688       -4.8933986684297708E-002   2.4169705571503650E-002
 -0.45601583183158045       -9.7896873670415607E-002   4.6510492745389043E-002
   3.2522771158658002E-002  -7.5622988631565441E-002   6.3854068624037197E-002
  0.26217045501297531       -9.6213533486276939E-002  0.32627283117740125     
 -0.27403360821023337       0.41014754799831366       -1.5746417161385650E-002
  0.33253138783801606        7.5177167783624321E-002  0.16990774512213830     
  0.29324117177698628      -0.22668486313782613       0.23040068785394005     
  0.18188853661178864       0.32026643797351295       0.21473081316921572     
  0.12100424822679830      -0.15777758529765262       0.15529265524962546     
  0.45794897496666342       0.23003822600508703       0.13906671400483545     
   8.0548471755597477E-003  0.10307471495807101      -0.12976721596600863     
  0.23075278266612803       0.24938599490046515      -0.42542022747459424     
  0.20678884592544847        4.1988603810863747E-003  0.11509210120423979     
  0.19299227258828655      -0.19229866635580997      -0.17202286757010202     
   4.9865132650243518E-002  0.21210402878130249        7.5614052656570202E-002
  -7.4011246999915112E-002  0.31841116505051376      -0.17119527059302303     
  0.29560081785238101       -8.0689424416548014E-002   4.3895192022771808E-003
   5.5042030607737193E-002  0.12011434892758771       -1.2702059689129245E-002
  -2.4749908723590820E-002   3.7676243744823840E-002 -0.45504249880090064     
 -0.16702050941872851      -0.38939971511374910        4.9763075873737211E-002
 -0.22731148981501562      -0.19517850072318180       0.37121547771125524     
   3.4667436172244159E-002  -1.6306553233180546E-002  0.12564396002460176     
 -0.37779705636566741      -0.20774959094995596       -3.4190878572957044E-003
  0.22995504744256101        2.0639872913825717E-002  0.14126541493661440     
  -2.5170657277939160E-002   5.4396878053200565E-002   9.2897389340139136E-002
 -0.51560238083623111        9.3928608853510190E-002   1.5019604011242462E-002
  -8.4002523295901646E-002  0.31525744067621198       0.19391483311919785     
 -0.25443890661800128       0.13779760646553182       0.14115460291522963     
 -0.37877817373266187      -0.36966830220047303       -6.6308129609910661E-003
  0.33076812535337341       -3.4052672507203074E-003 -0.33058657691499704     
 -0.44819078649622701       0.24250793857538405      -0.18165369061185072     
 -0.10762376662109736      -0.33779780299493867      -0.22463756452092148     
  0.26993543510423001      -0.26685812971139600       0.23739690711022157     
  0.16728393252271287       0.19032408780868063       0.14865455412247286     
  -6.3807115498214093E-002 -0.20231397800935438       0.16648127349459152     
   6.0008847220087126E-002  0.20685362696497506        2.8404434037348516E-002
  0.17354771932360591       0.22701414581367435       0.19332701547105369     
   9.5916656665434342E-003 -0.23531890835070876      -0.21455658346556031     
  0.16655806759073041      -0.31986870653877847      -0.11003896539631879     
 -0.25837418465907280       -6.6457462323301020E-002  0.41592679847845193     
  -2.7522057021112888E-002 -0.11368185722776161       0.14953292573036650     
 -0.16884636719368437      -0.44224214464096095      -0.20148847806665970     
  0.16523033409002805       0.13242662281193973       -3.2583292955219903E-002
 -0.20299494799967471       0.22036509534693163      -0.35512864623418006     
  0.25940604828768299       0.12729442224828735      -0.42361413707638529     
  0.18787597641032164       0.14464942752216206       -6.3598735159363885E-003
   3.6747880863493128E-002  0.32671031694367031      -0.10071339408846126     
 -0.14703372791361610      -0.26484261576954016       0.14618344600904923     
  0.18528947799745221        4.5027517391923545E-002 -0.20466000509009880     
  0.26590070877948868        2.1139010858405943E-002  0.15303894696333734     
 -0.12546597707121870      -0.40831277348436479      -0.20202088056085712     
 -0.18387132197092554       0.86123604832830447       0.28774813524812926     
  0.21612059208591924      -0.18351185927202060      -0.23229377307031041     
  -9.9558567989242064E-002  0.18929079966509677      -0.13308341789718797     
  0.18523070415592860      -0.31943427057642221      -0.11113347377251398     
   1.4940027277383753E-002  -8.9007903055689841E-002  0.17956604175520899     
   2.7092573731452525E-002  0.44427299466921832      -0.21975078503134673     
  -4.1245880370678993E-002 -0.37840448793924941      -0.22346059880881824     
 -0.35927963256796053        2.5448429132450930E-002 -0.31185320089922419     
 -0.19194017582292902      -0.28834781775973001       0.18485588804222555     
 -0.14282810296027981       0.25510973618423871      -0.17687135743517618     
  0.15727179277615588      -0.10636622826215751       0.11659482184573172     
   2.3645608356063531E-002 -0.36185910691346096       0.28184534640539544     
 -0.22139020431460643       0.11039914964608448       0.15830802732683530     
  0.15119190087080514        6.8190940254634624E-002  0.27046897093717354     
 -0.15195719636962218      -0.28933565211784079      -0.42371830462588894     
  -5.5899085422947532E-002  0.24607615764631988      -0.28482843747825570     
 -0.50859897289925549      -0.24734892831183053       0.21067784658614097     
 -0.34308045346511901       0.10993699147329350       0.26370481162220399     
 -0.42766874640303526       -9.0049116170969778E-002   3.1764272460270200E-002
 -0.15243973239268951      -0.37738826590032498       0.33643695637918825     
   9.5515077723081793E-002   1.6790178644855125      -0.58888273759032483     
  -6.3370162827922807E-002  0.13483521528676501       0.22221671545976218     
 -0.37266280057159068      -0.21045453538178205        2.9028379945745843E-003
  0.19774490564293926       -9.4198355493291905E-002 -0.16504170477099186     
  0.36562681065217073      -0.31347315032557233        1.3729732283074345E-002
  0.38301984011534085      -0.12989737570824297       0.11494077356520674     
 -0.12985124803866041       0.26754416294990840      -0.21038822125832046     
   4.3355533231016999E-002 -0.13719990088127931      -0.15782940279348961     
   7.8936822646599278E-002 -0.35731885736639651      -0.49727778854441396     
   7.3428391255169922E-002  -3.8228802799047196E-002  0.11139494759088894     
  0.26035377263407805        3.1304940795871615E-002 -0.43875946665381782     
  0.26744904736001013      -0.15927476063546955       -3.0422624795402590E-002
  0.18700811331155534       0.30911094611551604       0.23180127813161919     
  -1.3442494622199876E-002   6.1062481550664405E-002  0.44545713177379909     
  0.17264827720275694        7.7195763614156740E-002 -0.37699969028861852     
 -0.21215017693645666        8.2489417406752405E-002  0.19533552748218527     
  0.12156870901973992      -0.14591945686706095      -0.10276577737156672     
  0.23567679944835673       0.10920690936250864        1.6201499671093952E-002
   6.1103124822978916E-002  -3.3872185099222359E-002 -0.53743136098982580     
  0.18558834976818511        7.6966525976129921E-002 -0.25932435862216052     
  -4.7891302165174107E-003 -0.39530855967327899       0.27109101466854474     
   6.5954392256420621E-002  -2.9936361057744575E-002   5.1927092518272093E-002
 -0.17872282600777231       0.27208560474372001      -0.17516285122457129     
 -0.44054593449182400       0.20097401564150716       0.14787318385790524     
  0.39925466935045367       -1.4297369579979583E-004 -0.11864236238243943     
 -0.24022806440918493      -0.16403283010960268       0.28223856937200537     
  0.18149382509596626       0.13691611594283595       0.21246183277793937     
 -0.14813415919778233      -0.36882899548931508       0.17200715801156394     
   1.8734503758778047E-002 -0.37783359212493156       0.27054377873763652     
  0.24672707559340112       0.14097105177524644        7.6199634386166934E-002
   5.1082238855492311E-002  -3.3601978969893011E-002  0.12266200329363013     
  0.19215625388409743       -9.9085123088193491E-002  0.16901895349502316     
 -0.38666311123017894       0.19822398981589331       0.10453739168689311     
 -0.24381364607965728       0.28577031257220725      -0.17442913580599043     
 -0.15565914790550914      -0.14945216341939688      -0.32577923011089643     
 -0.14970428840651553      -0.39343984693510320        2.3198010087526460E-003
 -0.13217756386824570       -7.2628238247767304E-002  0.43307649947649945     
 -0.20216133238461220      -0.33856594061368195       0.12453809297162921     
 -0.41700745463103384       -7.0701235987692151E-002 -0.35211113440150460     
  0.30293759979985058        9.3934400891273293E-002  -1.6101444962376220E-002
  0.20082908408861549      -0.20987593160072937      -0.16283507412486833     
   4.4489742002732653E-002  -2.6174005067641337E-002   7.4357320484531420E-002
  -2.9104686654700323E-002 -0.15324259870640783       0.13748734008494243     
  0.28404876781276872       0.30804688853093098      -0.13783003126392246     
  0.18362393646009920       -3.8884224522584887E-002 -0.18708690554167801     
  0.12387970316718562      -0.12687977141405943       -8.7472648249264318E-002
 -0.22809140700117470      -0.32117921272869654       0.19481613825097810     
  -3.1334728341527361E-002  0.29345990165215580      -0.35566541156226217     
 -0.31904477768123302        4.0964791556562616E-002  0.15562286076734105     
  -4.7330784985985884E-002 -0.23844088698582655        4.4158465883658238E-002
   4.0477596698869966E-002  -1.6161605598895994E-002   6.3707494029347889E-002
 -0.19511992168307463       0.25426727288407541      -0.21966812481020986     
   6.6196642285897514E-002  -3.5578408868856701E-002  0.12681184814903979     
   9.5515596777780140E-002  -1.7718610468718283E-003   6.8250323813049546E-002
   6.2913032300433408E-002  0.24175017447891251        5.8705760971471128E-002
   7.1664701994676571E-003  -6.8247760551694943E-004  0.10466714979971591     
   1.1304015873468149E-002  -6.7369881207182819E-002  0.10550016106533179     
   6.3884268507262726E-002   7.8917023216184531E-002   5.6675183013108407E-002
  0.30198149009228370       -3.4384854809793156E-002 -0.23465376629904672     
 -0.14806262441971529      -0.21443921429321794       0.17790717600281858     
  0.13909871799970056      -0.28020454791411764       -8.7539449262826224E-002
 -0.14487497079568057      -0.35949112183477072      -0.21102402004726689     
   7.8234997821236107E-002  -2.8591982915812809E-002   6.7982099468622326E-002
 -0.19444968879026275      -0.44289929066143818      -0.17712651588859482     
   3.4481981516073894E-002   8.3912379730769315E-002  0.21626466537473757     
 -0.20751836058538095       0.27000299955598628      -0.22333222318487550     
  0.18853038280457365       0.21876618845175669       0.22290075497699660     
   3.3986702785813651E-002   2.1451975020726315E-002   7.1232059932252179E-002
   5.0219376679479406E-002  0.31013800337737463       0.25068174291965345     
   7.6444879052634931E-002  -6.5590701218398870E-002  -1.3636432192945212E-003
  -8.2242036628269177E-002 -0.16648201889792524        6.2378042952313063E-002
 -0.14150993847419299      -0.15679565140955234       0.18720567813293743     
  0.40737406605779497       -1.5414385418554088E-002  0.18232173567825422     
  0.15578492064387750      -0.12610814723224462       0.45580230950851625     
 -0.13209259582766525      -0.36782511330765072       -1.1963791694043369E-002
   2.7453375461253232E-002 -0.58739913976717795      -0.30459725299915091     
 -0.41881675009792146      -0.12993410791426455        6.6269065847875216E-002
  -4.2084817289705194E-002  0.24127709800400818      -0.26982667104117330     
 -0.36856122261751301       0.16976851860778053       -5.1719587575334548E-002
   3.6107938858814664E-002  0.15557266866296696       -3.5724982148230125E-002
 -0.16060376313258015      -0.11810683497245342      -0.33309608704767196     
   5.0075693298398685E-002  -3.8473795882782096E-002  -1.0206465920638811E-002
  -2.7901999460422062E-002  0.27948910836385782      -0.44530722983196314     
  0.27999814758023006       0.16043437611406236       0.13611965427408212     
  0.31999348857373588       -6.2271999766614128E-002 -0.35042949370056159     
  -4.3248741747361201E-002  0.10149469023641694        5.4455815009460062E-002
 -0.18237142765353787      -0.25094953362435624      -0.36440582933266291     
   1.1173500131245427E-002 -0.49230230790289164       -8.8765775649722448E-002
  0.18073177835702048       0.17514342001255387       0.23305054354272506     
   9.7077368741390890E-002   6.1301965292927512E-004   1.0218023178346825E-002
 -0.18798807236432546       0.14175398193772942      -0.16994124919408296     
 -0.46995579939091442      -0.27751218246740877        8.4349644762060846E-002
   4.1654550752842721E-003 -0.24058110013041639      -0.18778638154644942     
  0.41032302821111133       0.10123621450319095        7.4873525904135471E-002
  -8.5996945077504605E-002 -0.44821115613721446       -3.5415656990095766E-002
 -0.17001804927571140      -0.25825991573776608       0.11438409158914999     
 -0.26604350942281085       0.31255533214653752      -0.21545120404147167     
  0.23643434144481734       0.14030778003245806        9.1957066259463954E-002
  -5.6269069650425552E-002 -0.19580468515066685      -0.20208883651833542     
  0.43034464447483495       0.47476868708366632       -4.4450361208586212E-003
  -9.9554637812466096E-002   7.3427018255700194E-002  0.11580885785488385     
 -0.18715428551032168      -0.20903993689669256      -0.22306286761767988     
  -9.7930991799041762E-003  0.32055027209446652      -0.19240619065135955     
 -0.13271675884360667       0.23097326357598080      -0.23122194613760685     
  0.14424475134957701      -0.32852808389437221      -0.23833203579035880     
  0.11364329967328032        6.0210810430336090E-003 -0.41116433729415530     
 -0.23532265967258648        7.6814771069571242E-002  0.14835317430955866     
   4.6184167133165116E-002  0.15244970379496756      -0.16775072646980982     
 -0.32865749234510733      -0.19399584937552825        2.2272504565000233E-002
 -0.22527790153081964      -0.16252616336575654       0.23702008827048149     
  -8.1700189503008044E-002  0.39395976485428591       0.10173646517860456     
   6.4660372522694909E-002  -5.4078678544209259E-002 -0.54764734830892792     
   3.2668338936984523E-002  0.19346976161030682        4.3677902512842780E-002
  0.11947824537896451       0.38753457511700806        7.6839788100181688E-002
  0.13657052987583490        7.4027396416779565E-002  0.25384806954816819     
  0.15928735839011463       0.10509981705184777       0.27015639840182737     
  0.26650412866476991      -0.24226539037479480       0.22699995176714011     
  0.30660152015631364       0.17312938930440067        3.2982866284842302E-002
  -1.8972412273668054E-002 -0.17574375856827934      -0.37061984669529402     
 -0.34699143717476327      -0.31445810557248038        1.1774611207062725E-002
  0.21432326678361971       0.11961519110463888       0.30312373072468929     
 -0.30052442210295560        9.1253929942018738E-002  0.11053296427331791     
  -5.3437535107834909E-002  0.23032143669178279       0.21635346283819187     
  0.32240718280000974        8.0823039094197122E-002  0.16107606914758671     
 -0.34601837033415755        9.8819095263166304E-002  0.13228265564147154     
   3.4447001548926007E-002  -2.7782719164592067E-002  0.11223495080145279     
  0.12701718723861485       -7.4646802625074282E-002  -3.0071963006112382E-002
 -0.15564218792934634      -0.45449883145490627      -0.17814226297164645     
   5.1484153722741698E-002   5.0309406070153405E-002  0.39011532704132662     
  0.11229825834313795      -0.14175758918435091      -0.39536326958558449     
  0.16700661729554475       0.16173338056794126        1.6510003071471095E-002
 -0.48547010453966000       0.15520092481575762        1.1857870139636801     
   1.1152665886676201       0.70920916950902457       -7.3002920900412827E-002
  0.26369938194407128      -0.12943991049210274       -2.6637399872787272E-002
   1.1148297514221224E-002 -0.45259390139295641      -0.75090825498168989     
  0.31492192437624239      -0.60033844061792774      -0.35982119606295832     
  -1.3566540849065452        2.1224543371810678       0.68181344518721221     
   7.8234725254418463E-002 -0.16331081454320889        6.9133767909191304E-002
 -0.17061659692075962       0.18099743798804649       0.22163976050663250     
  0.19468745000925922      -0.18056878356861836      -0.17185706657024757     
  0.12934179457228409       0.12320525334611046      -0.39664820479588120     
   7.5191791932739990E-002  -6.3656670099024471E-003  0.10973207255100559     
   1.2797971839980157E-002  0.16954356034168799        8.3116456314348414E-002
   3.6255834354361728E-002   4.7133580611833812E-003   9.5363039039334709E-003
  -4.3351528669168957E-002  0.21329946375337566       0.28645773224639337     
 -0.12208194472019150       -1.6528418526702202E-002   2.8969949976216831E-002
  -5.0472447633662064E-002   8.5772442215231129E-002  0.32559191956700728     
 -0.36426376151388806      -0.27772625230433856      -0.47939545776010706     
 -0.11854659244254906       0.12418864599120556       0.25235459756893358     
 -0.38124028236037666       0.19136646553798092       -1.8155340708099807E-002
  0.10851705226162503       -2.6948698342700150E-002  0.12326204366653948     
 -0.17061862319966742      -0.23365557714221299       0.13504756634863299     
 -0.10237473741683006      -0.22607846118075370       0.14355333954864397     
   2.8214150374733314E-002  0.41070500790258974      -0.13129544665745860     
  -5.9627351057568563E-002  0.21170717620310048       0.30154693114592107     
 -0.26732515695041015      -0.13501701141620001       0.25779297145395663     
 -0.12678949660029232       -8.1904274555691214E-002 -0.31186892351973006     
 -0.38615206156103832      -0.26804335399658841        7.4691794663992644E-002
 -0.15126542252153716       0.22346963277413659      -0.12800810363062387     
  0.22380812568660172        6.8382509751651790E-002  -2.4284850246537738E-002
  0.11222390547736297       -5.1793263699318151E-002  -3.6224930298934073E-003
  0.12366428188996521       -6.3031229911998804E-002  -7.6176818039937796E-002
  0.12612134465175898        6.8688716096935082E-002  0.16507133502228713     
 -0.16348559116272307      -0.26220011363822238        6.0722454530250179E-002
  0.12792228885886581       -8.0264635650242500E-002  0.13643885700532526     
 -0.12768173805009128      -0.24547803186700337       0.14800457308885595     
 -0.15250535430928558       0.10247414655135999       0.19731486829910519     
   9.6287665473806919E-002  -5.4827385700902918E-002   3.0353403743471244E-002
  0.21175133348869937      -0.31762267412969031        4.4454245753980298E-002
  0.28534809985989967       0.15175814088801245       0.14135578392771517     
  -8.8847609970623659E-002 -0.20712793564478996       0.10454415194093805     
  0.18244925021856973      -0.43591281163000384       -7.7792011937980743E-002
  0.18769331913918944        6.3123018175394244E-002  0.24193217595522101     
 -0.14362134279571045       0.24434232692241079      -0.18169352783959059     
 -0.36897672850521451        5.4530649632483844E-002  -3.1955088923270938E-002
  0.41104151767891528       0.10421355055174228       -4.6558377912575659E-002
 -0.14530677035987258        7.7042336463099922E-002  0.29725160418482360     
   1.2489976768550546E-002   5.2862775027837469E-002  0.10976778666177592     
   2.2290644943431321E-002 -0.35851977796229989       0.11543012245420520     
  -1.7226692424448142E-002  0.40150901320982674      -0.21687698480898060     
  0.17718890218853756      -0.39025839504182230       -4.5734878327102829E-003
  0.12634940819079998       0.46631575920074664        2.2774136722065012E-003
 -0.22290336314535808       0.23102724321954035      -0.28141617437505406     
 -0.39810165708599088       0.23273364751670073      -0.10688100251936816     
 -0.41146685753819845       0.21248952391229939       0.29134867559395672     
  -1.9802404254624754E-002  -2.5968763490415690E-002  0.35480368195572720     
  0.12628023464563148        2.6082616921318393E-002   6.9318817795441356E-002
   3.6037176756320122E-002  0.22781809814724319        7.5686513985852133E-002
 -0.15277757977352369       0.22349446958386499      -0.13185291201681040     
   7.6279217376501424E-002 -0.16234076039603962      -0.15135836088194776     
 -0.15928357066791790      -0.31640760441856153       0.20710754388921956     
  0.15246687391869984      -0.38149095386333837       -2.4778554687399267E-002
  0.39644845438915416       -1.6790259095386508      -0.94502926609297977     
  0.51715506129994948       -7.0626280195522168E-002  0.14789896862603225     
  -3.5306701772121363E-002 -0.28829840003717450      -0.44407240876117071     
  0.15844731910407614       -5.7116390020079399E-002 -0.20001455924724215     
  0.40520384569844464        5.8817292683125855E-002  0.18590774781540259     
 -0.40980767092018844       0.18869171948947644        2.2977045132818331E-003
  0.28529019043862808        1.5675954084869242E-002 -0.23991584108265543     
   8.3577782783676099E-002  0.25376658790740181      -0.31442416467345313     
  0.28962873336364547       0.11919214417045237       0.38599908867392896     
   1.6560800292383562E-002  0.26015551784844421        9.9440479141252688E-002
 -0.11487765749545269        6.4691814532799916E-002  -3.1351781268369704E-002
 -0.15913147677238998       0.20452152399676990       0.21866000730754179     
  0.30023837091689581       0.18082818040873341       -4.3469320749307129E-002
  0.34744747477522708       0.23035228635785818       0.14823597256172569     
   9.2515524837630175E-002   3.1865254315800388E-002   7.7766230086082105E-002
  -7.4541764820027764E-002 -0.33109866807928784       -9.9191466034906042E-002
 -0.28543586302202517      -0.11853813454215160       0.23380085045264071     
 -0.39390103279850591      -0.29460479539465451       0.13014687722226229     
  0.19285445816171429        8.9331230602437459E-002  0.49947824743604330     
  -1.1718500753648518E-002  -5.4286623941850968E-003   6.2123066126819178E-002
  0.11263634592901346        1.7760925872721631E-002 -0.39129795432137504     
 -0.29990549551121459      -0.10917461939430324       0.24547742307335749     
 -0.10717367289317842      -0.21283286026024825       0.39553795714178974     
  0.11580486912632404       0.22495963819454501       0.34772329711034311     
  -6.9372015489291936E-002  0.13782333911506239       0.18125137150966358     
  0.13350396080221405        6.5526538961955094E-002   8.9129696506088887E-002
  -4.9864675462119951E-002 -0.36588950692361538      -0.26711748898637500     
  0.13167543715069391       0.27137415316665420      -0.47397303565049770     
   8.8038437157119481E-002   3.4698203381390805E-002   8.6416161545768991E-002
  0.25625700313774591      -0.33688064608107676       0.28795704611154405     
  0.33262355743875249       0.25823694442143375       0.10807123358159082     
  0.44163038760241741      -0.18944465339087671       0.16396565875780320     
   6.1395111242645663E-002 -0.43267052889609559        7.4521362458510584E-002
 -0.41550069547437823       0.21993687905034773        5.0665645089181421E-002
 -0.15455768239137047       0.24983367131265580      -0.18395819569681038     
  0.15666588364317946       -8.9801485564170419E-002 -0.16703052120470652     
 -0.40317875363056188       0.22470569412299918        9.2487843989015380E-003
  -2.1165341532652874E-003 -0.37621204604006026       0.27508676464294468     
   6.5477661363343195E-002   2.7139451738912846E-002   9.2679962314863362E-002
 -0.15317217777612602       0.24912069281862037      -0.11211884744454288     
 -0.50185861659127895       0.10313600585217789        2.2611184017185524E-003
  0.26476432615473150       0.13940133123735973       0.11062656608319528     
  0.13083857773361068      -0.14895913081490009      -0.16615079972461141     
  0.41690119068955117        8.7833157762646288E-002  -8.2807499933993056E-002
 -0.13641549892789337      -0.25605419088542947        6.3370588883579826E-002
 -0.17596381791763244       0.15041413578281615       0.21641541762577327     
  -7.3266223269246866E-002  0.17360734047232429      -0.10638305105750459     
  0.12525273185677185        5.5792069305757946E-002 -0.31500154349271242     
  -3.7181167928701318E-002  -8.4847553264403158E-002   6.5804242958286047E-002
 -0.15030852143597295      -0.20015131177311332       0.39466615965931706     
  -1.1769648263801367E-002 -0.52649327671980739       -3.4592636121792100E-002
  0.10805000940133712      -0.16853944112979677      -0.28753442270058444     
  0.35986368309098898        8.6693390793660396E-002  0.19965467007269333     
   8.3537970767164127E-002 -0.29053424001512268       -9.9088119806364866E-002
   3.0393174297119248E-002  0.17030886579607790       0.10935596154241349     
  -4.6425503076311644E-002  0.45223523166525664       0.17299016539301859     
  0.12417732631303827       0.21992754505599951        5.5326623780353759E-002
  0.42596315603991430       -7.5343162287327048E-003 -0.11323840562018968     
  0.23389286461775452      -0.41851031068134686       -5.5997553929030296E-002
 -0.91706991861039133       0.85424706891442648       -1.0297160790806836     
 -0.39481592137005816       -2.4707607724622799E-002  0.12541738943531747     
  0.19261633055231664      -0.18601178974336921        7.8864985364106341E-002
  -9.4263616070090581E-002 -0.21856270842545686       0.14682603544592338     
  0.11982092579735376        5.6053557524639641E-002 -0.31224541228942182     
  0.22384334076964874      -0.18537182283248341       0.31713174224766266     
  0.19222464771921008        6.3446663345746918E-002  -5.7947885332764196E-002
  -7.9638620221438056E-002  0.42939190108542252        5.5111502073491969E-002
   9.6264946675078289E-002  0.12490969715339222       0.10121677577971605     
  -3.2823510355644861E-002  0.40090353554168490        7.1407110280144164E-003
  0.18908918185711246      -0.35341079399661413       -4.6915732540938337E-002
  0.17244374427665218      -0.11147220761250767      -0.17913597231939588     
 -0.12233822534020841       0.19253435798936711       0.30696250739192293     
 -0.14038913127295355       0.23009635974449544      -0.19009178239804506     
 -0.17920660583703341       0.16664474528139189       0.23807186960124641     
 -0.19242395749979743       0.36689796281109704      -0.44336064529124580     
  0.24905556444004959        8.2625218978913104E-002 -0.25070784065654844     
  0.12110695087596492      -0.11404714759076987      -0.25477721901390132     
 -0.37449282546878565       0.14880376572026652        6.9380057005402548E-002
   2.3136784061895514E-002  0.33619946346211488      -0.10949656519362681     
 -0.22473790822884751       0.37292385836074776        6.2208405914770191E-002
  -9.0050018075951060E-002  0.26533863097331745      -0.17027474927167277     
  0.30220383739635631       0.23438936688645268       0.18293104714931635     
  0.42241383134141119       0.12803121023402475       -7.4488395984823028E-002
  -8.0564167957214577E-002  0.26577898326628718      -0.10424085335910971     
  0.13683208876482369       0.17777003172282463      -0.12629881969951220     
  0.24451036111541893        5.1497143187295771E-002 -0.32517723830444484     
 -0.39597098784897394       -6.5486000405726733E-002  0.21385296873799070     
 -0.16402928681151846      -0.21142991588256449      -0.34288537219446230     
  0.19208140100165685        3.6914590581652050E-002 -0.23210334152706782     
  0.20822275643847976        4.5971905797941109E-002 -0.21313912112261288     
  -4.8081641010578074E-002   8.5600352256473156E-003   4.0201675919879908E-002
  0.23056448326455187      -0.34644487789881889        4.0201982538934158E-002
   9.5618334262404264E-002  -5.3297532204731789E-002  0.13044845944073785     
 -0.26190710899851194      -0.11566994622977379       0.23080889760400447     
  0.32572342887691741      -0.18171226337960875       -9.4462660033514997E-003
   4.8711944039906176E-002  -5.1642913521906678E-003   7.4904528845437301E-002
  0.26934116155735460        7.1063286910000203E-002 -0.23096978895610290     
  0.35317325778484610        1.0483148896487006E-002  0.18667177877169952     
 -0.29111316061164921       -5.3935326858848637E-002  0.27063468377514754     
  -6.3537236659817642E-002  0.19757803086063380       0.20274086312156295     
  0.65997718186393028       -2.0946851547789338       0.88323997879058247     
   6.2678243275882492E-002  -3.5605694936979251E-002 -0.54139504591821075     
  -5.0176157489895193E-002  0.28969072566280685       0.19927689942147894     
 -0.28508698180244557      -0.37315411610906396       0.20398656404759580     
   7.4603634252888879E-002  -5.7469492878841908E-003   2.5284748737775829E-002
  0.23322735939084199        8.9550803928643688E-002   1.0036201961199599E-003
   4.3672125056696869E-002  0.30916468383395979       -2.4895902347879986E-002
  -2.8685849218460072E-002  0.38396855661600776      -0.22330419768982074     
 -0.38925795615768199       0.14760485890360653      -0.35007807327509100     
   5.6496631970782037E-002  0.21535702179389979        7.0046751571526303E-002
  -1.3342392719351235E-002 -0.39880393423170563        2.7515612632101144E-002
  0.12265360756464501      -0.13099853718347657       0.19302500287054730     
   9.6560557610379141E-002 -0.35225953402528409       0.15200993126231219     
  0.19095703066399602       -2.7020655704847768E-002 -0.32624601365336370     
 -0.39889063352090459       0.20392911731977389       -2.0383397298048254E-002
  0.47143437162487023       -8.0124073344758587E-002  0.14025339465507153     
   3.1065898654412068E-002   9.9299932132378713E-002   2.9163586670560748E-002
   1.9393043856828582E-002  0.37455057160213989       -9.8320420822026910E-002
  -3.4947590249315562E-002 -0.36978084756752277      -0.24675418015889747     
 -0.15080866724472231       0.17383532989678696       0.23306248579150271     
 -0.21929383952556875       0.16579009036413747      -0.18521274033193064     
   6.1527858693682675E-003  0.26110747750593249       0.11306309421185991     
 -0.50999418661114682       0.46256198362533479       0.20063020993101549     
  0.31231347518734587       0.17336330767616576       0.31548397678143009     
  0.14761443990812317        5.0743414360771642E-002   5.0355423093006647E-002
  0.20039625720100068      -0.18220331238758483      -0.20622240034422076     
  0.13479170117160577       0.33253159147347439        4.2107935768818723E-002
 -0.12751923658789574      -0.16404719943253482      -0.26603138587397135     
  -2.2584039235733804E-002  0.18799133332464704       0.18033933737675684     
  0.34889628437676912        6.5605500476648690E-002  0.16594114247992905     
  0.27158396116459177      -0.25617134823733451       0.22004858990343049     
 -0.12189230853323478       0.20737022743403494      -0.14245930424877171     
   6.8769113993801312E-002  0.31906966632818790      -0.16374792622542275     
 -0.21905984684278390      -0.17949194454899031      -0.47534201609897581     
   1.2644999660817230E-003 -0.37362010994530209       0.19484101891210270     
   4.4590853316614117E-002   9.6179969913821828E-002  0.12310627214584782     
  0.37029959364418474        9.7669557510622229E-002  -5.3061503646200953E-004
 -0.35368508992445735       0.14938548526786674      -0.34848777207366138     
 -0.12898962637295192       0.23594797284738017      -0.18833500848996521     
  -3.2987585963237503E-002  -4.6671554874887669       0.10134255020116872     
  0.22892112673253345        5.5587614693602933E-002  -3.9955205745946104E-002
  0.13004738904617680       0.21625351373818982       0.11096391047566263     
  0.12677794147396074        2.1899923534058473E-002 -0.22523933127840645     
  -1.6553844863375258E-002   4.6988466750897837E-002   5.6568444214771717E-002
  -7.5274632165627270E-002 -0.14812104389783587       0.15996542880562936     
   6.3722523606882020E-002  0.29950713574721882      -0.10649821067292695     
  0.51482533665108410        1.5752127860034000E-002  0.16683669934977072     
 -0.30246959450961308       0.42542535358644462       -9.7603873748468364E-002
   1.7600628072150622E-002  0.21838117612370078       0.10735025766161435     
 -0.11922553981071458      -0.40110487755202479       -1.0611355353896236E-002
 -0.46505367360526895       -7.7786252115608245E-002   5.5582781772070607E-002
 -0.46151988233760816        5.9544713555457048E-002 -0.29474982015990475     
 -0.14504271509754113      -0.37093955000343787       0.25257897743659258     
  0.14955697145230287      -0.42246831865405265       -5.1643513925745177E-002
  0.10929719799417302       -9.3734520676363883E-002   9.3655952800524925E-002
  0.35808914995582303      -0.15630170547193067       0.25031627066660639     
  0.11237977286328590       -3.9892022265383999E-002 -0.28597903221338961     
  -3.7349438547281559E-002  0.25005879014653337       0.31741121814683998     
  0.11515243117196343      -0.40230757272202827       0.10698651057278859     
 -0.43061981807208821      -0.13593338545844255        1.9715277225662801E-002
 -0.39237154821498216       0.18315903221409752       -3.8529003700179698E-002
  0.10712404045856580      -0.24603350068006949      -0.20072880262963638     
  -1.5798880473153511E-002 -0.19753595600281684      -0.13959974301746336     
  0.18723445303128924      -0.19424997511942857      -0.16918219123023773     
  -2.4450870701330580E-002 -0.36005398293003954      -0.28750196827587204     
   7.9283345810092762E-002  0.10734063988529591      -0.17935983705681288     
  -7.4768375757790453E-002 -0.36839596527642704      -0.22669270749564077     
 -0.18532004452938156       0.12842744492954497       0.14082349172441339     
  0.36885351595076754      -0.14604234171274116       0.13486691248700208     
  0.18545848457380992       -2.5658902897544810E-002 -0.22181807163200032     
   9.3792540687097845E-002 -0.29344166765938623       -9.4790310450568405E-002
  0.20338276163974414      -0.31815952585059398       -8.6193339261552440E-002
 -0.13496773331634912      -0.15808162723971436       0.13380717146804624     
 -0.38971850075838432       0.16037095660038986       0.30107993624354734     
 -0.59351314627049334       0.43879829964330080      -0.26828675751867193     
 -0.27739596413328638      -0.10163400891831988       0.22990932192412120     
  0.25334036185353831       -6.8341378079363344E-002 -0.12420683536883817     
  0.15263518266671466        5.0960413393941847E-002   5.3212504413225045E-002
 -0.28969568860890649       0.13523582208722321        3.5006919987763119E-002
  -8.2694064476163731E-002 -0.38656227042592001       -1.1419633057652145E-002
   6.1522836093864323E-002 -0.10923921356699111      -0.13345296510360510     
 -0.32165586853182387       -9.6979962209666773E-002  0.23276301946534678     
   2.1097276764061042E-002 -0.23525138204269300      -0.15039364256671217     
 -0.43420059352002760      -0.10093090657265827      -0.37724441459006569     
  0.11674811393474299       -6.8701241318248341E-002   7.4101373226409181E-002
  -3.3440823042498007E-002 -0.28891723638768302      -0.44644653206578444     
  0.41852614997042259       -5.1760743377566969E-004 -0.11331758761190747     
  -5.4452394369293566E-003 -0.58035965128880362        1.2543864507991249     
 -0.16116671800776694      -0.11331315701872216       0.19621767841280377     
  -6.3558720098855645E-002 -0.39963071957605745      -0.22519827707657877     
 -0.47930301651324753       -7.1042314940254023E-002 -0.32938046905851548     
 -0.49437420728149523      -0.32581029509466586       -3.0457876427473555E-002
  0.33974203360292660        3.6409854888329589E-002 -0.15699937627784022     
 -0.47728915735222138        2.8999270402062002E-002  0.10562219621309428     
  -3.9029164297927743E-002   2.8266215117447927E-002 -0.43890884790078510     
  0.22210174315301101      -0.10916845277214141      -0.49617666663856924     
 -0.39174023999507496      -0.20701669728532923       0.20387287003450771     
 -0.49476297424173860      -0.11970664120565644        1.3544274218183657E-003
 -0.18669134778831248      -0.27622621386291446        5.2821275572468192E-002
 -0.30283653081135137       0.11575952702075241      -0.41107347658528526     
  0.27524717025999418       -7.0094684590119721E-002  0.36776973386884831     
 -0.15098783871574076       0.30751419253900153       0.10543223139833011     
  0.44550757032433808       -8.7802954130092120E-002   1.7613465592515536     
  0.15481676539860925       0.24943192837008707       0.25337784790485418     
   2.1072774725800571E-002  -9.8705408566516842E-002  -2.9540835644495039E-002
 -0.39960033674317486       0.33791919858056657       0.19187715540099265     
 -0.25681931691905319        2.8161114340874718E-002  0.17788814540938255     
  0.42151436904767736       0.46514623452776827      -0.10093994527776656     
  -8.0762479972567830E-002  0.16142852553671891      -0.13222650648132334     
   6.6752299195607073E-002 -0.49997758805417714       0.17537023695125251     
 -0.36207254306212305        8.3143868308664770E-002  -3.6741537603407648E-002
 -0.12707789770996314       0.20483287548330825      -0.11753575551365900     
  0.12943409183685334        5.0761979128426088E-002  0.23834689766837927     
  0.23895153009895301       0.16154257951467771        8.1083284139817094E-002
   5.8288957815904562E-002 -0.27690811711682028      -0.14246663214914401     
 -0.24154761490751689      -0.17071559100041941       -7.2195124821171339E-002
 -0.33171569025569120       0.12380849330677186       0.10086546866400205     
  0.38805182501690799       -2.2904579641155103E-002 -0.21745174561362632     
   7.1791719547240229E-002 -0.40315804475713007       0.25892786858380007     
 -0.16162712277245661       0.13003190812734472      -0.14010857434231475     
   7.2790376841749566E-003 -0.15197949278716849      -0.15470138663669214     
   1.0016149623618093E-002  0.43358840422967532      -0.35313757362135184     
 -0.13818460407256278      -0.36439376736896517       0.15067586726272417     
   7.8344103530016501E-002  0.37139176967122250      -0.23907439168546285     
  -8.8256744386024308E-003 -0.28077842243396595        8.7168803954481899E-002
   8.1213928676459962E-002 -0.19932239195532447      -0.34741023033434337     
  0.27927263147580361       0.10258523171045887       0.21950965713916665     
  0.21255956999881309      -0.36746643117270095       -3.1217578868867089E-002
  -8.6438185693411079E-002 -0.15428607971940334       0.16675625817782289     
  0.35617345902072817       -4.4131565152144324E-003 -0.34709796620061079     
 -0.30030825540119072      -0.26615694101269405        9.2619747479148404E-002
  0.15877220672899217      -0.10547758793706272        8.7691868959588720E-002
 -0.16782989198677728      -0.25621111429786186       0.17382540437020827     
 -0.35898375467504978       0.73179099649528934      -0.51772744446213692     
  -7.7147346902783839E-002  0.27176262482681168      -0.15374822203052935     
   9.0001044373577602E-002 -0.29050788181560738       -9.1900432929793149E-002
  0.30139037534716534       0.19521928137350025       0.13377690385414290     
  0.47158927505737142      -0.40133316604780683       0.22832365626008819     
 -0.22928953741911803      -0.38411788160329219       0.12217993709068080     
   5.3499145177363767E-002  0.53359646274458439       -6.5038891807977003E-003
  0.31115578782372200        3.0178339032807731E-002  0.41514612242574978     
 -0.23793265701492358      -0.29287600595911495        4.7486242338308948E-002
 -0.22397217547149387       0.38144466453030973        2.7330793022476214E-002
 -0.22487936706283471       0.42378346762860009       0.14333155156592484     
 -0.28039798164296875      -0.34791721750011589       0.31332000938918642     
  -6.3653645997474542E-002  0.21513152935365970       0.31663292994411024     
 -0.12315663811559079       0.26317588369210193      -0.14060557117836084     
  0.40893131563817342       -3.5478897474606084E-003 -0.13205810446978425     
  0.15354191866752001        6.1619216225761900E-002 -0.25919295794594027     
  0.51041387894928114       -6.5337682194020003E-002  0.14119459990009653     
   2.3872148405403491E-002  0.95985184359261777      -0.32326813124199355     
   5.1037381241745026E-002   5.9200470043099786E-002 -0.26412578763174466     
  -7.9926674635054894E-003 -0.37043501597947659      -0.14208031530283188     
 -0.19851956674356050        4.4290578708708478E-002  0.17182914187097795     
 -0.48070533200446436       0.57990719374358413      -0.19680506805165551     
 -0.37263781125043066       0.19658588278556050        1.3876182953984802E-002
 -0.42048229687796812        5.3742381080048848E-002 -0.26330471312515030     
 -0.15629475200656623       0.17455504580376277      -0.17942333711826935     
 -0.29014356019768184       -3.6353100273684741E-002 -0.29733450504023395     
  -5.5335686460907477E-003 -0.23595980693657886       0.10071189049852203     
  0.13946563954658639       -7.3710055088137841E-002  0.38123583863654287     
  0.15534193630494741       0.18138444269766069      -0.48426660451842418     
 -0.14845418966390214       0.19378140095214635      -0.16748804968905343     
 -0.34340894765897118       -4.4505256080145009E-002  0.27401181649589029     
   4.5417083183624980E-002 -0.36972877197551041       -7.4065614968948118E-002
 -0.12372791180256941        1.0518564358831656E-002 -0.38047365472507738     
  -7.8174605379939741E-002  0.33583048340012478      -0.23984368266000727     
  0.30184987116723994       0.12893051733558417       0.26448588338352230     
  0.10993319504473441       0.20400277075546344       0.38613837740142204     
  -4.6935231096939665E-002  0.18247196034515986      -0.15757960988703756     
   7.4260287902641192E-002  -5.5271477452463198E-002  0.11505886494411886     
 -0.17044809652710929       0.10652639267582954        6.6984216838177860E-002
  0.28055227680187489       0.28609540448717158      -0.13736841728779506     
 -0.10714259447219646      -0.21820621408103721       0.33781233528880811     
  0.28221330704682202       -9.0967581988624452E-002  -9.6194385419585110E-002
 -0.42747584946627842       0.18557214246382686        6.2071843527291464E-004
 -0.38135186559194256       0.25486860944407924       -7.2518773960844565E-002
 -0.24454885280062011       0.32074352249246035      -0.22470626998209178     
 -0.46365639317590512        2.3250603380224453      -0.70492630869841599     
 -0.13544124975165830      -0.41061411293156036      -0.62160776369175064     
   4.8414349453734816E-002   4.1824733960312742E-002   4.2603980818986281E-002
  0.10191771266584103      -0.14604958831208040      -0.12859659891039502     
 -0.13501627994726495      -0.17762026136368914       0.14173948087978333     
  0.25413259305961150       0.20022159174861734       0.32876182620542316     
   8.3981435396215720E-002 -0.14890156903159779      -0.35674999474092628     
 -0.16616797349637413       0.19895136044769748      -0.20027345946839492     
 -0.18309154578453116       0.11457950698273250       0.17197796379475125     
 -0.28350523285930102      -0.19838191682958259       0.25440410889939952     
  0.47617202077642989       -5.9599995029756297E-002  0.14872618681039507     
 -0.24484705191614864       0.24491575136948471      -0.32462541913012066     
   6.8435255113810656E-002  -1.8703064927369142E-002   6.6805445178489520E-002
 -0.40077242472786095       0.21259217743920086        7.3682955052248658E-002
 -0.14989766181681657      -0.23910405336242235        8.4883115675427917E-002
   7.2188416727790208E-002 -0.32954060171601712       0.54784153512676625     
   6.8237320570480542E-002 -0.22321234878865964      -0.34915473618574921     
  0.10476891622205549       0.39142856460499281      -0.31100664517787058     
   2.5864095480926136E-002 -0.34942728345165008       0.28225912425422967     
   6.9715672211921584E-002  -7.7731518718097128E-003  0.20665766206360336     
 -0.25067565199211700        9.3768626147511233E-002  0.18671505155533921     
 -0.33057802255245761        6.3144916261991646E-002 -0.35326048219369405     
   6.0931055821112905E-002  -1.8664305691771840E-002  0.11920980779304254     
  -2.3278393807895682E-003  0.12595289855172653       -5.5529351138846189E-002
  -4.8808874559517754E-002  0.40156483869005716       0.10541045069360765     
  0.12670204487496481       -8.4113960267152635E-002 -0.14911874202065947     
  0.16138952335067741       0.32649683553067066       0.21811463923296553     
  0.25165826952810144       0.10341214941432525        1.3201929030835172E-004
  -9.3015821007315619E-002  0.32395352792632987       0.15484512069547104     
 -0.29620465791672201        8.6459165597556148E-002  0.11076881368716621     
  0.40790868028501587       -1.2728769972804446        1.1495947792632717     
  0.21560985797541182      -0.23347895362195251       0.15014970690591808     
  0.30943761527460989       0.12893980049461581       0.15879708860737071     
 -0.16052210226758024       0.36999613763511985       0.16722245644888772     
  0.46479404937329383        2.9271032987966628E-002 -0.18622146744610812     
  -4.9026661906688848E-002  -9.2176426981035398E-002  0.19406576487290900     
 -0.51831149290945966       -1.3511784984428767       0.47863451745493751     
  0.33970420721675060       0.25082778293771274       0.23969309302668892     
   4.0982181882971522E-002 -0.19943713555560802      -0.11842601639676721     
  0.23893109160481965        1.2611632974848432E-002  -5.6643764923215364E-002
  0.46233316055080398        3.9263002532779956E-003  0.15407302421012381     
  0.14566857912744902       -5.3186228353209061E-002 -0.20637654053105739     
 -0.25706524660873714        1.8276799185268314E-002  0.33507697589383212     
   1.5988045944003278E-002  0.39182106243738879      -0.18012262197345497     
 -0.13478741842789851      -0.35509026958668694      -0.22611652999371107     
 -0.16254188059599384      -0.42273164593273499      -0.19663370153042839     
 -0.17239287388161606      -0.16085468677783127       0.16543761375153129     
  0.12215186129138850        7.6414655318896713E-002  0.29944922043078465     
 -0.42257258774425821       0.24187922754337277      -0.11224502920998575     
 -0.17268254589171694       0.13806874405677105      -0.11680258684065818     
  -7.0254068163973615E-002 -0.13364896672609639       0.28163864693905144     
 -0.18062391675436892       0.21433543723556120      -0.18734315147865199     
   9.7835687415771685E-002  0.30511190872432631       -8.5520865629511722E-003
  0.16305805807037410       -9.5848993345427846E-002 -0.18125254160761473     
  0.45919517199640408      -0.16755121005760781      -0.11948486604146472     
   5.7501697911315000E-002 -0.14769085794150633      -0.13643214272345378     
 -0.42359659380648046      -0.27510020278591291       -1.2028593513422659E-002
 -0.22707355302202398        3.4324262242083792E-002 -0.10550154759731101     
  0.11268877146445856        5.2983721990133850       0.41159362141165934     
  0.18690823946308974       -8.3275957908430884E-002   5.9483974402382143E-002
 -0.26466816086432837      -0.12414657141792004       0.26577350668165584     
 -0.41707016475943309       0.14612110166985862        3.4207510164916764E-002
  0.36269890128251892        9.8077977233951508E-002   2.9731774731648834E-002
   7.3653966997997311E-002  -2.1795238417827826E-002   2.2667380366881783E-002
   8.0655646478913282E-002  -3.0672418951314964E-002  0.19283404858232595     
 -0.30827650271576978      -0.23906139833193291        3.5716422458073917E-002
 -0.42382560370640232       0.23809806979669673       -3.9511309946426067E-003
