 -0.11138326105227619        8.7110822321881068E-002 -0.21346189157735751     
   6.6110651264006226E-002   4.8719911393415562E-002 -0.10351972861215289     
 -0.17712652177179533       -4.9612405032511527E-002 -0.23695945993405726     
   5.9072326280101752E-003  -1.8746191393018870E-003 -0.22884792833781853     
 -0.20103535606225686       0.19854357948926385      -0.15286773145001689     
 -0.12250432859866167       -3.3362444044153741E-002  -2.0153198220196351E-002
  -3.9725589520754978       -2.1805798749385010       -2.9629721235500637     
 -0.16431730448596288       0.36330997817601152       -1.2523061155711872     
 -0.23959164472362421       -4.9074038902288085E-002  -8.2962797362022320E-002
   5.4274896321840504       -5.3361760590937131        5.6453098740865526     
  -1.8051701947973096E-002  -5.1011471931410514E-002  -4.5465348647048778E-002
 -0.16333993071857730       -1.5521573531520809E-002   7.0783213097124376E-002
   2.7335526479326560       -4.4105067270705343        3.8279912195296721     
 -0.16601436929457117      -0.31124388139555048       -1.1008659725404097E-002
  0.13931720092747230      -0.43711202252682768      -0.23823495712736958     
   4.6161096429538766        1.7766219601736037        4.8037622781545632     
  -1.8931316661863882       -2.1058102523027662      -0.60315127513890432     
  -1.4027710534019726       0.16815857103068801       -1.6749827655817979     
 -0.78493917704135430        1.0176524655468253       -3.4552861713736607     
   3.1411738274712104       0.48848292215294525        4.1221095085890598     
 -0.37993040949067108        2.5648065926687957        2.0091167008673838     
 -0.97959909254007049      -0.67595226065218461        1.3060882553272997     
 -0.27415978266193142       0.33073909117872025        8.8445884106122225E-002
  -11.110711359752612        8.0776218341731614       -2.7378131064874118     
   1.3147220899651357      -0.42887508183520184        1.8791298505483853     
 -0.10715584575026271      -0.27031403032823353      -0.16200453882224397     
  -6.4710539999187813E-002   7.8729549954156833E-002 -0.17635456393878376     
 -0.24178785586861448       -8.7283847606187751E-002 -0.10317324548462713     
   1.6543666368459065       -4.4272695851856083      -0.17659455797937795     
 -0.48991093870984498       0.19687009118224000        3.4514377785870305E-002
  0.76103191195336406      -0.65056277542322727        1.2105851190158785     
  -7.4567533639091780E-003   3.4096528121588018E-002 -0.10901230117909780     
  -2.6438562256241274       -25.931412100380943       -16.999477182214534     
 -0.12755928757790377       0.10306112135795670      -0.30360269055224320     
  -3.6588190677937456E-002 -0.43813256963994118       -3.2912457959656367E-002
 -0.70284437760994078        1.2151839029112217       0.30435501335582266     
   3.2499029579548699E-002 -0.58914801395779048      -0.42887888359032117     
 -0.12845433583200069       0.21252259708887217        5.1075530070960717E-002
 -0.14322126016984335        1.9377198902420532E-002  -4.3969372128730387E-002
  -1.0348681940722170E-002 -0.12282731677086947      -0.16265546344796217     
 -0.42277691798262412       0.29351820696053343      -0.11207630655520189     
  0.78610681628292456      -0.34364946106760130      -0.56485666117978683     
 -0.12111771233551102       -7.2783081690642015E-002 -0.19452311628278410     
 -0.79680733731815612       -1.0477991130117292      -0.91553009710491096     
 -0.17392564045260336      -0.11516440913861424       -9.4486918313795215E-002
 -0.45911759999169632      -0.91980997041831614      -0.62890666855187982     
   8.1066258814010431E-002 -0.15250042841102451      -0.14179912850848070     
   2.6736822433753617E-002  0.56561445024047441        2.8346747543254763E-002
 -0.13649016345438919       -6.5786078107523349E-002 -0.18093399905526564     
   4.7476405026151882       -3.5559326632538495        3.3709178636031032     
 -0.39318176248829673        3.2795541629111531E-002   6.2689338978473078E-002
  -1.0718015762268320        3.2616150092894496       0.61490980401937356     
  -3.2828723666638901E-002  -4.9375999995377548E-002  -7.6899932449167666E-002
  0.92512090802117841        1.4279756076818069      -0.18490553632369297     
 -0.37698465684560900        6.1964737570083125E-002 -0.22331816225688317     
 -0.31374008200390946       0.47582700016300872      -0.18107242715667171     
   4.1302250117871982E-002 -0.39127151925255671       -9.5570965281278536E-002
  0.91717399966926993        4.0640565654228258       -2.2347546066259754     
  -4.3402723866288496E-003 -0.11947250350572959      -0.10586277247352036     
 -0.20293431678247903       -5.4638384619897437E-002 -0.12967031644559049     
  -4.6176980308682974E-002 -0.58967062507224999      -0.14285221139348894     
  -8.5488399700320863E-002 -0.29531807614942296      -0.27447195473863628     
  -5.6705025998534643E-002 -0.23532121056594493        1.9820214752575893E-002
  -1.5672305139099929        1.4813617321621853        7.0928199343615189E-003
  0.14485410212241523        1.6517071333353535      -0.55491882276146065     
  0.14482072881916805      -0.16851614015814287      -0.12692646194072349     
 -0.15079970849496649       -2.1438956102756226E-002  -2.3044195629824221E-002
 -0.20215093483068483      -0.58980188438754366      -0.17681434888885195     
  0.11081868778403542      -0.21377101974910714      -0.24012174833314617     
  -3.5619693937314927       -1.4968752206404012       0.38627654782542137     
 -0.20851028510687630       -9.2721865546216353        3.5964309260791452     
  -3.6091310680279737E-002 -0.10980219025819440      -0.19329985280541692     
   2.8457684990905436       -4.8331127797402686       -2.8257184926110077     
 -0.17895447849698101        2.4098751032493156E-002 -0.16220666766519834     
 -0.17561701904753008       0.32485834844201572       -1.8248428272449421E-002
 -0.12788981967569663        2.5931908055635153E-002  -3.1619169032193230E-002
   5.0918514703844186E-004   2.8917393682107356E-002  -1.0514363234222175E-002
 -0.11319137585368381      -0.16206528353534166        3.5638010195023065E-002
   8.9430045615733006E-002 -0.29236631625211984       -3.5274520797112935E-002
   5.2336131592875423E-002  -7.5469160602459159E-002  0.20838071675677933     
  -1.1314828055739570       -2.6120560997217792      -0.74819340199230400     
  -1.7275679360937719      -0.99055969745368955        1.5604565477391457     
  0.13518130726008173        6.3660361207769411E-002 -0.11229774509728711     
 -0.18891311644254344      -0.82380056889383146      -0.61908238971806795     
  0.63821747330135992       -1.4132788751383802       -1.9202818543731532E-002
   1.6636833325417539      -0.73419753509539332       -5.0421417564529110     
   2.2596063136529212       -5.4648796248791323      -0.95622723829668421     
 -0.15614399612809932      -0.13639127053210218      -0.15830543661149579     
 -0.94513431763694244       -3.9232946717767314       0.52045392677723190     
  -2.7169726766469013       -1.2975083296546861       -3.0579672938259228     
  -3.1944733103327794E-002  0.12483508877325902      -0.13643924197519094     
 -0.11394689971731743      -0.34843494208171066       -3.0452014538088793E-003
  -9.0943688570433404E-002   2.5228758524287482E-002 -0.15591162935392192     
 -0.22508300880485455        5.9781567947905574E-002 -0.12273304621717272     
 -0.14756853712314844      -0.31354370547145621      -0.21847330964757564     
 -0.11746003972649247       0.11091817090411224      -0.10706424321167252     
   6.0645662707763753E-002 -0.11623139084980151        4.3893834484160260E-002
  -2.9661021089120134E-002   1.9600463579090795E-002   3.3614513325536402E-002
  0.33127834096531172        3.7249199908915354        3.6899837958013211     
 -0.21991546450450142        2.7379375314261337E-002 -0.12471711876304491     
   1.5622573173424312       -2.8768052852492829        1.4391722013915575     
 -0.10864845071010930      -0.16635780622811000      -0.14537131549749777     
   1.6979248851156845       -1.6352282159583338       -1.0368440178411140     
 -0.54105439900188068        1.0480738028641605       0.36094511637514060     
 -0.14052967359172119       -3.8984400420483810E-002 -0.18906439076833179     
  -1.5897546198793497        2.2611708863280264       0.98468514340420010     
 -0.27744674587980833       0.29295415716421719      -0.39334170669982771     
  0.32471432634680031       0.34186687991682674      -0.60112003197939012     
 -0.13175373555928557      -0.11043905320039950        7.1138869731962881E-003
   1.3483513183961153        3.3571706416966625       -1.1878936138398200     
  -1.0309421146998308       0.22406754302809381      -0.16499797812850581     
 -0.21807135830280633       0.35269731275445582       0.28702647527803832     
  -4.9166668614437525E-002  -3.2406580408911832E-002 -0.15545532125074496     
  -2.6540610121534161      -0.16800673940740180       -1.5369612920389022     
 -0.44326810399601441       0.19276853323226564       -4.5785661350196127E-002
  0.47403074916879012      -0.58490336907957485      -0.14330305494681436     
  0.47535567665813905       -1.2161582940360958        2.5366194151426673     
 -0.14929772192316401        4.0169942312652217E-002   6.8196607035219139E-002
 -0.19832979411694721       -2.9565211380348427E-002 -0.21018907969643999     
   2.7009587409522311       -1.5860416295441200        4.8380487648751718     
   1.4401782840545047E-002  0.23162745428714712      -0.11157979506979625     
  -4.6695734929793925E-002   2.9221336234599049E-002   8.2331916329991019E-003
   1.7107741904857358E-002   1.4309861915815406E-002 -0.22392563874406790     
  -4.7597127900033981E-002  -2.6578581444572404E-002 -0.29765977863250598     
  -5.6297559791286318        5.6369985179428408        7.8956034501652708     
   9.8846187769754415E-002  -7.2683854342370319E-002 -0.19010180641000091     
  -1.1967911336299848       -1.6532494685704566       -1.3694558018547345     
 -0.20199459423907845       0.23612188601878109       0.13296873809716711     
   1.3428936789173118        3.4592501713660559       -1.4026494103529694     
  0.27852607035571031       0.25940308408677898       0.13738864736511622     
 -0.92406962113302016        3.9462282061468610      -0.65561414141360730     
 -0.92115390031502042        3.5003470860872703       0.54379751766832107     
 -0.18064040106565651       -2.6554627928070847E-002 -0.18589524658706838     
   5.1846998301387419        2.0688513577667504       -2.0803740781138980     
 -0.45869440968411368       -1.9114432031146766E-002   2.9797909750501343E-002
 -0.31988207116410328      -0.61354148532028341       0.23029419540024607     
 -0.21388276466856351       -8.0317065905079491E-002 -0.15487855537306897     
   5.1004861014689435        1.7939025511164115       -2.1616844027172544     
   5.5329492329625030E-002  -8.9401537979747370E-002 -0.22740035708340278     
  -3.9082426427156099E-002 -0.14628391383932909       -3.2125776870879759E-002
  0.18716420583040724      -0.15642582381569362      -0.15600190737156253     
  -8.3486035703663794E-002 -0.27391291854724115       -5.9829171272275952E-002
 -0.14571597177710388       -3.6849935592273210E-002  -5.2116780288134844E-002
 -0.23728019314278553        3.9254822821056072E-002   8.2334837587865958E-002
   2.4584785637416982       -5.9203841536407200        2.0477312831310135     
 -0.30495461249069833       -9.3724456435352002E-002  -2.7051612594707425E-002
   2.2553607824318238       -2.0279710934047182       -3.8045089860352830     
 -0.18102525175738921        5.1505620339164407E-002 -0.19124862313911392     
 -0.74090262835967391        1.6150518518117822       0.51460853446494026     
  -4.9284468854901924       0.31703505085798489        5.5243529138489418     
  -9.3362304366747181E-002 -0.30418862155240256      -0.32762246016329283     
 -0.86703828236999403        2.2962979724340089       -3.5125843077804531     
 -0.29917679511887574        9.8987210668919204E-002   3.5636313896338194E-002
 -0.36034799877077517       -8.0305783783005250E-002 -0.25016419787432653     
 -0.11385353616579126      -0.12834699258249638       -9.1932245125045386E-002
   4.0339171035512322       -6.5663522377179553E-002   2.8660498233475118     
 -0.11440278474247254      -0.43944116518381099        4.5875996014830583E-002
 -0.52487541873250698       -4.5696879651178861        2.4263144173321929     
  -1.9465851922859856        5.7673617217497455        5.2701009431581953     
 -0.33866530892799951        4.2265757227897105E-002   8.7588680185631505E-003
 -0.25080329316429217       0.30462566593623336       -4.8849026611934895E-002
   4.0283308197701544      -0.76542476283513627        2.9388677674275616     
   1.3447245463866688       -1.9901953822468541       -2.2315477551327567     
  0.22022495244073728       -2.3849469215518955      -0.17699722210732136     
  0.32654776902867927      -0.15288169421050449       -7.5221435950565352E-002
 -0.36619918495909093       0.22059382489540383       -5.9019640180773388E-002
  0.54258905124736412      -0.60842805732473793      -0.78490723998527212     
 -0.16562397857634445       0.18277273427464549        8.9359219369975304E-002
  -1.2874514845737747E-002 -0.22729512769558594      -0.12836947045697020     
  -1.9582869083913414E-002   1.6962983602670179E-002  -1.6515940896720694E-002
   2.6285734217088570       -4.5105086732823612        3.9130206464334614     
  -9.8362853616250148E-002 -0.35126329020283981      -0.11673920855131695     
  -3.0100350014111030       0.46679491790244476        3.8622618607517394     
  -1.0570225339498789        3.1549140715943000      -0.64727270041095708     
   6.0556741521881035E-005 -0.48147945108569579      -0.13993842448574195     
   6.1362161580891902E-002  -7.3733998355802119E-002 -0.37944130289876155     
   1.1276041107460198E-002 -0.13200951774842395       -5.7028113858488598E-002
 -0.27343506554766672       -1.1431743472488412E-002  -9.8231225203813832E-002
  -7.8406189218068318      -0.22810766533045027        1.7815340878646531     
 -0.17937870210142606       0.14445516636100189       -7.8878839446692578E-002
 -0.10266743435141407       -9.4660604931678868E-002 -0.17162560481629474     
 -0.10323342900757503      -0.10235758579314043      -0.13262595378187628     
 -0.76935679500908927      -0.39115467704962426      -0.74436570283252568     
 -0.24595149858781068       -1.8190440600662487E-002  -8.1287487816105369E-002
 -0.14850407731688589        5.8132262016622860E-002  -3.6371987285044566E-002
   7.6778163004325647E-002  -2.8177932793619870E-002 -0.10951942850626326     
   1.2387677766036114        2.9468764344612661        4.5202480140858619     
 -0.16024916121553454       -6.6622403077806466E-002 -0.28798601610853874     
   2.3010018412218289        3.4818306439552527        3.9352562637724229     
  0.25134935204272091       -7.3066224094924609E-002 -0.58272957679881465     
  -4.8600337270687792E-002  0.13008520430859200      -0.26543569086419955     
  0.43162239290331661        4.4126150585292816       -1.2162385428048814     
  -2.5656337165868150E-002  0.19532251178508769       -9.3299011119356332E-002
 -0.10493034583530748      -0.21082309382937958      -0.10208695118851488     
   6.3546831535768789E-002  0.27929494760219775      -0.26737922067320885     
 -0.24795983419330953      -0.13368550521872619       0.15958566740571944     
  -9.1022392060324420E-002  -2.7980972369295221       -4.3648121461832435E-003
  -1.2471092500146472E-002   6.4664341827910060E-002 -0.21924643709508215     
 -0.37848214566447663       -1.4133014813448515        1.7669428063345245     
   12.194585928492087        2.3708283333424962       -35.096826260703843     
  0.19465624663140504        5.0659892812227740        1.7643154894518995     
  0.24122734052551748       0.72650508428468552      -0.19204785218599038     
 -0.13211061979854855       -1.1618283698639715       0.33479282973714525     
  0.50048575035163156        1.9129466627963552        1.3400484966289576     
   2.2464935912652026       -2.8337827807309068        2.0402876540765003     
  -3.0329687797403068E-002  -3.2279336141379004E-002 -0.11124114168110530     
  0.95716913226901712      -0.61424795076386540       0.82485875496249761     
  0.18794417252016027       -9.1025672344230160E-002  -1.8110543879546307E-002
  -6.7602543245959004E-002  -3.5329500470498335E-002 -0.19994044376839901     
 -0.11832846111933275       0.19684426584079437        6.6962599009235291E-002
   1.9074425296463076        1.0017347024007457       -1.3566292672984437     
  -10.597976195551240        8.5740140325437384       -4.8676863358817908     
  -8.6197679010240308E-002  -1.4931665602554061      -0.29385644360749025     
  0.13609810391581439        1.0054392429091017E-002 -0.21093565079959037     
 -0.11672615772456718      -0.30016023083744497       -5.1176251645578638E-002
  -2.0568614227072759       -3.4425975726526614        4.2342074320074889     
  -1.0728498293698214       0.67951531525014230      -0.97795423439187124     
   5.6361655786963165E-002 -0.10335245486327821      -0.24197522434315138     
 -0.44985192457686363       0.18633915721116931       0.35232151541839590     
   2.7852711394745922       -3.1997774010064552       0.89739102790840630     
  0.82597659575196436       -3.1524227589242315      -0.86763364291204015     
   3.2630551352311707        1.2755834617071491       -2.7565606513541647     
 -0.30929322038540963      -0.55760235066657937      -0.77031272506362158     
  0.16177045550662214       0.10979385720039678      -0.20629852337492668     
  -2.7948059151529927       -3.1306453621961925       -6.0178378297778190     
  -5.8729831979999446E-002 -0.20678376953036379       -8.4675307968541808E-002
   1.2035607919841864       -3.1380803295443744       -1.4966362420655563     
  -2.5647691107147180E-002 -0.17669726558902232       -9.2570914030089518E-002
  0.16096315788198096      -0.11363705785040529      -0.12610485089957729     
  -7.9248714192791073E-002 -0.45176425325181957       -9.8406832233560351E-002
 -0.25821163431607347       0.22002883749917879       -1.1401298023400026E-002
 -0.10063286842021933      -0.10775176488974239      -0.37860178619487650     
   2.2624496045473896        5.8743380338764304        1.1775252463634502     
  -8.6446349289394528E-002  0.17672055164623690       -4.7962134825366591E-002
   4.3746408291751528       -1.2623512396799523       -2.0340313818388474     
 -0.27853802975126524        3.3763569273847029E-002   8.9948358444335061E-002
 -0.26136685401197962       0.11963424342848701      -0.10420081312518319     
  -4.1645938039965968E-002   5.6206071153430771E-002 -0.13319281386599907     
  -7.9169192747668982E-002 -0.21921983786830840       -7.4000235527844710E-002
 -0.25263432202322478      -0.14713180030700621       -8.8992516683427836E-002
 -0.21172788819509372        2.3773632616464868E-002 -0.22431621935171861     
 -0.20003312963515113       0.24209601473771705        2.9300109901490103E-002
  -4.3654634236541340E-002   2.0908119977318456        1.5083341156029935     
  -2.1159216025037626E-002  -9.5278300737543314E-002  -5.7778862831487754E-002
 -0.54269213307207864       0.14190548610528886      -0.48680998987085944     
  0.79653471864732872       -1.5626134492054367       -1.0438109393161303     
   6.0168041038350965E-003  -2.4964733735152934E-002  -6.9491579295816563E-002
 -0.16795105426968260        4.2347600783178979E-002  -2.4700432512752585E-002
 -0.18603099815927146      -0.51453012130972486      -0.27618630418397216     
  0.29599657053317530       0.19136460169478839      -0.18375790410505358     
  -7.1553900197737233E-002 -0.10511923100453426      -0.13310443402250022     
   4.1700238104402099E-002  0.15131932256061698       0.12530978069204005     
  -8.9039356006791651E-002 -0.27318102499202435        2.2120129422932087E-002
 -0.11149163683697830      -0.23703629742075538      -0.11504903959209080     
 -0.28039344529361715      -0.30038231242321234       -3.0342378320459863E-002
  -8.0755424638242285E-002   8.8765181384924938E-002 -0.24371890901617227     
  -16.468287839816281       -16.185963343993265       -28.058143039523149     
  -1.0363260432926844       -4.9819060527048080        3.1402252383425817     
 -0.27932590567498966       -1.2978927126619857      -0.50519372132707763     
  -5.9313762124577785E-002  -9.4806083141792813E-002 -0.16170764895235526     
   3.2716401216558139E-002 -0.33517508868923229       0.55621632082545214     
   4.1279523564115479       -1.6293346616808488        1.2223530254575952     
 -0.23531788212735466       0.17485116509516130        8.5293268879726124E-004
   7.9882407793980814E-002  0.44977107671471278       0.18087527456818053     
  -1.0800232680138567E-002 -0.10763687646262265      -0.15469314045533183     
  0.20675104160278854        2.6629996723604088       -1.0501166564994395     
  -2.3409265723474258E-002  0.18348573736963278      -0.11071522021884539     
   1.1144002920658287        2.1300817221050097       -2.4584906222993030     
 -0.11903766510529065       0.14965530067356536      -0.18514983804704113     
 -0.10001568044912443       -4.8212329148377885E-002 -0.19943101674438468     
  0.38603118469484787        2.8353963889511475       -5.5855666833152897     
  -1.1673267813409300       0.69163257493564390       0.99961711425502520     
 -0.57257273873085757      -0.24493003863701593       -3.3986842337047088E-002
   2.4035686838802382E-002 -0.16740319132584519      -0.18650173254618335     
 -0.43472052316870868      -0.14339283289321292       0.11066891865069071     
 -0.19967726918219000       -2.6278841018100877E-003 -0.11144540235219830     
   2.8072955236765234        2.0622983877123495       -2.4555216607784724     
  0.71812423814505122       -2.8999952585393594      -0.21426319796006432     
 -0.57046487942856305       -1.2137501349005202      -0.50789527998775041     
 -0.22833917262628922        2.0838573352090866E-002 -0.12122640936577943     
  -2.1376667082490082       -2.7869181275148596      -0.69385822604183189     
 -0.33430534679578139       0.10125698582130005      -0.18828542137301110     
  0.36872435562837813      -0.25069302526394227      -0.48470628795391973     
 -0.19128998190760535       0.12381701023186675      -0.57609709409166732     
  -8.7855492688067277E-002  -2.6895086277228489E-002 -0.16587045026627692     
 -0.15256208583367473      -0.17140221517462365      -0.28602492484611930     
 -0.24934318679240966       0.13467075694564495      -0.61334883100606430     
  -6.3313625338655116E-002 -0.11840827964977439      -0.18526045597766358     
 -0.98184990373251935        1.5352560851134318       0.91596198528671713     
   4.9673502707319193       -1.0702618180466080E-002   1.9580918839231536     
   4.4941772061353209       -4.0571629631837149        1.6394600167079920     
  -7.2726633412686384E-002  -7.8226539516504587E-002  -8.9815401069948259E-002
  -6.3438409469357721E-002   3.6553988335632621E-002 -0.12621834560939821     
   2.4092052850252119        2.8231867485534616      -0.45240969414022619     
 -0.19679882586014669      -0.19254825399893732      -0.81038616987119905     
 -0.32921900244333102       0.21137857467860854        2.3468870942578973E-002
   1.8339799318458083       -1.5790113150717224       -1.5698710370912365     
  -2.8864667070631991        2.2314349725475036        2.3504830046023719     
  -6.3475103589073129E-002  -8.8038507908074104E-002 -0.18004215071296786     
 -0.24177391701540946       0.16805024627905193       0.15662782049908655     
   2.9682063848474976E-002  -7.7939476518483911E-003  0.16077633161908272     
   6.8310675332597964E-002  -4.0294680599086083        2.4703614788494925     
 -0.25549884676268536       -2.2264621147722430E-002  -2.4683586448577866E-002
   3.3527292414620581E-002   9.0646694949857734E-002 -0.24791768790879784     
 -0.19431221438045079       0.44162359572754073       -7.3396115073035131E-002
  -3.0137713111663352E-002  -3.4490263033386204E-002 -0.18960538793315862     
   6.3368484823454960E-002  -7.0604042796523131E-002 -0.18633007709241398     
   6.3935889490295619       -1.5685092341905937       -1.5591559507828550     
  -3.4288951737329727       0.54014633087282016       0.83779038162762498     
  -1.3118933945351855E-004  -5.5950753546018688E-002 -0.22667581750958379     
   1.0529486068011051       -4.9015992064557015       -1.5088140052621772     
  -8.9191377267626118E-002  0.11550321573243374      -0.36874401078939623     
   1.1027290287995688       -1.2395587627260953        3.6160700376911881     
  -9.6398612856897242E-002 -0.31745193006535827      -0.12184857492856625     
 -0.12275558591127461       0.16748035979855530      -0.28392841753550979     
 -0.33071493851317091        5.9310813135618661       -5.9364361665270995E-002
  -1.9805811854458011        2.4640826207541435      -0.64642871172706373     
  -2.6979216682350700      -0.53813817587520663        2.1343788862262305     
   3.6693415356984795       -2.0476111191572186        3.0449259570665697     
 -0.18752174843381508       -1.8006612725705911      -0.16643140903496667     
  -3.8864407122479482E-002  -3.7136755045268408E-002   2.3985083046375130E-002
 -0.15737457170045713      -0.17733660004405860      -0.26415440178889232     
   2.2907207786048391        4.9525275027002005        1.1241436217153338     
   1.0556573301245500        5.2981494015802850       -1.9859625992056120     
 -0.77232061684753917        1.8810375590163757       -5.6505437427766661E-002
  -5.7261731537892033E-002  0.10523272883043275      -0.14142634517386032     
  0.11651393288832997      -0.19125026677828733      -0.28082221785346068     
   9.9311170731027794       -10.041130856347591        6.4049628817657984     
 -0.11827741474233182      -0.10197001916118079      -0.14854129308308017     
  -2.4968715713275911       -3.0694931922860169       -2.3944956255900536     
  -9.1901987578261915E-002 -0.40303868515305519       -8.4797664827095762E-002
  -1.3073382086285994       -4.0753473281685872      -0.90614905999126427     
 -0.27115199613075913      -0.82396411712535123       -1.2179490611491341     
  -3.0113028440035898        4.3869626487010231        4.7934015795992231     
  -1.8009174315535694E-002  -2.3995200815560773E-002 -0.13301339865039841     
  0.20725253006099123       0.20817355014066938      -0.36833663531300875     
  -3.1634220678055041       -4.9089578675857144      -0.45275482523063126     
  -2.0592796942636031        4.6940362210131541        2.4838369042527950     
  -6.9804831093486230E-002  0.12361337232061877      -0.14370577010050520     
  -1.7871992408500186       0.11213120466673601       -3.1035787380802526     
   1.1653393847815194        2.7015175524679322       0.95820672126224737     
  -2.4257040115509469       -1.1751859680720094       -1.8802919202000308     
  -7.1328632660768984E-002 -0.11028259933974030      -0.14846743933561082     
  -10.373979689014773       -9.1466197701790719        1.5328251641301616     
  -4.8518364259670301       -6.8750385498950637       0.37938324166100357     
 -0.30811198277797308        1.1913234686605765        5.2570468846315471E-002
   2.3314668016727058       -1.3719406545266832       -1.6148214605229168     
  -1.1966673236737198        3.2468481850378850        1.2733869524818642     
   5.2478022099950499       0.30229687346201511       -3.9872467668278171     
 -0.46257765445441024      -0.21859484533516527      -0.23242900480491535     
   2.0121274954661286E-002  0.24895636810049063       0.53904434473861584     
 -0.47278259743091500       -2.6051265696040264       0.41525881965109207     
 -0.11071655870071015       -6.4707427485569430E-002  -8.3159774325921518E-002
  0.52046623860840924       -6.5121085807574772        1.8380605829470829     
 -0.28058791955071316        9.5109968943803455E-002  -6.6208911581181043E-002
  0.43250294479120022       -3.7124624935218407      -0.33889435404453072     
 -0.26004304372633175       0.18447035761260921       -2.8025692763406516E-002
  -9.4544275914601544E-002  -3.9123467033693973E-002 -0.26757003995933160     
  -6.4338679377897792E-002 -0.24161391966311552       -4.6367197587693733E-002
  0.12432147312663375      -0.36354009071487042      -0.11431719080455424     
  0.20812848728668923      -0.47351899959418742       0.18012492540310290     
 -0.38899217245056705        4.6127255667685635E-002  -7.8914207421667965E-002
 -0.22585980252495236        2.8192727275342128E-002 -0.16239019826493528     
   4.1394980214446882E-002   3.2552613833373975E-002  -9.6929856843617924E-003
 -0.50992780960206197       0.20101711838837494        1.8685047839594242     
   1.3282355067636715       -1.7432480127982168       -5.2634975245437694     
  0.16089727382512198      -0.17241686886419164      -0.30368630195377050     
 -0.24266037860755343      -0.50302706359136917       -6.8999224175127688E-002
  -6.4332781608339218E-002  -9.1110106844586883E-002 -0.39013017625026536     
  -3.2822310841658216E-002 -0.23565449031835883       -5.0224600184812757E-002
 -0.40642055590591347       0.19704394800446889       -4.9547816971761902E-002
   18.139499332066304       -2.8299268780103715       -8.8985389773665595     
  -2.0294815753972650       -3.6353525483020066      -0.99329294183789829     
  -9.8402504258901860E-003 -0.19047787276804828       -8.6459138160412369E-002
 -0.14521598767525790       0.79445943128652685      -0.29035684182559240     
   4.6675812510066788      -0.74916357998056271        3.0718527459593945     
   2.8751907651342394        1.2775151692702535       -3.6804880652849374     
   2.4557518855482847        1.6532134566960204       -3.0029981215512955     
  0.12910818724666287        6.1936626098904886E-002  0.37911223979149417     
   3.1388273480725197        3.1385996122314670       -3.7009420136278446     
 -0.97283074922896517       -2.1024096783469046       -5.8125885638108717E-003
 -0.10782129225610297      -0.21360899256730995       -7.0889554989761849E-002
 -0.38431587399508738        1.7413518567757285E-002   2.9351355523991783E-002
 -0.10336233524305874       -9.2586210514454231E-002 -0.13156518757850152     
  -8.7435870718989436E-002  -4.4384678439284508E-002 -0.39848416435921746     
  -7.6096133753453463E-002   5.0689472179744947E-002 -0.21778203481775696     
   4.6831598423629988        4.5795517560414854E-002   4.4093456907603814     
  -1.5970615549966503E-002   3.1550271113690943E-002  -2.4327631744777325E-002
  -7.2157259881870592E-002  0.13320897717793015      -0.10209654375993785     
  -7.8937885740122411E-003  0.41668479890131033        1.1294821882513451     
  -1.7583828345405830        19.353014903478847        11.579419656277397     
   7.6534267718401286E-002   9.7993941201639886E-002 -0.23023307285687311     
  -1.2214588959034540        6.6548838680768690E-002  -4.5655839123306574     
  -1.5237194289697784        3.3985621447170553       0.80630053667805202     
  -2.8863764258744173        1.6581261336452227        1.6534197984084460     
  0.12520903955629259       -6.5942124673297131E-002   5.9224606062105951E-002
  -1.8687768714053116E-002  -3.7343803415671631E-002 -0.13454436985448115     
 -0.10540413575652503       0.18121325682871697      -0.15840899705825784     
  -7.0505517957657808       -4.1428329230285161       0.77408804853089241     
  0.12712418527912686       -1.0292697991088243E-002 -0.27905741066618450     
 -0.71238572328800220        8.9123299558880181E-002 -0.10441392802969614     
   5.6219004541450026        1.2994878473193423       -3.0988918063700197     
   5.4714913427744998        1.0095572265191859       -3.6618501379787625     
 -0.20461216699904131       0.14232599416318231       -9.0960901593415230E-002
 -0.13215673294040020       -2.7764528350075410E-002  -3.9821865868540397E-002
   4.2432971790685459       -5.3442426232130718       0.70750162382039572     
  -8.0035289519291578E-002   1.8974173402292856E-002  -5.2389066629025406E-002
  -5.0847544937800526      -0.90043438354892968       -1.5857871942941739     
  -5.7656971951221226E-003  -6.3970310766769289E-002 -0.13887706104570652     
 -0.18045461628805604       -1.4265889046489768      -0.12935277590709818     
  -1.3702020857896420       -2.9310496163405113       -2.8272401963819833     
   1.1743301287120445E-002  0.16465780409830424       -7.6248695501479571E-002
  -3.1928991505318289       -3.5303258974848952        6.0035413177320924     
  -8.9197382554750598E-002   3.8078460985832771E-003  -8.4126631021464643E-002
 -0.62049449919966915        1.5028689278607328       -1.1327484028041126     
  -6.8345703376591904E-002 -0.12147230855497569      -0.14220290422210222     
   7.5501709265862277E-002  0.30733723693306830       -1.6866235403048928E-002
  -4.7818657657558381      -0.52573939517578472       0.11674980780547528     
  -3.3665875751769887E-002   4.8243579548448171E-002 -0.26181502521000927     
  -2.8625639219121437       -1.2856639683580169        4.7428864933518096     
 -0.39849145391826157        1.3513777260435482        1.3688872263106038     
 -0.27970279319705066        5.6275843470031034E-002 -0.10521126925227940     
   17.951704070543055        20.700064196229938        28.425528449337978     
   1.0679407769622071       -2.2408449803500545       -1.5791601434070901     
 -0.24378876244022063       0.22835061425432049      -0.20998721286645083     
  -4.9400898516097955E-002  -3.5501602972987281E-002  -9.2313577122742269E-002
   1.7368952728940141       -3.3510034523507493       -1.0343217331186576     
  0.51561960783970207      -0.63352341814738344       0.20511913093407594     
  -8.1214558359064090E-002  -3.6417707818109900E-003 -0.34555990438585937     
   1.5004227784506188        6.0542904607868318       0.32384005010652561     
  -2.2469006748451688       0.22152592264282764        2.5645837690490558     
   2.4224017097509183       -5.4279813260746161        3.4302225914523348     
  -3.0612039973248466        3.7790054570452751       0.25088811838521946     
 -0.29433119427885829        2.6255867453567956E-002  -8.8923466371120058E-002
 -0.70319721472041852       0.87979706341037467      -0.45240866414733621     
  -5.4929747784426400E-002 -0.21522201246084208      -0.11311675019376205     
 -0.11347214548037823       -8.7648186100095782E-002  -3.6854407800353463E-002
  0.24828255616843939      -0.67243683627620243      -0.44463668864649403     
  -9.9754609146349080E-002  -9.8395307600424975E-002 -0.12649753912890482     
  -9.2029316617852686E-002 -0.16762284781129153       -5.1020856028183188E-002
   2.1797727037708561       0.75872376764137872       -2.7388822771518333     
  0.51285796489169000      -0.21085699211439135      -0.41862924262765427     
 -0.91963018997906054        3.9535377563511092        2.6123068541396868     
 -0.13862522750269413      -0.22537709380701887      -0.12573156383175246     
  -1.3359704916716475       -1.9508411702297741       -5.0052773042193910E-002
  -4.9440567120443202       0.27931831919766253        4.1645015136713974     
  -9.7029993658225913E-002  0.92207933840060685      -0.48558271625835520     
 -0.29256721527390672       0.17052400307598323       -6.2278513250822662E-002
 -0.11274677139038683       0.17036492193822791      -0.46140725613101141     
   5.6221303131652203E-002 -0.25081453286122563      -0.23240403055318731     
  -8.3750981069324451E-002  0.11964974078427683      -0.19411288363243798     
  0.96191207481607865       0.76746992044210782        3.0709283120373900     
   1.8521843972689644        4.2665623363056033       -2.0043070242945249     
   4.2415578149632149E-002 -0.31555622316380383       0.19157781747848707     
  0.46238200958426107       -2.2796033431464342      -0.52228351761445668     
   8.7179938632207798E-002 -0.23035727966056935        4.0296499686906288E-002
 -0.15842439113416901        9.3230444729661438E-002  -3.1116817429198184E-003
 -0.46481067609876603       -2.4371303728103069        3.0929843628026408     
 -0.17948444182287127       0.12583126759902480      -0.18283552900836966     
   4.2175879974716732      -0.84731116253580252        3.6804819716141641     
 -0.11520566395616813       -9.5428218116624081E-002  -2.7574492402675281E-002
 -0.22725520105035552       -8.2579203003675022E-002 -0.13264927943725724     
 -0.41336367075507308       -2.9497042078264943        1.4418099794310493     
 -0.15108097532755818       0.11730556848247638      -0.17986195722858900     
  -1.1051199957288033E-002   7.3377767963946947E-002 -0.26550063137151797     
 -0.14284363829345589      -0.35999337037423157      -0.44201836890124929     
  0.80391923757008454        5.4672070788244627        3.8493128499916054     
 -0.18075040223575872        3.0554729911555403E-002  0.15517475079968768     
  0.95356559286584419        1.9769145977879050      -0.20338859792247765     
  0.87511912980024109       -1.5751914638863744      -0.47604386575303120     
   5.1023530248570461        1.6402397204304917       -2.5201024394223190     
   1.2650137037707925        4.8470150009522746       -2.0836652962018603     
 -0.94207826575323539        6.6721060810551007       -5.0837264977249799     
  0.11579990518747905        9.5230688073849851E-002 -0.37902162093735442     
   3.2206165798126958        3.0932619339874350       -3.6839362533701605     
 -0.13028274365201117       -6.9594053793749860E-002  -5.1689842020738445E-002
  -2.2283646798078878        3.3964002463677416        1.8799410643260950     
  -7.8160818573373800E-002  -7.8926536248570794E-002 -0.24430542543788406     
   8.9961035308952886E-002 -0.34581996236012152       -1.6879659770036953E-002
  -7.6755733333366766E-003  -8.9053180731602566E-002  -3.0953532639787701E-002
  -1.6685392245023571        2.9485739985715718        1.3840521607328919     
 -0.14382450213275386       0.22775016568744774       -7.4214417714383182E-002
  -4.1269625475316971      -0.61309135215174104        2.7963298615262646     
  -8.7836799556568146E-002   3.1332766652197842E-002 -0.17621833527693548     
   1.3904750799464531E-002  -9.5497322696801251E-002 -0.13000004677494759     
 -0.38581599540429523       -1.4353316835029373       -4.7604841551538604     
  -2.4942659852039246       0.60165197278973259        1.1084401633691316     
 -0.20074918894535523      -0.13756694162752167       -7.8513234327905329E-002
  -8.4578659666165665E-003  -3.2297238980458387E-002   3.9590859071329310E-002
 -0.10358775955827119       0.20256843497082261       0.22943267466442396     
  -1.6569714129971536        2.0172816940693590        3.2516610063868940     
   6.5494859867739050E-002  -7.5246755180204558E-002 -0.18477355420519562     
   3.3193244265739266E-003  0.14924402662114705      -0.14634067209233773     
  -6.5377354920978625E-002 -0.18903711425731229      -0.12073606592863410     
  -3.0441882446784189E-002 -0.17707755100943504       0.11650148924484299     
   3.7058891334771102      -0.65167057295633446        2.0736446009411988     
 -0.12472650691492608      -0.20990265471568040      -0.44577211057837168     
   5.7359053331134786E-002 -0.13462455073733834      -0.11852965215110060     
 -0.13908096480912879       0.76951525980309576       0.18293303245043560     
   8.2830513329230124E-002  0.14616345954026588      -0.25047943628110891     
   1.3838564421114654        3.1378687613275420      -0.75950464468026091     
   2.8517955449086703        1.2527842938621037      -0.97033117631498711     
 -0.16089400613966440       -2.1594253703161176E-002  -2.8178554638689061E-002
 -0.10621728202298421       0.17727048145700830       -5.4265455451165279E-003
   2.1308767431245608       -3.2371472998727873        1.1462983034258496     
  -2.4513487842752956E-003 -0.10200720178017078       -2.6732461729921685E-002
 -0.86029205271073883        1.7424133463263571       -7.6470015812735492E-002
 -0.79006556622659518        2.6879267955130861       -1.1861483529093055     
  0.79226725002305110        3.8374733811456911       -1.2220292854041395     
 -0.20165016304180092      -0.28009853235668081      -0.32080910831936299     
   3.1368373009390416       -1.5519525521927435        5.6826929358545133     
 -0.27300635988148891        5.0928570564048863E-002 -0.26399346130938528     
  -5.4311636203114057E-002  -2.7385455488432551E-002 -0.13585047357628308     
  -4.8242861623551667E-002 -0.13700615842547606      -0.12333471424201968     
   9.1721998413713237       0.25947768280103539        3.0971625854460010     
  0.16440125268462699       0.33188540174291953       -1.3328609108890471E-002
  -1.2597767154222249E-002 -0.24172729902537349      -0.11155175567077079     
  -4.6443552382599791E-002  -8.1776828355833026E-003 -0.12668561776781034     
 -0.13329972451104216       0.10542187385656807      -0.13579531434749692     
  0.76913069943075496       -3.8245393292962180      -0.80667449652505685     
 -0.22871800915997550       0.12897880598853959       -5.4211417758138002E-002
 -0.10127123680264556      -0.13304934827408721       -6.3817196794947184E-002
 -0.11505697629167319       -5.7754320009712140E-003 -0.20717460858844330     
  0.67114512805382665       0.84587917924039535       0.59163378812813627     
   2.6647778272975847E-003  -4.2466106944082177E-002   6.2225801488825089E-002
 -0.15180815616310611       0.14606397848864025      -0.11153499573278461     
  -3.8915655294115594       0.93058332099362495       0.85292227193887660     
  -5.8361023659976793E-002 -0.10706844097904009       -6.3536013296784752E-002
   4.2393719033050976       -2.3842297691198389       -5.7266316374114759     
  -2.6991567703131656       -5.6167074429520399E-003   3.0404364944659661     
 -0.38441571707519800      -0.10848693519712616       0.19870736643786427     
  0.26883082727640145      -0.67642927414331100        1.6936276836041448E-002
 -0.67065884550704291        1.7820337508113084        1.2498994683220126     
   1.9936055389293392        4.7628937154211108       0.87128375911461531     
  -7.8307116377999572E-002  -9.4458633729740282E-002  0.21135082512393399     
  -1.5341963599497412        3.8498412803262378        1.7218969998600944     
  -1.7065721301765684E-002  -1.9933540308973256E-002  -7.9628129628356470E-002
  0.61889941726445519       0.44872002779668624       0.15589226674895446     
  0.29242772254689858       0.22760701582273274      -0.10816225038600276     
  0.42558483713697770      -0.50206266109649744      -0.29436904801926417     
  -3.4367373836809045E-002  0.26004130223563660       0.60980666044316711     
 -0.10434963827716315      -0.91170968755967674       -1.5413180202416143E-002
  -1.9760528829568751       0.65699418045164049        1.2596803370739584     
 -0.26492430015048202       0.14481952725058730        3.1344985560970311E-002
  -5.9289019502227806E-002  0.32317338589368078      -0.12213079156944615     
  -3.0525448021344523        1.7564785442344228       -2.7807789034244852     
   1.8454840827435866        3.9008842107379067      -0.81208202412082986     
 -0.87940737529708324       0.92166157602912901      -0.27001677652101236     
   2.3018297076615748       -2.3874585264283845       -1.5695830504181536     
 -0.11909943492537124      -0.14387366145453953       -4.9729346830658425E-002
   3.6531040736334170       0.15028186677764832        2.6555262450880397     
 -0.14092325962568286       -1.5562702461340804E-002  -5.0197438382728707E-002
  0.20809240708537199      -0.23600149555074554        2.6022508563310907     
  0.19819414689093864      -0.28233073311071505      -0.15023932732541428     
 -0.49139452666711081       -6.5198174126938264        5.5209410491025857     
   2.4028565596546286E-002 -0.85286365220342697      -0.34566291823972217     
  -2.5170106818322924      -0.51648929015048128        2.7276796659988043     
  -2.7484408927006507      -0.43830534712015373       -2.2550439592229834     
  -1.0149321312621618        3.4135635623487892        2.1797802612694426     
  0.94066240139807622        4.7741604160291056       0.16637223591897102     
 -0.10447145453759818      -0.18772065445536895      -0.20140205434568034     
 -0.18040132681531401       -4.2521117392883084E-002 -0.18001653970724191     
 -0.58557738545107463       0.63223104639839078      -0.40364015645254109     
 -0.42575305892476401      -0.46414057973871042       0.53021629817724936     
 -0.35280415898228518      -0.22251216891409140       -4.8263945064818625E-002
  -3.0159641674867853E-002  -3.4423357032401090E-002 -0.16201273763253238     
   1.1838138742183002        5.3292639788052485       -1.9904934128067813     
  -9.6205943840530106E-002 -0.18775163692841737      -0.11270936315834162     
  -1.9705428740350572       -3.8315720862259468        1.0998565598107852     
  -1.8549567739241155        6.1828465440805759E-002   9.8708501388263800E-002
  -3.7873394870534844        1.1470289732953081       -1.3918593156589689     
  0.21768521813125424        8.2501756658327013E-002 -0.21116803618418534     
  -9.1166654584860021E-002  -3.5150868611801944E-002 -0.14647977879726182     
  -2.2021877209294187        3.5242764960784676        3.0259265255123804     
  0.40395186813530715       -2.3526959082049088      -0.54124877784444814     
  -2.6386855311649120E-002  -6.5773502562214398E-002 -0.11546777813796108     
  0.13532796863737365       0.14759195782686871      -0.21587684010115876     
  -3.9506592733985277      -0.73507439547215114        2.8485112508425927     
 -0.24804932627124271      -0.58054316241618631       0.26183268500680262     
 -0.15951500145685235       -5.0174106887527103E-002  -4.7979336890851473E-002
  0.42477822659190501        2.7967231954682616       -1.8703307941917302     
 -0.55572178417535045      -0.31954148246781161       -8.4158049876931096E-002
 -0.92298472621689409      -0.33070429575916310       -1.6721675701622742     
  -1.7801161079365857       0.55234958054551186        6.6035775665231462     
  -5.0896584202752976E-002   5.8516371057675154E-002 -0.15572893217367054     
  -1.9555331181142934      -0.18672882179135850       0.32640230320785663     
 -0.16722425887462555      -0.47126016063822390      -0.22760391429245494     
  0.10994712095464278      -0.16351298786147242       -5.0957060529892614E-002
  -3.2875028215893366E-002  -7.8910867725638531E-002 -0.10343365973512600     
  0.58131487194662157       0.39722216449513054       0.26980847388730778     
 -0.15846838919261749      -0.23822054877227913      -0.16103959420863986     
  0.78994146549436428        4.0808052122431251       -2.2855573143437424     
  0.14182060917623060      -0.37823618394276615       0.18065567366946725     
  0.16547108587768125      -0.10880058999642964      -0.31626154178150162     
  0.63102484775007994      -0.36693382547167414      -0.43271331019858739     
  -5.7663304339945605E-002  -7.5270298031490532E-002 -0.10535300218683336     
  -8.1432254436942478E-002  0.11092446323355348      -0.17306409102928724     
  -1.5851774815807851E-002  -4.4093115259856631E-002 -0.20222172073654701     
 -0.21114668281827614        1.4867878462818731E-002 -0.13683359606833101     
   2.3044834158259437        4.8907416368040115        1.2386097454394525     
  -2.3717271376194112E-002  -1.6538130044592377E-002  -2.7013601922479431E-002
  -3.3051348065095534E-002   7.1804343914894250E-002 -0.62738919190084907     
  -3.3345648874109145E-002 -0.15649053407138325       -2.7925177801619343E-002
  -2.9475519769025822      -0.97239200987015584        3.8441007722940737     
   3.4066627219618071        5.8156099755446711       -1.0259147633546710     
  -2.6831407862549537E-002  0.52933927690573845      -0.41063044576028679     
 -0.44554813882279071      -0.52813950591566305       0.90647640922175232     
  0.16757068871123978        1.5965141985571627        7.6072097155232424E-003
  -3.4856007480787641        8.8181194591164953        4.1142649399696634     
  0.16002071986095781      -0.18175264782394407      -0.13995913838045687     
 -0.12716412933984753       0.17390199090562958      -0.13817993829691147     
  -2.7928947093254788E-002 -0.13053826626273421      -0.11756408956690589     
  -3.1139859312003106       0.69685078122583355        2.1999739402062697     
   8.7977309677145760E-002 -0.16982889370723231      -0.40669842341875700     
 -0.20213031889541214      -0.20601722686491175      -0.13619222971253422     
  -2.9247954059717928E-002  -4.7967200483103906E-002  -5.0190337131114621E-002
 -0.14061291209141716       -2.2993475798664684E-003 -0.10667360910321096     
   4.0487388626574382E-002  -1.4144096504892355E-002  0.20161410605358021     
 -0.20026405848362722       -3.8598747325845839E-002  -3.0150898957396855E-002
  0.96011371506239984       0.20178038992587535        3.0770644111588155     
 -0.11419946115268041      -0.18276568428911077       -6.1020480437542768E-002
   1.4731384864687835        8.1786419127167349        26.732379802244921     
  -9.7794722602688913E-002  -4.6548935917415823E-002 -0.17082422186082588     
 -0.17697040449117368       -3.9951255508880464E-002 -0.49441974404725542     
   5.2445824652915122E-003 -0.13201267605183428      -0.22115716566345661     
 -0.11656514391166993       0.22616963520753464      -0.33179130393459499     
 -0.24005169354818667        3.8770696475420273E-003  -7.1276353651971533E-002
   7.1860982718190067        5.0117562161780560       -6.1038736267283511     
  -2.6993595411259612       0.16020232392554071        1.4298114046768915     
  0.55923476260977045        2.6532138446412046       -1.6303845221457394     
 -0.83458778466345096       -3.9370271379260067       0.40600444582887280     
 -0.20240825700059167       -8.8389206944599147E-002 -0.23015954821986598     
 -0.14619667701115613       0.41264305041793642      -0.35044065240936545     
 -0.17291951344305451       -8.6984794862953478        4.6931237772367318     
   4.4578612291116260E-002 -0.10479167754277738       -7.1094585497763582E-002
  0.11005994345268114       0.12917735579350370       -8.5478054802217443E-002
  -3.7183698824237145E-002 -0.26426869419326476      -0.14047660601365208     
  -6.0610255812884484        9.2680779154366544       -9.6167945571896407     
   3.3971491220070346E-003  -3.3244917545926414E-002 -0.28772032269610182     
  0.23508687272028453        1.1294996153810881       0.27114660878084301     
   2.3604823386817588        1.4158247021224923       -1.7628434256994394     
   4.2191045281478233E-002   3.3170576053811622E-002 -0.14261117806987109     
  -8.5731207827489081E-002  0.10663259294720989      -0.16540990943556910     
 -0.41665199250160045      -0.63003395347934199       0.16969390422699279     
  -2.0219813011256220       -1.4385432158586149       -2.7813277727951840     
   1.2312800411185407      -0.68780677979162896       0.20355679557348466     
 -0.15750331727150257       -1.7902393667280241       -1.3036580630272661     
 -0.13616632851875851      -0.14342500925498258      -0.22951665921720615     
   4.8334424602473246E-002   2.0329683855467556E-002  -6.5119679520811727E-002
  -3.4540235493629848E-002  -3.7723503789547565E-002 -0.13279430495693886     
   3.2420598550227907E-002  0.29955651895086349      -0.16650386991935417     
 -0.23485949797174321      -0.34320250542183617      -0.46804534245301871     
   1.2965672710510991        2.5924938580601373       -2.0773957974506048     
 -0.72387008338865289       -5.0396607056425227      -0.43502511127983678     
 -0.22382486819730135       -8.5330226089450498E-002 -0.13220713182804808     
   4.9454681820318411      -0.92589719702409556       -2.2675986717900729     
   4.0432176291833537       -1.5378501171091883       -2.0725252432323300     
  -2.3979617396706364E-002 -0.17232013141530611       -8.0150604424048824E-002
   7.4065516177216191       -5.4737314278051334       0.71234287506548699     
 -0.72530922139509268      -0.48074524892744158       0.10395635092303224     
   1.2581975252534892       -19.237023071584797       -28.487908839875558     
 -0.35150459178000870      -0.12378199810328583        3.7750460025956917E-002
  0.22511599203583260      -0.22716890483279556      -0.16717543983756791     
  -2.1698459549799285        2.2680137318670694        1.1416730436639044     
   4.5362722450950868       -8.2146277998167498       -3.1017060433033334     
  -8.7690905906651988       -2.0216822350057861       -6.0444484707018633     
  -1.1863092099758863        6.8105759469820191        6.3733085799705371     
  -8.9245511496315821E-002  -5.0912198437792669E-002 -0.14789475665262550     
  0.37283089719910650      -0.23793142058194949      -0.32417508250502375     
   3.0740769610040872       -1.1966396506049053       -1.6361962679248914     
  -3.6469659379732211        2.4787978206554393       -13.002088553577311     
   2.8500946635251818      -0.80319000487175918        1.1664183399923393     
 -0.11444029678208362      -0.15580051877235659        9.4801319288972979E-002
 -0.22788939829348487      -0.16000664563420719      -0.10007640139923786     
  -2.4096664611459944        1.1658280307305600      -0.49544677148944005     
 -0.36051076130064558       0.13997243661003733       0.18978350816741540     
  0.10752870961083541        3.3441421783408795E-002 -0.15678107067214903     
  0.29042774416823680       0.10648927391799420        8.3709077824023301E-002
  0.17428801202444452      -0.15448398951960624      -0.21421644770181858     
 -0.10827723250901097        4.7764833298870053E-002 -0.24086215656619409     
   1.0273763129118982        3.2092020117115538       -2.8874898890387732     
   3.4327398695095162      -0.54784072385618698      -0.50049098076124021     
   1.3816431204657705E-002  -2.5846002797884347       -5.4312857152024989     
 -0.13208571527613999      -0.11187434979045882       -2.8401405679434603E-002
  -2.1208066896623077      -0.26816513649200657       0.53899667418310493     
   2.2387873766610631        2.3309706555789571        1.3335687374962630     
   1.5397290282680964        1.4008678303601398      -0.20692017405479787     
 -0.10613896411455495        8.7236545372321062E-002  0.18004322704017245     
 -0.22155886834173058       -4.7049932526812610E-002 -0.13859199553137191     
 -0.47555499595559636       0.14980958926267210       -6.2864357567704240E-002
   1.4830806514727803        2.5487619339377297        3.1973597672142806     
  -3.3554733814148299       -2.2338443600384013        5.4870103872120897     
 -0.15017191867266583      -0.41494242890188315      -0.21360408792478583     
  -3.1972331634001994        2.5773194697438782       -1.7354058295326624     
  0.11948644404502902      -0.14209593744286891      -0.12212592626534279     
  -5.8301737787835011       -1.4780228932465074       -2.1849072388460007     
 -0.11776282586216090       0.21258042653673265      -0.28584498858067375     
   4.7342184544789525       -2.9725876799471034       -2.0043225530238904     
  -6.9627673475910076E-002  0.21026510868716689       -9.6444581081749151E-002
 -0.13705346254776180       -5.1855311059017146E-002  -8.8322090724160598E-002
   4.0640196739716812       -1.4994449323030616       -2.2319809646931121     
  0.13971463340669285        2.4693397116595119       0.34114764343997966     
  -7.5426792933570727E-002  -5.7183711615559199E-002 -0.11126995798178456     
   1.1591575556376434       -4.0039139010685121        2.1985033551928921     
   3.2229926588265028       -2.2485276908705227       -2.6056785109461993     
 -0.12748336123759471       0.16004854737872926       -3.8237862050956105E-002
 -0.78754800306137906       -3.4496395331259939       -1.2273289343033191     
 -0.15252674849076789        2.3189722843333881E-002 -0.23866462030634997     
  -2.9512561831036965        2.9459764936326827       -6.5115905139337720     
 -0.12135738083784520       -3.9966021259243416E-002  -6.4394661124880972E-002
  -2.8047037709894890E-002   6.3345106262960443E-002 -0.24223490373133083     
 -0.25076150032621541      -0.13252119252141389      -0.17863956531170500     
 -0.13548899258327285        9.4268702066213655E-002 -0.10963013799810027     
  -10.722172842399448        1.9866175379671023        30.883868400372307     
  -3.1840050762935119        3.4098840186167489       -1.5043643748417157     
  -3.4066034030324162E-002  0.19157152288557194      -0.13589917179128699     
   6.7065193264430780        1.2088125742371123        10.475973212634583     
 -0.34580634134992666      -0.30050457445161627       0.19549574292171509     
  -9.8806987809735319E-002   3.4208124758243579E-002 -0.13508831704889093     
  -9.3259718988287846E-002 -0.10215219493786121      -0.28324980309214548     
 -0.19404046700469302       0.14853798398782936      -0.17006410010754289     
  -1.0605801331049725      -0.25189132557188748        1.3205549041646591     
   7.1938289892949203E-002  0.38572404444553116      -0.15956484608596511     
  -5.5643692008058521        4.8247680499785108       -7.4373424966874113     
   1.0090150393409778       -1.5001018435851998       -1.9131487188691776     
  -9.5042174297872067E-002  0.12542155238704217      -0.20449300439635321     
  0.24775845805806698      -0.90061517806676417       0.19744587393591867     
  -9.9150439692722692E-002  0.24440317426582739      -0.15508196300921867     
 -0.66448613679054191      -0.26646257778626592      -0.65215842032413041     
 -0.45813853342490102       -2.8006161006737976E-002  0.31313561271110885     
  0.16949169951650736      -0.37567268005659749      -0.44892952722985596     
 -0.18699889299811315       0.17575991475844321      -0.37315287961399790     
   5.6691553740878878E-002 -0.45444043021576175      -0.33377041305715127     
  -9.7748501164294635E-002 -0.24546120537765886       -6.0966034592732948E-002
 -0.13799407988535756       -3.7200534886141667E-002 -0.16761124571515817     
 -0.29058542773519813      -0.30798929246009987       -9.3324534844835563E-002
   2.3742080200103467E-002  0.27927016755471012       0.12544845405689339     
 -0.12254164992621698       -9.9883267836314668E-002 -0.29014053800966305     
 -0.69515138617279049       -3.5061358049403353        1.3410123715745739     
  -7.6466194977186208E-002  -1.1140686774641305E-002 -0.32537366144026886     
  -2.3322781363911425        2.6956295829959030E-002   1.0966660680038260     
  0.82884845055523415       -2.6942531125744074       -2.1046842739263703     
 -0.11190323144092834       -2.0648022103565512E-002 -0.17713811049823672     
   2.4438446513954748       -6.4843663883111553      -0.54039531294579390     
  -2.6238852186590802       -1.6770961779130338       0.13806717657438333     
 -0.14927275336472645      -0.14886012322970399       -4.6471022637078523E-002
  0.14043685645388582        5.5723382702339647E-002 -0.15410773769204245     
  -8.1741244344674349E-002 -0.25682302587111655      -0.22683758686847519     
  0.13706478790313104      -0.81669601260538160      -0.48655875313420471     
  -4.3616270250893061        2.7181486675070130        2.1393063267811545     
   3.6873854952934004       0.96239467880512275       -3.2207919338763276     
  0.27616416349667827        4.9793701316170909        3.0356248333363576     
 -0.15271575655866951       -8.9567472864345951E-002 -0.24097174428359813     
 -0.18479835297377198       0.22384090409583823        3.3968942884090782E-002
 -0.73493069650620457       0.83433028832588363      -0.80061953341908720     
  0.28800124185901504      -0.39312761317458111      -0.33310674987986988     
  -3.6036354385075714E-002   7.0657521200644210E-002 -0.16291074761853336     
  0.22786787513882895        1.5907290101805986       -1.6293137102197035     
  -4.5495258401912011       -1.8205707511530431       -1.1579965796788667     
  -1.4652956692678374       0.13006172057039370        1.2045073928637640     
  -5.5459381975499225E-002 -0.23430465452422292      -0.28625826660635045     
  -8.3495417649417814E-002  0.14801989245461603       -2.5294211899959665E-003
 -0.35080775038367912       0.57076607415139469        6.6347354915727089E-002
  -2.0857523374338480E-003   7.6524349813212600E-002 -0.15836928676192397     
   2.5377409867725014       -12.247976382943094        3.5012417792669783     
  -2.0884737816654328       -2.2434687127789803        1.7435591111163160     
   1.6778367019200133       -4.4400320301279068       -2.7582479815727781     
  0.13692723488196312      -0.17269734802687348      -0.12230990149717877     
   7.9246141400039424E-004 -0.13703833946895402      -0.15036482273051299     
   4.6528730920705627E-002  -2.8203075889649033E-002 -0.17411387647904919     
  -8.8902558483383363       -4.2961141361413713       -6.8813540666857387     
 -0.28858601867272782      -0.14831687540467303      -0.33665188750040914     
   4.6492612039945733       -1.7812547528567089        4.3752267559600657     
 -0.12617710463439033        2.0201230239225050E-002 -0.20296742955370201     
   2.0509298449590778        1.8504860701660224       -3.5164437084750362     
  -3.7220162250604295E-002  0.21704327994634540        6.4212975926906269E-003
 -0.30663659286024153       0.17892735483832470        3.9014283545622544E-002
 -0.18589829323312410       -1.8467688689831532        1.4437867742798143     
   2.1362895930539678      -0.84549531544270884      -0.60499965596939631     
  -3.6183044408250526        1.3874609284271444       -2.6358733658058831     
  -4.9119699950735294        8.6541561584421967       -4.3135833189639134     
 -0.12005451074108088      -0.29122963782249123      -0.42110393038832306     
   4.0640253370043560        5.5781659252366316        5.7878060090650481     
  -2.0015183106311563E-002  -6.1670897572866791E-002 -0.29325204140152017     
 -0.12469072839692309      -0.11403398160611430       0.16374896535641892     
 -0.12017745756407798        7.5570265325694455E-002  -3.7457549936999082E-002
   1.3301063141693970       0.44472800707274074      -0.22378826532616125     
   2.6172823805543036E-002  0.41740642024904384        1.8206682134860093     
 -0.11933121618180970       -9.2015748326164326E-002 -0.11271356694425855     
 -0.67746511240415552       0.47367832435731094      -0.26768596155669261     
 -0.12997302203588898      -0.12973741115200527      -0.18648100955621721     
 -0.17598931639820198      -0.11055293620283752      -0.25353733438881071     
  -7.8854482477297289E-003 -0.33601879845520150      -0.28188103612071957     
   3.7501370002577583E-002 -0.14127524442440348       -2.2822107606709240E-002
  -1.7208067775018567       0.59173920824167336       -2.0086046952781760     
 -0.10440425926688222       -5.5874976799554839E-002 -0.10778566385264088     
   1.1267639028982188       -1.7923397275933055       0.59308898606841876     
  0.46533632208410625        2.4034438161837079        4.9134733478247687     
 -0.41684544684740166        2.1628378120479059       0.55596364885978622     
  -2.5979717508316229      -0.52800194844856496        2.7887968216501351     
 -0.25640876468332191       -7.9316351386052846E-003 -0.45823324634019164     
   2.0442662442120532       -2.1344593330009163        2.8708602871180084     
   3.4198447160850227       -5.6481969018833205        1.0403728114037243     
 -0.44022521083646593       -27.254170351624960       -1.3000496544531277     
  0.10149092290915265       0.25970919146862170       -4.9590669408237802E-002
 -0.24325893597258647       -6.9536083997680895E-002 -0.36029143967362004     
  -1.6790750575013395E-002 -0.23712405383694737      -0.26929774137094498     
 -0.22508624147556994        3.0775934534064357E-003 -0.11819323610073706     
  0.18058002934324413        7.2246750827428249E-002 -0.10193475124180187     
 -0.14968968948393047      -0.13388537391182120      -0.18797901885098203     
 -0.20893555669137379      -0.92173027892887172       0.47282667565555198     
   3.4342791652644507       -5.7155001732070323      -0.78116323501044282     
  0.30289708751487465      -0.52607608522937344      -0.46719490653106188     
   1.1058160217138984        1.6993053226179424       -1.6450137543576571     
  0.59411211321595936       0.88719407977494336      -0.72866365634099661     
   3.6299111778091495       -1.2411782868517189        4.8306372777204620     
 -0.27100934006505800       -1.1713852789099841        6.1869026426500232E-002
  -1.7515395797456703        1.5512869101569027        1.2094637018834122     
   1.5140099453446074       -3.0921885209237994       -1.0077598149625644     
   9.6991309340821105E-002  0.26670260454610656      -0.12385815519724550     
 -0.11914225568045064      -0.20127822522641339       0.15330896035652830     
   1.3770950584914224E-002  0.25545164033090184      -0.16143124838309783     
  -3.6714355295037340        2.5076535695314157        1.9052473658925584     
   1.9687885825150135        1.8230967729881771       -1.7345645654797426     
   3.3159831990416659      -0.72137547961972281        2.0863617897165940     
 -0.14942881969452634       -2.6998059994706333E-002 -0.26253793878945603     
 -0.32144848319955499      -0.22039401803408526      -0.18331535817867331     
 -0.19258004039046672       0.12249041442227063        4.8186969221196661E-002
  0.24465289835435214        2.5753934999069434       -1.2213752436265253     
   6.6331637274308301E-003  0.11196493686546925      -0.10968490630434868     
 -0.43080019188153218        2.6181029664724349        3.8737386247037531     
   6.0440374791951065E-002   7.6205232562897782E-002 -0.39849407159561989     
 -0.41589032042052632       0.13423431386160134       -1.5001761245994191E-002
   9.5530882534712411E-002  0.15069076999216161      -0.29207682686775610     
  -1.7224419503500237       -1.9000563031375890       0.20732515545766061     
  -9.3730510444171342E-002  -1.2651424969217326E-002  -3.0277822620357969E-002
 -0.35577705535716242      -0.19676132935870691      -0.43198128792205664     
   3.8387332879942258       -1.9523291429667085       -1.0564715037117101     
 -0.19934558144143560       -4.3858748272802180E-002 -0.94613186812258265     
 -0.42159242297625427       -5.3753678327423442E-002  -9.5265471321512293E-002
 -0.13481365099177886      -0.12277922077334953      -0.21159337585927435     
   3.6628924860711018E-003  0.12899810192978212       -2.3287694468347480E-002
 -0.20682496453136076        2.1930143535844070E-002  -8.5959498955292563E-002
   9.8152053643743159E-002   2.4188286644569930       -1.2851734823676144     
 -0.15319652685239973      -0.13601256097605974      -0.20143329130061696     
   1.2293524066012524        3.0597521170159667        1.4467664402931626     
  -3.1061241986698902      -0.78453957817976527       0.24379196090957664     
   5.2050466846677415      -0.46988321145397621        3.2152983190033595     
   8.5760506217939184E-003  -1.9065747524852683E-002 -0.14724219561692736     
 -0.87028814725588066        5.4828940180037531        4.1612634509110595     
  0.10404960013876281       -2.8401078655152259E-002 -0.19533822685967145     
   1.1226629946441564      -0.80422999872701628        4.7179910026076142     
 -0.10799937831868396       0.27837835665413718       -5.5505068477910383E-002
   1.2914315371535292        3.1094703331690887       0.63233835845972342     
   4.0265665731719595       0.17380910000414285        4.1480638383100681     
   3.0897077106212558        1.9870594715588143      -0.69045670767635259     
 -0.11159456373991991       -2.1260679997244739E-002 -0.13715885463653615     
  0.81682144115628852       -1.5336578358211941      -0.51803920975620699     
  -2.6586438569931308      -0.25582823025257556        2.1487826815400357     
  -3.1909666193407951       0.81617361038473790        4.9237486885646602     
   2.0267550584797842        2.4616026237715305       -2.2133370229413756     
   2.4039999017803808        1.1852716415121862       -2.9112027919825061     
 -0.39879869162504078        4.0377868527993882E-002  0.11405167806697318     
   3.8190511690206885       -3.1368728614861094        2.8189052084658406     
  -5.7560835888777930       -3.4435562815759226       -6.8183953978380298     
   1.9834976563436360      -0.93421461942681083        2.3004353624722711     
   2.9830190292871892       -8.0499354846606946E-003   11.821793957144337     
  -9.8416515610510943E-002   4.6636092761626266E-002 -0.24965295314980407     
 -0.52613493243138632       0.16220720148283976      -0.50088847134154380     
  0.91152270729716134       -3.6475417014437310       -4.1686996233294034     
  -5.2231823206820994E-002  0.12738390797859062       -2.7234824055504307E-002
 -0.46732404754657469       -2.7363263185185094       0.51756811038482309     
 -0.11296199317509019       -8.5313647196922096E-002 -0.13413326501348549     
  0.46601063582663887        4.8757332679302117       -2.4903995466014535     
 -0.11153265646208581       0.15832647356418031      -0.43744133631558696     
 -0.22523013854000207        9.6971232812216174E-002   6.2531211386071706E-002
  -5.8482381361738771E-002   1.5959591461048084E-002  -3.2950254589325358E-002
 -0.17501799609733718       -1.9030242315072183E-002   8.5485666527534407E-002
 -0.21134292290164372      -0.27167363913498294      -0.13384814245344165     
  0.34623555748683982      -0.29557968442976285        4.3440725945941894E-002
 -0.34106125140125731       -2.8360287705287002       -1.3781865852725055     
  -2.8789890071876441        1.6426412756655127        1.7328236846604232     
  -1.9535540850172415        5.4834797027101256       -1.5695000879868424     
  -7.3165688040842822E-002 -0.45119885880504845      -0.43510182909357692     
   4.1451382836381029E-002  -5.8392607040562275E-002 -0.18939976882146453     
  -2.1356235575227620       -2.9850801419096262        2.2895642916916326     
 -0.35056164932790224      -0.23550384449842371       0.15134142691480698     
   1.5576336749050727E-002  -4.4628058428439171E-002   5.4113756787381881E-002
  -1.0782496674701230        1.4717054615124512        3.1088780216410954     
  0.16631203456563912      -0.55788716811715200       0.11752424056928762     
   6.1180041553822326E-002  -4.3472794895550497E-002 -0.17731710203295181     
   1.8411507624634029       0.41609418179724056       -1.0576397214130588     
 -0.25801440634819700       -1.9180880065264245E-003 -0.14267715607029796     
  -2.2492903454492748       0.21771323631316544        2.6899092879410689     
  0.16629282031824638      -0.41703337031812965       -1.9726156166332606E-002
   8.3883671071088323E-002  -1.5384333106715458      -0.24021515571532046     
 -0.16590517122127380        7.5448366434467257E-002  -6.0441994435837275E-002
   3.9122542290304767        26.976282364806174       -11.224673238506488     
  0.67599248517979738      -0.50269347035690759      -0.97241563764382954     
  -2.4636681316984048      -0.45878019818679283        2.0621317400004595     
 -0.10471473736445081       -4.2568154031182096E-002  -8.0269754312865108E-002
  -3.7791676460972283        1.0014150132501767       -2.2445568606020379     
  0.68120294475283727        2.1681459779805596       -1.6650832278136851     
  0.14902819802570805       -5.2159367846970204       0.32200147655448647     
  -3.0029543582921119       0.36301981107344372       0.85637867096291920     
  0.27706653746572524       0.27111482562511485       0.13833907687412050     
  0.17218961887877007       -3.0214582694799792       0.82948933282589743     
  0.84497068746728510       -5.2599849910804215      -0.12343839119233463     
   2.5882151738226900        2.6022114926210245       -4.4473323382659515     
  -7.4634923375839088E-002   4.9044154584243715E-002 -0.23401052340883274     
  -5.3126364758955373E-002 -0.14158910652886866       -8.1155865488301851E-002
  -6.1946815124041106E-002   9.1787841667083092E-002  -6.2235619887882301E-002
 -0.85085905449413390       -1.4737594021503708      -0.12620673785362146     
  -5.1386981101204450       -2.3178222840780522       -2.6674997812136123     
   2.6959172499311879        5.9075655004635479       -3.2567294577637362     
 -0.36761142265366331        5.6342912402270101E-002 -0.31577373727322156     
  0.25804169339376287        9.7304700614932932E-002 -0.26724669544943108     
  -1.6568047860759845       0.15357079305428045        1.6834183901359676     
  0.54736067001635957      -0.75162850202013343       0.57424445613329644     
 -0.37026368293095585       0.35445764357162240       0.33495339165053412     
   4.9583508974462758      -0.51784183113903159        6.6480821257219018     
   7.1298183927986522E-002 -0.45243443552128682      -0.17969966735289739     
   2.2626827008634938       -2.7109669505088076        2.4339644875354978     
 -0.12023339887079874      -0.17682859164879552      -0.20199084206093651     
  -3.1957029553226146       0.74581050119353443       -1.3545054521342443     
  -3.2251690860080489       -3.2823507638252729        4.6880938972340918     
 -0.15298678467877874       -2.8297983427060459E-002 -0.18807796726500367     
 -0.28900804839111310       0.13175584812291860       -6.0201055818590338E-002
  0.83793761118685928        1.5150977740768452      -0.74481760892101245     
  -1.1201235885977650       -1.8981676429138907        2.4355313085339079     
 -0.15124712822625888      -0.16613312922880027      -0.10301652969721023     
  -2.0106939290135333E-002  -3.1523330687432440E-002  -7.7715508510336984E-002
   7.0358873911953584E-002  0.10733237612864092      -0.34797965044360002     
   3.3632880837995938       -4.8817634855758678      -0.18740220407553068     
 -0.26608442412957684      -0.47128354138827955       0.40798598641505457     
  -6.3168070676342766E-002 -0.34314330291364215      -0.14987890869013651     
 -0.11004669247177588       -2.5578239458748243E-002 -0.10855116761317989     
 -0.35209516485837433        9.2393537120732408E-002 -0.20417526474396233     
  -7.2534693482253249E-002   2.3262416218517701E-002   3.5962662565602074E-003
   3.1470839171149052       -1.5185790634282887       -1.4534399813713319     
  0.52977582148751468       -3.9194095937666882       0.40167729481814191     
 -0.61706501971813155       0.23360267804796189      -0.14397409855498197     
  -3.4437224778199131        11.358354049130048       -4.9538635936347131     
  -1.5686656341833198        1.0074508538746296        1.5948766737373778     
 -0.37954663673116712       0.38807696352080251        9.6035063463457526E-002
 -0.20196244207816100      -0.10825498387391629       -7.3336552578122396E-002
  -4.3621480772635342E-002  -3.6042766855264710E-002  -8.8122870512360278E-003
  -6.5313269013487579E-002  0.36511679897920357      -0.55736561804196427     
 -0.79508631659694184        4.2767164326333340        1.1731736633087662     
   5.9883429983494163E-002   5.3322565113769135E-002  -7.4344901204137503E-002
 -0.17873608136802008        1.7049405491994195E-002 -0.18531331380417831     
   5.8390389017678943E-003 -0.20690587250339590       -3.3424138034137867E-003
  -1.5911462202767312       -1.5583289748166451       -1.2317813010769101     
  0.40936259055995866       -4.6267806762179982      -0.68976756701744657     
   2.8786040052355548       -4.2955889290806706        10.139163859452090     
   3.5317688226321500       -3.9301041919762802       -1.5684848024664617     
  -2.7562141392437997E-002  -3.8656811141671837E-003   7.1252549525480699E-002
  0.19118377763192446        2.1292308119772891       -3.4568905166275958     
  -2.3211629097247131      -0.19859073948616032        1.5659569262989785     
  0.36400635653454655       -3.9918709268508592        2.3797262132728081     
   1.7988233356261081        3.2148252382968239      -0.62242983445594779     
 -0.25308294127446829        2.2043369422621632E-002 -0.10415285800872381     
  -1.3922925263400361        1.2075789859047716      -0.18045038996043367     
   1.9624353436070336       -2.3734204958885083        5.2431962031504842     
 -0.12910309167425574       -2.3798248555070539E-002 -0.10199484079037381     
  -5.1840636724905374E-002 -0.10884436322801699        1.8862978989753261E-002
  -8.9376873316917099E-002   7.3007136534505135E-002 -0.55569601107495314     
   5.5554220103326349E-002 -0.16007279731357729      -0.34665370381998389     
   4.2312395647920262E-002   9.6433448989582699E-002 -0.26910150040652553     
 -0.17954053589074551      -0.10293101167850058      -0.31096865492393305     
   4.9591126782825852E-002  -3.8633606882571440E-002   1.9780122068258979E-002
  0.18610453726169932        7.2289275057782912E-003 -0.27528406031324709     
  0.55810735818937030       -7.5716773465510112        3.2973470167469099     
  0.11342569230727061      -0.14396740267606567      -0.10343155606033907     
  -9.5015496201153293E-002 -0.17770333750476142      -0.18363932212375597     
  -2.6964542575808292       -2.3584750642900438       -2.2152594152354439     
  0.46766022169296717      -0.29543891407782685      -0.33123912996693899     
   5.8261673905646995E-002  -4.8254254699191007E-002 -0.27302545580798293     
 -0.28955457972449555       -26.143300043848985        14.121504398871943     
 -0.21250781339393734      -0.43298525143961519      -0.22772553057104816     
 -0.83522465270307944      -0.39967447831673075       0.43544504644401127     
 -0.45096902198963768       -3.6796473212180603E-002 -0.25510130869484859     
  -2.2936643411861208       -1.4688342379427206       -2.1643522174678127     
  -2.4586530502945654        1.4959093530967467       0.66268374006033814     
   2.3761524496122144        1.4612412870661444      -0.39681662818734054     
   5.3020398126333301E-002  -1.0625146230262809E-002 -0.13939493126135605     
  -1.2310919454855882        3.1426642754480820       0.80446803181962101     
  -1.7311724591231032        4.2986365773730659        1.8128764810227669     
   9.9091502547773533E-002 -0.14291470390989017      -0.19340851808952131     
   7.4387494636532657E-003  -3.6269052709383139E-002 -0.12066506221584522     
   3.2047990765153931       -1.4635906668772962       -1.9445311905278122     
  0.22127538672819147        1.8506384246592043E-002 -0.41852342851428936     
  -6.0006272436734190E-002  -4.2033596209666881E-002 -0.12890014209897552     
 -0.42106792784743924       -3.1505648906993013E-002   6.1463241476410142E-002
 -0.10080506427712332       -1.5748486969249270E-002  -5.6549405101051477E-002
  -1.8642242234235140        10.906275121064954        5.5837289572876667     
  -8.1321259549567523E-002  0.11120474364904170      -0.15439577496134668     
 -0.76305222085131208      -0.96522890966540664       -1.0589912872285812     
   3.5149028488845810        3.6031900815183908       -4.2787361497821976     
   8.6710067772246019E-002   2.1522231567069981E-002 -0.10425803011650579     
  0.35866948012810251        26.855074328723202       0.41906881669106899     
 -0.10581724438342814      -0.16662192851450400      -0.22154177553281459     
  0.40555911371347836      -0.22664940407027642      -0.28141088260586267     
   3.0282088009945700       -3.3427415176419304       -1.1537566973433344     
 -0.15854757262720717      -0.11347057052404756      -0.21222857491457309     
  0.93832643986578501       -1.0512711791138061       0.17519792363450465     
 -0.38014140712614752      -0.76999221803049211       0.74665671746421813     
   1.1828157680612887        1.9300482109516142       -1.5646313944233514     
   2.2770560698568736       -1.7832251380678013       -3.2723375684507672     
