 -0.13030021502393485      -0.15081416448765528      -0.15755937360372133     
 -0.31712958063730373      -0.14955580295771395      -0.13975619423725594     
 -0.16979223996140230       0.16192242266025508      -0.13232810258137165     
 -0.15478662463285792       -4.0146789868531971E-002  -2.0425801425222056E-002
 -0.19456773742582822      -0.16814190491045894      -0.25967282640345879     
 -0.19119383672264631      -0.10299938658606150        3.9715131894992539E-002
  -2.7471684476015303       -1.5378389667342764       -2.0058773450691523     
  -2.7886400927361138E-002  0.43990538993833006       -1.2045368545914572     
  -6.4844116466984097E-002  -7.2042300429244366E-002   3.5590651098224339E-002
   4.1442916623910593       -4.0537705289606745        4.3684627887184639     
   1.2423360694901239E-002  -5.3806209702188149E-002  -1.4825613671629680E-002
 -0.14682708179887635       -8.8072447422782363E-002   7.9942336326678139E-003
   1.8296433637949485       -3.0166027373140669        2.6679956170677901     
  0.12261621834527991        5.0195363484174943E-002  -9.6216981887293995E-002
  -3.9902257005876282E-002 -0.40055467696347841      -0.18223005318224744     
   3.1469431092445701        1.2227099356672384        3.2834043649349587     
  -1.4278382446360547       -1.6277692410632125      -0.46765780300053178     
 -0.98787589023285338       0.13537336466684957       -1.0115809180361623     
 -0.55405235214953052       0.70640276608737784       -2.3914604199608034     
   2.1467105851151254       0.35406178891654405        2.8236286803442350     
 -0.20403317077510155        1.8357424271913971        1.5137247075887967     
 -0.74045872265616630      -0.64527272061103635        1.1166319971371761     
 -0.18847315163811743       0.82312111026903290        6.0339646963542271E-002
  -7.7622615254580412        5.6469471817803658       -1.9038710130711520     
  0.76664901100957750      -0.23754813418277529        1.1287586354862813     
 -0.25410493281897512       -2.7501883318094084E-002  -8.5783730932183264E-002
 -0.13152313688257988        6.0816363603083685E-002 -0.13850902684727753     
 -0.19594549020708993       -5.4854104299739505E-002  -6.6952505529703499E-002
   1.0912121284317313       -3.0588007653135545      -0.11417850973633006     
  0.15867156528700979       -9.3196983774632217E-002 -0.35541674512836269     
  0.65955202411478309      -0.51862620787860070        1.0612240088606142     
  -8.4208550357988146E-002  -7.5281914318414023E-002 -0.13806160055670413     
  -1.7940616206967841       -17.711031101489436       -11.605409039976701     
 -0.22050169146261600      -0.13347382856346229      -0.13580740433884531     
 -0.10498041583990714       0.36653854430042393       -4.8189343531231707E-002
 -0.38427124031773846       0.51392856282281330       0.14250423528861120     
  0.34430200866520011      -0.76762754045327342      -0.52469472196063094     
   5.7820062439400952E-002 -0.30986268020089991      -0.14413679022358666     
 -0.16991028814439094        4.3169109114059870E-002  -3.1739401118867562E-002
 -0.13013475686636455      -0.15037215744843016      -0.16093909820798719     
  -1.3957588696273483E-002 -0.30002665404959400      -0.17487656881154437     
  0.91078801825575806      -0.38355714591131729      -0.55031425010673973     
   5.9767593752284048E-002   1.3274627517494952E-002 -0.26965014867518028     
 -0.84478937775905860      -0.85785672294449589      -0.86676929583237194     
   4.3724796931156551E-002  0.20652127718749899      -0.18998442842845523     
 -0.45683421816985376       -1.0563094974997780      -0.39960123782006607     
 -0.20798967218587497       -5.7676369490581247E-002   3.9280016565589007E-002
  -6.2478000140892540E-002  0.66308850443578249       -6.7813010509079258E-002
   4.8873858727988599E-002 -0.17911252459009547      -0.16731316900350687     
   3.2512791344378980       -2.4307797580491464        2.3250680565599189     
  0.13361215324972103        4.0993201521276765E-002 -0.19528750313384119     
 -0.73354677853580097        2.3795001392115092       0.49140905081855829     
  -7.1954075486656957E-002   6.0216852643803623E-002 -0.13079157125951538     
  0.95784738597263508        1.1500866430687919      -0.46129987325361238     
   5.0590233078039143E-002 -0.11927366397011850       -3.1053841513660797E-002
  -4.9715633885680025E-002 -0.11997244896945078      -0.10228323246828004     
 -0.22292391429970979        7.6492162867363808E-002  -9.8112184405949168E-002
  0.64505841780440443        2.8688542369950873       -1.6063817104524205     
  -4.4112405821871238E-002  -3.0251233573492992E-002  -5.6387592129725460E-002
 -0.20173536776081946       -9.9848086264460539E-002 -0.11842897039752301     
 -0.11229672354368901       0.27877777275335602       -4.1317457528304347E-002
 -0.18779387853381399       0.38934154079429850       0.24157935090803398     
 -0.11708752050802416        4.9132372677025089E-002 -0.27402062770974484     
  -1.1638151781961246        1.1044099123499411        8.5341839136453518E-002
  0.15481941678691638        1.4450794960151827      -0.38402935930668586     
 -0.33357422887876303        1.1681452541957590E-002  -1.9399754943906271E-002
 -0.23095257003970160       -9.6866591626513135E-002  -2.9412980888110306E-002
 -0.11128927711656698       0.25207972435307974       -1.3550895798163941E-002
 -0.22946884234214909       0.21761012737655844      -0.12234704480133486     
  -2.5529436547680939       -1.1128403473420756       0.34166009410471321     
 -0.22661330567096361       -6.6267007177312136        2.6077783860917245     
   3.2352055232534795E-002  -1.4194466889129047E-002 -0.22292145855100337     
   1.9743222717329731       -3.3131113139189647       -1.9464881817466815     
 -0.13659060945021689      -0.11183146455132587      -0.19176730064214631     
   9.7597170059871202E-002 -0.29362208994961247      -0.36266187428353952     
  -4.5169141734114987E-002  -7.9322956412243073E-002 -0.32501208245561741     
  -2.2489935814077752E-002   6.4594920062390926E-002   9.5335150194703726E-003
 -0.14057352988149166       -1.9021323809518816E-002  -1.8280774099767749E-002
  0.11411776192112959      -0.54313713819641873        5.6820941705514509E-003
 -0.23344121351756084        1.3551461505320833E-002 -0.41293309731639927     
 -0.87260090053187978       -1.9895286615244259      -0.47016674614075177     
  -1.1900823610445024      -0.82840048781294062        1.1077350641904731     
 -0.20765393983742475      -0.25316269880956715       -4.9493825063447835E-002
 -0.19579799260837882       -1.0130534405771947      -0.47795455989119212     
  0.61421170904070921       -1.2459384358525936       0.10890094495603969     
   1.3386244228257225      -0.43061058664082386       -3.7788119293098568     
   1.5801470924799326       -3.8291730085752143      -0.67872876999422893     
  0.13605294207421598       -3.0151116179633532E-002 -0.15975144873831984     
 -0.60196636716418439       -2.8467214075630669       0.36171463182864239     
  -1.9740790463773816      -0.95373821683524840       -2.1154856205116088     
 -0.19609455602120560      -0.19372474728943159      -0.14085398064649493     
  -7.7383104729176339E-002   2.5243143432963733E-002 -0.18398887095809130     
  -6.4951937650349678E-002   9.3895409240006472E-002  -9.4062050905648634E-002
 -0.24545270482860046      -0.18390903051672647      -0.14837946333094643     
  -2.2291581448518397E-002  0.16432258436682667      -0.20648152256332958     
   2.6192894687121861E-002 -0.13774581640173425       -6.7830030660980492E-002
 -0.16839911138158550        3.3455155141617447E-003  -5.2946395151838063E-002
  -2.4152402232942641E-002   9.1249916519915042E-002  -4.1191951668907337E-002
  0.26016343889651022        2.5760286595866488        2.5846010869367788     
 -0.20911748596314422        1.3159951204815903E-002 -0.10357426387516501     
   1.1465126747606693       -2.0394771711571229        1.0819684475205016     
 -0.18781960866845782       -7.4960007968143436E-002   5.0742003723447171E-002
   1.3323507590440007       -1.2209865093550158      -0.78738481608377031     
 -0.36491032565874176        1.0901968176780299       0.28371968058730318     
 -0.19358410258887157       -1.0669817280542653E-002 -0.14272391151999608     
  -1.1732383247349070        1.7001817929724821       0.79458548006747798     
 -0.18508778899986397       0.77668979564501406      -0.50131030687352807     
 -0.18029533511501109      -0.37642092397348043       0.18202958684175741     
 -0.14408942218268234        4.7331372614810664E-002 -0.32737116809460326     
  0.96818437772087551        2.4289390883709894      -0.89917581628529675     
 -0.55049251989472725       0.18026320298088275        1.7198232959903480E-002
  0.11606800512826980      -0.29795206427161369      -0.19816840887718976     
  -6.5332368341160935E-002  -8.7370380303378486E-002  -8.4650483691647210E-002
  -1.9798854368191627      -0.11237438974378786       -1.1952542887707969     
 -0.23625648509661998       0.72705662678859506      -0.24964314655706824     
  0.68135422558253667      -0.67553385080735884        6.1970296824112078E-002
  0.39385559339106496      -0.89426318599604482        1.9304573560450249     
 -0.26897599624571977       -2.3232877405316467E-003 -0.13215179272078562     
  0.14615229178824429      -0.74849352016223891       -7.7090681874899938E-002
   1.8667283900271636       -1.0574460694749197        3.3754594610311184     
  -3.8787706190396037E-002 -0.32203599386151915      -0.18040219481149802     
 -0.42882514538085964      -0.48971076867591579       -7.0696351942227717E-002
 -0.27875893575906974      -0.19728369645661106      -0.12724708712477723     
  0.38478484812832675       0.13324602807020752      -0.46334567703843937     
  -3.9203177989078841        3.9485663450212090        5.5545179066225785     
 -0.55981136594288494        9.5809691785862128E-002  0.13404999044964611     
 -0.94650686879961532       -1.2779644885361463       -1.0917173909768962     
   2.5053822208384015E-002 -0.24687570007439688      -0.36604933690971586     
   1.0095851039475934        2.5023310127294502      -0.96337255570066627     
   3.1046480495411380E-002  0.19187430575824410       -2.3396905288561851E-002
 -0.65903156778527439        2.8563993587401972      -0.45570955444330685     
 -0.62721642063878136        2.5630047486213869       0.41306158029850421     
   5.6169021086255547E-003  -7.5717443881473390E-002 -0.10515695306385138     
   3.5993330207703997        1.4139260658878741       -1.4057709634173701     
  -3.7069596452379089E-002 -0.12796919505972959      -0.46354284789110184     
  -2.0833657211447872E-002  0.20028068967597551      -0.27204398590784135     
 -0.23935041305799765       -7.7176081384109460E-002  -9.3313983223073632E-002
   3.5308212225542861        1.2490278334525557       -1.4400072860253057     
  -7.1507894037684372E-002  -1.5901775945243106E-002 -0.15042417099516370     
 -0.10004558194067549        7.0192799387175681E-002 -0.26676345532064877     
 -0.33342378859260896       0.11202925123888879        3.2409404685416497E-002
  -8.8702660674155678E-002  -5.9939194057747822E-002  -9.5711087226158745E-002
 -0.23507209057198469        1.6247081424964470E-002  -1.5612989272407805E-002
   2.4858439531838378E-002   2.7025665092205525E-002 -0.25783263399451101     
   1.7072183575882438       -4.0739627074626057        1.4118491167942930     
  0.13376718128342396        8.1669126653435814E-002   9.1939487174231595E-003
   1.6117179644948778       -1.4194386817770985       -2.6891978035219348     
 -0.24379426378564473        6.2844521946928480E-004 -0.15908772010884931     
 -0.55751978586566064        1.3150348026082450       0.56813859057072158     
  -3.3887850338622743       0.19615384647985354        3.8403048215573885     
 -0.25972404507367952       0.17453237878714120        8.8628844166791884E-002
 -0.63525586066273165        1.6486186396825531       -2.4896486881512736     
  0.11661141261505759        2.7748506052661603E-002 -0.11761981254278792     
  0.37526622414503780        8.3791620381838183E-002  -3.3270227563421843E-002
  0.15816155101307111        6.4375273471640355E-003 -0.34336857761700540     
   2.7531770049784727       -4.0590405669937532E-002   1.9708039849742260     
 -0.16989182223453983       0.27823151310031102      -0.25396618996880482     
 -0.36428882951361624       -3.1992078082107942        1.7337452925057746     
  -1.3285208021014343        3.9629406992846699        3.6251686526015185     
  0.13377526134609483      -0.13914196895210251      -0.21820414468254995     
  -1.9837495805195230E-002 -0.29597721388216969      -0.28602046184049806     
   2.7913076759655686      -0.54655655766775202        2.0517430739832454     
   1.0224516841664524       -1.4789373780327180       -1.6621985420602134     
  0.21145051860242298       -1.8990224092433039       -9.5467206309894553E-002
 -0.39452298617756648       0.24671114737761773      -0.11345220727032984     
  -3.0713666522219435E-002 -0.23537626993753893      -0.13479810994965824     
  0.68087087058029017      -0.52198127619797774      -0.78543637783679343     
  -1.5306962758684563E-002  -8.8447630109693587E-002 -0.40730798379941052     
  -6.3020834401374570E-002  -6.7900453725638341E-002 -0.15385121992611128     
 -0.11922343594257449       0.10387991393234536       -9.5165076887964543E-003
   1.8524445826807736       -3.0486824658179699        2.6899753382015197     
 -0.14794883184556476       0.20411980491045073      -0.25103151667431584     
  -2.1251695457016506       0.32776230363695075        2.7394451697920861     
 -0.73837184485926066        2.3196657888696670      -0.51912664109074480     
  -9.6308584440333828E-002 -0.39324933453580169        7.4771559426998258E-002
  -4.7634632685001115E-002 -0.27486104831752706      -0.14750095232387594     
  -4.2507642978552272E-002  -6.5810799829552347E-002  -3.6994728939005711E-002
 -0.11448492811350504       -4.4559334971746668E-002  -8.8239835419752610E-002
  -4.5988527000054882      -0.15238865260855894        1.0128609181988564     
 -0.15737569115472139       -9.8801827291609676E-002 -0.12937488052642945     
 -0.12530340895296832       -4.5410569326301546E-002 -0.16655605503371582     
 -0.27065553716695112       0.17624379952903360      -0.13674711043161381     
 -0.47596553577096634      -0.68896485495558912      -0.44114598902821217     
 -0.23805237932694154        1.1957221229594769E-002 -0.13920877707105711     
 -0.25531966963486502      -0.11590434211106984       -1.9959501212526876E-002
  -9.2191719413333567E-002  -2.4074695651804721E-002  -8.7040614251374382E-002
  0.86881879321267130        1.9976982148583782        3.1024613858257193     
 -0.16964194720576248        2.0772149925776640E-002 -0.16759922351319240     
   1.5716917698604929        2.3755002289187801        2.6955620945338103     
 -0.37812197884625487       -2.7029038284143256E-002  0.18710527614982109     
  -6.4224692127595726E-002 -0.25786436385544775      -0.20123207986154293     
  0.24871777685583832        3.1178930839299634      -0.83636160890233513     
 -0.13005510883702964      -0.37664310461520945       -3.8227451881798567E-002
 -0.24676691269290446       -1.8971553081606713E-002 -0.20285803084106049     
 -0.41524633860929888      -0.42603447204875128      -0.13768583761967118     
  0.16961723327299694        7.2481608577949636E-002  0.59527189102464340     
  -5.7520558750075697E-003  -2.1125150118182248        7.5345511987213745E-002
  -6.5143885651417557E-002   3.5519726223993561E-002   6.1777336394195449E-002
 -0.24387124810906768       -1.0591141856478057        1.3316651187125994     
   8.5900570134981642        1.6139076211763446       -24.736706095024054     
  0.13798363697290864        3.5367836653303373        1.2269567129121577     
   3.6073852787434982E-002  0.16499405408680193        6.4351764808802062E-003
 -0.10795593038473231       -1.1202177090047469       0.41121143497911727     
  0.39897950694445278        1.4611883951948106       0.97045218075963424     
   1.6017702543952066       -1.9528607664743232        1.4649257669457854     
  -8.6259619124280179E-002 -0.17561447863108834       -4.7568071838256606E-002
  0.20461792618744970      -0.20392889071569201       0.39434887429763299     
 -0.34092258661792424        2.6167673307865798E-002 -0.17400581145475730     
  -4.6511253717204437E-002 -0.19173601825021758       -5.3393593014572062E-002
   5.4720667875372657E-002 -0.33070782203172944      -0.26650039450671797     
   1.4794195297932533       0.80991455041640192      -0.96936319851984276     
  -6.6922684467391145        5.3033368174262234       -2.9339925266141744     
   5.4395259755126546E-002  -1.3264022203177153      -0.25537491215773089     
 -0.13417806196863252       -2.9497420295056746E-002 -0.11515854014001296     
 -0.15895079383079577       -6.8805817382836074E-002  -7.4850094041611262E-002
  -1.4048792638457344       -2.3647464135479992        2.9342289396226913     
 -0.83278396221270545       0.68807175668997267      -0.86579354465858882     
 -0.13139469294552319       0.16516651799153897       -5.0693637536352476E-002
 -0.63471954094052629        1.9122037515640636E-002  0.39369956933667544     
   1.9696735992026015       -2.2688546658769848       0.68828222281907714     
  0.63759522773406507       -2.3372783202532323      -0.61699882643980686     
   2.3340337014435946       0.88976954745072911       -1.9146716121856524     
 -0.22441292732612081      -0.41820226951920830      -0.68346652633032212     
 -0.11231020921972454      -0.29195992593202208      -0.14453148753838008     
  -1.9194418554708284       -2.1295752473832783       -4.1465357618795391     
 -0.10874747063767179       -2.6529827226479355E-002 -0.10282949165783094     
   1.1101621864606785       -2.3317303226125818       -1.1429643020938065     
 -0.20269675061613437       -7.7596904095062161E-002 -0.21943675720277100     
 -0.28101236275940572       0.18141591711204616       -2.2457599582151034E-002
  0.17994516833672797      -0.61467106705029240        1.4984787167087104E-002
   8.1292852818936182E-002 -0.27091479380338856       -1.8177030423493085E-002
 -0.16044505002414203       -4.3065084547202745E-002  0.15616602614280942     
   1.5787043802446130        4.0477365493554673       0.82884266822591290     
   2.5798814961038197E-002 -0.52586461436725884      -0.32704378047170729     
   3.0664483928240864      -0.87428599055198097       -1.4355500747558265     
 -0.14739894494992006      -0.20089488823365872      -0.39795121462012667     
   5.5993399804817864E-002 -0.27599709842222675       -4.7321211215094298E-002
 -0.15442129154976877        6.6844737017160372E-002  -8.9028613135180373E-002
 -0.13766481373506789       -8.0751420400481708E-002  -5.9324913738995989E-002
 -0.17576444745102987      -0.10977790300780950      -0.19829770956946782     
 -0.20615353252528318       -1.9520009861032028E-002 -0.14317665673691912     
  -8.5328355875761847E-002 -0.13972503524838012      -0.11681504120339174     
 -0.11716602317603263        1.2165258048048868       0.90522232017674542     
 -0.17395131090400076      -0.10224991253704722       -7.2032358235661759E-002
  0.17501330282763269      -0.10066766167001930       -4.6226753018946153E-002
  0.73884082599531209       -1.2519868523653983      -0.81671810097259201     
 -0.29348707180478240        8.7493345549114615E-002 -0.18950906801983303     
 -0.21336116724549817       -1.2278102998045931E-002  -4.9251157886822640E-002
 -0.16510941164986409      -0.25942900861154466       0.46571102464531605     
   7.2211504456636127E-002 -0.18917840985130974      -0.19283208464545659     
 -0.14285765116574170      -0.17183332435390694      -0.11710652589951959     
 -0.20361855320772038      -0.13144515218782177       0.32514480116255445     
  -8.2575706156675546E-002  0.21049097294659994      -0.22656753031838289     
 -0.20594785691471121      -0.15022814669569648      -0.12560681818640948     
  -5.2745665469076816E-002  0.20539072733043504       -9.0987808209828436E-002
 -0.12492894211173684       0.13740719626272294      -0.12060698695582220     
  -11.099528593726477       -10.897384124180999       -18.898657826061122     
 -0.71617554670562888       -3.4751116778896800        2.1762023616778183     
 -0.21315045964853011       -1.1990785585315402      -0.53941037746208309     
  -6.9322087280160372E-002  -4.5173445043901417E-002 -0.13537315895956548     
 -0.10798456299016633       -3.4857070562161849E-002  -2.4042052567276040E-004
   2.9060820806660077       -1.1338731975778793       0.87532414005536996     
   4.5147329440286849E-002 -0.10765092130696599      -0.34420490466376041     
 -0.13936165084825317      -0.43558878328813405      -0.27504310759306172     
 -0.13280217625311297       -2.1011675192384355E-002  -6.8642395951232282E-002
  0.21995881347026652        1.9764768314673058      -0.80675861917400271     
   7.4291531259463514E-002  0.24026076952525849      -0.24597946582826441     
  0.86044927484683353        1.5675909956176866       -1.8055577008513948     
 -0.31790178387457757        4.7498933300498786E-002 -0.42286579328426593     
  -5.8391751300272104E-002  -2.6316479786205420E-002 -0.20362638847957135     
  0.21293417649970584        2.0505518457654222       -4.2274312319220693     
 -0.89916741931735766       0.54612631425049563       0.97552547676983803     
  0.14806167514785587        8.8219844018574634E-002 -0.23490665088436641     
  0.23638182080422723       0.20520053679695974      -0.44578741258185767     
 -0.50916753813894466      -0.34786617910683548       0.25488870914054740     
   9.9467436775749402E-002   8.6353627939525751E-002 -0.10321633189475696     
   2.0301949673411470        1.4763043303421441       -1.7007707326533106     
  0.54395107478226090       -2.2376008798882818      -0.13958352333947080     
 -0.32402072068603271      -0.95498905978319115      -0.34938164976377845     
 -0.23626100155759772        1.4114685732583142E-002 -0.11012375227495041     
  -1.5956154449391500       -2.0014147795647177      -0.50700582174924680     
  -4.7443778703754103E-002 -0.22901904416431029      -0.24656033791057499     
 -0.23442859385103601        8.5683668282569417E-002  0.18154699641584610     
  -7.0844324412592016E-002 -0.10915699161670706       0.27560242747084296     
 -0.10125665100194151        5.4695229852999419E-002 -0.11558209263649528     
 -0.20911326810917075       -8.7731209997283684E-003 -0.11893170486555808     
  -5.9289927079886860E-002  0.17153919822039648       0.34094401671989993     
  -3.4663622910349565E-002 -0.11225267637501579      -0.18647757906684329     
 -0.88441304646157393        1.1829462443357681       0.72615812319001571     
   3.4457504970735053       -3.8098260569254826E-002   1.3192643495354366     
   3.0851604737035938       -2.7548792375731006        1.1493596540364475     
 -0.14057370642694064       -7.9394281224661814E-002   4.2154818930289287E-002
 -0.13094456699664958        5.6310113176822212E-002 -0.19682170910944552     
   1.7774650031605874        2.0209164869847651      -0.30037232393529506     
 -0.16900998840561438      -0.33675389600364564      -0.99203403256091660     
  -3.1619276698513325E-003 -0.13927785678920215      -0.14571346359150258     
   1.4085751905402590       -1.1646334258776987       -1.1934507395433096     
  -2.0044786419110618        1.5965918148755658        1.6274282806107316     
 -0.12369739108934949       -2.2076447717682600E-002  -6.1708431606112238E-002
  -5.0165922753935117E-002 -0.37394286597413429      -0.22714376118661131     
  -1.9507928744847351E-002   8.9011881217743546E-002 -0.35953273164664795     
   8.2781261718227708E-002  -2.8007467812803308        1.7869150775892502     
  -8.2412312110766731E-002   1.9819547036271916E-002 -0.14952634857397762     
 -0.18089875405085426       -7.4452309145150247E-002 -0.11183502122544374     
   7.7112849195021427E-002 -0.25002103868741621      -0.10936652170433145     
  -6.7371771119230262E-002   1.9649712649809387E-002 -0.26986334542822082     
  -2.7227689394797371E-002   2.5383051241284864E-002  -9.4837166199829778E-002
   4.3865065308001192       -1.0715278555139769       -1.0449328183841406     
  -2.5209289552381038       0.40546041427280172       0.60999128197073516     
  -8.2292607518234334E-002  -9.2068093751497368E-002 -0.20409565533295101     
  0.64721283433089671       -3.7644112548999513      -0.96370166680688363     
  0.10444494721781365       0.32378407984938790      -0.13350066532522020     
  0.79852061746943548      -0.86588846116770368        2.6064292639983648     
  -3.4791970975075560E-002  0.13288336360150041      -0.28744790815704763     
  -5.2474576833347275E-002 -0.16883351445679839        5.9202749779205088E-002
 -0.19875879669621954        4.1018003303588104       -2.1707169111651069E-002
  -1.4692205231572748        1.7814932944310322      -0.51277566526299390     
  -1.9264405192836864      -0.42167344013404062        1.5944750825344856     
   2.5547518865337957       -1.3955479343897013        2.1110920261617268     
   4.1079166434902607E-002  -1.4880038180985653       -9.8729156766288392E-002
 -0.12331089807581774       0.10173863999763184        4.6535360135862430E-002
 -0.22197628430765309        5.1167826248534817E-003  -8.0116171814215528E-002
   1.6252533773244759        3.4519721479997130       0.78283362023182601     
  0.74774241981399314        3.7020140808096746       -1.3347124290917762     
 -0.53395492681191070        1.5495707717844556       0.10903236363431729     
  -8.3247827671995900E-002   2.2674587716726674E-002 -0.10435148651698237     
 -0.10716454246878288        2.0615531323637075E-002 -0.10765614098238539     
   6.1188686230631353       -6.3098937363278287        4.0975320590668884     
 -0.19600452314833380       0.20448747875414841       -7.5561557528548651E-002
  -1.7609373360359013       -2.1846510911360442       -1.7426677405263349     
  -9.9826561912971234E-002  -9.3913824525849260E-002 -0.11308958236095580     
 -0.95064326979941116       -2.9303056949906954      -0.62073618144441078     
 -0.22143070628037706      -0.24442687279153050      -0.96538673261900665     
  -2.0694559534639763        3.0217657766220301        3.3214990465584284     
  -3.7208638385350330E-002  -8.6180040926265217E-002 -0.13947792669825598     
 -0.26907324167889179      -0.27329295038660434       0.15805491002626984     
  -2.1951183780220878       -3.3805680782029777      -0.29158373605291438     
  -1.3833198181012714        3.2524653275315991        1.7444231699800190     
 -0.17240857813728702      -0.19472548668513345      -0.18666357777510534     
  -1.2448247315364456       0.14482713556986651       -2.2746699672527289     
  0.90490819149438728        1.9885799533176323       0.65236686338043870     
  -1.8005872303015444      -0.82649023715304204       -1.4241691388539672     
 -0.11627390281333660       -7.9097035049327385E-003 -0.13503572142916723     
  -7.6969848927738012       -6.8223049378830689        1.2722933223515942     
  -3.3395197247079391       -4.7590232826409045       0.25811273765429127     
 -0.21783275264266938       0.90178039465926974       0.18778307451241805     
   1.7541382441731987      -0.98124593844690688       -1.1283808179391650     
 -0.84643933951157380        2.3682077122457690       0.95774076777160799     
   3.6251644294614569       0.21859026124425587       -2.7137677645157163     
  0.13289809312523732       0.22060052573510391        4.0204630872299613E-002
  -9.1109603911427223E-002  0.33030453230018308       0.46309641153517989     
 -0.40616334159907014       -1.8860372933201308       0.34380974903584505     
 -0.26930448006543545       0.12900777154143142       -3.3015815136938305E-002
  0.35651638014777820       -4.4929907284403372        1.3081878735433070     
  -9.6996076706770476E-002  -9.5767114072368528E-002  -9.2814799242009985E-002
  0.37094378611080298       -2.6767617364139813      -0.25809460727009603     
   6.5093474664733475E-002 -0.25381822865160264       -5.9546805389568011E-002
 -0.17958449685461753       -8.5500491039136747E-002 -0.17094946277331799     
  -1.4141590396444591E-002  -8.7132730776125558E-005 -0.10624957269936786     
  -7.3998735449670630E-002  0.23492768746874684       -9.8353185635931747E-003
  0.11667451554903203      -0.44361672508290850        2.1571629992644852E-003
 -0.81731242295479689       0.31698048235565035       -5.5317293400698238E-003
  -3.9240467456678738E-002  -3.0270860186973416E-002  -8.0119923306268728E-002
 -0.16192097902446786       0.10636464725199796       -7.1070381631857873E-002
 -0.36126062041301865       0.35355882125027926        1.3586542936170942     
  0.96516392616322633       -1.2123711531890304       -3.6887442387418132     
 -0.29321755688865342       0.12753118995770218       -2.4025715728498698E-002
   6.2244824151913847E-002  0.45128170105684945      -0.18324243734725931     
 -0.22720327936914986      -0.10910239014665898       -3.9289409556185324E-002
   7.6748523398229296E-002 -0.44451250236041939       -6.8277709412524756E-003
 -0.16562712596139911      -0.16889680003775959       -3.1974703968288956E-002
   12.411894598650186       -1.9280786316458720       -6.0842493212953341     
  -1.4545231813491515       -2.6193240824748685      -0.70479506163145711     
  -6.9709079775082991E-002   7.3779060623299537E-003  0.11892530753887463     
 -0.10004208565449643        1.0376226243797826      -0.20489818179240699     
   3.2128075482291587      -0.50472875126547412        2.0926005784575361     
   2.0111813829393554       0.86331694258106118       -2.6079083188405452     
   1.7898741103148064        1.1862323300450857       -2.1267499933243998     
 -0.27908200378237724      -0.10087337696236495      -0.31693603795832687     
   2.1815699323943210        2.1880707202765821       -2.5562526281893758     
 -0.61749271390012683       -1.6948144154837110       0.12191740244572032     
  -7.3153483520128376E-002   1.5834116702112329E-002 -0.16530660880756773     
   6.1915821161389051E-002 -0.12079216374119155      -0.16760958168024523     
 -0.18176306261074177       0.22196511453151194      -0.14010216806639975     
 -0.10405160563891695        9.3131686274566007E-003 -0.60279151650426710     
  -8.7984998023156180E-002 -0.12978425763791801       -4.9608594079731942E-002
   3.2441402975491713        6.0370261707104821E-002   3.0649044124617340     
  -9.4064466760996820E-002  -3.8480951508984548E-002   5.0101668627390628E-002
 -0.11102533399061727      -0.64511297125846534      -0.14904439600774486     
 -0.11502164749466934       0.27814704630539810       0.66524553087468952     
  -1.1904360616732492        13.222507144703272        7.9170516187707980     
 -0.12611314409966146      -0.14332633859439217      -0.10250132268583134     
 -0.85780721024458140        4.1327565652169176E-002  -3.2191812107134088     
  -1.0585439267791266        2.4613917570238586       0.61677646590193236     
  -2.1337736029918966        1.1807330964616218        1.2347768862538111     
  -2.2445694229945710E-002  -6.7772041908536737E-002 -0.35877437909007542     
   1.3480075503176420E-002   6.7951039464622942E-002 -0.15685831657594154     
   1.2228389186291957E-002 -0.11426722250299318      -0.17847870632797652     
  -5.0550405004739911       -3.1357578660594272       0.60807593165151019     
 -0.11755780872797396       -9.2494026151485109E-002 -0.11935084204027666     
   8.4752116825525539E-002  -9.4626128847391230E-002 -0.16963127989866114     
   3.9026491010800268       0.89214231490691265       -2.1019223652611978     
   3.7749356434522361       0.69523995038175668       -2.4881801421234337     
  0.14353419716174365       0.41057922627968385       0.21167549157309634     
 -0.18667876020688065       -6.3238002130192220E-002  -3.6893577763299143E-002
   2.9390690352875759       -3.6749148247435626       0.50083072503410364     
 -0.12600567411237734        5.3335512650997730E-002  -4.3313513511040694E-002
  -3.5870949834391515      -0.58560040382852274       -1.1288657271907669     
  -5.0031852268469339E-002  -5.6860426482222858E-002 -0.13224544569248578     
 -0.16940059523989059       -1.2972658642053807        6.0766484836074143E-002
  -1.0092024963511810       -2.0695845444134244       -1.9901632037345374     
 -0.17788826542970210      -0.16052487720471065       -7.9349003195998261E-002
  -2.1720376002796704       -2.4004444416399759        4.1039217454898944     
 -0.13231590199228208       0.33349202077056272      -0.17324788594213661     
 -0.47021501522219961       0.96149324606204023      -0.68993898042530755     
  -9.0854977600111020E-002 -0.15349380388373979      -0.13279772838609141     
 -0.22374998777055391      -0.18909197029577648      -0.12588680274627068     
  -3.1532382851421303      -0.37620018005935801        9.4962601321190290E-002
 -0.11246083576547407        2.3554176347693936E-002   2.2543003239647239E-002
  -1.9279634565460382      -0.88235936177336105        3.2901310291107460     
 -0.41577056355789827       0.87355860204844715        1.2706194193240921     
  0.10347243594603207       0.70106598710774437      -0.26955315820955700     
   12.087638507283545        13.950608471284335        19.151767050375884     
  0.88888572196760074       -1.6276686909582196       -1.1513389585327956     
  -8.0586326320733745E-002 -0.21923509283056980      -0.32407462106317164     
  -1.4733757272543089E-002  0.23205860785829813       -9.9364172901223180E-002
   1.3153246768362366       -2.3762095648732542      -0.71513208684256668     
  0.35800000671504639      -0.78192610042890098      -0.16010001264666820     
 -0.18694879583690538        8.4434422693999284E-002 -0.24758435934223066     
   1.0625261519869218        4.1596377639058364       0.22608437724331387     
  -1.5997968911646485       0.16102497021382206        1.9019076464630831     
   1.6840276465230588       -3.7020694023360843        2.3544778450906518     
  -2.1187920359567936        2.6631482671020454       0.20728996098497396     
  -6.4705848320848729E-003 -0.10214521615142078       -8.8719115598920803E-002
 -0.62796120331407268       0.70437352557922683      -0.42376165792287790     
 -0.25058064635878358        5.1198792310364366E-002  -6.6851483630673114E-002
 -0.13885964720097846       -2.9065267406342089E-003  -4.4637788370426805E-002
   8.2139936396873101E-002 -0.60762369867275123      -0.48152608245409761     
  -6.2939907760071676E-002  -9.7415353771135610E-002  -9.5810998486405355E-002
 -0.19833595347063002       -8.2461122754252547E-002  -4.5588649789717259E-002
   1.5910471993616220       0.52978253903698835       -2.0009081889281295     
  0.11335579126964358       -1.5331128480024865E-003 -0.18749496218892139     
 -0.61147728046931682        2.7827448694544499        1.8552815307612009     
 -0.26799893127694713       -1.0719174462499856E-002  -9.2093975357931748E-002
 -0.98250178530982002       -1.5665740822559102        3.2112317760839441E-002
  -3.4205949821467150       0.17810584456780501        2.8959848958999790     
   1.6095820467020894E-002  0.33799942213530060      -0.22761521163595141     
  0.28806734205559392      -0.50570211732269199      -0.22831051464176400     
 -0.26722642186738460      -0.30671032825884131       0.14309624751779473     
 -0.10783520690589046       -8.7049503639167622E-002 -0.12378542600838766     
  -8.5791626447791425E-002  -7.8770005373790558E-002 -0.20069568758308320     
  0.70653416194942797       0.65835882318563532        2.1344237393673837     
   1.2828697597237091        3.3521475912827170       -1.3451114608933052     
 -0.17826414025510573       0.18985284750811318      -0.35433081297315855     
  0.36799268908208854       -1.8060266273321510      -0.39710845277477919     
 -0.17606990037518577        4.0362491580785267E-002  -8.6460659891529526E-002
 -0.15773948722381309       -4.2480978450179105E-002  -5.1685692681042165E-002
 -0.32249953614272941       -1.7564587584301921        2.2430291092209407     
  0.16773960937925539      -0.57340252168353567       -5.9406780975687128E-002
   2.9184656049030502      -0.56405011216527823        2.5573834371805559     
 -0.17055938577909124        1.4765726895982463E-002   1.9014803687287306E-003
 -0.18683635368432214       -6.6754344082973760E-002 -0.26711627984811864     
 -0.25793993594124653       -2.0900903084684317        1.0524076933310063     
 -0.13465512937036955       0.13486048284862365      -0.16032124770550205     
 -0.12202450630878992       -7.6292439058212730E-002 -0.19582897619636208     
 -0.20838519848480083       0.16638196049359044        5.0905106065464431E-002
  0.57326446779531659        3.7402085252559725        2.6694316396724864     
 -0.10039358591023065       -4.4354624804871387E-002 -0.37100448563867822     
  0.46354516218066277        1.5825128471953178        8.0407391160473417E-003
  0.83993831835430166       -1.2453006887590263      -0.38369633287855831     
   3.5448409426542900        1.1411042785731311       -1.7257870405001756     
  0.90358948604591993        3.3955187459047682       -1.4705510690509003     
 -0.63812472629414918        5.2294036350574951       -3.7775784910467691     
  -9.8352723438787149E-002   6.5294820638649581E-002 -0.13282287780621477     
   2.2850050415517544        2.1501782795799054       -2.4899461955080628     
   7.3794898495698910E-002 -0.75896373826951391      -0.27660113080703369     
  -1.6052563319057087        2.4354483830618370        1.3357340537736813     
 -0.18618732609127800       0.17311715112194387      -0.76156104142638092     
 -0.28945619876070339        6.2917728238520695E-002 -0.35981981439828215     
 -0.37209746994693271       0.22695370816130980      -0.50165788932363808     
  -1.1107939232745450        1.9896852461968915        1.0404854875317764     
 -0.22588513033116012      -0.27236094557668006      -0.11178473832561245     
  -2.9112676283142127      -0.43377769209204720        1.9751738685989833     
 -0.11757073270662446        9.2707514299733035E-002 -0.10555421285581804     
  -8.7758111423271890E-002  -1.9393351283813927E-002 -0.10566132409956071     
 -0.24588745235523521       -1.0079378412263371       -3.4030582957860576     
  -1.8512887419548463       0.43229488569181090       0.95604228910236444     
 -0.16654772210320290       0.18365695189247616       -6.2677003587648009E-002
  -8.5858797360318775E-002   3.5346822845699462E-002   5.8281455485500809E-002
 -0.32403470779377275      -0.26383533321171510      -0.40468648675948227     
  -1.1311639677194498        1.3644111441130891        2.2932515994931992     
 -0.23105322606013323      -0.18586372865875209       -5.8554322428957278E-002
  -5.5415050246160502E-002  0.11114674063355358       -9.2116197691573976E-002
  -7.0310052023679098E-002  -9.1849923236635850E-002 -0.11581934753530823     
  -9.8339477731413147E-002   2.1301876153932933E-002 -0.23656609944204540     
   2.6448095079694061      -0.44753683981358061        1.4258995435727908     
 -0.20455262861069784        6.2162460788199911E-002 -0.10962788483059993     
   3.6532903114310109E-002   5.7215321056631359E-003 -0.10807912372692954     
 -0.21036868527365971       0.54212944974940735       0.32230447764436337     
 -0.20065577549680355      -0.31069870383590653       -4.8805819208810268E-002
   1.0326071024566199        2.2998348488251548      -0.56439282683157421     
   2.0928560709211297       0.89959809725992668      -0.67518142080043309     
 -0.16143161014316687      -0.18098868988444780      -0.12926605336129113     
 -0.12402743686782723      -0.53838342170810716      -0.24675623405168726     
   1.5617436402476390       -2.2911097462755645       0.80294385465772045     
  -7.1193587997422036E-002 -0.14523707258032653       -3.8956391881143243E-003
 -0.66705569325880287        1.4676546002809296       -6.0164858211505506E-003
 -0.58429539476419667        2.0366871053153668      -0.89186453625159146     
  0.58397821621592638        2.6680425580259444      -0.92183961545123672     
 -0.29281202404693601        1.4706298207720996E-002  -5.4463864420839468E-002
   2.1540701181685429       -1.0338419825847878        3.8870109442887126     
 -0.14185399303740562      -0.16454919925563155      -0.12153023689404792     
   2.7179847608747865E-004 -0.13928192817110510      -0.17852226617080244     
  -4.4562941272069348E-002 -0.14837313348385447      -0.13097605279557559     
   6.3589010314616159       0.15708867951166408        2.1796519341291116     
 -0.13003302346679793      -0.34123314191283849       -8.3811409145587865E-002
 -0.12945373661010351      -0.22344282419171202      -0.14520721484426985     
   8.2440965489188847E-002  -5.1590136391651088E-002  -9.7287822102873164E-002
  -3.8550539140352481E-002 -0.16020070422101573      -0.32630160506066458     
  0.58641743002564695       -2.7681161545609125      -0.51823381779641542     
   2.5442903032160003E-002   2.7774933261821691E-002 -0.20097040308673880     
 -0.14315536627900000      -0.25514663494630457       -5.7903975222213293E-002
 -0.21812911753113523       -8.2322356738487701E-002  0.12591814375182128     
  0.26853962194476366       0.57134930405074025       0.27306176843454111     
  -3.0165245573926389E-002   3.6784286232975798E-002   1.4035530755843460E-002
 -0.13623700696486968       -7.5999790357317104E-002 -0.13350218719524187     
  -2.3162613401139938       0.56890843113040868       0.51580780378169855     
  -4.0376370497224409E-002 -0.11474896563963370        8.6076695163209385E-002
   3.0316531913124205       -1.6884435416162404       -4.0301004037112964     
  -1.3700554952593458       -2.1966888276583673E-002   1.4578291678610480     
 -0.50660775802347646      -0.35262209495861857       0.15634738790312941     
 -0.18605382031464604        3.6766077263897287E-002 -0.11520846891374419     
 -0.37626592123430952        1.0291152509767039       0.79223576997417566     
   1.3990500106205763        3.3113384803873092       0.60908205735421439     
   4.9192465657393637E-002   8.9779163195845404E-002 -0.31002754875409433     
  -1.0719977136745225        2.7398665226844474        1.2336181791168384     
  -7.2230504476323509E-002  0.15876519706935474       -8.9777811033188076E-002
   8.7697387862511883E-002  0.21052619535996420       -5.5837809596917094E-002
 -0.29899101039834547      -0.28581339818107626       -7.4807915582631411E-004
  0.37586475346162551      -0.47489315582155822      -0.23379219082961614     
  0.26630543755405861       0.17597859578624822       0.77388221957614600     
  -9.5324473020384881E-002  -1.0830644876666624      -0.12528200913296383     
  -1.6437305413133179       0.46390931143548891        1.0093689821935348     
  -6.5180689407813661E-004 -0.17284867545852384      -0.20147788100517675     
 -0.15375853680701787      -0.45814387638057408        9.8606453550541248E-002
  -2.1452671282532934        1.2581296108673774       -2.0085479464150957     
   1.3497118513969764        2.7820427640843355      -0.54204449454951820     
 -0.41360185151694306       0.74764117487283566       0.14539599484101864     
   1.6813017946149083       -1.6531149500595528       -1.1241316457584254     
   6.4942437978506434E-003 -0.25255402747464267      -0.40930163281884258     
   2.5700531258622998       0.12909114046101705        1.8543752444552075     
 -0.14851041468862786       -7.2411373507900834E-002  -1.5211502037853600E-002
  0.18810036269226396      -0.15503814892540208        1.9672359579145340     
 -0.11632708713010534       -6.4041220636218213E-003  -8.2869147031210871E-002
 -0.32813467455407586       -4.4331390127050305        3.7916351804305508     
 -0.27181811159669234      -0.57628131233283497      -0.24650710357203029     
  -1.8397249108783369      -0.40423117076429388        1.9994682359243072     
  -2.0245055525598183      -0.28697790902499970       -1.6854885614074460     
 -0.67508770962840325        2.3995335692351314        1.5963576314294359     
  0.65961725740389132        3.3723649639775988       0.13924929367081898     
 -0.15242502085007995      -0.18955150117106004      -0.15651071938416922     
   4.6754617413820282E-002 -0.10874758737280499      -0.14048770231210295     
 -0.36869864739258429       0.89400244506712978      -0.23721884410254593     
  -7.4937457814451131E-002 -0.32913502478453183       0.63683371662677168     
  0.16149280152071213        3.8122955093169070E-002  -8.5298260234374590E-002
  -4.9586956024805152E-002 -0.21905440526338896      -0.17482926723865769     
  0.84027922514027498        3.7650620029786706       -1.3844119164646349     
   2.2460563946180925E-002  -3.8701481314931327E-002   4.2309293645373544E-002
  -1.3608385726196921       -2.7371234753627953       0.81456739532264677     
  -1.5989241717682847        5.2627627547074032E-003  0.14603520209072743     
  -2.7159086779535802       0.88334795427181945      -0.94659137289874695     
  0.32470894757415314      -0.25694597414625187      -0.56595291463853692     
 -0.15949362510782428       0.12273251830104016      -0.16944792318637408     
  -1.5204326628758156        2.4641604168644480        2.1561881715749642     
  0.31932567571021964       -1.8666060821089152      -0.33520651682804814     
   3.2969039085406507E-002  0.12297261509155921       -7.7292549523721665E-002
  -6.4432065987422710E-002 -0.18662691631193712       -1.5638060767766339E-002
  -2.7559934656590799      -0.53435700748043469        2.0705777533970644     
 -0.14785216186195810      -0.24783736871317508        1.3853654000172839E-002
 -0.15637728641975462       -9.0037615910733157E-002   2.8815454910206535E-003
  0.34136012872320987        2.0324594503815665       -1.3659044339826203     
  0.20294907670963300       0.13437309537545855      -0.23586885241706582     
 -0.70941638944826446      -0.33013958569597585       -1.4529329810740113     
  -1.1958942051781158       0.37370129169815902        4.5089270860355244     
 -0.12920852150592954       0.11138559362105248      -0.12378524184172422     
  -1.4928985357375140      -0.38235912096836944       0.22796960267911251     
 -0.17465208840711233       0.23421975399954378       -4.1267669556816038E-002
 -0.31433678504505269        3.1966604384579392E-002 -0.15006431145843052     
 -0.24300582376013380       -3.8687648742905464E-002 -0.18801439930699582     
  0.75708597124301846       0.43986348877237041       0.29192735308901668     
 -0.22649863720045924       0.23709157214385662       -6.6441845322320406E-002
  0.56511916677282770        2.9057008264007824       -1.5576762751276509     
 -0.14326447266412939       0.32060239282245534      -0.32595517765296894     
 -0.29866965946202179       0.15549577057851546       -3.2670247889278380E-002
  0.68365327600600101      -0.39604138789534105      -0.37627363133746095     
  -3.2904964728462218E-003   8.2351622539448780E-003  0.20468930243322497     
  -8.6182094809056198E-002  0.11149721709745228      -0.21305255532627629     
   3.8995364691250617E-002  0.25134715177835959       -7.4790050545177636E-002
  -3.7974191303572803E-002   3.2845841441453236E-002 -0.31799153982411277     
   1.6147556720498057        3.3696153273149667       0.91246260082861252     
 -0.16108811237185983       -2.6460387792715947E-002  -2.1450189119076118E-002
  -9.3417556251288975E-002 -0.25477561151976175       0.14777451733091088     
 -0.11844431197370296      -0.13807805596970152       -7.7300368861788232E-002
  -2.2594930856993627      -0.64678735719476843        3.1231074272051664     
   2.7627422760082325        4.3488998457593029      -0.74993940569736517     
  -1.0718362949235529E-002  0.63046299674157202      -0.28403831453645317     
 -0.32101019875579123      -0.26379682243539754       0.67587444338303482     
  0.47353421510468241        1.1038964481212483      -0.22333943984266269     
  -2.8662284926122159        6.8640572042312327        3.1114112736894475     
   1.7841720795505576E-002  0.21866755791802817       -4.1617395225995314E-002
  -5.1420605311252046E-002  -8.6246351041829497E-002 -0.26547754882000529     
  -7.5870515211015024E-002  -9.7191161276552820E-002 -0.16716224448649453     
  -2.2494652310816776       0.49159783054891437        1.6389002964765507     
 -0.26581846180469260        8.2434593221740585E-002  -5.5774670126480359E-002
 -0.18552620467702641       -9.1764960471282131E-002  -7.6392665763121786E-002
 -0.15795305057059392        4.8268489958587305E-002 -0.14367984857355803     
  -1.2673289608211197E-002  0.14369002280684226      -0.26439427013574895     
 -0.17431863247561238       -7.7131295096907387E-002 -0.69235197189599040     
 -0.22157880174327180        8.1671353916027686E-002  -4.3738487933551638E-002
  0.69556351871306166       0.17642081600714407        2.1165890210632501     
 -0.10589263992826434      -0.11678919017830988       -7.6423724612433741E-002
   1.0162891221432384        5.5397374134293296        18.136124902898295     
 -0.11518579872868999       -2.5785376047946444E-002  -8.2926153480835194E-002
 -0.20721624005173025        2.2364497003510949E-002  0.18504568929949639     
 -0.33955967989978114       0.18922507374397288       -4.2470350743808963E-002
  -6.8777228743986951E-002 -0.54123041603079680       0.22445390397825102     
   9.2535274913330731E-002   4.1233209739953446E-002 -0.13757641514584987     
   4.9588798448605749        3.4344597401694781       -4.1944529190040747     
  -1.9795112975587670       0.16501618112418201        1.1422990634535712     
  0.50405210534017875        1.9730508492859364       -1.1721329663553572     
 -0.62834807510626778       -2.8393010409018804       0.39128656633860465     
 -0.25474027456714937        2.8761074017375571E-002 -0.13452891676756709     
 -0.21985630333976003       0.62108668958752478      -0.39239914287984906     
  -9.0907135017711499E-002  -6.0637660165449070        3.3041685391548872     
  -5.1947153590080258E-002  -6.5066428489869738E-002 -0.25938409195632905     
 -0.47468936495143194      -0.44907181753348380       -8.4439475893489283E-002
 -0.12566735379368868       -5.0493383657422786E-002  -4.9011525566660524E-002
  -4.1721156056417685        6.3681008324929298       -6.5942812011054519     
 -0.11146017960837142      -0.10676452929510966      -0.15898586544761750     
  0.14638758903848026       0.75919597447580256        8.2758595002214747E-002
   1.6904121450839105        1.1050762905536113       -1.2609969307746249     
   9.5841064048293109E-003   8.6403395753743437E-002 -0.23498953078394499     
  -8.9765682587793869E-002  -4.0442616813645027E-002 -0.13964724939985063     
 -0.22003105540048506      -0.26259566963407804       -3.8536885709198360E-002
  -1.4251727157939609      -0.97607893688363412       -1.9773725192594729     
   1.1485302719028887      -0.55002730180071058       0.26890825402411722     
  -1.5998542254631680E-004  -1.4236152295294480       -1.0481293900184412     
  -1.9868322059220581E-005   5.9737636060863977E-002 -0.21906600337164209     
   5.2393331415187712E-003  -5.3069934316249442E-002  -2.7779895766686040E-002
  -1.6084653190043992E-002 -0.16788309444630145       -4.3074575260696538E-002
 -0.34409617458672287      -0.27504995195251203       -1.4688870948422219E-002
   1.5851755379667175E-002  0.29304109397260131       0.23790173543252818     
  0.88970587075063023        1.8751125311379599       -1.4433164342810934     
 -0.52067241719305057       -3.5719726858722369      -0.30156605469192388     
  0.11937544665801715        3.3718877446141216E-002  -9.3915937770218061E-002
   3.4287694458958993      -0.64052513349806139       -1.5099008404441445     
   2.8600361421642564       -1.0378933838874860       -1.4667061830126054     
 -0.15971805530282579        6.8846230279303311E-002 -0.24911686943976208     
   5.2088629050447555       -3.8482786962232218       0.51057826722852073     
 -0.12644785336967737      -0.14921280352593477       -5.3349855237537366E-002
  0.87060270070159551       -13.040102851017952       -19.288685681420933     
  0.14684483786356206        6.8971747568987760E-002 -0.15810894995758210     
 -0.36378959612252371        3.6867585642714681E-004   2.6869905278981733E-002
  -1.6077596899255826        1.6994012267113421       0.84061694512669105     
   3.3284041194873280       -6.3116945314266939       -2.4756781472279443     
  -5.9773889653315990       -1.3557248024640538       -4.1046707288626711     
 -0.79518580869227073        4.6204050852203240        4.3403645713362504     
  -4.0494490389710279E-002 -0.17369278931016607      -0.13375455435274866     
  0.58634596120441052      -0.34021633117261513      -0.31900459292631378     
   2.2337544398472127      -0.82429355973587537       -1.1525532136863259     
  -2.3652664043599994        1.6211267014822259       -8.4739361819905064     
   2.0238241178952636      -0.59614443193084499       0.90106935949521327     
  -3.1448049813995967E-002  -1.4652063940928191E-002 -0.19529977957576072     
 -0.21697067744333995        1.6569553783929190E-002 -0.13156583214637455     
  -1.8349024374323704       0.86163629901773808      -0.41141429988927009     
  -2.7749703649053779E-003 -0.15030669408157832      -0.35028162209811814     
 -0.14533585682538902      -0.16945510215021789      -0.16009230865876029     
 -0.36299472658049842      -0.11523424923118461      -0.16690538991517540     
 -0.26569626138287616        6.2784175097234510E-002 -0.25650942467662180     
 -0.17469367495297702       -2.3993813517304848E-002  -4.8988930482493656E-002
  0.76448619201357848        2.2916191261684919       -2.0908643840439289     
   2.4068609550590749      -0.30098538071325093      -0.34682498854664279     
  -2.4321762225307281E-003  -1.7715846338729497       -3.7693647507678225     
   4.6613805494532361E-002   2.5273527706500001E-002 -0.17265017842561831     
  -1.6933056302618366      -0.22387024170704037       0.51319329726139729     
   1.6499625724791387        1.6484651094086753       0.94634301293012135     
   1.2581208409414490        1.1126566534653037      -0.16974920089356224     
 -0.11043764231569429       -9.1358294536286518E-003 -0.16709669207214067     
 -0.14337938178862442        1.4684658030809174E-002 -0.14849265089656108     
   6.7240601441509285E-002 -0.33616544914506846      -0.33141257863326057     
   1.0567361424595654        1.7845416466925441        2.2596619019409432     
  -2.2728955507133293       -1.5312645678983967        3.7607921134409490     
 -0.14308882449911842      -0.62120923519634819        6.1458703504258194E-002
  -2.2738642806126177        1.8510766423219689       -1.2402941033913117     
 -0.10415448519212248      -0.35715533560285256      -0.19389712763044670     
  -4.0639457944690722       -1.0025246401384647       -1.5096069234410943     
   2.6126678519541355E-002 -0.14386110259507348      -0.13980337910389201     
   3.3267274706857632       -2.0719073983541296       -1.3899922977065247     
   1.7828205557483264E-002  -9.9921497765600595E-002   4.6443039510164694E-002
 -0.29130336805742124      -0.10970799498434215       -8.6751001491382679E-002
   2.8664398150570567       -1.0823213451928368       -1.5372657824815059     
  0.13056854357368350        1.9152062148485858       0.24992310705602494     
  -6.3465258311493217E-002  -4.5658767769756893E-002  -2.4960549583999379E-002
  0.83562736215076783       -2.8117731035967664        1.5655839749648393     
   2.3065495785744901       -1.5678503001886999       -1.8016775299166430     
 -0.12674840258726341       -1.0731742404766429E-002 -0.14717199028338449     
 -0.45633515325214058       -1.9714487713444655      -0.74011824247866764     
 -0.23066713416136822        7.9169527906737761E-003 -0.17215751572798024     
  -2.0191141568383033        2.0529119456063527       -4.4805743916241809     
  -7.0122811822009967E-002   2.4365718296481730E-002  -2.1302236549366946E-002
   5.1603710740292345E-003  -2.3521830366368093E-003 -0.29543770214759363     
 -0.16035049902762788       -3.5564163587601515E-003 -0.20069072348737710     
 -0.30309592848751399       0.51770617504954419      -0.24545866363037178     
  -7.6147696296112724        1.3434119026641931        21.922242500226201     
  -2.1843607899788315        2.4086763664288071       -1.0238568372089847     
   3.7837697456215756E-002  -4.0582654896744938E-002  -5.0724696328253313E-002
   3.3626022528855826       0.58476163602803288        5.3461241896353613     
  0.12794204725420819       0.27866251439693734      -0.44825066533173330     
  -5.6670878749665844E-002  -7.0997294148712600E-002 -0.21755096663701851     
 -0.15314109401201453      -0.11118974521706503      -0.20422987409708210     
   8.3012067420678640E-002 -0.16975476621954436      -0.18107998376433965     
 -0.86476202949689307      -0.17457352061894862        1.1978622147930371     
 -0.25204001747872157      -0.51513198044024966      -0.21644899691027397     
  -4.2101951360078518        3.6684959455633908       -5.5692601009895322     
  0.83271858859529035       -1.0881551672372964       -1.4770953144769614     
 -0.19110795247528931      -0.14986480828011337      -0.19681071987095419     
 -0.16384761745428697      -0.38133798037145517        3.6996565177151108E-002
  -3.4607468606376861E-002 -0.24070400300564476       -7.8069600183570440E-002
 -0.63172980352420272      -0.39785733221327546      -0.61109455013208525     
   1.4034586062518263E-003   1.9380410177166378E-003 -0.31831354628141356     
 -0.34841292544353986       0.29356074869046295       0.21115920928751675     
  -7.4313591175875597E-004  -4.9848029756276210E-002   5.7671130480661359E-002
 -0.22221086177473140      -0.13487740456980996       0.15471112499285239     
   2.3315073799644974E-002  0.63761573837317531      -0.36624184290223016     
 -0.12492771852588734        4.9268346404390010E-003  -7.9012862172676612E-002
 -0.10353283089486061       0.12968522255461379      -0.28587488943499378     
  -8.1687285753791070E-002  0.24512398596402157      -0.12440188887575035     
 -0.18908842719041891       -3.8084628778241536E-002 -0.11443917719417031     
 -0.42288453150700683       -2.4036738481938724        1.0120618872131819     
 -0.13010935888875802       0.10086177415701478       -8.3237711211809631E-002
  -1.1866406502699796       -2.1704014072022052E-002  0.52068782161868876     
  0.66578533781583682       -1.9693811218865143       -1.5464254279744665     
 -0.23909685843416834       0.18913952742584625       -8.0901561315591841E-002
   1.7115457933591365       -4.4961441362569188      -0.37370748900890849     
  -1.9346049715056246       -1.2875394340812445       0.14889118691267883     
 -0.16578550126743472       -5.6450877310812254E-002  -5.5703281551211840E-002
 -0.17817844517214093      -0.20859996578609524      -0.17196937611297863     
 -0.29402525593867668       0.16882466622482217       -8.9472011627654599E-002
 -0.15905098130748679      -0.55597558714277162      -0.28570260951666926     
  -3.0448362293589022        1.8675406446096894        1.5162077267861642     
   2.6221173731468261       0.67347663824693116       -2.2656882552962969     
  0.22940523759495404        3.4633536548169341        2.1351540081141231     
  -9.0086947265582529E-002   9.4624043302312846E-002 -0.26641116323879416     
 -0.11858954724083179      -0.14968438003133808      -0.27205154514951835     
 -0.22983697281529822        2.0894018673762407E-002   3.2462553578034174E-002
 -0.17065481465716445       -9.5681036035256406E-002 -0.24321436311662781     
 -0.15536529413282987       -9.0944233174153663E-002   4.8949462462841639E-003
  0.22943646862285449        1.2341329290365588       -1.3239655081096093     
  -3.2540214412934607       -1.2561127643865371      -0.80357308508294334     
  -1.2108074405045701       0.12043769896888709        1.0028208492543043     
  -1.9916197218300048E-002  -6.3718985582421395E-002  0.10042932195046349     
  -5.6819155908320325E-002 -0.23282023311410308       -3.4217111989292413E-002
 -0.35911763560876037       0.91082607004273364        3.6188906006228733E-002
 -0.18329152814948910      -0.18784882049967186       -8.4718847836490838E-003
   1.9889887027674751       -9.2746851098393837        2.7357328544390911     
  -1.4940271592759868       -1.6032828765490608        1.3361019645538292     
   1.2851554025916729       -3.1839113498776612       -1.9268086833294549     
  0.66257692737138640       -2.7720206765388181E-002  -6.5929833954647618E-002
  -3.6387846330645790E-002  -7.8812129409688250E-002  -6.3099171470200152E-002
  -4.5295084828741200E-002  -1.1576715459331786E-002 -0.16423160822765101     
  -4.6076166762384014       -2.2280254439880718       -3.5209651494600980     
  -3.0601328508304607E-002   6.5612289765254933E-002   9.0926046409771838E-002
   3.1724542419900978       -1.2121974536498348        2.9927191063488241     
 -0.15404379081238229       0.14315010464843500      -0.21821535083745167     
   1.4636282848535740        1.3535683500148135       -2.4795850458737956     
   9.8963874568999799E-002  0.36887685095196393        2.1244153525615390E-002
 -0.60294953823718578       0.17764230525660826       0.24353712804520081     
 -0.21336672964619299       -1.2508986769903188        1.2041823940486867     
   1.6815390635203700      -0.62741342389264732      -0.39652610116290821     
  -2.5761068801021958       0.99531319923950246       -1.8703169872717653     
  -3.3896562446625262        6.0357802016342603       -2.9724006859152778     
  -9.5363729325090948E-002  -4.1492135705903741E-003  -2.0407085977550359E-002
   2.7846148669695276        3.8216001292215984        3.9701472390373662     
  -7.9033741162237992E-002  -1.9361571771383954E-002 -0.21508286632761026     
  -3.7532919480775502E-003   2.0400796765984237E-002 -0.21933405893849534     
 -0.17768359401330860        6.6301781844751620E-002  -8.9364705072077222E-003
   1.0125751906779690        7.7818718081703209E-002 -0.21663111170717533     
   6.0919933168376968E-002  0.26855714793658303        1.3892219002795565     
 -0.10423857801655381       -3.9200118225003508E-002  -3.6629440633373408E-002
 -0.54952985733137860       0.45348401860531229      -0.34131008227635456     
 -0.20420845210662211      -0.14212479943505094      -0.11643891238536860     
 -0.30444005839931548       0.62605320903529160      -0.17684663233186437     
 -0.17683921933544253       0.11998858770610904       -8.2998520178584265E-002
  -3.0259334514690154E-002  -4.1476669117296666E-002  -5.4156053939594016E-002
  -1.3334208719367273       0.50143748175055747       -1.5476569469385071     
  -7.1159001372826505E-002  -2.5543882198465526E-002  -5.8196865657634808E-002
  0.90348489344882055       -1.3888489364219789       0.56311726395213013     
  0.33835752259968477        1.6421508275987029        3.3990919845736949     
 -0.13763387826558612        1.0508732602071222       0.25146029937536624     
  -1.8456066586088558      -0.36421999553251594        2.0471150664098281     
   4.5627027247308223E-002 -0.13827738881721424        5.6843186626806602E-003
   1.4452281906908266       -1.4811010396729616        2.0521317616700094     
   2.3947684694066531       -3.9090695390239891       0.75243035970265160     
 -0.32041724382095577       -20.614374540095348      -0.88792998052565753     
 -0.26709491949228142       -6.3603525284388174E-002 -0.14872904079770866     
  -7.6064251218659645E-002  -2.9707118465920137E-002 -0.12873029296325911     
 -0.16689346684529485       0.16239957741169889       -9.6913021591933324E-002
  0.23355347976734370      -0.17821831201873803      -0.16987062203336914     
 -0.19655856200187538      -0.26686019751028106      -0.16588705940093285     
   9.9211711486570570E-002  -2.3653454447230972E-002 -0.11440381174853530     
 -0.54067800559460244      -0.63796618419789886       0.23946473148637226     
   2.3786007605406922       -3.9336487024144664      -0.52428706334047293     
  0.22872286755966789      -0.37493313552822505      -0.25375934811917200     
  0.87232587051735055        1.3265354810298484       -1.2228358311170702     
  0.68688511557861032       0.79256791065351118      -0.62026586331138223     
   2.4948132230909845      -0.83474474051232328        3.3118291501199524     
 -0.35161930978175449      -0.81575332611863605        2.0218173358925961E-002
  -1.3297278337666942        1.2206758541662190       0.94444876665817423     
   1.1015497223510220       -2.2539414874368471      -0.74655214493570088     
 -0.19955410498847206      -0.13161615586781303      -0.14733228595642114     
 -0.27874969055965670       0.10334705451755102      -0.34362965666593087     
 -0.11357690764734039      -0.26566838518927238      -0.15089398960517611     
  -2.5782049192131256        1.7996081974836133        1.3055588904249378     
   1.4860394286215313        1.2957951925980276       -1.2416627604007724     
   2.3582354849991476      -0.51248724098545384        1.4739447855979311     
 -0.20273625079652680        6.4458752636472161E-002 -0.12579933654803893     
  0.13246166618318411       -2.5354450342331060E-002  -5.1356059887061697E-002
 -0.12040008963837545       -8.7121091119807731E-002 -0.23872469982713776     
  0.16593205683262294        1.9898875398386342      -0.85561193058886453     
  -4.0016166384741550E-002   2.4786154496225801E-002  -9.9697011503185898E-002
 -0.27681953123621150        1.8538595712219970        2.7500447256369638     
 -0.19353885238251500      -0.13743074783961687        9.7515995906192948E-002
   1.0642701525829384E-002 -0.12642445101365379      -0.18301577248707415     
 -0.13819127405900569      -0.27964499844827589       -1.5172918136721775E-002
  -1.3369321583805194       -1.4358635128563029       0.29221625685026165     
  0.18890312098581583        2.7946206288470114E-002 -0.62187200364723383     
 -0.72780784804159526      -0.27522399546050097      -0.64806390743896991     
   2.7092784977220683       -1.3769422103120112      -0.73618320797309345     
   5.2660865327040535E-002 -0.17363351987583117      -0.86573536514493521     
   9.7916762587240844E-002 -0.13446431540079920      -0.23281380688852235     
 -0.20411207882906862      -0.17732767230216684      -0.17378422557577591     
  -3.2990324659089342E-003  -5.3708757766355662E-002 -0.10410109061553663     
 -0.28057292511125231       -5.8789451672637383E-002   2.4681159495144097E-003
   4.5431274562504197E-002   1.8530225777729568      -0.99203195782059272     
 -0.10649160195604276      -0.24153514945811350      -0.19400390696174669     
  0.95151852751463872        2.1589776833286325        1.0215588489520890     
  -2.3323563509252425      -0.52069567940730432       0.22688630787209604     
   3.5623493023094830      -0.28399470352567019        2.1976877975868345     
  -2.3656872847505239E-002   1.5206627480809774E-002 -0.18113490056661152     
 -0.57790795227862035        3.7570335956220156        2.8851360973555042     
 -0.33119250298095310       -7.0548866127826515E-002  -1.7383544089862757E-002
  0.80002120159376078      -0.75150565204123088        3.7603658160693545     
 -0.13071334926874131      -0.27263398251584037       -2.4574230631937265E-002
  0.94953515273798927        2.2695547017634157       0.50180028160765588     
   2.7432646897817037       0.12927776904042834        2.8282535492984158     
   2.1585849008828766        1.3874346505675190      -0.45677784853067399     
 -0.25376697279141053      -0.15133878672554005       -4.3375239707037924E-002
  0.82494814798397242       -1.2224872188854454      -0.33083948368704691     
  -1.8829696693530746      -0.18429409870603930        1.6371584881739873     
  -2.1839948267945788       0.57580535001523558        3.4127859260742688     
   1.4913791442787128        1.7768216308877813       -1.5907482400150921     
   1.7448362182808805       0.83668533873322870       -2.0485500616291179     
  0.20861841869692632      -0.13816840783528078      -0.15314196945787076     
   2.6420865199773131       -2.1505367800844541        1.9734509963840887     
  -3.9474828376909321       -2.3399036285428383       -4.6821941447677231     
   1.1143045926793080      -0.53510621899924959        1.3596007532136822     
   2.2410399100318927       -3.1478104047010465E-002   8.8787020924246463     
  -9.5527863940737159E-002   8.4745655001727704E-002 -0.20585705202692858     
 -0.23802105878657426       0.13372583493631474      -0.28738185425095564     
  0.66972346786592873       -2.5046877191013253       -2.8515684650841302     
   1.8975446379399075E-002 -0.12309756958351746      -0.26520753530291868     
 -0.42035424972794783       -1.9819056065521854       0.40643398584383761     
 -0.19354423408168084       0.20518885571052903       -1.3756787335384411E-002
  0.29712600950946494        3.4057616554131185       -1.7373514068532272     
 -0.20217710540650985      -0.23965174283042631       -5.6954282024749031E-002
 -0.17385029041532563       -1.4260356313615677E-002 -0.19913930588157913     
 -0.11578043925900855        9.6559616540388651E-002  -2.0958406116792054E-002
  -6.0464648377318096E-002   5.8398716161673428E-003 -0.12733179563338598     
   8.5506443048471867E-002  0.21699728976303675      -0.17921003444369957     
   4.2241459680257470E-002 -0.17428372474011247        6.3545750169849188E-002
 -0.18926540032521441       -2.1120412770912820       -1.0599119714634868     
  -2.0852529726902560        1.2109442243674269        1.2683353132034048     
  -1.3431062962433675        3.7736877520693155       -1.0919726818544557     
  -6.7453965776510361E-002  0.12609449203088721        5.6935650729863799E-002
 -0.38221143028422100       -6.8052508183418250E-002  -4.4653759065360864E-002
  -1.4456598633161044       -2.0850921144080266        1.6194481036626112     
  0.11569606670269025        5.0145150538531198E-002 -0.24909549678380297     
 -0.12322936314437685       -9.5939656349989036E-002   5.6664361625578710E-002
 -0.74116308184469393        1.0866234639157215        2.2273157166219364     
   9.1002026240198347E-002 -0.51396527582396556      -0.11639313026916683     
 -0.11216705986529339        4.3533202133717759E-002 -0.14145277725614913     
   1.4710379281924137       0.38674915314306774      -0.77193201253581800     
 -0.24176829846241599        4.3481232476178883E-002 -0.14925164296197965     
  -1.6315383828559451       0.16276213917863661        2.0475431785695539     
 -0.31162913084329064       0.50754129400814785      -0.28799075944155150     
  0.16438617995458854       -1.3961727765210199      -0.21534411156305827     
  -6.4525580530444729E-002  -9.1546464173757960E-002  -3.8572814005881105E-002
   2.6563565265046969        19.262672593698511       -8.0780488546896638     
  0.79403574906328200      -0.47305129068376378      -0.78170802352366076     
  -1.5553206871841763      -0.28301983995903013        1.2805265768112919     
  -9.8150484090037876E-002   3.1150169402294151E-002  -1.3319232080801442E-002
  -2.5863374617258366       0.72486313156566762       -1.5281772601268897     
  0.54458477810073380        1.6323495199250118       -1.2775730053479923     
   9.1055696954439450E-002  -3.6644248501032388       0.23134961024320502     
  -2.2406405536731362       0.28405089928502514       0.56756286680727330     
 -0.19507759777114667      -0.12130786778883464       -9.9319329342240276E-002
  0.18666015165935554       -2.2502193361533589       0.65271568774195676     
  0.62154398697894442       -3.7016584739549590      -0.10077250413815540     
   1.7988754319981730        1.8083642464209906       -3.0953772932149701     
 -0.21706863028931592        9.5736156447626494E-002 -0.17475267819943657     
   3.0573188153275442E-002   7.1675049423407494E-002 -0.10443998209220068     
 -0.16544839999733538      -0.11017604403636358      -0.23533639001737189     
 -0.37345117943354167      -0.85101677217341787       -8.5253028240078688E-002
  -3.5915812023501448       -1.5955457731922782       -1.8506709536319903     
   1.9255109795835370        4.4948604886481140       -2.4144150973801199     
  0.15108350444568625       -1.3610761973539227E-002 -0.15260941583975526     
 -0.45597363499952198      -0.25066503873353890       0.22806988717006318     
  -1.2668869318298017       0.14609455270420640        1.3378354555066072     
  0.54242546588069041      -0.67488304925217735       0.53198005284144323     
  0.15852037962053861      -0.18927963657803859      -0.37543013635420719     
   3.3877651141401453      -0.33533180741789587        4.5354510471888663     
 -0.19299430540130860       0.25663116119502283       0.10306529602579712     
   1.6123932582896248       -1.8743121798544855        1.7284670564071107     
 -0.14083451560078650       -1.0170620452942841E-002   6.5039414799310968E-002
  -2.3442207308856973       0.56694350602988497       -1.0222099000910467     
  -2.2058269669404855       -2.2457051701175663        3.2360039435089005     
 -0.12852294823180388       -2.2002959896241715E-002  -9.5860061225756590E-002
 -0.10420010879318170       0.73566082679668388      -0.24103840325686968     
  0.64177379756043973        1.2347274784023929      -0.52083203463023220     
 -0.77185444182450913       -1.3640816497714925        1.8461349430894489     
 -0.18813719328350850       -8.8903187562700076E-002  -1.6034539874027049E-002
  -4.7223462149943968E-002 -0.15396004452528722      -0.19563351521260183     
 -0.21126203802653562      -0.10192630594888911       -6.7731690704235653E-002
   2.3197949481430644       -3.3571502256246735       -9.4827090944612044E-002
  -8.1113018347706192E-002 -0.45174277012682879       0.35464222208964918     
 -0.10920560275932022       0.21318921567809423        4.7525626564159519E-002
 -0.26004451843622034        5.8790010606262058E-002  -8.6449723865506645E-002
  -4.4728647910711405E-002 -0.12806038348719903      -0.25186841907340352     
 -0.10820840476849483       -7.8693362957632740E-002   2.8104945441868884E-002
   2.2839347275491919       -1.0821348790948921       -1.0131291819696766     
  0.44295498483064172       -2.8065274775603832       0.32075248906086784     
 -0.68172156568663123       0.14443964827141381      -0.24846298344375820     
  -2.5702725555360999        8.7143987353112866       -3.7089151841638559     
  -1.0116250415181081       0.72374388587450678        1.1669225994974701     
   1.9627695404253718E-002 -0.20720166259007033      -0.33584186058515619     
 -0.25241087312804023       -2.2421933294710292E-002  -7.7084561934735604E-002
 -0.13185685795015550       -1.0428894303363149E-003  -7.8772545080879209E-003
 -0.30109664628782196      -0.28771342356127727       0.15640572642189282     
 -0.57105195857414526        3.0456735823786292       0.85436546226740395     
   4.2195871464883412E-002  0.23380962858150237        6.7066201256151172E-003
 -0.20657614459882997      -0.24704400634507076       -3.4679360555696023E-002
  -9.1405076032137406E-002  -1.4570160204845152E-002  -2.1061129351691354E-002
  -1.2941257997527422       -1.1816814743368462      -0.96317044322551937     
  0.31511111851774659       -3.2873841628719669      -0.43248608394223625     
   1.8786108877740597       -2.7841896610872139        6.5747118286757784     
   2.5091065292631738       -2.7500459951717082       -1.0823373363170303     
 -0.46056411675165132      -0.51910589577576927      -0.38917952415359275     
  0.11047914199676077        1.4584322332161241       -2.4000963476490798     
  -1.7470171399562460      -0.11369695491572286        1.2337973209608011     
  0.25114109855982980       -2.8123425030872897        1.6845332432800213     
   1.2936857281474778        2.3459429079674785      -0.43360479406802949     
  -5.0117914138510897E-002  0.12725056527891554      -0.10317051590024397     
  -1.1916915374804631       0.95697568851617354      -0.17731463193304878     
   1.3503818922458610       -1.6087169525162630        3.6035158688162880     
  -8.7201926016844081E-002  -1.3618692049451788E-002 -0.11857073721542427     
  -9.0764118876813876E-002 -0.12257298870376054       -3.6439279901845020E-004
 -0.21930022193161530       -9.1449732637338341E-002   7.6152930466274846E-002
  -1.6141770463782750E-003   3.3725227393160535E-002   9.8627036479695451E-002
 -0.49356534140605135      -0.31169276846242111       0.15483299651629298     
 -0.24159183516219135        8.0966176919648525E-002   3.3592943762966516E-002
 -0.45555360118217569        9.1569117503499442E-002 -0.37489537303662090     
 -0.60483521140645946      -0.20082766853123446        1.8836227473278365E-002
  0.51933387809129150       -5.7459732919867825        2.6812875409919386     
  -5.1721751744691048E-002   4.6440903059091869E-003 -0.11411363520920359     
 -0.15600191898480659       -7.3666734555564661E-002  -4.7872778881488325E-002
  -1.8978974898313010       -1.7338981980189689       -1.5950417123891385     
 -0.30334825913317348      -0.20570340888018734       -1.0395718446469049E-002
 -0.66020616488896489      -0.16868885745974913       0.32796013480198621     
 -0.35713898410413691       -18.855870827757471        10.111186706350075     
   1.0782067975257683E-002  -7.4551286324529786E-002 -0.19241668148629312     
 -0.12991691169676545      -0.26512029492885814       0.17462051272990017     
  -2.2749723203814628E-002 -0.14474257099823010      -0.18202631294179444     
  -1.7073167114446812       -1.0746875586038021       -1.6140969144809090     
  -1.1938059368420102       0.65225001813688632       0.19164549045013637     
   1.8206861161910837        1.0389045730524802      -0.26880229673726419     
 -0.22353033742329334       -6.3028935086691731E-002 -0.15052541118241314     
 -0.89529735905326679        2.2774537998925752       0.63230160902872556     
  -1.1695010161648460        3.0459597399351734        1.2863978194938483     
 -0.20147557950246273       -7.8702608542865565E-002  -9.3750891687692878E-002
  -7.9649580565798933E-002  -2.8794253019854076E-002 -0.12407099873082550     
   2.3160047941757962       -1.0165100581486162       -1.3787302833579851     
  0.20458404852284037      -0.14953530924131542       -2.5132856825092642E-002
  -5.7901978974607186E-002   6.0954771332111801E-002 -0.16467201209136806     
   2.0829658778009141E-002  -5.6646013408687163E-002 -0.37429883787029716     
  -9.0849715414149684E-002 -0.12647040437006854       -1.0811916681914434E-002
  -1.2915865723961681        7.5288244127465154        3.8664759109986702     
 -0.40039607898311913       0.72612530326928015      -0.13332282843185814     
 -0.79131260219551036      -0.84796220685876567      -0.83787624974396446     
   2.4483798007233086        2.4813843231186752       -2.9251611690150732     
  -6.8512382489323037E-002 -0.15397087200998771       -3.9134980673254514E-002
  0.28644266888460351        20.518033950899987       0.41702957676017816     
  -9.9910906273172742E-002 -0.13222082926981998      -0.26744115294520021     
 -0.35051738780289954       0.27670857447973557        2.6050689176239244E-002
   2.1606132627098171       -2.3380757189988670      -0.78838612885175885     
 -0.17051073866917657      -0.18538763959245691      -0.18986255768823365     
 -0.19194737116217461        4.8967952235773618E-002   2.7621035708136977E-003
 -0.39303856139670368      -0.81564415700800807       0.72351414546976411     
  0.93997625203238311        1.4269857321961830       -1.1679853962843092     
   1.6594970991800957       -1.2729361434669098       -2.2982954771857220     
