 -0.25940956487516420      -0.29649713263891592       0.19805413176259534     
 -0.13678516382959369       0.24431251021740030       0.40629142964050169     
  0.25793212860391052       0.48560978337192234       0.32928180255098144     
   7.3254186447265751E-002  0.15108035221551833       0.10610567950483522     
   1.9556595570322480E-002 -0.16953640063009620       0.50944943202616089     
  -5.8806211788734304E-002  0.22477717348863252       -9.2278644795601619E-002
  0.48843193211845354       0.57074839798448218       -7.7568809999959756E-002
 -0.18207115789563291      -0.56610065926718134       -5.3181619142565237E-002
  0.11859442607308218       0.10462339511979821       0.51024692148988082     
  0.64361751251361443      -0.56320347082953992       0.87793903850693988     
  0.52501854955395688      -0.11554031169640792       0.31415535185341953     
  0.25318165514222712       0.44954840280193892       -3.1955968802292588E-002
 -0.14176299618087757       0.22668025390832100      -0.65549067176576126     
   2.1298701315645222E-002  -7.9973296386197296E-002  0.22805097316001335     
   6.9188146708596257E-002 -0.11333232933358917       -4.9261029979886919E-002
 -0.43389587769609478      -0.22794076000117383      -0.56223305783503374     
  0.27171396248463842       0.61945897689735763       0.25552353746023643     
  0.15634220394141735       0.36837862947727601       0.18730983406592816     
   7.7883266048027061E-002  -8.3905715250046198E-002  0.27538046276810962     
 -0.54518374926134117      -0.27535205587269374      -0.42327682898908137     
 -0.42731566365275714       -1.2611220884611352E-002 -0.40333677338683022     
 -0.15136428098780100       0.19388006947539702       0.48651726303864024     
 -0.43862845779734189      -0.15140763854260689       0.32328874931207069     
  0.26216793849952885       -3.9973462287466906E-002  0.12059230508583106     
 -0.21084412446748868      -0.14763822163205695       0.10844302643641553     
 -0.46840303874150424      -0.27287977261512419       0.38521489751965654     
  0.47506251037655789       0.28645369941744564       0.32860353767230505     
  0.15227501516708389       0.46622095506285538       0.42226389646046320     
  0.60237814211131946       0.25237330995110940        6.4045633680978403E-002
  0.47901786176742633       0.24793090964565270       0.38749376802017421     
  -9.8155931607157576E-003   6.7527291998681210E-002  0.13980304736316246     
   8.8320131124282442E-002   1.1372710975314539E-002 -0.13093734417584094     
  0.16278026793717545       0.58470766191540380       0.31004674892421008     
  0.49047231511177147       0.33084939835388932       0.24496472508075900     
  0.52231123520179079        4.6005775614609570E-002 -0.25462246288839202     
  0.25147400812729231       -6.3280068478378207E-002  0.16174684361888594     
 -0.25579749411692015       0.50579645446042309        2.3235919891049315E-002
  0.17004443171314845       0.19055441044686261       0.24052027776263621     
  0.11810194957184611       -9.0938874779686443E-002   8.4025439720428016E-002
  0.22752933582831425       0.27186956207764551       0.29059541745317030     
  0.18684884451706432       -3.4544502474469726E-003   7.1742234823037265E-002
  0.12781936502499183       -1.7295020537078692E-002   8.2753837009336931E-002
  0.11892199792252792      -0.21355738846298897      -0.22816258793590743     
  0.65176505060125300      -0.16895662779137785        5.2909217090757826E-002
   4.6158708723496811E-002  -1.4515441231602857E-002  -7.0919826414437739E-002
  -7.4351549404874068E-002  0.14789372426798578      -0.46625008361667780     
   9.1080458724368568E-002  -2.5634157340695247E-002  0.62149809245028775     
  0.34195383447834432      -0.33419751077572574       0.19256426381770794     
   4.9982708356470534E-002   9.0771286337784043E-002  0.15294242871289263     
 -0.36162657501174000       0.21307633438708090      -0.62206966409284647     
   1.5686958783164166E-002 -0.26023399316153639       0.31490647165556379     
 -0.21426403059307836      -0.54363643472298140      -0.29330463438934096     
 -0.17343197170726082       0.22879271442756538        8.1229439866097444E-002
  0.35205392001906538      -0.11471274443539099      -0.71460309253283649     
  0.63259339007145388        7.0019324077611064E-002  0.25618321452132214     
 -0.22055947473157933       -5.8149064358743625E-002   3.2074485146562838E-002
  0.50007283365489719       0.38083885577682564       0.22957537516675991     
  0.21883264748126485      -0.69789635021149932       -2.9888782023246557E-002
  0.33795812874001918      -0.27422895385342805       0.48297736068411634     
   6.6790849076735825E-002  0.18125808714449201        4.4651748462813820E-002
  0.19174711795502966       0.13052136383089760       0.16204388496895328     
  0.20435181478630596       0.18631115482254729       0.13749417964224522     
  -6.1836961722283666E-004  0.45801172224392278      -0.40960071491468947     
  0.13308547656711864      -0.39900940223929643      -0.37577077283959021     
  0.32664478370102401      -0.47176494014014775       -4.1033327393399571E-002
  -9.9755186393504461E-002 -0.29009280214286626       0.22083530969029116     
   2.8539106939944443E-002  0.32078858025101714      -0.50991382839690613     
  0.42766073316057751       0.16134408046474633       0.15730778283450578     
  0.57866898800409472        1.5951140236517589E-002  0.28037470835946920     
 -0.26871433697159991       0.34262333416473129      -0.30754006606027645     
 -0.16877701692582528       0.59540929988304225      -0.11144418584546810     
 -0.12297411125492619      -0.17042641452698812       0.46553406007628195     
 -0.52853416172466505       0.40837032795364991       0.29239841108056858     
 -0.16585058862701119      -0.23607989829662321       0.51116789597893375     
 -0.10599633799265393       0.32586474410473465       0.52091438243174737     
 -0.56425221127103120       -6.2141681364655130E-002  0.17559455108460564     
   9.2197853945657368E-002   5.5226493732495809E-002  0.60218586882573522     
  -4.2334359208520855E-002 -0.42763974244547237        3.7416606739322789E-002
   6.0134322625852513E-002  0.19569080812452264       0.15252867915902762     
  0.24715414797333410        7.2729619850590579E-002  0.43353168135004577     
   7.5768780026496646E-002   6.0185703734391062E-002 -0.57634218197193354     
  -2.2687066959428508E-002  0.65407148211572330       -6.5568748786614103E-002
  -6.9515614620225777E-002 -0.34856275460526381      -0.26296858025511599     
  0.14630341556679557      -0.19033130947935056       0.34018803441149564     
   7.8427487705900190E-002  0.48798307557552145      -0.28956874533105992     
  0.25712596653693853       0.33286561729468084        9.7245770057152701E-003
  -5.1245248801878647E-002  0.63072901185350239       0.23812213446292532     
 -0.38448871152174979      -0.26178606742112931       0.34348127795249761     
 -0.45150679415917266       0.33252319574400391      -0.31919240505089447     
  0.32982508293311880       0.39725758138707767      -0.29995118239422836     
  0.17639535345294088      -0.22102144952823960      -0.53786922537206860     
 -0.27771737117195200       0.29956103995996985       0.29262548933727756     
 -0.19628277575298261      -0.30540752117048831       0.44135314980446810     
  0.25023243511181542      -0.21871468109715006      -0.31008499919630900     
  0.40359312414264359        7.6668008949274238E-002  -7.4518750471754394E-002
 -0.10824270483062302       0.59580268699695793        9.4596748422663704E-002
  -9.6004088527879890E-003  0.62815739985354457      -0.21610343464221188     
  0.20028188813741796      -0.27303054466672233       0.47583862095587476     
 -0.35762765218334680      -0.39242940033368051      -0.45436250945881618     
 -0.40158570198582544       0.53710582021378817        5.6935863876288843E-002
 -0.34070455039893605       0.38192422744530707      -0.28533330899550530     
  0.38943763203903325       0.42221271350838879       0.25339909497101065     
 -0.57761899020587237       0.21124341943455940       0.39993316696232467     
 -0.24557646290709392       0.38012498428779823       0.27663511597356877     
  0.38341101077957895      -0.23678707385438738       -8.9448515213829113E-002
   6.8705245333534851E-002 -0.30692703514238695      -0.49346720136784761     
  -5.6932070558211936E-002 -0.53796021824142670      -0.42627051730881937     
  0.26898153142211251       0.44196010136245295       0.32107114951285648     
  0.27568622024016920       0.11732652303111751      -0.57688692591709234     
   8.3426935283424444E-002 -0.55009508551429220       0.43602469925395276     
  0.47275373373233043       -2.2423291083183233E-002 -0.20744365703756457     
  0.48323709883247629      -0.36362866664478266       -8.3859907154569868E-002
  0.47224317715335062       0.32128156656078483       0.22547754133444015     
  0.21598967120161236        1.8804152051863324E-002  0.67458181179950483     
 -0.53690204876141634      -0.12953935662661686       0.45104844893314994     
  0.13192325183594311       0.56651830893711752      -0.25959341989209361     
 -0.36904567877759870       0.49811858944772985      -0.30161575008912339     
  0.44659249499850467       0.32485514512382629       -4.7674610047822048E-003
 -0.11069456890010122       0.44604547030887892      -0.33435580951367350     
 -0.52192096876747074       -5.6348368121138040E-002 -0.40381330615462563     
 -0.19210744752281758      -0.11006866799110636       0.24121224120785692     
 -0.51561793481988394       0.18482653993424281       0.16879506421486659     
  0.26837318142011668      -0.11447461142705070      -0.37161781763696755     
  -4.9474238814165253E-002 -0.15707721024902360       0.13508925149145176     
  0.14566004167250615        3.3905051317629283E-002 -0.15710423522095884     
  0.17104929479826414      -0.47388754494435559      -0.12240201238612951     
  -3.8357037820369165E-002 -0.14039238272141272       -3.5568911636139212E-002
  0.10130527415638405       -1.9463879156860962E-002   7.6178909546256737E-002
 -0.12206593997564358      -0.54405546160386553      -0.29956747810129714     
   5.2594675876733270E-002  0.61343050802451882      -0.24467198418968378     
 -0.17056074625669759      -0.57335187506894392        2.2976855030432411E-002
  -5.3120884067529038E-002 -0.18012853815660854      -0.58569072793308441     
  0.54940590067770012        1.4332308975250707E-002  0.30796087674642880     
 -0.66831575160817291      -0.12648386839899892      -0.16108828570681907     
  -8.3158854908963367E-002  0.14575217785128744      -0.47895912819245706     
  0.14787853290446487      -0.55877509364504274        7.3125747335867936E-002
  0.10102851548693384        3.2923865040267223E-003 -0.11474449484145174     
 -0.59820324749643716      -0.15062649128073691        8.2209168789814394E-002
  0.20409261205813525       0.52274258835095633       0.13166624450155515     
  0.15371422302066512      -0.13986768077923098       0.16928276927340694     
  0.44973311590782905       0.17427796681491142       0.19632049097827589     
 -0.13978693222541586      -0.17856870108751061       0.14708163212697747     
  0.15464245422036549      -0.18304790368180415      -0.20713602373443538     
 -0.27907574640665311        2.6663629392025906E-002  0.52199025923252362     
 -0.40052021421235950       0.59488400679371922       -7.1176341738940621E-002
   1.6570588768995625E-002  0.44378055911837094      -0.32177732849384200     
 -0.57627571994554705       0.17706014430679107       0.41294720959726711     
   9.7339338987620025E-002   8.7832924899616346E-002  0.21913958337695016     
  0.11549324204296302        2.0950092860034502E-002 -0.56328923559274713     
 -0.20596340514830361       0.42280663935995466      -0.34984950582937857     
   5.7205351738423928E-002  0.60620613283500846      -0.26095611265008511     
   5.4190857236625409E-002   1.2284825655181068E-002   1.1170668624773212E-002
 -0.48648050190027164       0.16150386456167526       0.20577633779190960     
 -0.11121169452087923      -0.14667585759019988       0.48175174256762959     
 -0.23982845053793200       0.21622989183403563       0.26106706507492261     
 -0.54167766381544480       -9.9189620106930249E-002 -0.45752142344200281     
 -0.10934903415152016        4.5516210137295766E-002  0.34848893599791991     
  -2.4728564885672613E-002  0.57459423223889472      -0.45137293858293565     
  -8.4833340856060993E-002 -0.57865501253630891      -0.27665513143081050     
 -0.44549645145870070       0.17244124525261778       0.24797353283654142     
 -0.21235446652464801       0.41778182454465634       0.42262438510992295     
 -0.29093958659304342       0.33187744269619546      -0.45562312053928694     
 -0.25552245471345969       0.58917618735427602       0.20077363479440372     
 -0.29363415221820816       0.54191813008655232       0.19486414312535838     
 -0.20084565266787718      -0.11203049062200392      -0.26340813160865223     
  0.64545805347836727       0.16013398080424118       0.15301639853172155     
 -0.48927090399428053      -0.48129367875020124       -2.5485203566869563E-002
  -8.5893693775031518E-002  0.30786922731656180       0.33116050111835493     
  0.36788520192468854      -0.61489694024082442       -8.1570980475879018E-002
  -1.3318062421401792E-002  0.12280517637624377       0.22441118791012649     
 -0.46334068185479699        6.8211372071775966E-002 -0.44336049953291168     
 -0.17476227535124492       0.11232928427950330       0.53433204176596927     
  0.45063237505565612        8.0513555701837089E-002 -0.55939785020253419     
 -0.42946980445647681       -7.1486758436013584E-002  0.33317362121875549     
 -0.10737202312422228      -0.66488497259293777       -5.5044596462953697E-002
  0.21155845753811356       0.27900023754300279      -0.23325129639069583     
  0.18032511624961581        2.3694801736694818E-003  0.20092698049368055     
  0.25624698772335053      -0.21470246141094149       0.26402858955633191     
  0.55765017856263877       0.18076689759691636        1.5351756727029191E-002
  -2.3364291615849821E-002   3.3315957209189326E-002  0.19116653451795848     
  0.16423478326284241      -0.22070443563329181      -0.18439636764579254     
  0.42078126226065693       0.19499172962697919       0.11298144962031634     
 -0.23519003542652711        2.7287133584379432E-002 -0.30798873394563614     
  0.11691574415518591       0.25207106749356795       0.26110770910676717     
 -0.10886490815251061       0.50074127945083369       0.31336965825210572     
  0.26473748187028440        7.3371834485735143E-002 -0.52106187405729698     
 -0.46184472620625738      -0.19114148888917293      -0.53205182562256270     
  0.27348200986827986       -2.0551918022829997E-002  0.15423785076016125     
 -0.25170607180254140      -0.23461324173628373      -0.59676387882977089     
 -0.19732645963549886      -0.61676924147808332       0.26797798053956273     
  0.47504400019067800       0.25031553978677429       0.39886486703576196     
  0.49878568809650542      -0.27935805776075934       -9.8911922602099606E-002
  -4.6443262776995967E-002  0.25690004622402524      -0.17807200385994440     
  -8.3666111278307725E-002 -0.23055840148260290      -0.44581861515806548     
  0.14072296980392618       0.28129378652369108       0.58419065876662324     
 -0.12295065657124606      -0.30847839398822380       0.60802212943360845     
 -0.52522421557632659       0.37694076882342598      -0.29645026264806040     
 -0.16942125605425293       0.37279689594329357      -0.20200500370959423     
   4.6956298059736307E-002  0.10285962596904565       0.19263701213108581     
 -0.15643475360507489      -0.35488699636153015       0.42994226262785534     
  0.21824660409413976      -0.68539837945946758        3.6661544340794404E-002
  -2.8558473410585334E-002 -0.11521333416118108       -8.6600998393643838E-002
 -0.24077990193597842      -0.38279765639405822       0.27225212119084152     
   4.1999936513799692E-002   4.9382394911020346E-002  0.22839545383107338     
 -0.43896861500165274       -7.8998266474257936E-002 -0.43497573313488147     
  -7.3728497701558871E-002 -0.29295635272348558       0.20216955128870120     
  0.38585005025314900       -5.9854201242520680E-002   7.0910918070056311E-002
  0.36444010813629224       -5.7336104683861772E-002   9.6328556243426969E-002
  0.24636389217580737        6.4158007630514616E-002  0.10418905348105750     
  0.19015406185690242      -0.24746832372378011      -0.29680991040715876     
  -8.7100218486816205E-002 -0.69371193083628524       -8.6935611163677387E-002
 -0.27943375175781227       0.29652243769914410       0.14851391850167642     
 -0.58910901649443026       0.17367575169138838        5.7734968314501131E-002
  0.59939934804151751      -0.11071015801626176      -0.25873291184075747     
  0.47672767258913501      -0.28062088562774540       -8.9549558620945463E-002
  0.13433941721041009       0.31329788903990319      -0.67246978127754942     
  -7.7151775688214463E-002  0.21128024907409848      -0.10304369284332046     
 -0.21295262358093489      -0.24475566711955335       0.13507010665340199     
 -0.33936187358249054       0.11989993942992846       0.24066308598012826     
  0.18328971981219755       0.51952276475612957      -0.39294080255421548     
  -3.2856699177278077E-002  0.28741319162774298      -0.42047492446848067     
 -0.64508593415194015      -0.18695857619705569       -7.6713856897066821E-002
 -0.32750667728272609       0.38298071865487260       0.18532585659200185     
   3.3277907588905538E-002 -0.38019577164372759       0.18549201645138802     
  0.21220308909360475        3.0481891064138674E-002  0.67615833017783833     
  0.54594880409519864        3.0061681120759041E-002 -0.25132916889856177     
  0.28315631460385099       0.30592431221010624       0.11202375987594951     
  -7.0164914303964376E-002 -0.33599525442891792       0.44638338623248103     
   2.0235435857154239E-002 -0.13629711442503825       0.26965315478970414     
  0.58878046632093828       0.19070462708908364       -9.6650982333242763E-002
  -3.0168142737893391E-002  -4.5721239379510760E-002  0.12894658660630243     
  0.30642733151673446       0.24217326144693513        3.2780420028157342E-002
 -0.21579089898258730      -0.61013664575272830      -0.30639175416114456     
  0.22132305816717920       0.13496615038631851      -0.39971626944962929     
 -0.54233391863861002       0.31272421240592030       0.40170687329629168     
 -0.25378421271674023       0.36583690161620469      -0.44738736701755577     
  0.13287870497551862       0.49448766193752153       -2.2581469891135297E-002
  0.17831910137770740       0.27955676569833071       0.24535702785053087     
  0.20248081144164096      -0.60460930478052122       -7.6266683444937686E-002
  0.22784951484551644       -6.3769965955810443E-002  0.41102227771541627     
  0.36668852526314760       0.41738545566474206      -0.11382469557994805     
   7.2514109886499881E-002 -0.16208764425299901      -0.24703806394061070     
 -0.19309830524900171      -0.21620585776568743       0.26696763923366923     
 -0.12859030347539291      -0.30168183686669897       0.19384170713349305     
  -7.8962459856060721E-002  -1.0580231723431702E-002  0.16273163590942460     
 -0.63030635094470711        7.7535147074857966E-002  0.13680801504079496     
  -6.0714357159521878E-002  -3.0255435947166447E-002 -0.11216300437736085     
  0.47512528024387646       0.32895017626185835       0.14819111741989185     
   9.9567530547957001E-002 -0.48563606289766875       -5.3452720236904762E-002
  0.36789534483243808       0.10352964206783558      -0.10482392991112489     
 -0.36818165339235837       0.43931700638418275      -0.28351841748582918     
  0.47907935348424963       -1.8145784067403078E-002 -0.20714649659749451     
  0.19614370112187421      -0.23795196158652629      -0.62801392345767559     
  0.24986933559765143       -3.6400237422286761E-003 -0.30214256896795821     
  0.35566121175205451      -0.18227441952050696      -0.26732492218780901     
  0.55656949531669164      -0.30897594860055849      -0.11830643309572825     
  -1.5486107785257951E-002  0.39999772771282566       0.15768965922371136     
 -0.11025638478085222       0.55549552491182685       0.15789960008956580     
   4.9593728707558932E-002   3.3569025194584309E-002   5.5166441672503216E-002
  0.27486549232312685       0.26934894447275404       -5.4838125383183896E-002
  0.23037556267262718       -9.8775673452761587E-002  0.52912747083744927     
 -0.46598904166227778        4.3965597939436142E-002 -0.41475440201741431     
  0.36571252589531894       0.43959707577801166      -0.27539137979198502     
 -0.18742368683708988       0.25256769260631690      -0.21058319335360920     
   2.7364928783134648E-002  -2.2244997105358672E-002  0.14928092888777267     
  -7.1141610045329970E-002  -3.6657007432986610E-002  0.10820792500681191     
  0.14773792559012239       0.41306280551392349       0.50551071302413730     
 -0.46717353780250415      -0.38914771177078783       0.13378556616421361     
  0.25833319090541806       0.55810515974726493       0.19442783540938760     
  0.12948800517556774      -0.20440932344771046      -0.18051749836691885     
 -0.22644796125936412      -0.16234397623856442      -0.25442683119069687     
  -5.2084963961093723E-002   6.3913349952107637E-002 -0.68255362935964836     
 -0.17120279305063973      -0.35400834613677229       0.17918052362643905     
  0.32609717516425019        3.5179066466715050E-002 -0.37616206078301495     
 -0.10968760584810873       0.25583755201628861       0.41086896469801382     
  0.29083354488471802        3.6364373295585457E-002 -0.36555609393462130     
 -0.49479016259012609      -0.49320151993762679       -3.5122495089708369E-002
  0.32846074893921540       0.16184536792859952       0.20083118999899646     
 -0.54075412848705695       0.17452179109981078       0.18260539561942910     
  0.35664284566906623      -0.35340830183315119       0.20070885208313344     
   3.6614674828865733E-002   2.5828444513669485E-003  0.13349950971381835     
 -0.23795589457020971       0.24005576809741505      -0.17973003115443656     
 -0.12496176440763390      -0.14219206692318415       0.48842970232291444     
  0.48228166874129252      -0.34174910167218181      -0.10000780324635300     
  0.33950658923845578      -0.31743784120277435      -0.30670845378094291     
  0.26053818465113104       0.14193013393674236       -1.4463927834875859E-002
  0.18478371087999745      -0.81073888689219853       0.17976055264625598     
  0.18600293286994199      -0.20623629289981296       0.32300740518376220     
  0.41790027570596516       0.38506162706844332       0.24826097910961395     
 -0.55360168652850505       0.44931801311896463       0.20583155553771887     
 -0.38653938645718838       0.11107107954545135      -0.57576169122282450     
  -4.3264977566338479E-002 -0.15825372432616278        8.6842004122652597E-003
 -0.22248806738088431        8.1718036431406418E-002  0.11083093353841346     
 -0.51700870960843548      -0.37686615827583586       0.14837034289997014     
   1.0589539603329201E-002   7.9526043606396840E-002 -0.11830639442366532     
  0.63681235124962710       -9.7265047500750157E-002  0.23891586004015383     
 -0.40472948905699163       0.18920319880762582        6.5277698460893332E-002
  -9.5519761814519474E-003 -0.44343459748365971       0.18079302652057400     
  0.23902025896650775      -0.16005949104528347      -0.30812866333694966     
  0.19497999698005988       0.32170872053054078      -0.20091718878656109     
  0.36296952170917884      -0.37928517229852110      -0.15453014193009018     
 -0.53048549934422340       0.38384062514775646      -0.23409747438809111     
  0.24064859749791864       0.12493279580737622        7.1249755643532003E-002
  0.59958159363769903        7.1999578529916952E-002   7.2487381842916851E-002
  0.37355414039565654       0.17823123826600365        4.1447296734155190E-002
 -0.30627117225657557       0.33852948788776371      -0.45972960910826965     
  0.46843232148836511       0.31499128843981061        9.0593433432294618E-002
 -0.48761955853957556       0.27636583442061108       -3.2933565389988797E-003
  0.40924897962326867       -7.0055727206858112E-002   6.8367703545795577E-002
 -0.53042719944484207        9.9209737757286920E-002  0.19152078949168228     
 -0.42052424821491652      -0.26972071988920265       0.50664020058517234     
  -3.0925418908859123E-002   7.9670804629500130E-002  0.65007018953126416     
 -0.13854461778790192        2.2257393561177702E-002 -0.55363589999243912     
  0.21362849964902528       -1.3801302992339223E-002 -0.29047958543104074     
 -0.13264349672461537      -0.33225464284272888       0.21346489714116718     
 -0.33932005487173122      -0.45888022389178740      -0.19264953649231792     
   2.9631862792519739E-002  0.26764745298297182        8.1347828691268984E-002
  -4.5468796459364309E-002 -0.15095957465024912      -0.59926861032760659     
 -0.39659883724498440        3.0272785227359964E-003 -0.35829363260565050     
  -3.9421797543883072E-002 -0.50036733054411897       0.19876851093195574     
  0.37732118965841882      -0.31304486455118219      -0.36296641979260097     
 -0.22981972556602495      -0.28530217089868332      -0.42105536587435871     
 -0.25245370104767723      -0.61871752067236796      -0.29841183529563731     
 -0.34540370129223230      -0.54643110765753888      -0.18932793656871516     
 -0.11390998111637961      -0.23214945093681599      -0.48452865721474897     
   5.3625791859288056E-002  0.27339296132686047        5.5265536220595886E-002
  0.24511967549601316      -0.43641968129628422      -0.40192266796760906     
  -3.7510317142697668E-002 -0.33850218133696253       0.27029422354923344     
  -4.4956854192914402E-003   3.0616651972242774E-002  0.14533819780854129     
  0.13670878645988710       0.22980804708388924       0.67072230355918017     
  0.12359329349233221       0.10883478000224089       0.12430912660566831     
  0.43074125498800564       0.41262721445770073      -0.28223803111167239     
  -6.8872816737318597E-003 -0.42919655133751855       0.76215031290559321     
  -1.9748520856926563E-002 -0.41181476996999350      -0.54628207922875160     
   8.0591873274609177E-002  0.35323743148816100        1.8825345805289419E-002
  0.37618593260351862       0.22228140015864656      -0.39731297804971599     
  0.47027896606657060       0.56316598361297576      -0.11765723571885654     
 -0.34145090882287882      -0.53811859820625108      -0.18753969298704307     
  0.20263324460227219       0.11902114849537372      -0.49180562330793703     
 -0.24462457404755814      -0.33973051352631195       -2.1317097858041579E-002
  0.14880248933071766      -0.47599223839834803       0.37835443448635686     
  0.49459237401862927       -4.7541072399893969E-002  0.51391061929481852     
  -4.9843415632217579E-002  0.32106554393884779       0.49171189568288692     
 -0.47758296105780851      -0.55062929378753001       0.55645120483422317     
  0.16418965560905305       0.43468297441123249       0.42098249671542487     
  0.42799926780313546      -0.15763847400902370      -0.17373306331332605     
 -0.56560256266916076       0.29653737871778146        4.9001272836492991E-002
 -0.20582082635473237      -0.58319706431263929      -0.27852211051667203     
 -0.59817703314097515      -0.28521060348628668      -0.12601254895224065     
  0.33196316655628300      -0.18325657577295856       0.31502944019836737     
  0.17191921747934680      -0.20242136644451739       0.29811746951348139     
  0.34945572503633549       0.39964382632133649       -4.3671695607336192E-002
 -0.23515626823429897      -0.25987430627461422       0.58565514222819948     
   4.8196234523088438E-002  0.47026485738794538      -0.53168506662733250     
  0.31725665628455640       -8.5548875755270939E-002 -0.41680260418597803     
 -0.50156015180552882        6.8670825837377922E-002  0.11220788731686832     
  0.12512178941568333       0.23379610293092409       0.43742230225764733     
  0.19448343505492502        2.8496371521366658E-002  0.12073749345597481     
 -0.28254345753664406        2.4205132746326314E-002  0.49778148450630877     
   2.8291356198362479E-002  0.27429419005287808       0.14505830709266643     
  0.22297191736219596       0.35211307259363833       0.37786911505189869     
   8.4704830031142847E-002  -2.9085140241013677E-002   3.3826318066725772E-002
  -4.8704888270822859E-002  0.39730901397513213       0.50397321896585534     
  -4.8672897632697724E-003   8.2930611919208877E-002  0.48913369210143814     
   5.6816617356652298E-002 -0.51597452832560065        9.2243448752834870E-002
 -0.29715146099798878       0.14558177600940930       0.13495865109795083     
   1.8656999342672412E-002 -0.60740097902446855       0.20389693432928385     
  -7.7131501206443177E-003  0.47733836238864519       0.22033527481314186     
  -2.7761164716979075E-002  0.41241131190468783       0.36401468991226849     
  0.26083009090901810        8.9038454410187290E-002 -0.50296777509809598     
   4.9306850232525769E-002   3.5726828017607279E-002  -3.3496962421000136E-002
 -0.30393568337603200        1.9532033171943620E-002  0.52251580933520980     
  0.35195772467690478       0.61754519918485429        1.2879091022275994E-002
 -0.30852208691048116       -4.9977597941375587E-002  0.27803093767682613     
   9.6972921245384279E-003  -3.1647676580220774E-002  -9.7854093354615063E-002
 -0.68146801995778195       -2.1095053610932602E-002 -0.28905352244554311     
 -0.14826881532246161       0.40001557856849568       0.53490675709615232     
 -0.48230718175073756      -0.36616856638599288        1.3224612608414716E-002
  0.12392327528910102       0.79735560277304651      -0.15641663109428966     
 -0.57904383617641808      -0.37046993916279075       -6.7044865217453856E-002
 -0.29353547423120224       0.11588102580445246      -0.19054158898952755     
 -0.24001803626276585       0.27514459056484042      -0.23634424664904513     
  0.45062028776469570       0.11706182170142526       0.34869886952043833     
 -0.11801915539544801       0.58232540552056544       0.10646992785989315     
 -0.30892416657107785      -0.53306182214218023       0.13461510106531904     
  0.10236549628641951       -4.3227421179862217E-002   7.4434484199811121E-002
   8.9989188616797361E-003 -0.50980645557135440      -0.29676926087286382     
 -0.32165823591571779      -0.35323834806696508       0.15962532651241818     
  0.23828151592342819        5.6178118267362152E-002   4.4843144514125598E-002
 -0.35505023748544379      -0.17172753867890661       0.41909246930080851     
  0.13697165875624234      -0.16146612193852616       0.13245896065472257     
 -0.12796633279846034       0.36653614763062214       0.28015658563912832     
  0.35577516877502774      -0.31265540895649185      -0.31821989510490639     
 -0.29331561451491345      -0.17200977202975870      -0.40862804344890652     
  0.60614319094714997        7.8533362410431698E-002 -0.35600653985192832     
   3.8936393068439400E-002  0.34375336124372180      -0.15016982911204718     
   2.6023821742225409E-002  0.31629203118972793        6.3395303498100441E-003
  0.36582608622489082       0.24967840496126062      -0.45803072778776077     
  0.47360184312375309      -0.19342774527436069        9.6874165000615103E-002
 -0.25527661799762030       0.16006657717409084       0.17538133060930830     
 -0.24946778004144568        6.6487549594201195E-002  0.53198769024958226     
 -0.72640392294895972       -6.0875667960854404E-002   3.9550172365348428E-003
 -0.57007512431728036      -0.17285008461053777        3.7976893735570776E-002
   7.7162700041480551E-003  -2.3883700963199608E-002  0.29261657273725500     
  0.37656878725209830      -0.15566494875792669       0.51150777527727709     
 -0.35338150412487906       0.56070394955047798       -2.6223430374285130E-002
  0.55871031784114267       0.13637274823344273       0.25021915738878697     
  0.39476271330234691      -0.39005559744993068       0.31370266833226207     
  0.25307263749955272       0.41426677329633166       0.37426510985977046     
  0.20257708210510036      -0.26164565634357340       0.30746989435224009     
  0.63991267208491132       0.20656377705650064       0.11690977047773618     
  0.10573801947070727       0.15170365757489765      -0.28805955816690504     
  0.31565678608830705       0.34804401595498391      -0.56490353233527679     
  0.36974672974565070       -4.4576081151762849E-002  0.23406284219717230     
  0.27069912658270806      -0.26076958242050802      -0.30019897637594511     
   7.1833410625016955E-002  0.44995292325200947        4.9821216769607036E-003
 -0.20998012456141915       0.29972528728821063      -0.24237851332892696     
  0.41455276316791717        5.9465015272733290E-004  -7.0895652967360057E-002
   9.5428095953468572E-002  0.22078994757335871      -0.10854959915795367     
 -0.11092054186990262        2.8787145204350665E-002 -0.57559731051894669     
   2.1470407173456451E-002 -0.34040860333586609      -0.30677285654593367     
 -0.33016723018259964      -0.27515451867636082       0.55027832753349681     
  0.10680126756369644      -0.13992983148385318       0.13792782733365494     
 -0.53747246210874788      -0.43919026397170469        1.8477921709466931E-002
  0.28601761931104369        1.5714685927553991E-002  0.11377008369620793     
 -0.13548144078716462       0.12973439291284314       0.13778253168253171     
 -0.72332951712577009       0.10110008537494736       -4.2813267102050884E-002
 -0.10047105652979668       0.48497023070208051       0.29603665451906080     
 -0.39869876807402027       0.27364033203762844       0.22548628746906663     
 -0.53235537605591765      -0.44977022998189059        1.3900717248928871E-002
  0.50591475634809147       -9.2592776325288364E-003 -0.45175018593027660     
 -0.63017601409249124       0.29514441413462272      -0.20309611147519693     
 -0.28051310768449722      -0.41762716090545726      -0.36182078522812866     
  0.35174493396468748      -0.42289647094383481       0.34532959266506191     
  0.28670235320931886       0.25896707982723588       0.36555578401254657     
 -0.19193430261339603      -0.32118532600251548       0.17905311018260225     
   5.1363577252027254E-002  0.37405179516245218        6.6123851357567265E-002
  0.30282340242327166       0.35913254770784653       0.31892980830880613     
  -3.0057340681937474E-002 -0.38386114974882696      -0.30425945526457315     
  0.18217724195075424      -0.45468449764129065      -0.11620714023744140     
 -0.35990973705553170       -8.9716143022597006E-002  0.59922968648231167     
  -7.6489168972110819E-002 -0.30855745313906235       0.18075334626314382     
 -0.29623571700875728      -0.56106061134065699      -0.23109393547823701     
  0.26575808085924252       0.23042799289885790      -0.13997921345494732     
 -0.36179271509648320       0.22383205746005416      -0.47887757703458894     
  0.32312929652798811       0.17309627011351988      -0.60672397363395647     
  0.22890078637238487       0.34083452069038456        3.8802744360709199E-002
  0.10357044164205127       0.41661853444528851      -0.18363553997706902     
 -0.36567628836722488      -0.37340133940807319        7.1070978534455251E-002
  0.37084555769869376        5.3019463090223720E-003 -0.39345746384165842     
  0.42506222171441249        6.4476051397162355E-003  0.25216715129905304     
 -0.10258802036252040      -0.69407696496037807       -8.9657323123079585E-002
 -0.34670135288545306       0.46979343671868257       0.45881517452042175     
  0.35564971105543786      -0.29850975893448173      -0.31732636294540550     
 -0.18731739382507986       0.23245639682186825      -0.10933266150125115     
  0.17199312105845349      -0.45390566275102578      -0.11601361617331996     
  -5.9389959428064638E-002 -0.10983216083765845       0.32730797652084237     
  -4.9499096080488541E-003  0.64194496588728678      -0.27148376515247885     
  -5.6264206171277455E-002 -0.57261689168578767      -0.34067613838143096     
 -0.45684493625172884        3.1968441151700180E-002 -0.41546539797056353     
 -0.34762781724136826      -0.40425928364463032       0.30505368038656627     
 -0.29745860539785685       0.36640247670824089      -0.25239833288102920     
  0.32358367632762991      -0.23076092707400742       0.22074367483455992     
   2.8725277592721633E-002 -0.49314183546865342       0.42466306641192642     
 -0.31067368260638500        7.7609635382962186E-002  0.24823758181180708     
  0.19185975628723617        8.2113247663505279E-002  0.43542443877093856     
 -0.21615854048845834      -0.36529096119497989      -0.59367782497240396     
  -3.7302357147656784E-002  0.33304396611717763      -0.43655909694199563     
 -0.36457292717189538      -0.51783449438875817       0.10086612384592337     
 -0.48503328500090731       0.14025449778202267       0.40543621990710127     
 -0.62473895997869622      -0.11842364883690167        5.1797639286773250E-002
 -0.20985606467210219      -0.51842000822837286       0.48153702865940690     
  0.17886842501447209        1.2431376778383654      -0.21072105563219418     
 -0.10560518852601858       0.20682433836607450       0.37122441462750350     
 -0.52140235201522034      -0.25957953145415075       -6.0513104667922861E-002
  0.23121611627795324      -0.12302908822851813      -0.35121214650678262     
  0.52036592012456029      -0.44606609767832855        3.3058365146830054E-002
  0.54181286959617303      -0.22991967374657307       0.15731651044868336     
 -0.26143284494082913       0.35589873770311065      -0.41685225262454639     
  -1.6004082876827707E-002 -0.10656754655943709      -0.17433492637088871     
   3.9125953254528674E-002 -0.34566610170847434      -0.62545508012299089     
 -0.10278495410278599       -6.6806121886525960E-002  0.10824929836184716     
  0.35869000595656853        2.4256325824979066E-002 -0.62198142438953485     
  0.46164789655272315      -0.22431447120903653       -8.1245684856469144E-002
  0.20768364865379588       0.44529984655552202       0.39684572553348441     
  -3.1682630856550667E-002   7.6386166491355101E-002  0.64859018123490297     
  0.26450517698128984       0.10429631946628190      -0.54278522107475013     
 -0.34481956505259342       0.12940018225761865       0.15300852248610000     
   8.6684720064284140E-002 -0.20500736333777547      -0.24300181699068282     
  0.37850112875565822       0.14484253401968378        4.1492188925644977E-002
   9.8573977578900074E-002  -1.0984206683461244E-002 -0.73204675839859434     
  0.24000917581544970       0.18572068867663796      -0.41897496452952199     
  -3.3983682310713352E-002 -0.58054848053556707       0.38353930140457276     
   8.7639681460413621E-002 -0.15976372253419568       0.19158634617116632     
 -0.16616905059927956       0.39879267894427900      -0.21724067043319450     
 -0.57030818739452271       0.34298285793735050       0.25139159383225307     
  0.63141999554148298       -3.2390990281943963E-002 -0.12453103919940614     
 -0.36252989385785045      -0.23951769463984429       0.46029869666033113     
  0.27443696732746348       0.23020543733170171       0.39564154956410963     
 -0.20001375600598639      -0.59900970929174457       0.22578977258045621     
   5.7825067045311693E-002 -0.57230462065184051       0.39553461183296357     
  0.38316490781165174       0.28665630226025579       0.17432994697956641     
  -1.8707393952588379E-002 -0.12781072235952218       0.14962549472131345     
  0.37744429951099145      -0.15547867617691669       0.30555948680288075     
 -0.53182469738662019       0.20777600196284701       0.16861626927234816     
 -0.42835381182256438       0.35749517277995874      -0.34400733943446388     
 -0.23709504318858363      -0.17248526763403527      -0.48995908890891871     
 -0.21857284153274009      -0.52232650659630131       -4.3630848369296323E-002
 -0.16049113941848012        6.7720905492434896E-002  0.57054938702408409     
 -0.33027209691768783      -0.52498074292883568       0.22254734190088737     
 -0.57818591977076994      -0.14454230818660421      -0.43645770828101227     
  0.40286107229358403       0.14883973725617100      -0.11566781877127476     
  0.26459093913144616      -0.24569206372729271      -0.31493003670418479     
  0.12043284645544811       0.11533191539984466       0.10179786223727726     
 -0.17653437461947111      -0.17699850919967686       0.13559868112721440     
  0.36498104966797412       0.47073404148895248      -0.20999356892631693     
  0.20050258222088044       -5.1797698047656285E-002 -0.36399063510531937     
   3.7574228195819272E-002 -0.23153388015340698      -0.24721326625681794     
 -0.35415799042210339      -0.47454216807410315       0.31071491296055120     
  -9.8392574462429997E-003  0.36875976364189839      -0.52354324732682933     
 -0.47943532215234819        1.4183697909577372E-002  0.21268892545010368     
  -9.5084186829230227E-002 -0.29788505577102720       0.22338236054397087     
  0.10864896682305263       -1.3922042324350979E-002   8.2977444091951874E-002
 -0.27654262282395509       0.31584107561016894      -0.30883859838798028     
  0.22765999443881435      -0.19210148163081217       0.13942111206470062     
  -4.1952149366961740E-002   2.4100394099019337E-003  0.13324919684171357     
   2.4323863218038585E-002  0.40788966592894577       0.11729163694518842     
  0.10403845976906874        1.1582452660368182E-003  -6.7121666359733725E-002
   2.4949048074841478E-002  -8.1863830369475768E-002  0.12866005220049315     
  0.16913825962849557       0.18493397922978436       0.21366446866263941     
  0.46014219462537087        5.7979894882558267E-002 -0.34356035691909581     
 -0.22511569892593314      -0.28425959314499372       0.11438118116274391     
  0.23955789914621911      -0.42960645174538020      -0.14578097900790507     
 -0.12821723037726437      -0.53525546602973784      -0.34452541336764675     
  0.21521551417170245      -0.18553075031074467       -7.0069726545129926E-003
 -0.33628578394955100      -0.57542005096215587      -0.28614070891521343     
   2.2879607287642868E-002  0.22755937967048193       0.15715202828872921     
 -0.24136071745449916       0.33539568116377660      -0.39606381181932460     
  0.28415160423747449       0.37398036021279846       0.26790362974718379     
  0.12489507305725961      -0.16116878329220918       0.15848172363989108     
  0.15966152395464428       0.47456086757593746       0.42278906429527607     
   1.3985215087267862E-002  -7.3005549396501265E-002 -0.19731816765861876     
  0.34025443116212029      -0.13498556202090775      -0.11070623557247121     
 -0.25629648418770584      -0.20791083128124480       0.32355844819623875     
  0.55137930742516938        8.2433076113009509E-003  0.29865105022015098     
  0.16382191484249187      -0.14112254629967566       0.65334759356354544     
 -0.16161608104453101      -0.51528066235629177        1.6304802700990641E-002
 -0.11412379078626787      -0.49186652641690370      -0.39977817029092610     
 -0.57862243131138014      -0.16567180613908758        3.5455782460839566E-002
  -9.0469848918818152E-002  0.30186490347125250      -0.43689351689035039     
 -0.51733191069346174       0.30180094052858819        2.4078360608941828E-002
   4.0734452652174277E-002  0.27000535493012162        9.3304098874496741E-002
 -0.19822272041211167      -0.21374552049362469      -0.38272053612049978     
   8.9267384053716231E-002   3.9373261113443733E-002  0.12263371406127252     
  -4.6743985531674095E-002  0.36175862207648679      -0.62312587898796590     
  0.46761026630548219       0.19884994999538180       0.21488188393184454     
  0.43261827829511940       -6.8232684192998008E-002 -0.47010969904200323     
  -4.2640967932373361E-002  0.21658887340151656       0.15570691238956269     
 -0.28482245569265185      -0.33150485576702915      -0.49267701644272860     
   3.5653860866063168E-002 -0.68578022908559622      -0.12727583151363805     
  0.29062768305686959       0.19693198782045970       0.45225909647147466     
  -2.7955567722045178E-002 -0.10908583444006296       -9.8447763082736783E-002
 -0.14151817690467280       0.39308135389076443      -0.19914095045825875     
 -0.30564371408714458      -0.27995016000301209       0.20389999577699142     
  -3.4809287786094219E-002 -0.35717565112637673      -0.35607581114682935     
  0.63262573891410934       0.17432507584848458       0.11156805623421814     
 -0.11876991718537755      -0.62873925459613345       -7.0617866452303016E-002
 -0.28689403441649830      -0.43777598552006652       0.16046596379676203     
 -0.41217734348384744       0.36375498736668582      -0.31207581572806781     
  0.44121175462218809       0.20769076609378387       0.11171762240117812     
 -0.15594663978149240      -0.24215193161283977      -0.33032667761660583     
  0.48188169592218444       0.38765861683999203      -0.11093763097185123     
 -0.21826541266974797        8.6345313243454264E-002  0.10887442348140250     
 -0.30930765027558188      -0.28648986531347104      -0.30196341525944204     
  -8.4013749436489607E-002  0.45120552422871996      -0.22182521862111204     
 -0.22208891378228801       0.29124415110939322      -0.33103645892614847     
  0.21622328233987792      -0.51211084966469145      -0.34018993623855698     
   8.7419092386592775E-002   1.0037315101292904E-002 -0.56068507652178068     
 -0.37881752284311576       0.17504448022754629       0.16008382968151008     
   3.8134534657438251E-003  0.22873977812138277      -0.27089787905865176     
 -0.45488665145436014      -0.21278493202392734       -2.7098680450288144E-002
 -0.32116814170820829      -0.25770815951218956       0.37809742411346337     
 -0.11824554596120684       0.60240884404334694       0.11201555028800629     
   4.6776287096835817E-002  -5.1001736565900818E-002 -0.73000403873358111     
  -5.5232655988747513E-003  0.39754637704271267       0.13077871685369175     
 -0.12622339706945951       0.60322683791289478       0.19911578976747157     
  0.21216664229312354        6.3014938078730348E-002  0.47059226403039273     
  0.27095040139726617       0.21690596506757273       0.35761592729814196     
  0.45958266957231075      -0.34321837724216031       0.32960437810675908     
  0.51744154284791921       0.41324876735255600       -4.9025375460561127E-002
   4.1110777171740533E-002 -0.34937383162046454      -0.62607734344805488     
 -0.55608667409561030      -0.39668021419836869        1.0003174292912356E-002
  0.29569660933923980       0.18263380846556354       0.47701249634291398     
 -0.52994544471857841       0.17544841715565715       0.15765310339379249     
 -0.11975999327603618       0.33339736626615873       0.29127519933434959     
  0.52076898443587072       0.14397287793541191       0.23780559863014902     
 -0.50713509910975407        9.4983575366679965E-002  0.11506237555802824     
  0.10504322312360007      -0.14352336509827032       0.12816490248851273     
  0.25582668919373991      -0.13563219216979408       -7.0106893465643680E-002
 -0.19044668437929235      -0.57053670011154101      -0.27803886431262620     
   9.3554908435567838E-002  -2.5132696039613517E-002  0.57067800556714698     
  0.19147301743806011      -0.22134315773431315      -0.58560359370717219     
  0.24344233108198204       0.32711427318335018        1.7668008727304948E-002
 -0.25372729845668168       0.24410654267227275       0.90476262676595876     
  0.88297718036520423       0.25842483886786877        9.1000725142732445E-003
  0.41906268146055897      -0.22271182989954341        2.1762744365967498E-003
   2.7846500142540906E-002 -0.46613841636451769      -0.67665929880285791     
  0.13528534928087999      -0.70721393324245241      -0.23767796340842867     
  -1.1758971196486996        1.5656673531030700       0.39855635885305235     
  0.20484757475690202      -0.25241047217743129       0.18260415157415266     
 -0.24322811528474220       0.32340113106390389       0.38440275912676375     
  0.30634635469540383      -0.36595982442696307      -0.32322884154024212     
  0.14357760407882258       0.19429178367279418      -0.57523796076828104     
   6.6795713241715557E-002   3.0258174172231273E-002  -5.9014425905523464E-002
   2.8388877906566704E-002  0.27379986030063325       0.15480768091369723     
   7.3502760979928125E-002 -0.12216146302598375       -8.1708626217597224E-002
 -0.11760020371641867       0.26521559868072875       0.47385775521646439     
   9.6251962894552512E-002   5.8157526771457999E-003 -0.11346783347621799     
  -9.2006834880531685E-002  0.17889678704016523       0.43425143519317699     
 -0.43631184202509105      -0.37890238208553267      -0.51431984273483977     
 -0.27126151360447848       0.26555522429452738       0.37495228057898977     
 -0.59574153275924202       0.31496574024864449       -8.5635183205944126E-002
   5.8168453713612157E-002 -0.13428767092596713       0.12168669645692226     
 -0.27853930871844629      -0.37666890751931936       0.10810876162935794     
 -0.24311817395959748      -0.26513963493202602       0.13228073091004364     
  0.12111982809453584       0.58322767617043914      -0.21914751297124327     
  -2.1919719933225869E-002  0.28822753292818298       0.47151224852873641     
 -0.45720939297503810      -0.18532321556990575       0.35975424604214007     
 -0.26756436489190499      -0.14532250367103619      -0.41813193472867838     
 -0.57748190377174713      -0.33835181663526986       0.10524356525364359     
 -0.16360781279624043       0.27112768102744883      -0.17204314140528271     
  0.41690449780684818       0.10947968917080138       -5.0934971284991831E-002
  0.20787734862939494      -0.17715612107083673        6.5463191287786051E-003
  0.10616310026542537      -0.11627132289256595      -0.24989535516341271     
  0.22015933073700278      -0.14569556962981245       0.25117796087472832     
 -0.23853654315796710      -0.40702864398158278        1.2203419309549641E-002
  0.13562102297846021      -0.18144485431066643       0.32243533975118793     
 -0.32873974158731861      -0.29840675859684529       0.17841825984680965     
 -0.27226677495041168       0.14164817030649010       0.30634011710592102     
   3.0671657308143422E-002   4.5456181055986672E-002  -5.0934607136205075E-002
  0.45486086552857596      -0.38724253073929071       -5.0549961649791794E-002
  0.37270224853325079       0.28471840859943404       0.15557536062300525     
 -0.12330790197219803      -0.27746038417933988       0.21950473893590158     
  0.24029847399163276      -0.66601572274884813       -7.9722922890114414E-002
   9.2474964872852991E-002  -1.9254133582118820E-003   2.6424710981930603E-002
 -0.26382070158873505       0.44908788806872485      -0.20712700853409721     
 -0.51666637757567990        4.0540496353207549E-002  -9.0471321097119806E-002
  0.61823990128044815       0.20460753628854292      -0.13593928951745929     
 -0.19335403695045281        8.6462693459967890E-002  0.53146717027227164     
   6.8892282673128774E-002   6.4086615921619031E-002  0.22231069594942612     
   7.2322533035883541E-002 -0.53027528063821749       0.13919714534733046     
  -2.9350616503665613E-004  0.52320550389185139      -0.32272754959889682     
  0.30668596362499317      -0.43039279289358484      -0.15929183426859261     
  0.18398702626762817       0.66461536594248605       -5.8335743153646756E-003
 -0.29435121489006033       0.39661227366219143      -0.45541186426886066     
 -0.43702042460758628       0.38341893575089475      -0.22641610984226926     
 -0.54183506171325302       0.30412675203228429       0.40914219879684727     
  -3.6180654105558027E-002  -4.2633274371594782E-002  0.56473296180815147     
  0.28506472269236566       -7.6375385421089369E-003  0.16564903981029366     
   1.3093919990851095E-002  0.39768728255026953       0.28405713909043101     
 -0.15755556935756304       0.25812697837794096      -0.18237889932990672     
   3.6380607001503827E-002 -0.24199821615546188      -0.31156861602556041     
 -0.19878930464553482      -0.53169098611105126       0.24860962020132940     
  0.22510332438429387      -0.54581595749218337       -1.8262637277848847E-003
   5.3815701057571247E-002  -1.1268020780935111      -0.75827795189344194     
  0.70375561095987538      -0.13384809649449414       0.16069274349353896     
  -5.9376904669783098E-002 -0.37154523834089287      -0.62370166381076575     
  0.25315945621648600       -1.7286414508738204E-002 -0.33802028795554423     
  0.63040278094928481        4.5570287745637719E-002  0.28057842715782233     
 -0.55593829131124373       0.29083851810905675       -6.0443430596929110E-002
  0.44212100853213887        2.2808067715301888E-002 -0.37390763191673138     
  0.25719195958004687       0.38668349405337898      -0.36577307782185026     
  0.40703219406341101       0.15479844101058823       0.56333561314862279     
  -7.5516864410843779E-002  0.42509207483262035        8.9384439985416037E-002
 -0.24897427982735373        6.3051679099367902E-002  -9.1785845050966042E-002
 -0.26798463953900964       0.26553084256939241       0.34757917799807253     
  0.32534641155165067       0.40012119457198309       -5.9386538307589859E-002
  0.50821733534078917       0.42791806014141487       0.17836591791843184     
  0.25531269735360151       -5.2370026846244158E-002  0.15838014470578063     
 -0.16251577464393716      -0.47232488953656054      -0.12614278725456640     
 -0.42107990979578419      -0.17901978213810735       0.32119686499590500     
 -0.34587104479736769      -0.45310322574592610       0.15550388036424009     
  0.32665679893311506        7.3439695563269361E-002  0.64933500625950746     
  0.15291136466189223       -1.7055400549988706E-002   8.7704034739753300E-002
   9.6881281946758768E-002  -2.0631510095271029E-002 -0.57640492160566759     
 -0.32599409769476728       -5.3102524084412801E-002  0.45513737186809905     
 -0.10719925626342848      -0.30139919662156833       0.54925542811833872     
  0.18740598782846579       0.33286508205565718       0.52636436447710111     
 -0.10427746650414950        1.7891907290144012E-002  0.36623648479736848     
  0.20404354091148172        3.8219543056956434E-002   6.5306329468325139E-002
  -1.3647307779872640E-002 -0.52209259646647532      -0.28634053048578167     
  0.18105940679269847       0.37506065546760392      -0.61887818860058108     
   4.5472546936908040E-002  -1.9056437518770279E-002  -9.4568784740432746E-002
  0.34874688645401569      -0.47668941925713715       0.41719452082097103     
  0.53356697210010018       0.37406499390701214       0.20692441319627308     
  0.61345406009913195      -0.28881226609599658       0.22326168507757699     
  0.10955660194470213      -0.65336137937016803       0.16306906106651947     
 -0.61594280618784536       0.23987281465196275        2.7528581337776650E-002
 -0.22705348573148185       0.33014079903885896      -0.29939302091292264     
  0.27125933974289956       -8.2811210203344823E-002 -0.37883075684231116     
 -0.50528000430954134       0.24041831815808035       -6.5531292449511322E-002
   3.3480000204651930E-002 -0.48982871631887936       0.46314881059190638     
  -1.5581553703970293E-002   9.6168568257967033E-002   5.8120714164381651E-002
 -0.14239801250967321       0.23011627627802919      -0.18762543132536902     
 -0.68249771020000738       0.10593545526311443       -6.8706790181307063E-003
  0.46522470575792374       0.12968878192281438       0.18732592367633460     
  0.18580108126848574      -0.31837323585609451      -0.31902367382589264     
  0.62388225740822234       0.11984236145829147      -0.16355461855902620     
 -0.29568042788417481      -0.31355844302944869        4.2012251701069286E-002
 -0.32897936089650848       0.20465071645252045       0.38040462061132840     
  -2.0924507289504353E-002  0.23616066182885234      -0.25432573778053175     
  0.13207339375039165       0.10593781609514684      -0.48029479975242018     
 -0.17197329732268687      -0.14847718881837232       -3.0729738342613467E-003
 -0.13695693637576312      -0.30996149242286825       0.42243958990601388     
 -0.11029211818919582      -0.68049811989982667      -0.10174246787221863     
  0.15404398269780761      -0.27544346359882443      -0.44386049951928913     
  0.48660371039106465        8.6658048010646874E-002  0.32262878426674368     
  0.14876866125144531      -0.45136141250216766      -0.10287727650293008     
   3.3564172030338610E-002  0.35692422607630142       0.11948745524240978     
  -3.0834579380711286E-002  0.67683698320285557       0.23926798963109894     
  0.24562545333209451       0.31854403501576845        2.4503530819216812E-002
  0.59653497526585719       -1.4639721930932674E-002 -0.14408183144739592     
  0.35128801076726440      -0.58661091143680544       -8.2054987205428684E-002
 -0.52074324580204479       0.51474608491744778      -0.48743255562069826     
 -0.56196095878358343       -5.9286882000021426E-002  0.18437399618308609     
  0.33418715718429942      -0.15473707036489451       0.15178183543648230     
  -7.7979884708043734E-002 -0.26496323883260559       0.20983702984854810     
  0.15316382686752966       0.10661902971605511      -0.48739996067895514     
  0.35521403929339518      -0.19509549568802301       0.48586006553521566     
  0.43139867200349546       0.11914923912173461       -4.0801903400770174E-002
 -0.10842000016361279       0.59934440619250584        8.8638157651153890E-002
   6.8897197742789226E-002   6.0265687553895282E-002   9.7922803766535990E-002
  -2.0966745724472345E-002  0.65234077749757424       -6.9320510443244540E-002
  0.30832885805486238      -0.47565501424959195       -6.2621659335157634E-002
  0.32216463792459743       -9.2081053477090155E-002 -0.26110046554659494     
 -0.23574301349960791       0.27801230271742366       0.49972854164818453     
 -0.21293103607574373       0.42519516295330440      -0.20302712232540193     
 -0.18025531388702470       0.26896666324658952       0.33645142828001362     
 -0.30218030783154881       0.37272402520148812      -0.54661660724388983     
  0.39332339842091996       0.16235162968852929      -0.35637453728417035     
  0.23739153234149415      -0.22623118603508768      -0.32984044136984109     
 -0.59865247835717483       0.18755842045232365        5.3744387367048098E-002
   6.7143948766394110E-002  0.45528300456047643      -0.18458790394995983     
 -0.30498641690227590       0.51149690641069345        6.5779288423015447E-002
 -0.26241588612374367       0.25319613748415359      -0.21808140574561824     
  0.48094973701748212       0.33197673993401910       0.23017544635974566     
  0.57932156653868339       0.17664911666550309       -8.3889189432888825E-002
 -0.20762368916757185       0.32764654509446128      -0.25886504440364799     
  0.20905252736893476       0.30021428272138784      -0.28512336017061723     
  0.23999303154425164       0.14183656119834909      -0.37987308248007717     
 -0.54906324135237095      -0.10583626686027946       0.29581978278988952     
 -0.24067790347694365      -0.25817844133460771      -0.52729938733127046     
  0.22430320505763321       0.11962968600003474      -0.39074690756819053     
  0.30538949752850575       -7.6008062732841275E-002 -0.32421866546539441     
 -0.18202399108720296        1.2553345951914246E-002  -1.5412715773234869E-002
  0.38477868908040125      -0.50347879378830740       0.10440268960081621     
  0.15402035357559055      -0.23020448063569379       0.30793416329856499     
 -0.43985059324815029       -9.9193577185975185E-002  0.39064350408183734     
  0.42189469395542584      -0.32516804200044541       -6.4595536638350770E-002
   6.7721553277875560E-003  -4.2324716210256366E-002  0.28957587918664429     
  0.44733204944940974       0.10163755129824181      -0.34402749238749658     
  0.51648357128927369       -4.8501885229662263E-002  0.24255452670263983     
 -0.42502789621825077       -3.9762764038549940E-002  0.37419798682342553     
  -9.9378659374965636E-002  0.36899966089056246       0.33559914422311748     
  0.50310150719654023       -1.2565097094214046       0.66504730239729293     
   6.3943814383911654E-002  -9.8171384560286234E-002 -0.73999861786587151     
 -0.15112392247542486       0.49527505714816650       0.34229409712961051     
 -0.14287268071693662      -0.33047255791270080       0.22339738425103864     
   1.6835186641983257E-002  -9.1556719762221406E-002 -0.12627914984119357     
  0.36508591542409063       0.10114751639699111      -0.10772213138551831     
   6.3258728180700136E-002  0.47162710274714204       -1.4819844399085314E-002
  -4.3720980549589415E-002  0.57242810477382777      -0.36619284573076394     
 -0.45952542670268376       0.19734610860219798      -0.46244241782323475     
   2.7595463017299895E-002  0.43827591522724102        6.1271801919447991E-002
  -7.9908642897949383E-003 -0.58807600990713749        2.9564834855462494E-002
  0.29695651885594576      -0.24216651746297951       0.30655581417331623     
  0.18056297926216355      -0.52062845498228194       0.22374306247865500     
  0.31625360831799426      -0.26428919389684541      -0.32429116953871956     
 -0.54819411886778391       0.26901628025613700       -3.2834007831262254E-003
  0.67145188829667912       -5.7028339598463082E-002  0.16798018585618987     
   1.9226350349837720E-003  0.13322784895907344       -3.3164077582772428E-002
  -1.1297383921742184E-003  0.56941153758430296      -0.11482026620409824     
  -7.3652885040351126E-002 -0.56700756688731258      -0.31481410786298353     
 -0.26908243960897771       0.27376529044648695       0.33973888607551311     
 -0.32290140270521300       0.26026709433054918      -0.41479836867481307     
  -2.2876749558184216E-002  0.46511859368214564       0.21380898142998966     
 -0.40129258389570621       0.62395256642209440       0.24826538991626002     
  0.47795799196962263       0.24402172201395905       0.40900105694562638     
  0.29086353891798034       0.17418625652088821       0.10829618491297985     
  0.37787955987931959      -0.30131386327480181      -0.35075287857346155     
  0.22018781266569101       0.54073605703811911        5.0037462504226894E-002
 -0.17980774918109113      -0.16782379757045129      -0.39100399675069147     
  -8.0987237233109452E-002  0.28556605222653164       0.33839142558419821     
  0.54271400399284930        6.7495185513511510E-002  0.30549287729245223     
  0.41442659365260542      -0.36047577274779291       0.32097050632266794     
 -0.24948816804652499       0.25334161159940777      -0.25985287928150547     
   8.3217798504365670E-002  0.49760519227943573      -0.17585391420107757     
 -0.28844849323629962      -0.22943189601508665      -0.62244322075055269     
   7.8741925848554595E-003 -0.56520068012435332       0.28467859034852827     
   9.3207155975022465E-002  0.20678059650060138       0.13195142271631025     
  0.58609090465532632       0.16075896256425820       -8.3470521532139116E-002
 -0.51552035284936160       0.19620996433339330      -0.47774833613098922     
 -0.21026354194013058       0.26314940891160316      -0.20022610691388273     
  -1.4348349209326351E-005  -2.8354855366749070       0.21468997756091560     
  0.36914508303727694       0.11745692079274432       -8.8836517445393642E-002
  0.24679614642384393       0.32850993096433551       -7.6239845489538853E-003
  0.11907497207330145        4.7008305368383768E-002 -0.36457167798892864     
   8.0842408797916793E-002 -0.14952097086546981        9.9688244305137591E-002
 -0.12171255850278678      -0.32098650459289868       0.17527074700473905     
   6.2627284846434803E-002  0.47784906706888214      -0.17654463801460007     
  0.36834850155575044      -0.11979114543901188       0.25651916375998762     
 -0.42309099306443287       0.56787281598454364      -0.14357841348568653     
   6.4377404517933792E-002  0.43346219007513836       0.18524004421320669     
 -0.13386956802215003      -0.57238266482040467       -3.9201013686349151E-002
 -0.64255051696499677       -6.6621536040327750E-002   4.1666662235311791E-002
 -0.61396098559084789        7.8232377444953899E-002 -0.36630480506734181     
 -0.19640104015079607      -0.54353297853541505       0.37585772995180727     
  0.20391510033052543      -0.58742148638382474       -7.3880198804423008E-002
  0.14117683388205385      -0.18726567607902153       0.34446972462576469     
  0.51699656829842400      -0.23511171051737023       0.36981174755080126     
   9.6480693361766082E-002  -6.1252253578910530E-002 -0.44366888173397251     
 -0.10933852163270577       0.35642619519362007       0.52726929999333216     
   3.1199968875505486E-002 -0.53960624228335818       0.18115038519004417     
 -0.58447496809990751      -0.16014705828933373        2.7851569561834856E-002
 -0.53479847462848773       0.32273769749018338        2.4964315976085290E-002
  0.14966162275934167      -0.42322488821461735      -0.31302746965098005     
 -0.11806256532395318      -0.29241160988318954      -0.20518723950018586     
  0.23147346023761295      -0.31007491980248292      -0.19200712849469154     
  -5.2809708156465691E-002 -0.47237017299855621      -0.43525609589276643     
   9.9094692386676675E-002  0.19995867394147823      -0.32533614980124204     
  -8.4425559959542526E-002 -0.57604037987266421      -0.27519504289081947     
 -0.32440893244691343       0.14168731491683101        9.7215874620493595E-002
  0.54166512273104983      -0.23158813051731747       0.16219428401019931     
  0.25476310559488996       -4.3484260434120139E-002 -0.32358308895855115     
  0.11830476223866597      -0.44990265555945369      -0.11734776816819080     
  0.30261100567329102      -0.49374274035072607       -3.6762828008373508E-002
 -0.14185194011751462      -0.35279843600329425       0.23513955548410054     
 -0.59255615137429518       0.19320709973281994       0.40154160565179803     
 -0.52012323003976058       0.43091176259946395      -0.32376742070040415     
 -0.45142088463959523      -0.17757722371703308       0.33134045186572381     
  0.46737420574323302      -0.20631725623982305      -0.13279309810676640     
  0.27774666256286273       0.15435692567123974        8.9191047161555469E-003
 -0.42873155239254357       0.22743011827044360       0.11393912601271848     
 -0.18001652772189194      -0.55271079668709633       -4.9755284899917054E-002
  0.20826393201796212      -0.17484632574616552      -0.15303700800145431     
 -0.33913732658689788       -7.1185492882622506E-002  0.43376697463349384     
  -8.5744123655298633E-003 -0.29674577844932043      -0.25753449127999767     
 -0.52964879266275278      -0.15980299462445863      -0.51860559378632798     
   3.2377077715410291E-002   3.2908821411612096E-002  -1.3828234104339740E-002
  -8.3781269034750985E-002 -0.37059773042679817      -0.61742177930811226     
  0.61938479599390184       -2.3656682950331357E-002 -0.12689187447475794     
 -0.10074212276837902      -0.53999039123163872       0.91249698027709492     
 -0.26694299803252541      -0.12121093821076222       0.31960918100935692     
  -4.9987595556372347E-002 -0.53103258094824990      -0.35052527215432366     
 -0.60146848605430980       -7.9088240606098342E-002 -0.40638684596990593     
 -0.55182133127380606      -0.39314443658396325       -2.1420715670521621E-002
  0.56337109753409131        1.5895947496597475E-002 -0.23485726680543184     
 -0.68530715097556638        1.3872442350430933E-002  0.15713257236495851     
  -7.0858019376703815E-002   5.3274565283351880E-002 -0.62233574217759013     
  0.30569260118523178      -0.14378192072258261      -0.67082096780204370     
 -0.57105575215128135      -0.28078569324732849       0.26951365905737307     
 -0.69488908276084971      -0.17482271131690097       -1.3293244033663274E-002
 -0.33805064453617090      -0.36918344438083034       0.12794209916458094     
 -0.43231634884951198       0.14531161488644834      -0.55904347545327271     
  0.37748453659120251      -0.14808778227938058       0.49921533351644176     
 -0.28609031700984661       0.51386830761124958       0.18501960816174778     
  0.23316769684810823       -9.3242493538225737E-002  0.91994793465526248     
  0.26344459330384939       0.29179479824121413       0.36927828267361029     
   2.2249222821033126E-002 -0.32775683192549937      -0.40249775557986717     
 -0.57075271902782632       0.43191121418222744       0.18044225211777443     
 -0.40485159333622600        1.4154176511646948E-002  0.27013249368523096     
  0.54210964383299265       0.48111330463741991       -8.1145399983488881E-002
 -0.13657845236152982       0.20716050856028609      -0.20694213684525181     
  0.11127629983703687      -0.67422643820846240       0.20111967127248262     
 -0.57899454882976742       0.15674540531979489       -4.4180825836673092E-002
 -0.24690657633647800       0.32323947577068524      -0.22926987797193341     
  0.15444634714058028        3.1747826929187088E-002  0.43855358557960894     
  0.42920220139685106       0.18824233001809146       0.13476494293437380     
  0.15260358382611341      -0.33459702714217326      -0.27727805640457992     
 -0.36682684989875142      -0.22437232207507860      -0.14952070462424866     
 -0.50087518392151842        9.4854649878427358E-002  0.10440104876971187     
  0.53603645745171713        3.4863350915854907E-002 -0.28917434980245532     
   3.2483985620385493E-002 -0.45765508213979755       0.34271111946592847     
 -0.22649402296581975       0.28346110238843830      -0.23475123508547988     
   4.8346771849427671E-002 -0.27743021657296013      -0.24287568515550673     
  -7.5070191897003313E-002  0.51082964581053414      -0.39235814939957420     
 -0.20513548288287292      -0.51558602722388058       0.26631451052600141     
  0.13943205815380172       0.53041431656619065      -0.43444466365511947     
  -4.9705246516499324E-002 -0.23805351361743815       0.29536529779520870     
  0.14809619842684166      -0.32890514336754262      -0.52115855416727741     
  0.47324616657018764       0.11980177616882963       0.37095961281974560     
  0.32980328956008731      -0.53763843826878843       -8.5274963889113653E-002
 -0.19929976182172821      -0.34419388823060054       0.18180846458523367     
  0.50840079211754363       -2.4559613805000931E-002 -0.51655578360926702     
 -0.48784718139228472      -0.37676791248452662       0.14554409839749158     
  0.23730311280784003      -0.24419123570168902       0.21433592956550720     
 -0.30055036343122687      -0.39530520601722435       0.26231443250377390     
 -0.59009160178391351      -0.36411665062333526      -0.12251534249892541     
 -0.19193941895002181       0.36761358602563471      -0.27598501066973108     
  0.10988516568590878      -0.48162358665664884      -0.18295172612735613     
  0.46792006360057448       0.31858651381182479       0.13391011830355529     
  0.56312311945366511      -0.52639448158840729       0.24742743132045714     
 -0.31713203646525734      -0.53849203944317503       0.13592625548511317     
   7.3166822755603128E-002  0.73083074656937597       -4.0141128713882526E-003
  0.36382270735865002        5.5883040789692320E-002  0.62351391427082292     
 -0.35813745064734992      -0.44651927199107738        7.4503686944668353E-003
 -0.34262147857004255       0.51901533473492223        9.9782534409308288E-002
 -0.31436892539708444       0.54968405825621391       0.19356127522830641     
 -0.38774491446853510      -0.51357423573646521       0.39189935203858767     
  -6.4100741993081412E-002  0.37059206924125232       0.50114279761653857     
 -0.27555337624036941       0.32674333845998765      -0.31330018729378512     
  0.61781486639006533       -2.2975284049316903E-002 -0.15620450850522630     
  0.27090591915060452        9.9869408853544187E-002 -0.37899371607678534     
  0.71007663524142017      -0.13804971954524783       0.16804404133620127     
 -0.16872604505101524       0.60680620817376330      -0.10911469886390127     
   1.4892708797168431E-002   7.7448936986314512E-002 -0.40707207039797594     
  -8.1412767209482744E-003 -0.52192903540068258      -0.28093267565751534     
 -0.36789049829797493       0.15484984770700425       0.23643525796670001     
 -0.50103851327945503       0.67893402152160509      -0.15756192236089644     
 -0.59043719181268195       0.28975301444873652       -5.2311866599805225E-002
 -0.58736244818704908        7.2705177438721971E-002 -0.33892838333908587     
 -0.22798212471286480       0.31274819024333994      -0.27358430449022841     
 -0.36372816596846941       -7.2077918816910780E-002 -0.40903409647400590     
   5.7124688597823624E-002 -0.35859916423490418       0.23957283630040618     
  0.14569730631893615       -8.8124490686535245E-002  0.57102840584408809     
  0.20787274191156618       0.24372007027715617      -0.66344834079025139     
 -0.16369564100721160       0.36497528173318050      -0.21692393644555594     
 -0.48709480645762310       -5.8605287326777389E-002  0.40809912620491984     
  0.18521040688766224      -0.24996652226753224      -0.13954787239557290     
 -0.21152264871947976        7.0467253768620149E-003 -0.52714539388260839     
 -0.12883858918968774       0.49439442924606802      -0.40918946695323632     
  0.43109820720294262       0.15390559600136283       0.44065418571940856     
  0.12249818634244369       0.29221661445435571       0.54696422029071146     
   6.6293156920231664E-003  0.10900850500306331      -0.10440021909011445     
  -3.9786364247388711E-002  -1.9649038401795587E-002  0.16435029566456655     
 -0.30686617770316510       0.16709550308444746       0.11195946838909990     
  0.43463080077647359       0.37739935172021000      -0.20977683838434208     
 -0.11910678478020811      -0.31435511286901718       0.55086055167691772     
  0.47152824708851682      -0.13293119536951234      -0.16879850228297993     
 -0.52088220514289907       0.28868724001439705       -4.5627566545857798E-002
 -0.58277849321083641       0.28970289911314012       -8.6835416094430407E-002
 -0.31671767524397837       0.51155779815172986      -0.34365870142009741     
 -0.21891860176994299        1.5779717694783486      -0.35571775050388937     
 -0.20117308456459806      -0.45510388227271514      -0.66433438265633327     
  0.10738990956450516       0.12137515735199091       0.26172215770580592     
  0.10609921621053384      -0.18326758662115125      -0.21452679410488540     
 -0.13034032533387024      -0.29457470565959420       0.23192327622510173     
  0.36005755965961506       0.29960085301018530       0.50629637601935107     
   9.3138698479292820E-002 -0.12754191299636664      -0.56032481364548481     
 -0.24619377660325997       0.32104480913339994      -0.30831927156198918     
 -0.24665599235840160       0.12000973252837414       0.33648198916475147     
 -0.43027076543964554      -0.33182626020373057       0.37839402535910488     
  0.66345684183884768      -0.13401130440750769       0.16514259612747370     
 -0.34200217014756856       0.27626050334682611      -0.51243384848546647     
  0.17009397125508791       0.10135517462424434        8.3577334337365639E-002
 -0.61650780016969631       0.27709566684030817        7.1125603774584323E-002
 -0.26231495154384493      -0.31575418562280866        1.2362362992157696E-002
  0.13649666983889772      -0.38292045619502890       0.65569498541025284     
   4.7220827074925767E-002 -0.30631744009455286      -0.53147635683423222     
  0.12836236848601001       0.51359021823357043      -0.40367332287710711     
   9.0844478266233097E-002 -0.52823276989532930       0.41652295278991958     
  0.20827559345934693      -0.15818182064269581       0.27808072711569015     
 -0.40034595528931505       0.10863534410600821       0.26214022123317099     
 -0.47087742568675461        7.9821165089859161E-002 -0.41667244361486649     
  -5.1871536809347793E-002 -0.13788793076775449       0.10679196725776219     
  -9.0418103613701672E-002  0.23417379707124569      -0.10292155376714149     
  -6.8749439099151585E-002  0.62497020988446406        8.8504333504555541E-002
   5.0425069858420442E-002 -0.27511028612928035      -0.24147697103635324     
  0.19997984636958260       0.50854844125294840       0.29438830653148007     
  0.35531453415480863       0.10562081873121720      -0.11323784199305142     
 -0.19727539057239599       0.47479519006094534       0.21469139500116710     
 -0.53348286024146363       0.18305716687531509       0.16136095995141558     
  0.38856278593288240      -0.73478577448838545       0.95442498133432030     
  0.30326981105283557      -0.41065084307877525       0.20310469264082209     
  0.51476807849181938        8.4338479728709101E-002  0.30483979231657188     
 -0.31869928061590913       0.51150263731435508       0.15592922615059274     
  0.33969178366473995      -0.12373577398559855       -9.9234066819586755E-002
   6.5317148060316660E-002 -0.15522414921645608       0.36101107949346362     
 -0.59100748174534201      -0.36351003407326482      -0.12163968612325572     
  0.47429322911256822       0.39168151073359819       0.36723690606244724     
  0.11823096457923973      -0.31696525235830042      -0.15590095088182992     
  0.37380546879113474        5.0796720702049936E-002 -0.12876724996944861     
  0.67249022395140945       -4.1113570786031450E-002  0.17466676144455373     
  0.22776736557866040      -0.20114682182219859      -0.32668006237616970     
 -0.27153072481366247        1.8218262006113446E-002  0.50376689120649709     
  -2.1985822607990757E-002  0.58961520063357553      -0.23667201646269859     
 -0.20590754902239206      -0.58068913034240721      -0.28326731803447991     
 -0.26652238740146422      -0.58411686324733370      -0.26890358572834994     
  -9.3089830620373668E-002 -0.31120971990938701       0.20587939831373703     
  0.16959230966953581        5.6699306913509669E-002  0.47573445501296741     
 -0.56470952829339138       0.35383566583343989      -0.19444929964402058     
 -0.14602044503148770       0.38572309183925169      -0.29942023897715958     
 -0.14766751842472156      -0.19804711643029174       0.42524738848792809     
 -0.21879619126354272       0.28718129999703162      -0.28764931716201469     
  0.20742028710937180       0.47369298693823492       -6.1602241899279507E-003
  0.32737890027434041      -0.14231279986717757      -0.26745710382873783     
  0.64740011876007109      -0.23765800209901797      -0.17521308507084343     
   2.8557559365064347E-003 -0.28815394239864661      -0.16075346331763365     
 -0.54811354012544156      -0.38103732552162972      -0.10905506234971091     
 -0.36615275546744108        8.5528575918569771E-003 -0.17163379268219184     
   9.2690069286157112E-002   3.5508278120951489       0.41075100775432843     
  0.10417088050551522       -7.4954265715553622E-002  0.17099281491718454     
 -0.42376658725264449      -0.17774341734750657       0.32962095942452646     
 -0.57885566514149700       0.18819526252174906        6.1726420464075692E-002
  0.56850622659786176       0.16005284083973759       -2.1099319825358932E-002
   6.0060026221865750E-002   3.3643379878079756E-002  -2.7753055631844766E-002
  -2.6757420920516656E-002 -0.30944118068640469       0.19758547773803523     
 -0.44061093258195194      -0.28608153157334693        1.7003844265463492E-002
 -0.58038561979818104       0.29530582297515029       -9.3787542548366049E-002
