 -0.12555248778304179      -0.18088295625264694      -0.20457975542106982     
 -0.27150620180337537      -0.15216817318983847      -0.15065220854908110     
 -0.17457524726887300       0.15006064466606500      -0.15154029860568835     
 -0.10025792556407978       -9.1184028444083326E-003  -6.2782900196097238E-002
 -0.20106480439559202      -0.13610796014172025      -0.24355368404351274     
 -0.20241842384004052       -9.4129735216038457E-002   8.2006237698942941E-002
  -2.6852574182310192       -1.5053467329569867       -1.9575459563632072     
  -2.1249182059395761E-002  0.44134940118435489       -1.1960589185701300     
  -9.3385651614283152E-002  -7.9099685318185092E-002   2.1656536289571968E-002
   4.0799926529148278       -3.9895259429071017        4.3044724170420219     
  -7.6864818844528393E-004  -4.4015879275341951E-002  -3.3075879848941662E-002
 -0.12404987792254807       -4.9628059323218378E-002   3.1930478359641301E-002
   1.7842181310454921       -2.9465843642355014        2.6096332066689083     
  0.12812625625704688        1.5564721049516658E-002  -8.2888661712178777E-002
  -6.1199778366142030E-002 -0.36468607994260682      -0.17226301949861891     
   3.0731843040725662        1.1948636564767250        3.2070751691620054     
  -1.4031159264686899       -1.6023453547067918      -0.46050423054522671     
 -0.96411840134694138       0.13318053343409519      -0.97514539060181982     
 -0.54223262325405397       0.69040056379446801       -2.3368181684276497     
   2.0966463868780574       0.34720959729324791        2.7581646188946918     
 -0.19526495961827736        1.7982088836652206        1.4879014317189612     
 -0.72689563441750116      -0.64224078038525512        1.1040176720832910     
 -0.18197990265594824       0.83419318494037342        5.3999061146058958E-002
  -7.5947291692715178        5.5253314854580440       -1.8621576112659990     
  0.73746383149048056      -0.22772380060260600        1.0887986983794917     
 -0.21680275687470876       -6.0560421107511593E-002  -8.7653351734990947E-002
 -0.12363880344882885        6.2480196178487692E-002 -0.18643955652425642     
 -0.23906188847865917       -7.0984141244327920E-002  -6.0382073604242581E-002
   1.0626184923479072       -2.9894610151746641      -0.11110059863891772     
  0.16940935554632655       -8.6472312427945799E-002 -0.37151169555435848     
  0.65245736765381290      -0.51078732103234081        1.0506458209783092     
 -0.10519845412215814       -5.5785056219133919E-002 -0.11038276312573961     
  -1.7515699368110511       -17.299987293865190       -11.335689891151004     
 -0.20846227790911023       -9.2428687497728396E-002 -0.15920356426338353     
 -0.10570205698729970       0.36233979484332357       -3.2892281459279929E-002
 -0.36300096745876737       0.46990736137298084       0.12980753915163024     
  0.35348949881844938      -0.76848282205059892      -0.52385483856533788     
   5.3706984460334901E-002 -0.30376267474795332      -0.13041959846363965     
 -0.16671997266459709        1.3166476562037031E-002  -4.9665180312234592E-003
 -0.10044923168675883      -0.20013283541946861      -0.15608955317477397     
  -4.2928627621455114E-002 -0.33239511102719443      -0.18899558325458607     
  0.91024026674362490      -0.38380671255096721      -0.54670553242205699     
   7.3033173185083275E-002   1.0339023657191719E-002 -0.29062971950181016     
 -0.84258665783212972      -0.84439486061870062      -0.86161417357406134     
   1.2514075133656256E-002  0.18956113576758390      -0.17655907736496257     
 -0.45309536766224057       -1.0565556825118287      -0.38484751567760550     
 -0.19626884613961992       -9.1539465174184959E-002   7.9664020324674234E-002
  -6.9598740321505967E-002  0.65170638821092219       -7.5333588118295575E-002
   3.8629257587907972E-002 -0.18761243492169555      -0.18402504590778992     
   3.1760957827128200       -2.3742783373012202        2.2725137079406990     
  0.11523156091640710        5.2018976108445136E-002 -0.18385262469832758     
 -0.71642985485440214        2.3341437049484837       0.48511673041801817     
  -8.0565910098184271E-002   6.0117397990876377E-002 -0.14591061293185156     
  0.95712816917314725        1.1337235326831352      -0.47469279417522431     
   4.7366442889424945E-002 -0.16936698684173335       -1.3571654123915601E-002
  -7.5401941046488688E-002 -0.19326605543374559      -0.11173579270089713     
 -0.17124644663754313       0.11921602182358089       -9.3445914184443771E-002
  0.63004977094363079        2.8086912370296746       -1.5741858435709322     
  -5.9875382809745602E-002  -3.5804125285435820E-002  -3.1733201347048531E-002
 -0.22482071830091346       -7.4321402246324428E-002 -0.10666305802879816     
 -0.11033273513787763       0.30492180858169876       -2.5297329860779122E-002
 -0.19715090674624072       0.39173767842034241       0.24831228614722728     
 -0.10729636453021840        4.4633005650703758E-002 -0.31906289241785984     
  -1.1411894743023900        1.0830456987423969        8.8896206788595555E-002
  0.15468724638981027        1.4310096863820276      -0.37461450821957221     
 -0.33964224610022831        8.7585699446416036E-003   6.4879295852486351E-003
 -0.22220754973851778       -7.5043394810884678E-002  -1.1640353281042381E-003
 -0.12910244383617170       0.27960500247937298       -1.4607673886625561E-003
 -0.21403314119579081       0.22196600675093231      -0.11989253839317954     
  -2.5012255022159251       -1.0930706037813607       0.33920718543293182     
 -0.22750789032478705       -6.4941790832427220        2.5582573597342226     
   2.8314130762321640E-002  -2.7121453272643210E-002 -0.24514210451401683     
   1.9304216072661837       -3.2366363310925550       -1.9022258325213857     
 -0.19342040241809308       -9.9047623515844604E-002 -0.20979463232124315     
  0.10377685986947308      -0.28571787730122084      -0.36552819212358639     
  -2.4140591995189566E-002  -8.9246351538697949E-002 -0.35757722817614840     
  -2.4437132425641404E-002   9.2622925422608055E-002   5.4605636811749219E-003
 -0.15910698722964781       -6.0707460111145688E-002   2.4986993816725624E-002
  0.10073958459446011      -0.53484988007830592       -1.4154240580588526E-003
 -0.23144242123488884        2.0054667205182189E-002 -0.40234298411149821     
 -0.85880573182671149       -1.9564813754639974      -0.45583838373794966     
  -1.1616568474659577      -0.81914155436738512        1.0833720554512247     
 -0.16661816038200172      -0.23420566579299598       -4.0384867159459853E-002
 -0.19539844222950933       -1.0146605131064068      -0.46649930596834172     
  0.61050770667875465       -1.2337752094661441       0.11450424718122929     
   1.3221124276775649      -0.41537999739800985       -3.7149616099032476     
   1.5459069422539924       -3.7467939246402491      -0.66474181659061859     
  0.13716941808106017       -3.1321364872095914E-002 -0.16224970136341763     
 -0.58478995080346263       -2.7888302063709269       0.35538767787098030     
  -1.9361163441148435      -0.93620212575275008       -2.0674158204754760     
 -0.17533765593743705      -0.17024827585092323      -0.13514340674336134     
  -8.4533774350825638E-002   8.4911270540353537E-002 -0.13863538583967983     
  -2.4577141765067242E-002   8.2692807870728663E-002  -9.7722006829318253E-002
 -0.28190035890974879      -0.17814559756682311      -0.14055770652481453     
  -2.8169744591675240E-002  0.14048936323631592      -0.21785391171864299     
  -2.1817746163937182E-003  -9.6775682176575034E-002  -6.2041944309111439E-002
 -0.18026697291250474        3.5391136917168886E-002  -5.5193946665253249E-002
  -1.8441572411649922E-002  0.12204818949304348        6.2183360967081082E-003
  0.25650443613346274        2.5181174570802090        2.5288044148497786     
 -0.22231643899123374        3.6105421348252162E-002 -0.12669341462775971     
   1.1251244993674667       -1.9966639185276898        1.0634714872982503     
 -0.20623112306598956      -0.11206401690945127        4.1050814647249897E-002
   1.3123601666695706       -1.1989923851983728      -0.77423811782692364     
 -0.35442268928277759        1.0866845331013213       0.27729175516457977     
 -0.16044824806156405        1.4138406543121873E-002 -0.14248841856819264     
  -1.1515079291021195        1.6707397821569314       0.78438340992047340     
 -0.17762035839144905       0.78869746026307619      -0.49776921133694174     
 -0.18588508959686692      -0.38466271246689393       0.18299411850257311     
 -0.17275266870963990        4.2576318169799399E-002 -0.28968020570719222     
  0.94868270889147299        2.3815889564701074      -0.88460555869260105     
 -0.50826435532797209       0.17214084362686569        2.4041349467795039E-002
  0.13809496261392568      -0.31018526374181826      -0.17526126786464077     
  -8.0921717082954508E-002 -0.11988487804541600       -5.5996024943120823E-002
  -1.9444688276315385      -0.10955110379485038       -1.1772264739978091     
 -0.21688422901160664       0.73702370801794748      -0.25689396552626576     
  0.68378789906954729      -0.67432401381256268        7.0812548323559002E-002
  0.38939355445213025      -0.87753290905619730        1.8985522285841219     
 -0.24779154742349296        2.2330776347223302E-002  -9.0541203259472181E-002
  0.16076067559326709      -0.75795035849216696       -6.5085931742789552E-002
   1.8247907550199622       -1.0308837903342976        3.3018469289995931     
  -1.1248835673922757E-002 -0.31147814580336125      -0.18782310147512898     
 -0.42640330219609152      -0.49051750234879526       -8.8500424170659231E-002
 -0.25337011681456889      -0.20597965942288424      -0.13371142170159744     
  0.38698508746748755       0.13433436381250413      -0.45245286470160456     
  -3.8347540414892323        3.8640487500329193        5.4373206104150098     
 -0.55491459772425966        9.6278741895307121E-002  0.14745690455608484     
 -0.93267816105317769       -1.2572489950926395       -1.0761201715730981     
   4.0168420948510100E-002 -0.25535445852076882      -0.36802841781558332     
  0.99233972635977774        2.4532598789261346      -0.94074624951474373     
  -5.1508925339005494E-003  0.15685730113609647       -4.9216338257195714E-002
 -0.64552909310127327        2.8007236600079097      -0.44553405006231100     
 -0.61250227485027853        2.5145635520538256       0.40647543911876116     
  -3.2370897031305246E-002  -6.8873727294427256E-002 -0.12991252959584490     
   3.5194969058061671        1.3809147394536174       -1.3719240525649303     
  -5.6573715859242674E-002 -0.14176224705782572      -0.47937679314570586     
   4.9959339468212231E-003  0.24077353602364923      -0.28886347541583440     
 -0.21838529044926641       -7.0737539742966621E-002  -7.8540057821799736E-002
   3.4518856162332789        1.2219006827184578       -1.4037107359748320     
  -3.8927544585674594E-002  -4.0359462639044774E-002 -0.17541835963213229     
  -8.2685223581890427E-002   9.1066264095644014E-002 -0.28229695308861336     
 -0.33245667363692816       0.13405374496809003        5.8501508085249787E-002
 -0.12040043090627843      -0.10400528614067672       -6.1570025264016177E-002
 -0.23847111494468734        3.5044505449399098E-002   1.4804023852313736E-002
  -2.9070939644023769E-003   4.4199664078712529E-002 -0.22764994302181651     
   1.6694514736780119       -3.9811943121904889        1.3798605183064931     
  0.15099558871256791       0.10260848097232166        4.0383562731471936E-002
   1.5790882554702823       -1.3886391813589027       -2.6326348954546708     
 -0.25685221693398291        4.1201133128930083E-002 -0.12595008071178204     
 -0.54727246143431763        1.2969072529984782       0.56929771208746116     
  -3.3115222947387641       0.19008463898625397        3.7557384179984217     
 -0.27102179570117851       0.17277918181718172        7.3437401179976727E-002
 -0.62342211535671899        1.6155974937883524       -2.4375569465182978     
   9.8080657467898721E-002   5.9368410157859680E-002 -0.10332021928878204     
  0.38446543110672160        7.6262284074663247E-002  -4.3086802894675591E-002
  0.13518163519039211        1.9045325463013307E-002 -0.32352295390398933     
   2.6884781618149103       -3.9400815329220393E-002   1.9255831068068083     
 -0.17342403160878758       0.29449184862896000      -0.24774514203075049     
 -0.35615698029847731       -3.1299849412007061        1.6987031403258106     
  -1.2975352829790598        3.8724583512749873        3.5426598700535759     
  0.15669339565199508      -0.15108834148889688      -0.22955768907164453     
  -2.0007293784540543E-002 -0.29900474780959252      -0.29845971943678062     
   2.7289630421725612      -0.53547695537634576        2.0069969819647846     
   1.0055644677526379       -1.4524333138073071       -1.6324813283193256     
  0.21061079108118455       -1.8721224871861488       -9.1638232827374988E-002
 -0.38795890525398885       0.26898518279418271      -0.10372924796143956     
  -5.8206786451574483E-002 -0.28169563763704297      -0.13134873813422995     
  0.68349646822234356      -0.51420951472901377      -0.78090637494005355     
  -1.3432644392893434E-002  -7.0258138797261907E-002 -0.40021122433309514     
  -7.7279921461034073E-002 -0.10732730461277477      -0.14747689501465516     
 -0.13088592234615676       0.10569073748763790       -2.5394577057154907E-002
   1.8134146030396110       -2.9752736185786586        2.6284639165515462     
 -0.15557267961396898       0.20743335537432928      -0.25702828213938134     
  -2.0804577507571267       0.32071123135959101        2.6825814921158777     
 -0.72196416282126552        2.2764223671659489      -0.51242366723509347     
 -0.10659855377188274      -0.35896044101064545        7.1255137955494069E-002
  -7.3309438767991925E-002 -0.23804445960965503      -0.11373980206460424     
  -6.7555379381330480E-002  -8.8597897662962638E-002  -5.7886303784806534E-003
  -3.8834127060560067E-002  -3.2997872870030351E-002 -0.10058823721138760     
  -4.4362909456164870      -0.14859438037406125       0.97430326938373124     
 -0.19494272389223555       -5.1803530121322418E-002  -9.8800822822388681E-002
  -9.8547378305041913E-002  -2.0844984154516688E-002 -0.13195634417898094     
 -0.22894454674927872       0.16049459604630456      -0.11829686041745274     
 -0.45437155018282860      -0.69627716008914664      -0.41996254153700763     
 -0.24848270110050896        3.5723245111191064E-002  -9.2908472131248893E-002
 -0.23806285677028061       -8.3843928595137174E-002  -2.3844407651605851E-002
  -6.2924150401547974E-002  -2.0031350374064439E-002 -0.10688448631428434     
  0.85012624675776860        1.9499295340689680        3.0310289777980590     
 -0.14737384812067614        2.6494578135469214E-002 -0.18961342600285039     
   1.5349319077533743        2.3198362585474128        2.6331605897143908     
 -0.39363254197974090       -2.9813189637086866E-002  0.20886229159563779     
  -5.8082817683728770E-002 -0.24578307788526066      -0.23120143192754042     
  0.23953665545558039        3.0521408247757469      -0.81718354918539859     
 -0.12464422211823106      -0.34851483801382876       -2.7846275570264263E-002
 -0.24021342864860831       -4.4235171653889072E-002 -0.17744873863815638     
 -0.42796745984613432      -0.43382412585638164      -0.14145582667214834     
  0.18723656113198214        8.2285072442196669E-002  0.59857585957543391     
  -1.4918627226143083E-003  -2.0759848785083501        7.9086590297265960E-002
  -6.2909362042438202E-002   6.7458056535275424E-002   3.2338136259093028E-002
 -0.23692815232439549       -1.0400377109802137        1.3075492471350798     
   8.4098237798050501        1.5760601483333663       -24.218681983019614     
  0.13506973441528591        3.4596358046624198        1.1998268888937729     
   1.1717170390825496E-002  0.11397347256944880        8.5259417389837548E-003
 -0.10675214081333884       -1.1123181302964429       0.41184306182470154     
  0.39313117574156048        1.4368693036009270       0.95055045765321589     
   1.5689257930925753       -1.9081468162088879        1.4357227602157607     
  -8.4421108887900706E-002 -0.15893201809641244       -2.7622033039306538E-002
  0.16008443496504682      -0.18035145549155332       0.36400421968374108     
 -0.35623402594327003        1.7292580269866797E-002 -0.12365956184493175     
  -5.9458643208120512E-002 -0.21589739667300445       -6.6427502608157607E-002
   6.2165835793193611E-002 -0.33001734598111843      -0.25604534829628839     
   1.4562734656298439       0.79953443533169621      -0.94906483794426633     
  -6.4968771343662839        5.1397120983994773       -2.8372595081561092     
   6.1315637523688862E-002  -1.3130530028938359      -0.25237722824901770     
 -0.19655352113529878       -4.2803220280910360E-002  -7.5115543126628076E-002
 -0.14252131898889267       -9.8259073273242598E-002  -9.3779501632421242E-002
  -1.3720943203268194       -2.3104904378307123        2.8687363147854752     
 -0.81748026592008982       0.68573442689208219      -0.85683384834461029     
 -0.12077794052075401       0.15556769011162297       -8.7472123402450822E-002
 -0.63350519959488216        8.2918620124714307E-003  0.38418363205426065     
   1.9281389457414078       -2.2216510935371607       0.67759535261162218     
  0.62769860278592837       -2.2950581473875631      -0.60404263027505667     
   2.2867404868991890       0.87023104814320340       -1.8720735635436290     
 -0.21695793010571468      -0.40360101346306770      -0.66724526811917628     
  -7.3944357486549414E-002 -0.30614791119385071      -0.15901187114368148     
  -1.8754961695723813       -2.0793131905448359       -4.0525565272262574     
 -0.10107339718278287       -7.6796196928162752E-002  -6.2929220698782137E-002
   1.1049297656296559       -2.2902845968163548       -1.1245983929667669     
 -0.18622232455334947      -0.13114748695151729      -0.20197189813654401     
 -0.28209055054067228       0.22036535280932282       -4.4491689990802143E-005
  0.18426433358672145      -0.60090194457285695        1.5980512251248941E-002
   7.6948590725921528E-002 -0.28018921892477150       -8.8530489840989027E-004
 -0.16766133020093554       -4.6114719232853568E-002  0.12914341327678669     
   1.5442733337822878        3.9558738525540056       0.81125929124835516     
   2.8847184082997017E-002 -0.52520654253827703      -0.32057929918155120     
   3.0002420518446482      -0.85475026550701438       -1.4053487876240516     
 -0.16209717011324079      -0.20255301184970029      -0.38477666271662408     
   5.2787747306629017E-002 -0.26651022427475779       -4.8298260933302896E-002
 -0.14115352925494298       0.10030278359294248       -6.8112134437340141E-002
 -0.13677574040228063      -0.13261286145869897       -6.4945603048016623E-002
 -0.18740238344344340      -0.11275892971614521      -0.16599397363972085     
 -0.24186814043693733       -6.5745119322871458E-003 -0.12104863610507775     
 -0.10566663450476740       -9.8690442779647961E-002  -9.5980451428998498E-002
 -0.12105448434204771        1.1706738994398551       0.87319211495586158     
 -0.19934687044261079      -0.10292929708271169       -7.0999388311390507E-002
  0.16648734183303016       -9.7920650197497183E-002  -6.1060084839517186E-002
  0.73424344721096801       -1.2340676116591047      -0.80374527912842642     
 -0.26819650256638805        4.6156738875647911E-002 -0.18789464703151226     
 -0.22831144337705370        2.3954840353360839E-002  -3.5732258179813535E-002
 -0.16035019579900789      -0.23158047804539150       0.48484075472241994     
   1.4492922332273674E-002 -0.19408243614097515      -0.17837732462440545     
 -0.13859871511857902      -0.14643572708769806      -0.12014384994129008     
 -0.21538490679804659      -0.14681183437921866       0.30358428369490575     
  -8.6655647122622692E-002  0.18221709687017937      -0.20362154263058130     
 -0.21155505266680596      -0.17850441276608256      -0.11400757478965486     
  -7.6401373736299502E-002  0.19962961711860092       -8.3020236992650889E-002
 -0.14087290547756781       0.15083360386896791      -0.14890239253795048     
  -10.831080470125974       -10.632945268678087       -18.440666222974325     
 -0.70004121663802776       -3.3992466115981257        2.1276094126149503     
 -0.20916323671658832       -1.1881530351499625      -0.53862969206169908     
  -7.4662753362534418E-002  -6.2645022878412379E-002 -0.14208605656201470     
 -0.12667540992846762       -1.4030728780244561E-002  -8.1771718190719267E-002
   2.8442039602449993       -1.1088414072397619       0.85776243808164654     
   4.1882688112772425E-002  -7.4994252121044075E-002 -0.35610012072790315     
 -0.13163903971986851      -0.47354180395425899      -0.27542533615686471     
 -0.15285757894587865       -3.0370828308481524E-002 -0.11535711745356124     
  0.22002344510811311        1.9400843633364724      -0.79507063449669801     
   5.4989579968739599E-002  0.21037618446105488      -0.23847147531778851     
  0.84723602444174084        1.5386364481811012       -1.7717227712503962     
 -0.30682588737490130        2.9243827757121428E-002 -0.40214538265766969     
  -3.7900216096846663E-002  -2.1472650113510731E-002 -0.19978367807462172     
  0.20424239950733186        2.0110607144998163       -4.1590227637072932     
 -0.88363035086484021       0.53732289794546984       0.97149052531340774     
  0.17419782280505022        9.8118292558406955E-002 -0.25313303889346900     
  0.22355753666659020       0.21665241243647756      -0.43854582071804243     
 -0.49523379632915920      -0.34833052897363953       0.24755114577262433     
   8.9013588910830721E-002  0.10417551975909431      -0.10414025049092417     
   1.9904974096772057        1.4464459407834669       -1.6625163952380493     
  0.53457700105760408       -2.2027090263884399      -0.13594610711075655     
 -0.30933733127023727      -0.93459793218533915      -0.33973957763399654     
 -0.26825139416836369        3.0281754325533004E-002  -9.8952874996680179E-002
  -1.5674660316911735       -1.9608699576570012      -0.49741345903474787     
  -6.9404987584397670E-002 -0.22244215622692703      -0.26122927543627283     
 -0.22898704206494086       0.10663093912388452       0.22543738404011865     
  -7.2936639231552317E-002 -0.10869485947443211       0.30408924493688405     
  -9.9124291816053339E-002   2.3657425646347818E-002  -9.6557330274929354E-002
 -0.19043035158127267       -3.4661378900170250E-002 -0.15626784294394785     
  -4.3655995463083304E-002  0.14323802786091214       0.37434282510190348     
  -3.3774328273451108E-002 -0.13287999382833551      -0.18707472812716039     
 -0.87805370025539953        1.1631117626996750       0.71501958515540476     
   3.3690204183369881       -3.9528395061306634E-002   1.2871420780234948     
   3.0142728032904018       -2.6894436923970999        1.1246905244154941     
 -0.12662863230586069       -8.8444065767376401E-002   1.1344794611099869E-002
 -0.12012208774149631        5.5383170205027706E-002 -0.19873283719814566     
   1.7449428393128397        1.9799411060984888      -0.29277135306173424     
 -0.16731914035472326      -0.34074875171676838      -0.99033990764240909     
   2.3984778472200676E-002 -0.19001181575735840      -0.14478078676928177     
   1.3859810725718089       -1.1430137447776429       -1.1735685875864326     
  -1.9596909342378082        1.5642711673669298        1.5905897133967692     
 -0.10558027414863740       -1.3157354134793377E-004  -3.6047026919934527E-002
  -5.7099050251959514E-002 -0.40215442911837973      -0.20796099613145186     
   3.8170985965150332E-003  0.11123897451969268      -0.34254597492248162     
   8.3727763495453675E-002  -2.7386030819468772        1.7520334694832829     
 -0.13449128947604816        8.7185883947550440E-003 -0.11133752442148581     
 -0.12280371477101074       -5.9005768508910657E-002 -0.13112728550465103     
  0.12527917037802497      -0.27047073446677022      -0.10149626161919004     
  -3.3876554149598372E-002   3.1656398700481501E-002 -0.27697035827144761     
  -8.0601411431299730E-003   5.1141108469991347E-003  -8.3696833303756296E-002
   4.2856559753566392       -1.0465867398054751       -1.0191465837174039     
  -2.4738830776324692       0.39859588591521050       0.59818767249000404     
  -9.4823286813885896E-002  -7.8331651926841384E-002 -0.18247227045727882     
  0.62678188059841400       -3.7067748245542735      -0.93619879470734624     
   9.7701185295423543E-002  0.30262744619585541      -0.10859763934420141     
  0.78300928887022581      -0.84694117483895670        2.5549736642476955     
  -4.5562782091140425E-002   9.9018411033684001E-002 -0.28091737905746661     
  -6.8998560232133480E-002 -0.13280726316511454        4.0852872678999418E-002
 -0.19213281154973225        4.0096680478699076       -1.9835866331717276E-002
  -1.4425611655246278        1.7459995501311676      -0.50571524582709459     
  -1.8866231092669206      -0.41521064358671789        1.5664210695678100     
   2.4985357949724434       -1.3626895575892690        2.0639834684942771     
   5.2450494258529670E-002  -1.4677194636547988       -9.5645317787616785E-002
 -0.13889892958693983        9.1182145776051535E-002   7.5845233879978838E-002
 -0.21799230929675523       -4.5987024486512887E-002 -0.12316641170806665     
   1.5915332865553189        3.3761415373358430       0.76587699377263396     
  0.73223478096733230        3.6214044809946482       -1.3019767098287807     
 -0.52140552014048447        1.5295131046863759       0.11686770684769816     
 -0.11731843094965343        4.5666789835485673E-002 -0.12638260553579767     
  -7.0713658274344199E-002  -4.1364011637290941E-003 -0.14203239430169076     
   5.9281767828788690       -6.1232583734091710        3.9821069275556544     
 -0.20639752924973279       0.22987858417062373       -5.4558683836618743E-002
  -1.7235719243273031       -2.1396299700503905       -1.7094920559802365     
 -0.11493015343344105       -1.4930678634702196E-002 -0.12816703627915754     
 -0.93246318818932739       -2.8719438252427110      -0.60625052107780852     
 -0.21672118913367208      -0.21271212236504591      -0.94399174466921643     
  -2.0221797222797786        2.9532393480463037        3.2475725718004584     
  -2.4177448225821137E-002  -6.1464408632110230E-002 -0.16028424666354732     
 -0.26343256895422390      -0.29224157786135724       0.16742313106171527     
  -2.1462947824884684       -3.3035316080776775      -0.28350038924562510     
  -1.3492550539419261        3.1797547923154115        1.7070785286248009     
 -0.16684327110794783      -0.20836670710214603      -0.18854093102225769     
  -1.2169846103544282       0.14634632315886925       -2.2318028411187716     
  0.89117066236105136        1.9517558432235722       0.63649300595662317     
  -1.7679399155526689      -0.80854613023316779       -1.4004206115275173     
 -0.12283585054511618       -2.5172752624732963E-002  -8.9349393191353627E-002
  -7.5630406020004717       -6.7060044587472296        1.2592455467379884     
  -3.2636928141495671       -4.6529138350649859       0.25201340003961642     
 -0.21268262796515452       0.87947855204321979       0.19212193441202860     
   1.7239032261988754      -0.96116729762578879       -1.1032906485034193     
 -0.82868369147621268        2.3231226454260754       0.94127142082172921     
   3.5435935978796165       0.21442390975299183       -2.6497622729951704     
  0.12591205802466998       0.24330831482668086        5.0551857366616201E-002
  -9.7898881323222595E-002  0.32718076334888213       0.44591576939559341     
 -0.40245644612171638       -1.8485335348655214       0.34005486249255368     
 -0.25953782144224508       0.13055075869688818       -1.6937378704656243E-002
  0.34827457545644691       -4.3915317820013762        1.2815205186463376     
  -2.3648086661498924E-002  -7.3907178587410027E-002 -0.10837108478549394     
  0.36772291362235959       -2.6235729657420594      -0.25404105392767207     
   7.4665552624147813E-002 -0.28348428582226942       -4.2930267181356882E-002
 -0.20159675208668365      -0.10212482000367877      -0.20949256168660874     
  -4.8053589125463543E-002  -3.7116729656185690E-002  -9.6070050263133436E-002
  -5.1333804429938464E-002  0.25520137144738020        1.2186611331328437E-002
   9.5828177880163748E-002 -0.42563227143928439       -1.9545090091254293E-002
 -0.82170077902049787       0.32314006041781568       -4.8029006595083391E-003
  -9.3849484052274598E-002  -2.5433190784606007E-002  -9.9917322347453957E-002
 -0.14087242154779428       0.11938122431569924       -7.7871966928639763E-002
 -0.35332166597117537       0.36053583954134727        1.3298432904490807     
  0.94681989565606728       -1.1856184474429772       -3.6093342918031932     
 -0.26155203318591730       0.11440833435230345       -4.4819312709678372E-002
   6.6953720159763738E-002  0.47890607222591314      -0.18496372808007944     
 -0.22143646904435405      -0.12688481328852266       -7.4702228419003078E-002
   7.1124061164598240E-002 -0.42834938772572628       -1.7346895492617264E-002
 -0.19940672301609413      -0.18006195545082448       -3.6988263414243085E-002
   12.125456909809191       -1.8829787189887484       -5.9435093804567529     
  -1.4251637783789810       -2.5674729842366566      -0.69011179741591033     
  -7.1216324140584444E-002  -7.3175638410654872E-003  0.11418898755466513     
  -9.8002314537750337E-002   1.0405025583197807      -0.19931001082006544     
   3.1394808709398583      -0.49241065605115864        2.0433489538976883     
   1.9674090565310536       0.84243051354951604       -2.5535070296389333     
   1.7558968097726313        1.1623923653855106       -2.0821630455442133     
 -0.30833961350335537      -0.12173980339936814      -0.33558911244953982     
   2.1340502699950257        2.1398596650852220       -2.4982211654639719     
 -0.59864230230492343       -1.6716854104830210       0.12792935039691594     
  -8.5649148127412783E-002   8.0526850260250388E-002 -0.14138346514594688     
   6.0897805384863141E-002 -0.18082322602263465      -0.15508159750172923     
 -0.15925765678511078       0.19038776509362482      -0.11451197409667357     
 -0.10500346550255441        1.0351866063621007E-002 -0.58295323032724355     
  -7.1720376268320826E-002  -8.5014786149193985E-002   1.8790389554549907E-003
   3.1717733099229171        6.1042118646261419E-002   2.9972929612862482     
  -7.8194165078998165E-002  -1.1447285586723805E-002   4.1473831544175804E-002
 -0.12028367821068288      -0.65010311123152453      -0.13741710158139220     
 -0.12058708392304705       0.26813067304132465       0.63351594072626927     
  -1.1620361912081090        12.915938709801331        7.7339062615337495     
  -9.1520748121574083E-002  -9.6981662443241537E-002 -0.12109683763850143     
 -0.83939897708578148        4.0031520202249163E-002  -3.1508658261068621     
  -1.0345154516631889        2.4131798910197801       0.60707294413497748     
  -2.0941632641292203        1.1567703826206956        1.2140686307526030     
   1.1522542721832771E-002  -6.8157526090912926E-002 -0.34886621154122749     
   1.5753964901285963E-003   6.0564208461205533E-002 -0.16896380363744559     
   3.7811791162772800E-002  -8.4749855489103229E-002 -0.21064614152637323     
  -4.9549551192178942       -3.0852152005625433       0.59971719160460457     
  -6.4769477217236929E-002  -6.6262245620820837E-002 -0.14277995654613310     
   7.5392155729125498E-002 -0.12345158015996119      -0.18883997341671152     
   3.8161566629865420       0.87165343100228754       -2.0518904366364645     
   3.6896481031147865       0.67944285669901261       -2.4291848517704495     
  0.15460087740837364       0.40202636392942548       0.21073649491183646     
 -0.19486169903824616       -2.1940158101425033E-002  -5.7216214069364078E-002
   2.8734794100392063       -3.5910862856924575       0.49042347363565469     
 -0.13005926417982236        5.7664755583773521E-002  -7.9405562184538009E-002
  -3.5114258109961436      -0.56977137533722411       -1.1058046594667796     
  -7.9978454872139268E-002  -4.3881920199310483E-002 -0.15949466336715520     
 -0.16829024524207825       -1.2850737292550689        6.9312473073862846E-002
 -0.99080672808869252       -2.0256814328559543       -1.9474700372365414     
 -0.18605486064532673      -0.18335874744418570       -3.2661052083856869E-002
  -2.1208423597984178       -2.3437554593475114        4.0085783187875617     
 -0.13165380985748487       0.30347056127571381      -0.17978763527755792     
 -0.46118698022814403       0.93041771201056889      -0.66503089627764722     
  -7.9283211608631707E-002 -0.12869737265136716      -0.12018182644699585     
 -0.25516073970093422      -0.23990418417325329       -9.7091383675652135E-002
  -3.0707323482054458      -0.36861403936995163        9.3811726916688723E-002
 -0.14642217983049993       -3.2834720298866929E-002   1.1218760273690141E-003
  -1.8809892869679201      -0.86203011123987383        3.2168733863786128     
 -0.41626047221475060       0.84799828642312947        1.2631046733025189     
  0.12034140215394108       0.71112501078989299      -0.27249064942903617     
   11.794427360462320        13.613126882770151        18.688066739069971     
  0.87904335854969395       -1.5955643561039115       -1.1288961516357405     
  -9.8540141580684804E-002 -0.20756161535094350      -0.34565231028934984     
  -1.4356118665610569E-002  0.26326498255074920       -8.8754305172575557E-002
   1.2933300975257205       -2.3262885175811654      -0.69893759346898421     
  0.34279380806834275      -0.78034070177120729      -0.17967790401551398     
 -0.20036142354744818        9.9739036362967728E-002 -0.29062559591650028     
   1.0404693097619766        4.0643170406010629       0.22115481146088184     
  -1.5667765453783651       0.15772711915585974        1.8681469751481179     
   1.6469197438891421       -3.6154114317862351        2.3003991217548538     
  -2.0710669457384032        2.6066112339398329       0.20506467073589096     
  -4.8769892459182215E-002 -0.14263160193235527       -7.4934767919162371E-002
 -0.61893804489984661       0.68894180097503721      -0.41904482446053032     
 -0.23002473803910534        2.2378942644162368E-002  -5.9629831503937143E-002
 -0.14924787096038952        3.2173725298071830E-003  -6.8414972120271769E-002
   6.9852630681843414E-002 -0.59077453913594558      -0.47400156739373600     
  -5.4383514409842758E-002  -7.5006895384549924E-002  -9.0010566070649459E-002
 -0.20041853979463073       -8.2316287666415910E-002  -6.5870665400862297E-002
   1.5608051762403725       0.51823524849003799       -1.9630074002565070     
   5.2877899306975451E-002   8.9001340182169632E-003 -0.15903055028339103     
 -0.59600991110644053        2.7234847463296594        1.8168481379351797     
 -0.24836582719121486       -6.0993287754436819E-002  -8.7221762953692425E-002
 -0.96317545944049465       -1.5449683949277138        3.6019736826520869E-002
  -3.3439909813868733       0.17301078177062587        2.8321818487970614     
   1.6994944270652325E-002  0.28766260127608467      -0.20672090926763145     
  0.30495171533029497      -0.52169216960975506      -0.21022115522542423     
 -0.28428332475349688      -0.30565358517851782       0.13411397136176484     
 -0.11782779977906807      -0.11926386184655267      -0.14256917071809577     
  -8.2180059439404138E-002  -1.4654716846595752E-002 -0.19149092632120623     
  0.69327474674358036       0.65247600261246119        2.0863138662047218     
   1.2539902749692338        3.3057362733931011       -1.3119046442416114     
 -0.17859002594085502       0.20292934775556973      -0.34620686966371472     
  0.36156657935531361       -1.7809203879567745      -0.38966854585592853     
 -0.13357602289592324        1.3376970960409917E-002  -5.8390085441464040E-002
 -0.13404090484341491       -3.8532173454759074E-003  -1.6637244094625955E-002
 -0.31531191915381973       -1.7217848812461938        2.1995546518169831     
  0.16907038418131620      -0.57920043432802160       -6.1784154227093713E-002
   2.8530783679032097      -0.54979844880779682        2.5007598785435743     
 -0.17620284097676223       -1.9430746203198661E-002  -5.7791891475006537E-004
 -0.20517563013484999       -6.5241169507375060E-002 -0.24424554444731456     
 -0.25006223726515381       -2.0457913326324100        1.0319927860182470     
 -0.11347010796966429       0.17701005759462474      -0.14865004305376481     
  -8.5683166167213706E-002  -3.3141867410872092E-002 -0.19206469789685188     
 -0.23561386904149606       0.19101224345938611        5.2520099479049398E-002
  0.56161746588127237        3.6534589906110830        2.6101189407602869     
 -0.11242742576047200       -3.3211385089765372E-002 -0.34037006277663862     
  0.43782861890346531        1.5601501498613513        1.8387768910393804E-002
  0.83457216126397493       -1.2248604238605409      -0.37790750349532332     
   3.4664321965061515        1.1160003401041758       -1.6858407583497801     
  0.88531479686374315        3.3221584833768345       -1.4396105214568955     
 -0.62290376811032599        5.1570056878541344       -3.7120887562091092     
  -8.3517928369976221E-002   7.3703335307750167E-002 -0.10813654156428752     
   2.2370565139307432        2.1029534448947933       -2.4302747447468187     
   8.5298226020569287E-002 -0.76619185554931279      -0.28832216157782664     
  -1.5735266570438522        2.3866499136636503        1.3080440559730837     
 -0.18835461619080240       0.17948167366978238      -0.76271767516549360     
 -0.29610387376233471        4.7847853565928702E-002 -0.37827062726491245     
 -0.37589401495081426       0.22174477940698839      -0.49700302695422083     
  -1.0822783198224255        1.9406644075737745        1.0225618130641050     
 -0.22938352751699431      -0.23849928510618776      -0.10623814441496186     
  -2.8494762878356190      -0.42487017935038646        1.9337475606697692     
 -0.10110539285826263       0.10158766405872990      -0.11664072334427483     
 -0.12208906439143463       -4.8657412986200348E-002  -8.7489028368807842E-002
 -0.23884913242133476      -0.98634013195080050       -3.3343198860339389     
  -1.8172389573478926       0.42325796486049849       0.94753694886526552     
 -0.19159220312865438       0.17373438595867624       -5.3461514123840745E-002
  -8.6092208099460998E-002   2.2347436508068544E-002   7.3274292298860288E-002
 -0.34478030687437333      -0.26745603370925458      -0.40018805218184117     
  -1.1044940478741874        1.3312552624253484        2.2443838211491767     
 -0.21070122171317299      -0.21976309330892227       -5.7786028525397305E-002
  -2.2392562941283927E-002  0.13883079847951560       -7.0616601554613884E-002
  -6.6577780884725518E-002 -0.11099271790893289      -0.13898091403339274     
  -4.3956919690542551E-002   4.8156278134108652E-002 -0.23903041286770152     
   2.5908580807219090      -0.43727108467110487        1.3931814107745200     
 -0.19165084933071300        2.7065380843871424E-002 -0.15179362040078756     
   5.2039187238531889E-002  -3.1672463347743582E-002 -0.11464860152411022     
 -0.21266658079577430       0.51966902257687109       0.32115243404740768     
 -0.19154130539847031      -0.30596625148131895       -6.0697931023289818E-002
   1.0145174973284707        2.2567974415017495      -0.55449154718265936     
   2.0534598648192337       0.88145773855332066      -0.66012473558473228     
 -0.16538800466542949      -0.14932378936391422      -0.10666309101047448     
 -0.12955800974352272      -0.54227542099718229      -0.23407575107076575     
   1.5326555298265085       -2.2429683282527426       0.78541916763220454     
  -3.5662955460608478E-002 -0.13364224603142877        7.9675293682693587E-003
 -0.65572531055832461        1.4508788591783151       -2.3151833964776456E-003
 -0.57351864402882657        2.0024998986073843      -0.87640838282622580     
  0.57334353039660646        2.6084426748168292      -0.90656394024667153     
 -0.30424518812942097       -6.6176250655517865E-003  -9.0930807772902467E-002
   2.1047116194078255       -1.0078418936032749        3.7967488379160277     
 -0.17704009471771334      -0.13230074644527132      -0.15272084664140381     
   2.8643694820203978E-002 -0.15123958224346376      -0.16403224776253711     
  -6.6325875742433912E-002 -0.14321090820074117      -0.11674943670984186     
   6.2180023289002051       0.15195538228386091        2.1336960276072046     
 -0.10141802829443691      -0.36124690292094597       -5.7839446959081400E-002
 -0.14124380072191545      -0.25896314661878955      -0.15947586943367018     
   7.4591551850059404E-002  -3.5918455666056642E-002 -0.10622628423986058     
  -3.9926377495102451E-002 -0.16401745425692860      -0.32650475677923779     
  0.57694192093439900       -2.7139956325720034      -0.50351843337936553     
  -2.0319177531755699E-003   5.8567474571830286E-002 -0.18013209117802736     
 -0.14059159497239712      -0.27073338996925267       -5.3887201011170588E-002
 -0.19015288486869222       -8.8504648956468937E-002   9.2591022711485282E-002
  0.24339655125413190       0.55132088024488191       0.25229994411173662     
  -1.5374845555270807E-002   4.2597622947663602E-002   1.4436091032494189E-002
 -0.15834726090887236       -1.4520363630792737E-002 -0.11480486309292864     
  -2.2360287298726371       0.55018172421858547       0.49870855116798929     
  -6.1635920560544601E-002 -0.12133825581522227        8.4774591426520982E-002
   2.9710025467345371       -1.6535260068955673       -3.9449533700022661     
  -1.3025982592803023       -2.2607936390665006E-002   1.3772249879944252     
 -0.49599502739036605      -0.35434791156744211       0.14177370546676618     
 -0.20976236129224010        9.1567527841370955E-002 -0.16286908784340473     
 -0.36093927069811893       0.98893941887246095       0.76702157838856999     
   1.3690716836000754        3.2381867607462338       0.59588967132916171     
   6.3805839403671946E-002  0.10535814649243344      -0.29414612081396568     
  -1.0485928083955383        2.6835367610477761        1.2087699979947459     
  -5.7274759995083795E-002  0.17038293448129860      -0.11035793459499983     
   3.6807769974821158E-002  0.17957631198068108       -7.3153682157297478E-002
 -0.29468149614028805      -0.30186595502124502        1.5241504924225772E-002
  0.35964785003842759      -0.46315106413052903      -0.22781357659639867     
  0.27810272713599299       0.16937638818761699       0.77302362511902456     
  -9.4976182926457056E-002  -1.0823673755058907      -0.13125177751177147     
  -1.6254356811958222       0.45351377093597089       0.99550351644666113     
  -2.3263565527767028E-002 -0.20588100953040048      -0.15913829821625794     
 -0.15580501681761469      -0.45748461930526407       0.11515411263422186     
  -2.0992339590712947        1.2327150001425815       -1.9692157015414691     
   1.3243668770779982        2.7251360635109800      -0.52845892943475248     
 -0.38510819774585275       0.73092287840778614       0.16445593729923338     
   1.6492615713043597       -1.6155182092483884       -1.1013054347331583     
  -9.2459374205798896E-003 -0.22997813315402318      -0.39781585846569445     
   2.5153839025038836       0.12779220975066688        1.8139232914497949     
 -0.13283926541844937       -7.7309016333631991E-002  -2.6213478565008087E-002
  0.18682362527216981      -0.15087787619012810        1.9335048020479306     
  -9.7013769875632705E-002  -3.6384262280472583E-002  -7.9502194258206954E-002
 -0.31995834677020485       -4.3285655536438474        3.7049272566654570     
 -0.28178412988544027      -0.54422072330643512      -0.23624379384086669     
  -1.8051453704448976      -0.39827846693487740        1.9619177889450050     
  -1.9870890561660117      -0.27930109189826041       -1.6559719349850670     
 -0.65796564761944465        2.3480398974596035        1.5665006695489583     
  0.64538009975383670        3.3014498814663851       0.13781482345672469     
 -0.15559002436263450      -0.21156200619917270      -0.13427402070048935     
   3.9589396214128908E-002 -0.10004027140196936      -0.13839550086911212     
 -0.35373668421975912       0.89755882527155106      -0.22642362778626252     
  -5.6611042275228660E-002 -0.31775195886127927       0.63059435414192522     
  0.18964336962729661        3.6389405685757520E-002  -7.7489437476094505E-002
  -3.8300058708409565E-002 -0.21908138300545327      -0.17316074784861785     
  0.82287687859709224        3.6860196510303975       -1.3538824076865059     
   1.9891521236067664E-002  -8.5154741062403644E-002   5.6576939326554700E-002
  -1.3298582674370587       -2.6814736261442627       0.79996338145603252     
  -1.5822949115306926        2.2132368197158485E-003  0.14804766774867345     
  -2.6611858275151907       0.86974941314357657      -0.92400865864007597     
  0.31202436546463241      -0.27161971198352064      -0.56912354655314878     
 -0.15632523929422176       0.10093171098244454      -0.15945503330422411     
  -1.4860147691362953        2.4106364981645987        2.1121384181804808     
  0.31529121013318878       -1.8387344326072308      -0.32494058733886261     
   3.3089969276677227E-002  0.11592546346843659       -6.3267670376449536E-002
  -5.0881792609237829E-002 -0.15988741035007373       -4.1558288611876791E-002
  -2.6958206301459615      -0.52397375836844928        2.0309843869672384     
 -0.13757377496165982      -0.19837855498693430       -2.6595571002768194E-002
 -0.14578882409553739       -7.1974026908596056E-002   1.2146007127372911E-002
  0.33714678066804610        1.9928354305894793       -1.3395902624639335     
  0.20367017736713017       0.13140517549955716      -0.23421675682245618     
 -0.69706773868910021      -0.32945473520375407       -1.4383226598822099     
  -1.1665996304395458       0.36472729467200959        4.4037274389039203     
 -0.15347980666454866       0.10637787336693073      -0.10448021424904035     
  -1.4661651359542200      -0.39126409791748290       0.22236187611715094     
 -0.19533287143447006       0.25022298690128320       -4.2834011657709413E-002
 -0.28102276964899564        1.8502969404693273E-002 -0.13502259086127114     
 -0.25239149653070686       -6.2036706418185088E-002 -0.20293680305492778     
  0.75912862786063595       0.43846210890562015       0.28959351964683760     
 -0.24270748336287007       0.20320770834733487       -7.4086772216377272E-002
  0.55495517737505029        2.8457117249322024       -1.5210818976250255     
 -0.11833636735348936       0.35321803535471985      -0.32479049969203305     
 -0.26938244507832032       0.15594172807896911       -4.8564828613765161E-002
  0.67626622798971081      -0.39353939284300304      -0.37006344841402072     
  -1.8312369103732254E-002   1.3050764943110880E-002  0.17598872511133373     
  -6.9334539953362889E-002  0.13494938807857312      -0.21896468367805730     
   6.8611596499790622E-003  0.23055600604654417       -6.4865563241879448E-002
  -4.0293396538201999E-002   4.7507705886252541E-002 -0.33913449317766664     
   1.5798953659430759        3.2932402431275585       0.89551502307634623     
 -0.13255090071908290       -2.1533572248154293E-002  -4.8326237040899549E-002
  -9.0678704794540904E-002 -0.27253795110267898       0.14368097207945768     
 -0.13893341911535936      -0.13932565512869571       -8.7367096829556221E-002
  -2.2246769607373929      -0.63039394264018256        3.0864635171712398     
   2.7302789491930164        4.2751978194790876      -0.73610418985124293     
  -1.3050188039498929E-002  0.61895413974413549      -0.27131508539114640     
 -0.31217512657988417      -0.24792795519765432       0.65527295809557562     
  0.48683420644185854        1.0747919048944772      -0.23481740708566709     
  -2.8351927188855952        6.7661838914694235        3.0611876655674477     
   4.5817321422166546E-002  0.24201355156625975       -2.9237055067146044E-002
  -5.3952524176036673E-002  -5.5844863991484417E-002 -0.25299688568102990     
  -5.1116439438274222E-002 -0.15105986238871785      -0.13881441668686939     
  -2.2051846432188937       0.48104210846003120        1.6100134546618099     
 -0.23926778148187908        6.3687081071323315E-002  -9.0977552516452120E-002
 -0.16605549580761700      -0.13573354103425037       -5.4642616178280659E-002
 -0.16359287200280470        1.5108450749308623E-002 -0.17283224065956887     
  -2.4847475846302060E-002  0.16861370189256544      -0.26463492347593642     
 -0.16178501213223725       -7.2201015304523872E-002 -0.71047620980242954     
 -0.26199206539161390        8.9716750741237056E-002  -1.3105315916267787E-002
  0.68179734698038996       0.17504822872384471        2.0671356787713249     
 -0.14429726733868997      -0.15210349614913660       -9.2914173898280564E-002
  0.99344413615921878        5.4077825144305338        17.706280753696372     
 -0.10136133641231679       -1.2553294453600938E-002  -7.6441482888791892E-002
 -0.23013373365943077        3.8585410797826743E-002  0.19754262636607808     
 -0.33256063077602183       0.16411048300996012       -6.1453995209684614E-002
  -4.4792931716428022E-002 -0.55718124858535745       0.23486564536186383     
   9.2554928486992691E-002   4.8639245284494224E-002 -0.14714095844029412     
   4.8473586809888891        3.3554874847266172       -4.0988609341026949     
  -1.9418236605088741       0.16513387289555248        1.1269458622289759     
  0.50078838505738421        1.9375832390519638       -1.1485435712853203     
 -0.61747006382287906       -2.7860266175044397       0.38848084444867298     
 -0.27304941978768477       -1.0041428188561716E-003 -0.13835774896963149     
 -0.22117447905020371       0.61645430995768391      -0.38607423846817257     
  -8.6802165992544811E-002  -5.9318098390396239        3.2345649905479905     
  -4.1875425013933806E-003  -8.7341095629901430E-002 -0.25193250033112341     
 -0.49312220339271423      -0.45627127101526360      -0.10994280072322977     
 -0.11927853203695746       -9.9377682794194677E-002  -9.2032914083299652E-002
  -4.0776196182934470        6.2230158091698726       -6.4430715800208951     
  -7.9116987556833274E-002  -9.6208369328864909E-002 -0.19694160215246004     
  0.13869582953232198       0.73230143476825860        7.0688577798348973E-002
   1.6555962023831448        1.0889660635634237       -1.2351744894799905     
   2.6973571709448176E-002   9.0060135751837786E-002 -0.24485088843102198     
  -9.1455843548180385E-002   1.3545443582198804E-002 -0.16816530991693907     
 -0.18960564028764948      -0.21007954740663282       -6.3909340274860504E-002
  -1.3946063665522594      -0.95240165202649640       -1.9359031695199302     
   1.1402668701368464      -0.54161019960740753       0.27091278770012311     
   7.6268571956882147E-003  -1.4026963034272659       -1.0332963496440686     
  -1.9236800581502067E-002   3.5517160874434961E-002 -0.22812144878110208     
   3.0932036523916420E-002  -2.5272664195878973E-002  -3.6251594442887683E-002
  -8.0979165418172665E-003 -0.17195704544009718       -5.2320952777636182E-002
 -0.36748356903841667      -0.29326883445034685        1.8843291947018889E-003
   1.2024435725230582E-002  0.30370603008783031       0.24770573162386939     
  0.86871010736183352        1.8381102114558039       -1.4107636594741948     
 -0.51034831486439436       -3.4976833362360629      -0.29483652545297978     
   7.4730636228093422E-002   3.4287436428328939E-002  -8.0505658687228726E-002
   3.3522121150881143      -0.62621182787292817       -1.4717593022984841     
   2.8001955713247346       -1.0126843931503589       -1.4363590870142198     
 -0.14476327704180633        5.8534303304306048E-002 -0.22217316626131084     
   5.0987393574560551       -3.7668512265321485       0.50046085053101730     
  -7.0825868060897954E-002  -9.5932605009696997E-002  -8.8360723849069331E-002
  0.85122144996513649       -12.730243277199875       -18.828704280721698     
  0.14720639811486255        7.2654211752558429E-002 -0.14680650040450380     
 -0.35546375484964787       -9.2845920206479412E-003   3.2758241525634640E-002
  -1.5785563377949194        1.6698975949018655       0.82500131796578691     
   3.2678938626642791       -6.2163498444121918       -2.4443025068079995     
  -5.8375917702536064       -1.3223881234545094       -4.0075436301372420     
 -0.77561115931461011        4.5106921126195507        4.2385095150993619     
  -6.7023061550726126E-002 -0.11441654830111089      -0.11515108135378901     
  0.58325509081766347      -0.34054964050847464      -0.31466406173854755     
   2.1906082578744739      -0.80560232224797568       -1.1278920980825169     
  -2.3011439162519118        1.5782114196904811       -8.2473761166656470     
   1.9812175571009829      -0.58551181848354406       0.88723394016414159     
  -5.9157067271749943E-002  -3.8334766571711122E-002 -0.14233025286033857     
 -0.21504826449347891       -7.5698234303657949E-003  -9.1293672416623048E-002
  -1.8040938570247587       0.84539578522083925      -0.40678546827584000     
  -7.4543674912369087E-003 -0.16019447685823887      -0.31451993352785979     
  -9.4560583272929224E-002 -0.14022114918179959      -0.14849246110954897     
 -0.40142639595766044      -0.10700277555377707      -0.13185539660534376     
 -0.23426281551366229        5.9478357190455057E-002 -0.26000095315848482     
 -0.16021536462772562       -4.3262808146476402E-003  -9.9003047072730985E-002
  0.75108769202015679        2.2449870026404493       -2.0502693483773142     
   2.3541706542413716      -0.28855048291340596      -0.33907505832464990     
  -3.2577051562009468E-003  -1.7306408744863233       -3.6856363621961159     
   3.6596361955088724E-002  -1.6213841628308169E-002 -0.13279585790569517     
  -1.6690099806663306      -0.22121708263084194       0.51087809947160157     
   1.6196110107521906        1.6135897974444435       0.92642418318497577     
   1.2418337128784036        1.0965902067042916      -0.16796596474989384     
 -0.11148401229729211       -1.5548087438370494E-003 -0.10329748889351333     
 -0.18159653007105192       -1.1426557784734604E-002 -0.12686461604935173     
   4.9764284103729753E-002 -0.35549563646489363      -0.34247613009486944     
   1.0350530365468988        1.7458627924182522        2.2121200722554843     
  -2.2185403201106375       -1.4959869334487355        3.6740389747678184     
 -0.13886052786672093      -0.60737442484546944        7.1113849930867126E-002
  -2.2269282145699072        1.8141137446819102       -1.2151195881450254     
 -0.13408985298364184      -0.32703725458267002      -0.19281029596465257     
  -3.9750223893379890      -0.97861923226098457       -1.4756362246017767     
  -2.8631629360908045E-003  -9.9803314890119746E-002 -0.15650336415973515     
   3.2557979659969170       -2.0265727232879986       -1.3590847988541768     
   9.5505733614775351E-003  -6.5179300122173905E-002   4.5276467862608860E-002
 -0.28114725625994097      -0.10224620841636822       -9.3674489105546307E-002
   2.8058091829840719       -1.0610281832023429       -1.5017509471221051     
  0.12977997824250609        1.8852711335637407       0.24490142535926046     
  -4.9468051244747249E-002  -5.3258241290376464E-002  -1.1959023200989391E-002
  0.81915717511467712       -2.7514446036578248        1.5334542992951463     
   2.2600219348562365       -1.5333707864508461       -1.7609294504879449     
 -0.14815186848815134        2.3944588585835595E-002  -9.8183275609028661E-002
 -0.43935457477515405       -1.8957491157942563      -0.71510707949464891     
 -0.25528510371767427        1.3208400140491875E-002 -0.13441144837272712     
  -1.9723526588544895        2.0080825946312886       -4.3786622055446758     
  -6.6533535478021544E-002   1.2697420106097142E-002  -2.2253543802567850E-002
   2.1729625426426386E-002   9.7260128389362634E-003 -0.28812040553566859     
 -0.21318769090407338       -2.5492089296911814E-002 -0.17228878936831118     
 -0.29654070439043040       0.51076675560032692      -0.24551645071503003     
  -7.4593923679006116        1.3112500921398249        21.474138990005308     
  -2.1337752407384154        2.3578986236665593      -0.99955665317324305     
   2.5542082386846895E-002  -4.3847479782417303E-003  -6.1681747031127644E-002
   3.1952864013069138       0.55352943717078695        5.0894407161504853     
  0.11849411137573049       0.28971935586138320      -0.45108676196079939     
  -5.7367165123398990E-002  -5.2045781630067463E-002 -0.18260858863367668     
 -0.13322589882336416      -0.11276823421430765      -0.17146315017120403     
   9.0873968215023387E-002 -0.16363523995551230      -0.19999115669109471     
 -0.85319037914119433      -0.17030525987149478        1.1884403621242758     
 -0.25358336083583721      -0.52092065647238972      -0.22091969839701633     
  -4.1423694163809230        3.6105722641534252       -5.4756986254231883     
  0.82287805277195003       -1.0664660071438583       -1.4535185355396041     
 -0.19454545577504620       -9.4935432453301702E-002 -0.19184203931332092     
 -0.18584388527848011      -0.33008729601488696        1.7254480405426355E-002
   1.1837662005620607E-002 -0.22044470198366353       -9.2732255150212411E-002
 -0.62154099083637926      -0.39954175909091100      -0.60104208674631121     
   1.6823621534219221E-002   1.8059050038019955E-002 -0.36793949133838938     
 -0.35874059561578203       0.31023016468370113       0.22038279726824841     
  -1.5184338972565803E-002  -2.9485968544764967E-002   4.2756026228311275E-002
 -0.23280014709270325       -8.5178865785471486E-002  0.15172860706070701     
   2.7104652928766231E-002  0.65523789285315459      -0.36942495180039819     
 -0.10296483832226254        4.4139995970347030E-003  -6.0019338350315886E-002
 -0.12038163030285448       0.12535948547752970      -0.28217652477143707     
  -9.5690345901024265E-002  0.20009370370750740      -0.14441774848531028     
 -0.20845468484845275      -0.10584916284573767      -0.12272489540156663     
 -0.40900812747398174       -2.3472590834892828       0.99497234588417149     
 -0.15149757141335943        9.3443407337128678E-002 -0.11150712450859944     
  -1.1260527851516529       -2.4165788943528103E-002  0.49006211177235959     
  0.65724669315608730       -1.9319682451186533       -1.5174854191528866     
 -0.24931588284120698       0.19110586821883782      -0.10279358175781669     
   1.6747361950271056       -4.3962154739729176      -0.36535394503940377     
  -1.8985385406212536       -1.2670245202684460       0.14923186714005934     
 -0.13227875884775914       -9.8714418606551377E-002  -6.1117983690744129E-002
 -0.13767663765913538      -0.20491938516400535      -0.15427192436941178     
 -0.30847593538268425       0.17112162512007342       -8.6340655603247329E-002
 -0.17336966216942232      -0.52443966569535183      -0.26642251644186699     
  -2.9783607083258907        1.8246330412954657        1.4847303061659589     
   2.5681481345024415       0.65892621576210109       -2.2174039218815182     
  0.22698787011008981        3.3870442289920395        2.0897936689216903     
 -0.10865024851613657       0.10018947007010896      -0.28380154157687032     
  -7.3942636665372596E-002 -0.17072634155223521      -0.23420693481638757     
 -0.21729118740854170        2.7232946056231284E-002   1.4619160274833565E-003
 -0.19430607633186081       -5.4094025783625481E-002 -0.18774760407413743     
 -0.16787968182666230       -6.7308392755824190E-002   6.5135522253105510E-002
  0.22914545806252506        1.2145196614719598       -1.3067037365023824     
  -3.1884102340424700       -1.2275512134847399      -0.78569397482184078     
  -1.1957892332011597       0.11966832995942246       0.99039905101290693     
  -1.9908408646284168E-002  -9.0237947039385299E-002   9.0661881549551182E-002
  -5.3007531950186614E-002 -0.23694228647348808       -1.5692612481077832E-002
 -0.35597462121195128       0.91733225618117775        3.2547641115896780E-002
 -0.18421793711017412      -0.21833009782215970        2.2251768588827065E-002
   1.9615191830737591       -9.1258923815785824        2.6974152343724684     
  -1.4634623057082998       -1.5703769272167778        1.3148916112556182     
   1.2652762607905237       -3.1204983154961257       -1.8848320472790923     
  0.66926323111385078       -1.8976972611086929E-002  -6.5438479466778499E-002
  -1.7079263033784934E-002 -0.13081993071115289       -7.4818413795990274E-002
  -4.1392550443748670E-002   8.9894025748920789E-003 -0.17327320152755427     
  -4.3932643425421594       -2.1245106329367567       -3.3527853825086833     
  -5.6897950121863806E-002   6.7408740582425311E-002   7.6892050513510168E-002
   3.0982360167202767       -1.1835945318975527        2.9232414078363926     
 -0.15423890254120373       0.13988875194693798      -0.22131852365995788     
   1.4338475165729088        1.3282901808449998       -2.4268705706689278     
   9.1531865171060545E-002  0.35030898467726934        1.0134744600648395E-002
 -0.60136255993549248       0.16872870975066476       0.24085887167748879     
 -0.21468205990186653       -1.2191927673036580        1.1903024964906077     
   1.6564927358864614      -0.61586205397655680      -0.38579527052761964     
  -2.5231774859005833       0.97534272981576475       -1.8313997711713423     
  -3.3134437817563436        5.9046767396664990       -2.9052605739269661     
 -0.12441705168232639        5.1428145647276415E-002  -8.0806310807971437E-004
   2.7205069732491722        3.7336009147758289        3.8790798172760383     
  -6.4562493215251912E-002  -5.4280511642835899E-002 -0.23229659639363986     
  -4.9020501608960498E-003   1.7593330590497957E-002 -0.16629287595490630     
 -0.17101333624801252        7.1360718530177905E-002   1.4073586723522999E-002
  0.99088141326281609        5.8388152335527833E-002 -0.21589306846294104     
   6.2158173000418628E-002  0.26043486075324229        1.3643149859977874     
  -7.3241620531407592E-002  -1.8261913355183606E-002  -2.6487687684256727E-002
 -0.53232051936148395       0.44292437179929428      -0.34018868759915433     
 -0.24872858484609309      -0.14498022398272276      -0.11230077044023710     
 -0.30022787055510219       0.64484161975044607      -0.16321258782242218     
 -0.16772379964652981        8.1111731947672433E-002  -9.3906967595118171E-002
  -7.0539803479540237E-003  -6.4442131348242365E-002  -7.5268431089155458E-002
  -1.3125887345057123       0.49627128458704034       -1.5228329503932081     
 -0.12153702987626606       -3.0182235625086568E-002 -0.11996765186431163     
  0.89071296800392175       -1.3667457485496279       0.56052592802160628     
  0.33192892655232242        1.6038526325482529        3.3227609782358241     
 -0.12377415461378782       0.99067381135766497       0.23458432276700431     
  -1.8071377654864129      -0.35572172541914499        2.0088060862809622     
   2.9773064619089334E-002 -0.13746708056294116       -1.8826622470386897E-002
   1.4147913463001924       -1.4480178444871608        2.0104167939455375     
   2.3432347273319443       -3.8216766233753847       0.73790282576236665     
 -0.31442700901248050       -20.282352284205171      -0.86732330076912101     
 -0.23613326528397424      -0.11981790622949837      -0.13515243121374010     
 -0.12306952122866550       -3.9929294364139833E-002 -0.17826133711012584     
 -0.15672241976747522       0.12952393243257290      -0.11800167958761831     
  0.20799993325655597      -0.17328055328028485      -0.16397321644437746     
 -0.16923608805866569      -0.27728366677740784      -0.15649655226051981     
  0.10396970811559095       -3.8232448756613198E-002 -0.13414118284684048     
 -0.55237769364479572      -0.61517154502125782       0.22203911852418617     
   2.3254798857431886       -3.8440907070103609      -0.51137620957828933     
  0.20850689046581614      -0.35343351276348156      -0.23401799514889415     
  0.85983213094760824        1.3070956644279548       -1.2002494444190084     
  0.68801772808317274       0.78425528834439717      -0.61235100445806900     
   2.4377426347603723      -0.81434679255646436        3.2354472876898615     
 -0.35255777333359789      -0.78809087368874042        1.5779353399409602E-002
  -1.3072795661603711        1.2028652806829212       0.93004405470261098     
   1.0802977307899153       -2.2109638396420204      -0.73317323403734358     
 -0.16246682459886408      -0.10342301482892048      -0.11356306412667772     
 -0.31125544069442435       0.11768777770098732      -0.33056233381533334     
 -0.10809025425339130      -0.22222882610761732      -0.14321732726050315     
  -2.5228372175130565        1.7637009311378495        1.2752178475986615     
   1.4608199606485992        1.2685007741511987       -1.2162765681570504     
   2.3096902454292834      -0.50188408475282464        1.4428080283070486     
 -0.19656386734253548        2.8401033028315179E-002 -0.14110495928833952     
  0.12138693314817142       -5.9199570006557962E-002  -5.4355253018631151E-002
 -0.17112121125562804      -0.11292750292853003      -0.25519463129797665     
  0.16202271326080192        1.9587732407608447      -0.83594483584617074     
  -5.9632218340716581E-002   6.8681876747106463E-002 -0.12207358280314252     
 -0.26909992755022721        1.8152296866031568        2.6931301451703678     
 -0.21170182379592403      -0.16722851275572495       0.12315826640173243     
   2.2552309614143430E-002 -0.17908645966038411      -0.20264044561485514     
 -0.11210743122161618      -0.27221786005011328       -4.2018684372809756E-002
  -1.3159082908674005       -1.4108725918155511       0.29589978300505893     
  0.18197982903927776        2.3817582972680666E-002 -0.62631523715211923     
 -0.73572924160997399      -0.27585099699701870      -0.64922425809987383     
   2.6518680472649687       -1.3477676511058274      -0.72006207357439711     
   6.3806355854959446E-002 -0.17903562772922593      -0.84864415426485595     
   6.8881394628452719E-002 -0.14840761631959223      -0.23015929390451501     
 -0.19683167682051908      -0.17501048140084283      -0.19733909205662939     
  -2.6324002237646672E-002  -2.2599418152132546E-002  -8.7026281546121617E-002
 -0.29652015167450729       -5.9458611534134904E-002   2.3204964352062780E-002
   4.2989425386860423E-002   1.8231111097806745      -0.97630960278122070     
  -9.0231650564316174E-002 -0.24512566653953127      -0.18674534515589111     
  0.93707036920791709        2.1129112301979216       0.99961156717808430     
  -2.2919208421406201      -0.50710245250576336       0.22585529145651639     
   3.4796216554244910      -0.27473158631520206        2.1465201766095046     
  -3.1114028676333873E-002   2.5770430617643413E-002 -0.17502491858869984     
 -0.56325301306563491        3.6703658107710329        2.8210172238731910     
 -0.34100712332304850       -7.8668584284696669E-002   5.9571505956732256E-005
  0.78376497610838891      -0.74879074637193710        3.7118452127702355     
 -0.14602626909940661      -0.26970288854244528        1.4604791413359899E-002
  0.93180621622438398        2.2262839377638195       0.49497765568289637     
   2.6787288395528912       0.12695461732919225        2.7618243855138704     
   2.1108607828494512        1.3567780632615387      -0.44501006797427445     
 -0.27103229183101973      -0.17761580473337935       -4.3489611949081547E-002
  0.82408258102601206       -1.2050692217240140      -0.32140760183728240     
  -1.8429711562390807      -0.18073788456877726        1.6103759193189995     
  -2.1333566846988710       0.56367644256385807        3.3366661901873864     
   1.4638480538690370        1.7417575253467812       -1.5589491812031897     
   1.7111065515509893       0.81899282873909485       -2.0045689650445460     
  0.20550846160632347      -0.14287381222397971      -0.14037966161258952     
   2.5828117701856876       -2.1008930613772550        1.9308549099181158     
  -3.8568689529818596       -2.2846061883862951       -4.5751519288052851     
   1.0696308470297093      -0.51471705275685053        1.3111439728830550     
   2.2039046315392259       -3.2652575806714941E-002   8.7314100000003911     
  -6.1495970615994863E-002   8.1138587782383600E-002 -0.20083962697679419     
 -0.19993404379343879       0.11317758183252118      -0.25084986840237167     
  0.65748966282011501       -2.4470491684289852       -2.7851232958622596     
   2.1590848526725478E-002  -7.7823981406307696E-002 -0.24158084510975913     
 -0.41752739902504549       -1.9413518498979236       0.39967785144871354     
 -0.15464338705889255       0.18089514672065807       -3.2045045571287595E-002
  0.28868673450880877        3.3315137011204579       -1.6993146308214537     
 -0.21453748854995408      -0.27421119422221707       -8.7697073148774327E-002
 -0.18853693440628877        7.0922050815307993E-003 -0.13865447418303350     
 -0.12982947586070093        9.1689590846005184E-002  -3.7096890732367062E-003
  -8.1761645260305674E-002  -6.6775342731014804E-003  -8.0005416029188509E-002
   9.6391198908007819E-002  0.23514727748081998      -0.18874935364542308     
  -1.4752397497374975E-003 -0.15060731722123469        3.9607045687569564E-002
 -0.18157259355981492       -2.0741682318728722       -1.0430557969680523     
  -2.0454718189946561        1.1882362188016105        1.2435700948747714     
  -1.3123694661180383        3.6875914081013170       -1.0679280562301849     
  -6.5033808384480390E-002  0.13413583103735044        7.3906749563003610E-002
 -0.36520022800423640       -4.4490971893973302E-002  -7.3387256938829276E-002
  -1.4106327452534684       -2.0393233193735485        1.5852657875139802     
  0.14787322180061033        5.7627252179319924E-002 -0.24900509904932194     
 -0.13816630123269480       -8.9206988606052626E-002   7.4464264250990564E-002
 -0.72408473273301122        1.0668918241791538        2.1820412295262068     
   7.6991032178383600E-002 -0.48990038179723916      -0.12973327989118824     
  -7.6546692936341795E-002   1.9338878469040248E-002 -0.14606024893579878     
   1.4500444936283734       0.38475231452570380      -0.75661952121363707     
 -0.25138923860624018        5.4146754150610148E-002 -0.16279640149489616     
  -1.5998331113310087       0.15982672518020238        2.0133446255459684     
 -0.31265387946031598       0.53158940489468065      -0.29663631163398124     
  0.16661431936335930       -1.3841141695320849      -0.21380004722114890     
 -0.11168895238955345       -4.5641048223537359E-002  -3.6667160789188837E-002
   2.5935571128201333        18.876964916190424       -7.9207068950289967     
  0.79477198930889237      -0.46978564042815196      -0.76785698143476167     
  -1.5086980005889861      -0.27367844188024609        1.2401138289328293     
  -7.1475476514654593E-002   3.4462667385175567E-002  -2.6182703341115582E-002
  -2.5257125320012817       0.71079004065003359       -1.4918061173957644     
  0.53724565101515098        1.6041795700729298       -1.2570322281921575     
   8.8162860366708853E-002  -3.5859847794126436       0.22668209992419147     
  -2.2008498315419263       0.27996713390549166       0.55269734294478867     
 -0.23122288561335597      -0.12575933209395687      -0.16662517226951201     
  0.18711802740382552       -2.2100736032445676       0.64319505689587841     
  0.61019987663694031       -3.6228925283089572       -9.9665227146895352E-002
   1.7591054442790532        1.7683677004484195       -3.0271935575970690     
 -0.24567151758165137       0.10066422877763900      -0.19386764813402779     
   2.8978568699820118E-002   4.6039622448170135E-002 -0.10021796743291152     
 -0.16354015446617329       -7.7390529333126942E-002 -0.26975269215725312     
 -0.34573574110807287      -0.81209398919106157       -8.3315874403275675E-002
  -3.5136627480890907       -1.5591703878787273       -1.8095457280204177     
   1.8868117907494832        4.4238659956014104       -2.3721179541343385     
  0.14338909457952781        7.8924794914369319E-005 -0.17709487589867801     
 -0.45596206926217897      -0.25838744016713200       0.24133367753071364     
  -1.2459904182312680       0.14544934205057922        1.3184874539891764     
  0.53812458050050749      -0.66730176854076662       0.52563807838290000     
  0.19270780217863526      -0.19512775330640836      -0.39479953396769146     
   3.3090303952316584      -0.32619844651114988        4.4295365926164028     
 -0.19680159607711165       0.26920782959468048       0.12429302936906397     
   1.5793285724283128       -1.8319609084358417        1.6924464415832905     
 -0.15550569722421806       -4.1241154202742374E-002   2.3422287799276742E-002
  -2.3002842399014307       0.55765745943670686       -1.0050399564803956     
  -2.1546055988760697       -2.1936042747357560        3.1630123848069469     
 -0.10237015820825913        1.0834294079859537E-002  -5.9248010835294157E-002
  -9.1221977469753565E-002  0.74426743920473870      -0.24943778535762096     
  0.63016668209979021        1.2178155021127870      -0.50852348318077401     
 -0.75401317238030019       -1.3365662370359417        1.8153808897877781     
 -0.18529105676542815      -0.10460006382773897        1.9871642503009421E-002
  -8.0121250819833786E-003 -0.18571495307787048      -0.18280378306094072     
 -0.26969710765415578      -0.14355026074748817       -8.5166799184622374E-002
   2.2672079714355959       -3.2804397148233519       -9.0217119982620775E-002
  -7.1794741040612828E-002 -0.43975569397209163       0.33743423698873043     
 -0.10789255298062131       0.18712065738734965        5.5573286386757612E-002
 -0.23296764419709126        6.8199175652954802E-002  -5.5434892254824189E-002
  -8.3423700079678725E-002 -0.11151803920163976      -0.25589568763671183     
 -0.11982476263413606       -4.4172951203807556E-002   2.3791185619453287E-002
   2.2396280921487093       -1.0597606889756290      -0.99089574387558899     
  0.43836937952398602       -2.7496511236206418       0.31641143611227379     
 -0.66683631033250879       0.13415694521761012      -0.24959533782524018     
  -2.5265682583428504        8.5820716260646890       -3.6466190532931377     
 -0.98238908366476907       0.70837276669480898        1.1434489913115513     
   1.8496765915425071E-002 -0.20524280522896876      -0.34144958789297619     
 -0.23227992089801433       -4.3284028058154664E-002  -8.9720059259893944E-002
 -0.14163226715565616        5.0121808721985892E-003  -5.5159931701256985E-003
 -0.32055796402005238      -0.29218325250018745       0.16135038458925055     
 -0.55978555285392928        2.9831124673970426       0.83815576947814063     
   8.8379680194320669E-003  0.21694695537104980       -1.2873080163367624E-002
 -0.21408989522455604      -0.24690378053462930       -5.2082903168693406E-002
  -9.8553077924973587E-002  -7.5985440872068183E-002   3.2628295338465391E-003
  -1.2774379775815365       -1.1612965245868292      -0.94849883138234148     
  0.31033366591210110       -3.2193810734921100      -0.41947416399693527     
   1.8285592352339219       -2.7085504170329844        6.3963080792242497     
   2.4574340913783579       -2.6905348400408280       -1.0578283795865133     
 -0.46305631534717162      -0.52176476350114076      -0.41290502336233259     
  0.10637830587191996        1.4242546613440974       -2.3461438852075656     
  -1.7166856522348437      -0.10932161519869400        1.2160758518607768     
  0.24513054444062712       -2.7526254020527636        1.6493555482006117     
   1.2676078678115970        2.3014659651894358      -0.42416728487908806     
  -9.2753013933120410E-002  0.13806596550284420      -0.10144414387611127     
  -1.1785859574287532       0.94187237721782957      -0.17672660206281543     
   1.3196263755821120       -1.5702655951941140        3.5210312430945452     
  -3.4847498916813720E-002  -2.8056151502853410E-002 -0.13833966536223721     
 -0.10560193099809945      -0.11447970103188489        2.2322664428744574E-002
 -0.21918962947801998       -8.6754064328745148E-002   6.1328972601348515E-002
   2.3082264152385869E-002   1.3147967942283189E-002   7.6535535890154896E-002
 -0.50653586351018320      -0.30625850355325801       0.15228891020774984     
 -0.18750470715418044        7.3858006640060203E-002   4.0479256320338587E-002
 -0.44799317155876744        7.6096021507109576E-002 -0.38188460154407433     
 -0.61660068991177330      -0.22410557433498760        1.0118594026632878E-002
  0.51735246118083278       -5.6544110236801988        2.6503421896616670     
  -3.9290953766175633E-002  -2.9766192462445343E-002  -7.3519791940367618E-002
 -0.14900053768511776       -9.9995916165888002E-002 -0.10035329707941000     
  -1.8571556457299401       -1.7019581090044227       -1.5633913551814682     
 -0.33566186614631138      -0.15690911392773485       -4.2203054002651784E-003
 -0.67004009894789895      -0.16673550207176543       0.34623524645995984     
 -0.36051835672270766       -18.491474663818941        9.9106564000893638     
  -2.8703993238225062E-003  -2.3527391439010760E-002 -0.14984828344319959     
  -8.5768158981702772E-002 -0.24499563755132903       0.13828655235532730     
  -6.6027680681297343E-002 -0.14187093627264194      -0.19926035390154975     
  -1.6769379602721963       -1.0542214077003427       -1.5855204477206055     
  -1.1276854468245017       0.60838072342498439       0.16733400678057403     
   1.7912971478635233        1.0169692112596713      -0.26241367483079858     
 -0.19237431095665763       -7.4353870101641489E-002 -0.20226749850119202     
 -0.87799965542286118        2.2331622676312279       0.62325144226103513     
  -1.1410983955136687        2.9824245778289504        1.2597358656420383     
 -0.18117580747057957       -1.6023660791170027E-002  -7.3903372976499765E-002
  -8.0571233532914649E-002  -3.1082693346437720E-002 -0.12511857105554081     
   2.2705368659534826      -0.99376773530436291       -1.3497320238769512     
  0.16476677814498861      -0.15052459766517759       -7.3262447392868912E-003
  -4.8033160111321950E-002  0.11067455778134570      -0.16457837627298813     
   2.4406408500059667E-003  -6.0951425139212916E-002 -0.37488592861666992     
 -0.10432150632042157      -0.14425125601407537        2.8220137324924260E-002
  -1.2629387360375663        7.3598079396857479        3.7805351009739216     
 -0.40955591018639803       0.73640794235224283      -0.13040118395764802     
 -0.79149416626160585      -0.83975813045026371      -0.82313074074456549     
   2.3946942480602829        2.4249332478431982       -2.8570856902342605     
  -3.3181301639161866E-002 -0.12411716916896397       -4.9513707876540358E-002
  0.28283016769204178        20.201150067335899       0.41692617605258231     
  -9.4800767545364609E-002 -0.15223126432258344      -0.24565947611459910     
 -0.35249601951931031       0.31554846397053921        3.7638944827575842E-002
   2.1165400438321873       -2.2872149531113739      -0.76995029797780379     
 -0.17187384083816612      -0.20928306960498605      -0.19487136041088374     
 -0.17045632792164295        3.8537700130336000E-002  -2.9540635213109429E-002
 -0.39206302302652807      -0.81369085192051793       0.71731012543671635     
  0.92651328575133063        1.4000744869096013       -1.1473712951381418     
   1.6280149150512504       -1.2470615129298015       -2.2488243463295459     
