  -8.7550294065769710E-002  -2.3599342134628269E-002 -0.22942662969848118     
  0.14280371745175990       -4.4084639194319781E-003 -0.15117449304156255     
 -0.16216561076659211        8.5241282428159988E-003 -0.16672266779245112     
   9.3668424400871225E-002   5.6783337956800836E-002 -0.22252297621915948     
 -0.22138463730840224       0.18777396112578806      -0.17965335016291520     
 -0.17498525626782360      -0.10242522710698602        9.5617354051418298E-003
  -4.0940789513929916       -2.2443004172143506       -3.0579241305683036     
 -0.17770813349371956       0.35094011884154591       -1.2443136003443744     
 -0.16273420508399489       -3.5998832467117228E-002  -2.1231346958228363E-002
   5.5555703076225802       -5.4642007302954649        5.7727389135676610     
  -6.1620472856162380E-002  -1.4291443169561848E-002  -2.3388844368055765E-002
 -0.20081614580680035       -3.0953787617301085E-002   5.8377671732846539E-002
   2.8235787526992837       -4.5493820878425906        3.9434182426351247     
  -9.4289299830573964E-002 -0.31509751558727772       -1.0036290386335170E-002
  0.12622399653265734      -0.38439280541579174      -0.22723420856937282     
   4.7625530451893852        1.8317749462917083        4.9553036345542374     
  -1.9371572853066286       -2.1510399175406092      -0.61605704117105042     
  -1.4399014928069258       0.17067213311483184       -1.7363139387214734     
 -0.80757859983607583        1.0480768511270677       -3.5593618301350705     
   3.2400769655436652       0.50171617846206018        4.2510923345353921     
 -0.39751139728587404        2.6358971861725520        2.0569118813585798     
  -1.0003771730942712      -0.67636381485816977        1.3193740359903317     
 -0.26799441654262651       0.23661723752500730        6.8316308215250851E-002
  -11.445382904265529        8.3205616149613242       -2.8211817145502036     
   1.3669433205130306      -0.44753675789998965        1.9505878733473903     
 -0.17119719590930363      -0.26696814884276487      -0.15706628404299453     
 -0.10102188645524379        9.8634500531148153E-002 -0.10823885687739809     
 -0.26905925115191182      -0.10299725000058461       -6.5936312424897961E-002
   1.7099952941724270       -4.5626700002934735      -0.18290315300604135     
 -0.49432880749525837       0.22869771287707072        1.5266520816549571E-002
  0.76740840802691546      -0.66140410131057792        1.2195419236392624     
   2.7660375659654391E-002  -1.9621072648907945E-002 -0.17740028194117996     
  -2.7288324496609433       -26.753411521891003       -17.538859371972329     
 -0.15288978924541977       0.10099257855118136      -0.31881080761550462     
  -2.7678382201499069E-002 -0.48647773626165680        6.4962831877346961E-005
 -0.72793677816551872        1.2740434575448742       0.31580282054708952     
  -9.5910206378545318E-003 -0.54823405707980810      -0.40300144415388789     
  -9.8975697842270421E-002  0.19266922006804316        5.1523656539714323E-002
 -0.13855910311505820        7.6154560454881393E-002  -9.2752392489170929E-002
  -9.9170608348998796E-002 -0.17816763950558831      -0.20833094521010337     
 -0.46146434137018572       0.26298527963905555      -0.13162088981255388     
  0.75807224037260201      -0.33562002609417591      -0.55903065208883274     
  -1.5509871629521903E-002  -5.3889710330101814E-002 -0.21640233162904032     
 -0.78526022115794225       -1.0591748268263024      -0.91612170600069676     
 -0.24742534565276192      -0.15051384668121792       -6.8091452966846835E-002
 -0.45255752401409421      -0.89335567837695151      -0.64426800258620465     
   1.1688519532839411E-002 -0.16330218139733405       -7.5406139186497467E-002
   2.8199997042898120E-002  0.51880032953541699        2.9965796036251862E-002
  -1.9323206683019532E-002  -8.3069555685560736E-002 -0.15261131443036499     
   4.8966998070189982       -3.6680618392104622        3.4750867647301624     
 -0.38223395178100500        7.1664922093110192E-002   8.2390731698744626E-002
  -1.1052555438270424        3.3477679570600056       0.62714466647510647     
 -0.10842690896604058       -3.4565861098567241E-002  -8.0219311764173407E-002
  0.91760253071380427        1.4507372261719462      -0.15691388033112644     
 -0.34769168162600478        9.8610164030570810E-003 -0.19091991835089089     
 -0.33520607905655425       0.45693012232922675      -0.18792950226948199     
   9.6489727865535224E-002 -0.34466669619360490       -9.5289095517349182E-002
  0.94200081784738010        4.1827050908468761       -2.2970465386806143     
  -5.4281635514902803E-003  -8.4016479106343384E-002 -0.18464697853446227     
 -0.16887213495808190       -8.8595008225390529E-002 -0.13667787851032112     
  -3.8129124368402781E-002 -0.59785272914801713      -0.13477053282427112     
 -0.11179899976892456      -0.37896029886388127      -0.29021971882318842     
  -5.9231014223053637E-002 -0.20553201065384660       -7.8258559147012297E-002
  -1.6033853651005996        1.5148736371888476       -1.1936839794143336E-003
  0.14278184472018077        1.6654932641333073      -0.57020370882019300     
   6.8101933888030944E-002 -0.17181526018590917      -0.11464727203043255     
 -0.14237098188772199       -6.4104289048406413E-002 -0.11207126518506619     
 -0.19666888608102179      -0.60114745070660758      -0.16070852066176927     
   8.4170178724165309E-002 -0.16467853437618638      -0.23779301236878359     
  -3.6608011028808467       -1.5343739839143371       0.39039514000716891     
 -0.20668560373607042       -9.5363340841908997        3.6951528109440108     
   2.7603594275937213E-002  -5.3825215813673138E-002 -0.15414432722410387     
   2.9323990948712084       -4.9843517858727342       -2.9131637736413558     
 -0.20355628601540246       -4.2964723048858913E-002 -0.22325741570721824     
 -0.16958247049278677       0.36790432492797609       -4.0265585696533379E-002
  -9.0426877206541342E-002  -2.2746228552217210E-002 -0.15005462747901011     
   7.4658148151885879E-003  -3.2560793804765160E-003   6.1808155964298006E-002
 -0.12441152807737821      -0.17187385776254202        8.7461021996381172E-002
   3.5666549426540600E-002 -0.21055062926057128       -6.3346038364023485E-002
   4.5589786154264678E-002  -6.4611701816996547E-002  0.22005178136911219     
  -1.1559653849071365       -2.6711090304983660      -0.77520280750352910     
  -1.7787713879391873       -1.0049984426401253        1.6029294194569650     
  0.20769405464766089        1.4520844685622212E-002 -0.12063742620463909     
 -0.18585103683387832      -0.78775696704943976      -0.62231709027980397     
  0.63591504873138871       -1.4224210679629983       -3.3262630494008724E-002
   1.6957590338357387      -0.76446264605328740       -5.1673144347314848     
   2.3271256427442117       -5.6274906833958536      -0.98380154918650242     
  -4.2023631730038896E-002  -9.6397090596440679E-002 -0.14877023559420502     
 -0.97842197287803501       -4.0277215335470453       0.53613639191401929     
  -2.7899476807506352       -1.3313365455602331       -3.1506923834715956     
 -0.19669720653458672        9.3721418334499457E-002  -6.1573810265771710E-002
 -0.11376285490233271      -0.27496238907827880        2.3379982890942819E-003
 -0.17100986014645395        5.0872421217712252E-002 -0.13334913410937538     
 -0.25203547019847061       -2.5256689868340843E-002 -0.12976474909543537     
 -0.10938673712495700      -0.29786736329298058      -0.22807634347920838     
  -8.1222358835430192E-002  0.16862413047406719       -6.7041048793227906E-002
   9.8826485338230324E-002 -0.17866159126014383        3.9677898003395141E-002
  -8.8949415830905584E-003   9.1808569991440395E-002   4.7449118071594930E-002
  0.33823247561888264        3.8390584951244806        3.7996817399459144     
 -0.20666538182005456       -2.3697278428206112E-002  -8.8456323741930021E-002
   1.6028551763429126       -2.9589757838694526        1.4738539228581016     
  -8.7644159730315530E-002 -0.13885222680986969       -4.9489331246080619E-002
   1.7315622810345288       -1.6744030476836240       -1.0605914693096474     
 -0.55526403924257162        1.0332462104388722       0.36322964300684540     
 -0.15955460536039290      -0.10520803329757816      -0.16963652619472774     
  -1.6298712242716400        2.3149130280693160        1.0025348648204286     
 -0.27027130780400743       0.20909130650094576      -0.35309436804169592     
  0.39661258389140464       0.41315829451621289      -0.69200159842107567     
 -0.23083565642882412       -9.1744372033836147E-002   6.4837671229839369E-003
   1.3855509749049533        3.4485671508244664       -1.2168478895797206     
  -1.0533213633411009       0.22183506915358972      -0.18370075369969655     
 -0.21634078069124191       0.38133394468507426       0.34734470437964626     
 -0.10555387318776469        1.3442243195515631E-002 -0.17963791853252090     
  -2.7185983157566533      -0.17348583784755975       -1.5695766799939406     
 -0.41372280089116503        9.6035471674001838E-002  -2.6377761068061594E-002
  0.43328519790635872      -0.55974541907915876      -0.16536971963401143     
  0.48287569534954883       -1.2472556984358636        2.5945275134276886     
 -0.21212640508063074        5.6518497591272178E-002   2.9010363926862480E-002
 -0.17278122103223892       0.11099593754040167      -0.15544189286030274     
   2.7840192326683697       -1.6386848093234683        4.9835287879658638     
   5.9110217910108190E-002  0.20564725325849362      -0.15322446463854611     
   3.0162653003440201E-002   9.6915517923079383E-002  -8.7699393388347230E-002
  -7.0241730995993956E-002  -3.7564746730816063E-002 -0.20588531989965936     
 -0.13565968005874321       -5.8096869524395744E-002 -0.18293632910137667     
  -5.8005511342459046        5.8056883870660805        8.1294839733287123     
  0.19348773531464922       -8.2238469812781836E-002 -0.15153573064461426     
  -1.2195537927117515       -1.6874176997624515       -1.3943174388703923     
 -0.19937634794554299       0.23514520299688954       0.10843575098304925     
   1.3753062938578826        3.5527954116831242       -1.4451848959902756     
  0.25650196902892830       0.23649159783829421       0.13396195541462250     
 -0.95015110370968348        4.0532730292429058      -0.67530831809469782     
 -0.95052176340611949        3.5914603086624779       0.55678071493513503     
  -7.8246996872892854E-002  -4.3925138198888179E-002 -0.13398973161500916     
   5.3423463304611323        2.1339520100363112       -2.1476250324089143     
 -0.50104511314075295       -9.8116003116274914E-003  -3.4043819532204441E-003
 -0.32230993857057350      -0.64779321533907819       0.25232986752088510     
 -0.21358733493319318       -7.6291005531105766E-002 -0.15850801345683277     
   5.2566924882792785        1.8485185538207149       -2.2334931907250497     
   4.8897091562680198E-002  -7.7103576054029219E-002 -0.21151766844044373     
  -5.3229757177225341E-002  -6.1799177942108631E-002 -0.10838173797666112     
  0.14251193673687285      -0.12778093033551552      -0.11473679460282719     
  -4.1011129981470010E-002 -0.25663777374684760       -9.3094112359660197E-002
 -0.19838867350834294        2.4260593419655745E-002  -4.4299403212999112E-002
 -0.22855597392137703        8.6595473341247786E-002   6.9029551460259297E-002
   2.5332837607009462       -6.1043136436937946        2.1110095233453348     
 -0.23402549031850559       -5.2180809703408659E-002   3.9155128739128062E-003
   2.3189938764542606       -2.0882103441599820       -3.9147450472501788     
 -0.19758118533078248        2.8170499934558273E-002 -0.21395728226022903     
 -0.75716993598790816        1.6393998626833979       0.50675727193306008     
  -5.0819679798018020       0.32908239618057800        5.6921859783269992     
 -0.10663153709947727      -0.31742688891854182      -0.30150444000401033     
 -0.88981627096003579        2.3600301789999971       -3.6133451611907033     
 -0.26060490512832224       0.16027277536594883        5.2423817549535241E-002
 -0.39012712242485076      -0.13149699340984392      -0.30382973518338580     
 -0.20043795404168202       -5.6967766678963028E-002  -9.6550638985866879E-003
   4.1609406244946747       -6.8307505109840433E-002   2.9548520186883867     
 -0.11942457240767264      -0.44014639392876076        3.6360973779441697E-002
 -0.54076140276332396       -4.7056069912832017        2.4949032548957786     
  -2.0082606580434943        5.9473930107699333        5.4341815262924023     
 -0.28499910799977302        3.1199145985847204E-002  -2.3173091054741819E-002
 -0.24605363479855341       0.28764136603940677       -6.7677833768066381E-002
   4.1512256623994723      -0.78709550152012375        3.0269507852770650     
   1.3756608096385965       -2.0397371261071680       -2.2863829417665529     
  0.22048271092251254       -2.4289788068683773      -0.18550973161070888     
  0.36343113392208237      -0.13120782109838328       -7.6926158502139547E-002
 -0.37170340596790646       0.16640318432687037       -5.0156715909613285E-002
  0.51917103173716583      -0.60909515740711695      -0.77467967251355208     
 -0.16583771210186402       0.21583376711151436        5.0288737447397779E-002
  -2.2020386384162465E-002 -0.23422968555831261      -0.10687983480621714     
  -2.7520379450782607E-002   7.0408324461044003E-002   1.1334554616051161E-003
   2.7058389690733819       -4.6561859757600175        4.0347547949391220     
  -9.4656109456571200E-002 -0.30445494546878338      -0.14601504361017670     
  -3.0977603969270620       0.48052237346512022        3.9733695430097518     
  -1.0880789334888183        3.2359982038507669      -0.65961881739777262     
  -1.4763393621579277E-003 -0.41637494805770853      -0.17906113234150622     
   2.5368221791677140E-002  -1.0438463629284949E-002 -0.32175188123944387     
   7.5136151748650681E-003 -0.10632490088896325      -0.11706365819814911     
 -0.14260607778472351        1.7054831783442728E-003 -0.11325719370915743     
  -8.1641323299743540      -0.23567140325173541        1.8582211534352076     
 -0.17939792465902824       0.17158052057027315       -6.4890505413090840E-002
 -0.10641361158606295      -0.16618171151002087      -0.15561056249433475     
   1.2496643504492397E-002 -0.10694125673381841       -7.7624761106548756E-002
 -0.78434067758583026      -0.35079949108468006      -0.76221280820046244     
 -0.27543286030239628        2.1925704717883469E-002 -0.12531218888422890     
 -0.21370399942064999       -6.0030235567343701E-003  -1.5703761454507092E-002
   7.0368004108030419E-003  -3.1451465777662502E-002 -0.11078560338941165     
   1.2754601528176939        3.0412981608930219        4.6611698386299150     
 -0.17515318542722758       -5.4108212633092220E-002 -0.21556302565156635     
   2.3734731837309981        3.5919104695278303        4.0585687381509130     
  0.27879088396648649       -8.2969741344968928E-002 -0.61001342064128339     
  -2.3611166037978439E-002   5.8381288828121644E-002 -0.27728913256925009     
  0.44986272666887756        4.5404216456191939       -1.2539303831512822     
  -1.7177220396250581E-002  0.29474568155915992       -3.3855015454056982E-002
 -0.15902579180483231      -0.17232029256825560      -0.16724632622259425     
   5.3692231150856994E-002  0.31035219333073721      -0.29046473614313739     
 -0.27673911645530763      -0.14356597488370754        5.1454700219499439E-002
  -9.9521864739864144E-002  -2.8628734773960471       -1.2632964125881498E-002
  -2.1032645228983852E-002  0.10140052424664533      -0.13628163156518933     
 -0.39151077712099508       -1.4463243371547703        1.8066016416083202     
   12.555028000675451        2.4465180952064332       -36.132809094334249     
  0.20019392445615572        5.2178092304188262        1.8176324933192283     
  0.24357793970977640       0.74935802676435781      -0.21261913313707043     
 -0.13434139889413912       -1.1536306843661528       0.32089082782040579     
  0.50934857292350477        1.9552196530433785        1.3745872330176110     
   2.3099864466244591       -2.9207779585074296        2.0971062512633516     
  -6.6197635388421008E-002 -0.10067754756732525      -0.17894274674484398     
   1.0238004897516495      -0.65144592851886396       0.85894286938860676     
  0.14031647098930189      -0.11451927673990085        3.8691916348510026E-002
  -2.7062338437584203E-002  -9.4286872811888439E-002  -9.1796093412797153E-002
 -0.12567954185517885       0.18628865124337232        5.2298044746395406E-002
   1.9472601308220721        1.0195517806646839       -1.3936660420193094     
  -10.988390960890083        8.9009478647411164       -5.0609826794225867     
 -0.10015090678024680       -1.4998733203372074      -0.29562852433759268     
   4.2759172381415314E-002  -1.2460972137497034E-002 -0.17593736648636643     
 -0.12538027320575332      -0.26961502428995809       -4.2070751269278693E-002
  -2.1217614357136778       -3.5498086668827957        4.3634258997269404     
  -1.0903771194402820       0.67380419029998739      -0.98302751684653644     
   3.9199642984609567E-002  -5.7115114513347928E-002 -0.17737405334076284     
 -0.40897232992853833       0.19400383001589730       0.31958215326016481     
   2.8656131635034718       -3.2917905349821344       0.91792690806408372     
  0.84405448918775849       -3.2314873750208166      -0.89202244015622856     
   3.3545915336932817        1.3137412642104664       -2.8399176009883531     
 -0.31104706542169652      -0.55710498271123121      -0.75797717189969871     
  0.17032991510167902        4.7816749356939726E-002 -0.22115911831676596     
  -2.8820562726278594       -3.2304202091333187       -6.2043152976171534     
  -8.0818855861769776E-002 -0.15671959930470530      -0.12290096539959339     
   1.2120235400149730       -3.2167664987427207       -1.5308639347244373     
 -0.10533663636359265      -0.21600868480704777      -0.14608009533416216     
   9.5335051171638208E-002  -7.4707050719017259E-002 -0.12215117028087077     
 -0.11650240136765211      -0.37528835927833937      -0.11349344597139337     
 -0.21339443554530005       0.19550882162724043        2.2925977068842179E-002
 -0.11284388274725046      -0.11359829431014469      -0.37349571058491932     
   2.3304377100446385        6.0561997275507391        1.2121561812219939     
  -7.3073333885233113E-002  0.27365015050281905       -4.9523501786667475E-003
   4.5040558245117062       -1.3010273431311443       -2.0934747435886010     
 -0.30882588186780741        3.3528351902762994E-002   6.6522128525419000E-002
 -0.20473576091118692        8.6190931907969462E-002  -5.9791388010426036E-002
  -4.7057087237778350E-002  -6.8803445141673424E-003 -0.13246874254648375     
  -8.7403318146868469E-002 -0.18710141244789580       -5.3217042835715503E-002
 -0.22400708593244911      -0.14309409634059797      -0.16083308591822487     
 -0.16427824281409045        3.9311711195615592E-002 -0.20677206483513577     
 -0.19785803320771242       0.23778971128650089        3.1639210100278405E-002
  -3.6604228098976101E-002   2.1751528902819794        1.5659767266799673     
   9.4909149014267315E-003  -7.2683505944617227E-002  -9.8903725457333211E-002
 -0.59591032823767709       0.16189185153822178      -0.53115263109062993     
  0.79934651674519741       -1.5892802619346325       -1.0634436420559090     
   1.4893261759050966E-002 -0.14773301801104172      -0.12131254308521057     
 -0.16326310610810957        3.7848820161845792E-002  -4.4340009141203417E-002
 -0.17027092741124153      -0.48592327771139088      -0.36288576886402807     
  0.24590114554881126       0.21044045705102896      -0.17147842174555339     
  -8.4608398228607357E-002 -0.15915743502291940      -0.11933285216184376     
   4.5529974717580420E-002  0.15473522151657784        3.3621848364689670E-002
  -9.4776081555256797E-002 -0.32630609675739375        4.4033485881059355E-002
  -7.6701086042233607E-002 -0.23757909413965297      -0.10891599566351898     
 -0.26981097963699630      -0.27343075921337462       -2.0350209328558883E-002
  -8.0843455223923111E-002  0.11288958496554874      -0.19693740988316943     
  -17.005148042881615       -16.714805995759036       -28.974064916992713     
  -1.0681381154368452       -5.1317528964278747        3.2360015328098704     
 -0.28435700932616798       -1.2962506587255664      -0.49738559524396786     
  -7.1341870087032994E-002  -3.6379604132965510E-002  -9.6433710829550129E-002
   3.8288799932346088E-002 -0.35233196724354626       0.56781150657673840     
   4.2488564387188648       -1.6784531656960955        1.2567076352593629     
 -0.16323774610738390       0.22465321860147403       -6.5267147839602954E-002
  0.10063417636217499       0.47849158757152882       0.19989920250118756     
   3.5240500416029876E-004  -6.8413427686168191E-002  -6.9304008248241483E-002
  0.20499678543281810        2.7278819970124948       -1.0752227192083448     
  -9.2858442132519592E-002   8.1933775956869320E-002  -8.1226212668912084E-002
   1.1389579618233907        2.1849491692957077       -2.5218035226641056     
  -5.7230667182750536E-002   7.0613604026984217E-002  -9.3767532300909728E-002
 -0.11205028124083735       -5.8835266217892424E-002 -0.13977391642878739     
  0.40327623743103935        2.9134540528347790       -5.7205350601313523     
  -1.1899071369419341       0.70323329042810412       0.99698574562558284     
 -0.57346231325202179      -0.25399777111446525       -3.8974322733609450E-002
  -7.8985603411184144E-002 -0.17148706548016715       -9.1700101932262607E-002
 -0.37884091170205042      -0.10174957202818465        6.4639411273519479E-002
  -9.8732740416927062E-002   2.2734021450220968E-002 -0.11244996098869324     
   2.8836341104649321        2.1199706417066255       -2.5301322902734471     
  0.73443008275424737       -2.9631989900817857      -0.22187494353649484     
 -0.58990048393919892       -1.2272863941064591      -0.52044517845819727     
 -0.16731849235933074        1.7845387163934849E-002 -0.11800348725704010     
  -2.1901756193956965       -2.8634087573681444      -0.71214018725189354     
 -0.30958409075237997        7.3299132000471917E-002 -0.20413844807081696     
  0.41542061749188491      -0.26002958556993405      -0.48184588940710721     
 -0.18610033512956120       0.13298281464249165      -0.58738327252232236     
 -0.11607960416438699       -9.9923748995908689E-003 -0.13289937517451325     
 -0.18968977438388418      -0.14185603917050091      -0.23536192338108000     
 -0.24256750333302701        7.4737722540974882E-002 -0.67943585935575601     
  -9.1221760317856962E-002  -6.2370027372832135E-002 -0.15630802512769221     
 -0.98907266854127485        1.5665556972491403       0.93202253129322310     
   5.1184684009790535       -8.0644517130602188E-003   2.0216753890738288     
   4.6343875578759404       -4.1868757545823954        1.6882081506583841     
  -8.5711355136392858E-002  -9.8998518627471110E-003 -0.12262346707804928     
  -5.9238362432021137E-002   5.7942991718754285E-002  -8.4136861354673173E-002
   2.4708259254781786        2.9019824420453197      -0.46761697295232790     
 -0.19579826763606542      -0.17142399593419033      -0.76480113374466041     
 -0.29005135380215125       0.16323791001472079        1.2531131296764402E-002
   1.8742782804606455       -1.6188821897789163       -1.6057210566389710     
  -2.9735569095761130        2.2940306901390306        2.4217194495341383     
  -6.9782349197245810E-002 -0.14989193899766989      -0.18241506899176188     
 -0.23445450618483393       0.13347962790659004       0.16030915071198357     
   5.8719322428172543E-002   3.3676751933380593E-002  0.14579354131667660     
   6.7210372842147842E-002  -4.1511644891033548        2.5376289140879380     
 -0.22420362246773937        2.2170583810054351E-002  -4.4940000985107920E-002
   1.7924466686595392E-002   8.7151112696307681E-002 -0.25662100785399711     
 -0.15908293920356836       0.44406429542194692       -6.5243457980831254E-002
  -7.9858550774651565E-002  -6.3090284165471053E-003 -0.26622060447293333     
   2.1836226128825915E-002  -6.5531038503545011E-002 -0.20012957951667537     
   6.5935033877820821       -1.6180606286753259       -1.6104575554621006     
  -3.5171373958470968       0.55330628263869930       0.85996438713644374     
   4.5690589344155798E-002  -8.7457762535052205E-002 -0.23531408607654686     
   1.0932533842355545       -5.0140228273538678       -1.5628933865098493     
 -0.12816921356791372        3.0841459718048990E-002 -0.32600238476494103     
   1.1326626661245240       -1.2764778127982452        3.7154301448515477     
  -6.6175264392092162E-002 -0.35797941002967276      -0.14618721184402925     
 -0.10142058890618016       0.24687333532718503      -0.25785991075237313     
 -0.34386243912889264        6.1129496617442500       -6.3150024838962981E-002
  -2.0299214467506479        2.5300976344073649      -0.65919349986378484     
  -2.7728340272929342      -0.54864646439289977        2.1866787368478522     
   3.7800188046373902       -2.1124008302950452        3.1376342009303393     
 -0.21000945594732470       -1.8235062182411264      -0.17344408347657092     
  -2.8319991957460548E-003   3.3200019037946490E-002   8.4356111644118999E-003
 -0.22249441617845764      -0.22012508582469856      -0.26820498050659353     
   2.3565808022587746        5.1015561559048574        1.1579995204552265     
   1.0862645832284510        5.4564693678486798       -2.0507966053947575     
 -0.79502019075718933        1.9077256451398392       -7.3524577074086786E-002
  0.11723533548734044        5.4731310173982792E-002 -0.16999590762835259     
  0.10945974049425507      -0.17565530910593438      -0.26343660276684566     
   10.312223829723301       -10.414144780006549        6.6356270360556726     
 -0.11261022153777675        2.4025162795132012E-002 -0.11301606392633644     
  -2.5695255724495425       -3.1567231899489712       -2.4587470145397119     
  -9.2781074050904466E-002 -0.33686824371781199      -0.11189639219485777     
  -1.3424303113970180       -4.1880400412110363      -0.93433902446100525     
 -0.27400946820087868      -0.87557472468151409       -1.2305796218635610     
  -3.1051936792173436        4.5230618200234236        4.9400706705400914     
  -8.1293199666696958E-002  -5.6985976139085882E-002  -8.7420981046356872E-002
  0.24398637558292546       0.21113983752015172      -0.37016097351971999     
  -3.2596032732166527       -5.0608213225863121      -0.46883175084128292     
  -2.1264489913222975        4.8371966937343842        2.5571963353413598     
 -0.10754863754526245        2.0617049332523976E-002 -0.17389453502604632     
  -1.8402249983153407       0.10868946492816980       -3.1841542336864190     
   1.1902156168917601        2.7708028169333985       0.98779048799599189     
  -2.4858960339661342       -1.2091856429397083       -1.9243708696604986     
  -5.6029745022808462E-002  -1.3503259799473161E-002 -0.16741836363433230     
  -10.641521377080984       -9.3789106940235580        1.5588449355478824     
  -5.0027299155488256       -7.0861527934405490       0.39145293110941970     
 -0.31552352129618810        1.2064494838186106        3.6342328913286460E-002
   2.3869382310405953       -1.4100811792847352       -1.6621477004926815     
  -1.2312759437589553        3.3328126967248566        1.3038283423409407     
   5.4093670031573451       0.31068575851293773       -4.1140664997841716     
 -0.48729007416519321      -0.20673641013543115      -0.21719015145388557     
   2.6811877341394865E-002  0.22811394427541826       0.52044179470234986     
 -0.47873444125686709       -2.6744472416555074       0.42216645757727445     
 -0.19215151118162124        2.7259833653029517E-002  -7.5118188315590917E-002
  0.53679357363958857       -6.7132206795005178        1.8907755663873129     
 -0.17850720646621712        9.2509117425550333E-002  -8.4832108847325907E-002
  0.43842121669878692       -3.8137434837576487      -0.34695069051649774     
 -0.22548831438491312       0.14684246623754890       -7.1589171683751444E-003
 -0.12005896232976292      -0.14300215163305541      -0.27828015946976803     
  -9.4954560203235998E-003 -0.20493170240742936       -6.6600463478016791E-002
  0.14266397231389305      -0.32975830107573417      -0.10511105068442134     
  0.19192644903566070      -0.44738001038471747       0.17191300143270322     
 -0.27363588274362255        2.7034238736935844E-003  -9.3733868868746725E-002
 -0.14789997661252247        2.7175657509866166E-002 -0.10756253460670206     
   5.5322622160901162E-002   1.9290024277084990E-002   1.2849298442384315E-002
 -0.52385316500149981       0.18494096137733146        1.9138853819643589     
   1.3642370428051480       -1.7959935024899734       -5.4198779889967046     
  0.22218997454644721      -0.18543808132882905      -0.34587993014544327     
 -0.24392477646419783      -0.54526022558902665       -6.6363549823238846E-002
 -0.10220837887915038      -0.12275411386838131      -0.34700445065400720     
  -8.5591425222430878E-002 -0.12395815850029378      -0.10499430618209497     
 -0.40610179727644341       0.16744208435761165       -2.5208187561115376E-002
   18.712168706362554       -2.9200993986541404       -9.1799272002348928     
  -2.0859661262798386       -3.7352579569768070       -1.0217266194620649     
  -9.1297952329324802E-003 -0.12757612675820018       -1.8976257493392872E-002
 -0.14918175359800384       0.74795547116172467      -0.29513079638643552     
   4.8121290987424787      -0.77345328996821361        3.1693101433242505     
   2.9606532830845191        1.3186210186494274       -3.7864988134144668     
   2.5212212598629624        1.6990854702857261       -3.0893470707511601     
  0.12696837921205933        5.7245869620636512E-002  0.39415128739591981     
   3.2345283275281367        3.2327704625255742       -3.8144766904387408     
  -1.0063998950700790       -2.1384091719272487       -1.9114383655622187E-002
  -7.4537332981341395E-002  -9.7366720252012165E-002  -7.5769831909152222E-002
 -0.35392776834467704       -4.4070035874037329E-002   3.1923288021435799E-002
   6.5974894034079145E-003 -0.15916047203555223       -8.4713429749151387E-002
  -8.5267418037797971E-002  -5.0519615678549006E-002 -0.28436090317484286     
  -4.1496579743432224E-002   5.2375723394778750E-002  -9.3099736948327155E-002
   4.8263930288224044        4.4249633861534431E-002   4.5431628867070364     
  -7.4184648362792371E-002  -4.4577826030375717E-002  -5.3239886940075181E-003
 -0.12631878055729512       0.24673985282854249       -4.0702332870621444E-002
   2.0485007190707127E-003  0.42603911183976778        1.1632067781089026     
  -1.8151732132769467        19.965997806175480        11.945614032319749     
   6.9057911391401397E-002   7.3640784237292548E-002 -0.22871559118047113     
  -1.2574473874831988        6.9009684325233647E-002  -4.6986194181646050     
  -1.5689739310072077        3.4900987350826420       0.82487730494288436     
  -2.9595553575934570        1.7049157133887105        1.6950472612396248     
  0.15300329638212509       -7.4434325153013403E-002   2.5189567486804294E-003
   4.7679816731695843E-002   2.0227354363895094E-002 -0.10825485234043385     
  -1.8280362114705330E-002  0.17017240288137814      -0.18104086554065965     
  -7.2495913201379114       -4.2432380280685722       0.79059619756904509     
  0.16202924240434502       -9.8194392158025626E-003 -0.29619164885625854     
 -0.74906584884468963        6.8814904785110029E-002 -0.11300946201410622     
   5.7930117337607463        1.3399995826386677       -3.1983238526199100     
   5.6404206240244612        1.0408438685408639       -3.7787325630949411     
 -0.22034702251696420        2.5441153085617972E-002 -0.15545312028914168     
  -9.1269635580339695E-002  -9.2494593296846658E-002   1.0047183255664751E-002
   4.3731203706714110       -5.5105931319585828       0.72804969143717602     
 -0.11485487088474863       -1.2271264404604354E-002  -3.2460506869223971E-002
  -5.2332574230282720      -0.93177142821083703       -1.6311399321233899     
  -3.4858483164473771E-002  -7.0508179537067173E-002  -6.0973429017133970E-002
 -0.18032334716831519       -1.4284805594362384      -0.14965837430907020     
  -1.4057373373062148       -3.0158571384929309       -2.9095953639815884     
  -3.0595572659158552E-002   8.5301230076176265E-002  -4.2722739897266195E-002
  -3.2947427149129056       -3.6430095425108466        6.1929357559165306     
  -5.8340982768700478E-002 -0.14309592822102521      -0.13814553484009595     
 -0.63336547041213009        1.5511118705557123       -1.1728733996401706     
 -0.12978881674262358      -0.15864847208385627      -0.14227710416571931     
   4.3391922425691856E-002  0.27102995214792253       -1.6301348166376108E-002
  -4.9430838776543222      -0.54053414512449338       0.11883022203056315     
  -8.3117800874432685E-002  -5.6314148131610654E-002 -0.21665885261090856     
  -2.9555980905059278       -1.3257516816384565        4.8871848798711293     
 -0.39619595350961118        1.3959918944045380        1.3743176856812704     
 -0.27534086043434119       -7.5361415030979317E-002  -6.3785786835396374E-002
   18.538098330487301        21.374995994286682        29.352885372038163     
   1.0844218949499627       -2.2997108934142223       -1.6201589372873668     
 -0.24725853652785768       0.21713761868207967      -0.25450303182142714     
  -9.7130646362989341E-003   6.2629632250514961E-002  -8.4166035004604317E-002
   1.7776003216986047       -3.4464925563103792       -1.0658114268902157     
  0.51579249475990219      -0.60274347287346886       0.23478171657010102     
  -6.0262638269121628E-002   6.2417030265246143E-002 -0.31366700937059588     
   1.5439548215216552        6.2428305183561772       0.33353935895223730     
  -2.3105465955168953       0.22705263135514872        2.6305845984687077     
   2.4959442604465698       -5.5999973400871532        3.5373346068032943     
  -3.1544725019721329        3.8894082331283761       0.25517557281826631     
 -0.26438444074327550       -5.4020391579976151E-002  -7.4950142289329669E-002
 -0.70149967625554022       0.88461331036113999      -0.44946133782155040     
 -0.11000067310687593      -0.14409592476653571      -0.11652830678298673     
  -3.9699019255222387E-002 -0.10196775243028429        7.8172481282678934E-003
  0.25398024285095439      -0.65011709053768063      -0.42423824751935069     
 -0.12429433655674055      -0.11946128224750774      -0.15445234446864958     
  -5.7565000689308685E-002 -0.15232830899870872       -5.0214298668437712E-002
   2.2373003416205530       0.78141577063064760       -2.8110306367589217     
  0.50760166153492869      -0.22754921356470614      -0.42167154545053309     
 -0.95033787750533416        4.0694596781241703        2.6870770720441883     
 -0.16439638717956984      -0.19715702531861634      -0.11007527571291167     
  -1.3683790971158152       -1.9852162161739324       -5.8522668370256006E-002
  -5.0957213327852662       0.28938284142098691        4.2907594323163876     
 -0.11079362555970462       0.95565796844291595      -0.50123949512813981     
 -0.30288133929510719       0.22033877819294756        3.1919709292433915E-002
 -0.14248407559522899       0.20484960853316475      -0.48745685328608396     
   8.6181172731869649E-002 -0.24098731385719119      -0.20866306496497605     
  -7.7241818175879731E-002  0.17815905214713654      -0.25149355831464026     
  0.98667330198586756       0.77769979356949737        3.1624627732980253     
   1.9084176216768300        4.3568464398920526       -2.0697545004340836     
   4.7384779927023245E-002 -0.32007321512887399       0.20329834691088933     
  0.46832502148113431       -2.3251600417223584      -0.53361363145502982     
   6.7562622745733006E-002 -0.22725537798185685        4.3968451656865352E-002
 -0.20943063610457888        6.2469449504335840E-002  -3.3681044225520207E-002
 -0.47891342700237566       -2.5041506683674646        3.1763841599188822     
 -0.18701011969230372       0.23277200634062870      -0.21606564464348582     
   4.3468155906469930      -0.87549042950941658        3.7920407789853079     
  -9.1681879540902789E-002  -1.1205446007453145E-002  -6.9658812017179272E-002
 -0.17245623846411062       -7.5068262328035734E-002 -0.20363070816006074     
 -0.42868936731375640       -3.0335109240166940        1.4792304838659263     
 -0.18070420104646140       0.14076315045429158      -0.15394977541550825     
  -1.2926705962985063E-002   8.0919142947822223E-002 -0.33443633760740732     
 -0.15174894350470691      -0.35093228101325902      -0.43485124664685482     
  0.82680830298044339        5.6392737110991513        3.9668028938566184     
 -0.21841006466613333        6.6912970744796546E-002  0.16588907361575664     
   1.0003149263666318        2.0119761442953608      -0.22472217247537116     
  0.87109534350077800       -1.6000811765521423      -0.48458097400992484     
   5.2572513955052464        1.6899059710446735       -2.5991719764509327     
   1.3008018906447547        4.9908836679486086       -2.1445291720922124     
 -0.97242682472268238        6.8159291280563554       -5.2140244665595645     
  0.12381377371996571       0.10824798553708267      -0.41754662525508396     
   3.3128849081160090        3.1872386510465400       -3.8030225276135154     
 -0.10560575719528575        9.4065845158957273E-002  -8.4930897838374972E-002
  -2.2897389755526349        3.4912881299623466        1.9335759352075359     
  -6.2960764786008511E-002 -0.11028775100631741       -8.1563678676134704E-002
   7.0166211351476132E-002 -0.37050293316430249       -6.3825623882669699E-002
   3.8271316985706863E-002 -0.19034977937734415        4.3454780275010867E-002
  -1.7232414293216394        3.0427780203724093        1.4172797628966991     
 -0.18385857100832709       0.23452549528169017       -6.2367412983223444E-002
  -4.2467770890013377      -0.63121394870983272        2.8778561154618556     
 -0.10754793307535686        1.7242752536626663E-002 -0.15252595826582049     
   1.4161137554737944E-002 -0.10041590901403044      -0.18591228083171996     
 -0.39973102533397575       -1.4776933401098327       -4.8948085246017543     
  -2.5554458026203792       0.61758038872712451        1.1222138083629718     
 -0.15674875362781193       -4.1670491371561647E-002  -8.2660552909431403E-002
  -3.1932615198592057E-002   8.3950713845597734E-003   6.9728167649454982E-003
 -0.14232498867627263       0.23310323806734762       0.26319490477385876     
  -1.7089407787648410        2.0817463261618787        3.3460032142577290     
   1.8018518240325125E-003 -0.11684487627196440      -0.18451179317255656     
  -4.7671778487233564E-002  0.21295831243864535      -0.15747498152651340     
  -9.6499587816823870E-002 -0.19696802419582804       -8.1345953844429941E-002
   2.0987214848541748E-002 -0.13824778011620800        6.4058136841040586E-002
   3.8105158105717112      -0.67197902392288922        2.1378431768410415     
 -0.16503248680249596      -0.20404661400355162      -0.48521101760155139     
  0.10121195766033592       -6.4138803469089942E-002 -0.12237833424379585     
 -0.13060312083914807       0.76947249174318955       0.15639586032174890     
   6.4928870756034943E-002  0.10805855389777662      -0.24018740907815961     
   1.4180888613690827        3.2198176295588996      -0.77889843367006462     
   2.9252979557652088        1.2872812171779269      -0.99934392281382689     
  -9.6875358861851654E-002  -9.5519071239651657E-002  -8.4703055083094628E-002
 -0.15141495709325695       0.22790963062069505        6.1487662815495080E-002
   2.1867557692860577       -3.3303693246019384        1.1800446085867786     
  -6.3979273367930203E-002 -0.15860568626078161       -4.5606929804057332E-002
 -0.87643228000061690        1.7648381271005025       -8.3174912880836754E-002
 -0.80978406857734564        2.7503162323839905       -1.2143455549677036     
  0.81280356755214367        3.9525487232883028       -1.2516446484183690     
 -0.25197946996266074      -0.29999018361255941      -0.30733720759876498     
   3.2347719440987119       -1.6036129871780234        5.8615061447627710     
 -0.30170827679123563        3.1011655657748303E-002 -0.24968669341404329     
  -3.6432963417284629E-002  -9.4158832102575876E-002 -0.19008740716146971     
   3.6047899247498433E-002 -0.11560908069426699      -0.14412474477534482     
   9.4531557019982522       0.26969322642033189        3.1887851792877746     
  0.19932201502427110       0.31545674769816179        1.2959839671629111E-002
  -7.0312082238908752E-003 -0.25157265202769286      -0.10765694220534661     
   3.2633680314479718E-002  -7.9935375289101204E-002 -0.12808582470776805     
  -7.1686387592725775E-002   5.5836389107572250E-002 -0.18329771957748894     
  0.78687417183823827       -3.9280685311074559      -0.83505049104739326     
 -0.17853115621556304       0.17035289932152553       -7.7200074556104545E-002
 -0.12138482426177626      -0.16860719978029590       -1.9862121092676637E-002
  -5.5964476721343109E-003  -4.8566013944897020E-002 -0.27313478965539201     
  0.70392373596769386       0.86472768002774680       0.61634012861697618     
  -3.8907772481152139E-002  -1.6746078990177441E-002   7.6922196612143168E-002
 -0.18114741394124484       0.21709687254242427       -8.8275088321867923E-002
  -4.0468627538942163       0.96595400332347081       0.88620421896783952     
   7.7137900169906371E-003  -8.7599083945887529E-002  -3.2726073765355745E-002
   4.3597153257413686       -2.4535997306868413       -5.8957585720847465     
  -2.8305674481880350       -3.7778482819683288E-003   3.1966863952656071     
 -0.33612485161596256       -6.9475691208072884E-002  0.16135714483154723     
  0.29018989410616974      -0.70354200787760690        1.5798918417099846E-003
 -0.69912959970890542        1.8535004296702531        1.2923602985672906     
   2.0525411943076244        4.9070594368286580       0.89724589420088185     
  -4.9247134634764871E-002  -6.7453405552597087E-002  0.19475357368150262     
  -1.5799365981910085        3.9594820255202041        1.7700311454526030     
 -0.10723649209035754        2.7281573418863943E-003  -3.0555425506227786E-002
  0.64640338041637746       0.45450326494071303       0.16855905210409422     
  0.30055108008138803       0.22516968087258432       -9.6819431148031335E-002
  0.40387026059414582      -0.48308318817316587      -0.29366225546972646     
  -6.8688475660493825E-002  0.26136578674861261       0.56951878228639696     
 -0.10495517809535285      -0.87287547584056457       -6.6576281389513978E-003
  -2.0062294716463116       0.67500162020325172        1.2823461611292686     
 -0.32048868313237316        8.3196811156205197E-002   8.7927937861162708E-002
  -6.5707552584085713E-002  0.36904162105540411       -7.5818596405762301E-002
  -3.1421823975519385        1.8055076337631033       -2.8568524523317587     
   1.8941308148285028        4.0111616279505480      -0.83897810766227621     
 -0.91631050918542911       0.92647462711158646      -0.31168850541330306     
   2.3622520600278580       -2.4594489810918119       -1.6132297810871843     
 -0.17349326879183835       -2.0080945326902019E-002  -2.4796324371033164E-002
   3.7605416246888015       0.15205259125999698        2.7349690243198679     
 -0.14347214422810572        1.6149186419063301E-002 -0.11208846197425906     
  0.20965093863837031      -0.24390089606994889        2.6623994993105571     
  0.19442416894214201      -0.28942571077315515      -0.13186487343417225     
 -0.50769659030594405       -6.7281078629654418        5.6934892754020803     
   5.5131636032003675E-002 -0.85092560243034854      -0.34765672417015792     
  -2.5847842258575358      -0.52724094723074677        2.7996217902306197     
  -2.8188010877613507      -0.45323932737079820       -2.3103017719668877     
  -1.0486912065071687        3.5136720416453278        2.2370189792727273     
  0.96845863497930795        4.9129929457140546       0.16894334865160324     
 -0.10758703200917281      -0.19184764760762196      -0.17446043366888406     
 -0.18955917316278809       -7.4138415724933140E-002 -0.20790805830777517     
 -0.59629316176980562       0.58730360595166275      -0.41337806321886084     
 -0.45418587827115597      -0.46719265588428066       0.49783855155741669     
 -0.29961044193312703      -0.20883837520113413       -4.1681180930504651E-002
  -4.0778995705114202E-002 -0.13729501568543129      -0.16531072258702062     
   1.2179213287718789        5.4844146960042099       -2.0508036087777173     
  -1.4762197336690180E-002 -0.17248042611162892       -3.9144650770500319E-002
  -2.0306902369171729       -3.9395288443302516        1.1278357203341614     
  -1.8735515179327369        6.6964825274925505E-002   9.3421157611117800E-002
  -3.8926198419286120        1.1727458747972177       -1.4358600319842159     
  0.13663182109902772       0.10304327640119752      -0.14632106573144954     
  -7.4414901112285645E-002   4.0716721702944270E-002 -0.14740633737709194     
  -2.2698261077776447        3.6294578891899167        3.1120066242367637     
  0.41339749524596320       -2.3943799702228503      -0.56102406287871798     
  -5.7372390423865167E-002   4.5659064229262629E-002 -0.13805076782645873     
  0.17461439060787398       0.11262015446206558      -0.19684877624603916     
  -4.0695194153090846      -0.75449812261781779        2.9252044261951800     
 -0.25020392887975157      -0.57674451933693116       0.25607207131180881     
 -0.13693714062487541       -5.4202595459220113E-002 -0.10175646690028275     
  0.43305865523276749        2.8707744403805782       -1.9189023564854433     
 -0.60649827689658442      -0.36473315594359518       -8.5012471681304158E-002
 -0.94110380436488139      -0.32963913285602225       -1.6874874483888709     
  -1.8384022989255913       0.57014876579577722        6.8123094273574001     
  -2.1837614784262736E-003  0.10442376042073506      -0.16845399048253659     
  -1.9956499720338852      -0.16608520873882474       0.33509508485086553     
 -0.18081831486982294      -0.46037705530280221      -0.21480952958949567     
   7.5571873320605887E-002 -0.16018072086965945       -7.0017440515272034E-002
 -0.14220046098202746       -8.9202384534438101E-002 -0.19058640044491226     
  0.54803888329041295       0.38433985379709945       0.25822454534674244     
 -0.21929111003600960      -0.27282171585904819      -0.16633764959042283     
  0.81430859621693441        4.1965148072556824       -2.3572782497189468     
  0.20608546139769909      -0.38158857541944580       0.20792315634594938     
  0.19400048368815834       -8.0695713505918268E-002 -0.34649867558382558     
  0.60389262930798138      -0.35540260361581244      -0.43029544189105462     
 -0.10681281120460601       -5.1128520773655768E-002 -0.24410596112641797     
 -0.11109477171553574       0.11211747461161724      -0.11871257084535934     
 -0.13253135222278409      -0.11101261547594814      -0.13840443959034027     
 -0.13918580856739549        2.0433791895157805E-002 -0.21324142463359236     
   2.3728287424151251        5.0420555481533107        1.2706378268351031     
  -4.3272628586897753E-002  -3.5722654657864415E-002  -1.5639004341624300E-002
  -1.5014693443944660E-002   5.9053650998311460E-002 -0.66538180407441805     
   1.9335774191216559E-003 -0.15492589115861036       -9.5837887981538236E-002
  -3.0156608636670090       -1.0047027283767436        3.9151488899687559     
   3.4706068989176049        5.9616492057959691       -1.0534518040274834     
  -3.5266117993864761E-002  0.48459568933967262      -0.40642890361991529     
 -0.45356988230294942      -0.54945894499100689       0.91499135212331584     
  0.13454966454787173        1.6376021875668738        3.0302984134601155E-002
  -3.5474230949908327        9.0132294479129502        4.2144088164822264     
  0.17346437288501670       -9.9614596950103620E-002 -0.12553727840164841     
 -0.10022303364682322       0.11798727233493732      -0.16566034618662070     
   3.5478675687279368E-003 -0.20679619799877230      -0.18999590046417841     
  -3.1987126316011203       0.71686197020506059        2.2547587561773752     
  0.11235150930914804      -0.17657872979321487      -0.46747721088239685     
 -0.22475411365274811      -0.18775983225109102      -0.15728357841054669     
  -2.6717371826074657E-002  -2.4405445778619292E-002   9.8823518425666338E-004
  -6.0229916606540763E-002   2.8599750653765216E-002 -0.16774846547167049     
  0.12186775885917181        1.2754711452973889E-002  0.24972456351120448     
 -0.20258867814170078        3.3657677903379132E-002  -2.1433584649383615E-002
  0.98573495347901963       0.20417791580634304        3.1708002921401026     
  -5.5781741404161742E-002 -0.17598497321679696       -1.3607291746141873E-002
   1.5188196592978163        8.4425171891826327        27.591955892215648     
  -5.9595313157807334E-002  -9.1468247273175041E-002 -0.16068269470573393     
 -0.19429012856945960       -2.2036344553379786E-002 -0.47175520884897454     
   3.6256538182057686E-002 -0.17370705620200511      -0.27837957457148726     
  -2.9692701626748870E-002  0.28490300581837924      -0.37405073548415052     
 -0.14242601868270294        3.4637937370404312E-002  -7.1874817545876338E-002
   7.4085652230832659        5.1693132809052313       -6.2946224126313908     
  -2.7685249769483544       0.15950338136442277        1.4569633543484033     
  0.56393923275364743        2.7188396158273860       -1.6749903344817942     
 -0.85526273440231060       -4.0460462817789589       0.40693525742672682     
 -0.16138705756054392       -3.5006586232055506E-002 -0.18429326856073849     
 -0.13357220781851864       0.34992919567777980      -0.32387266187164143     
 -0.18111432239243719       -8.9615976044428010        4.8317718082189955     
   2.6667156809906917E-002 -0.11058173146922702      -0.18235338054238551     
  0.11127631810907737       0.18122439822176997      -0.18668802400385370     
  -3.6696902085842656E-002 -0.28752544602040636       -7.9717442405423472E-002
  -6.2498360841681748        9.5579406410885106       -9.9189135109283697     
   1.4567176727776932E-002 -0.10022687513754348      -0.30775560308203442     
  0.23934755078904632        1.1534319830634279       0.28542279634785012     
   2.4253516742663552        1.4459356340510845       -1.8118133802067777     
   5.1058128176349277E-002   2.9795559126340285E-002 -0.10839183968800083     
  -5.4838046818160943E-002  0.17214732715484066      -0.14922151282894483     
 -0.41417339216916238      -0.63105754529558666       0.17462276658485812     
  -2.0804767743488290       -1.4838782250802405       -2.8597009341541773     
   1.2313269803232760      -0.69830720478410069       0.19471886406098368     
 -0.17317292897014633       -1.8223162224491047       -1.3256375074074938     
  -5.8638634129947950E-002  -8.0545328646594291E-002 -0.21904129423655244     
   4.2591049933646097E-002  -1.2006505891766963E-002  -3.4414878961551217E-002
  -1.8239450951465681E-002 -0.13967819964289144       -7.4085606567937057E-002
   1.7849561780028693E-003  0.26697824171750784      -0.16496303304626175     
 -0.25076550374947032      -0.39650168128460417      -0.51340168411771181     
   1.3362077173639173        2.6624280936777791       -2.1394090786375641     
 -0.74392349100267363       -5.1849605635764462      -0.44827983416389994     
 -0.31577703345195191       -5.6223882205671115E-002  -4.6538866736231164E-002
   5.0959708456179333      -0.95436630195295791       -2.3429407002435472     
   4.1604740096712236       -1.5871603020367149       -2.1334435411025785     
  -6.8553754047413526E-002 -0.11033381636182812      -0.15297783588950739     
   7.6259333004175813       -5.6360252534116029       0.73247129745640382     
 -0.75065900878873593      -0.48774024500288826       0.10514462196998343     
   1.2969548414805623       -19.856693962239341       -29.407799722527354     
 -0.31172952897041284      -0.10543568036096294        3.6100767404210664E-002
  0.20051712072845723      -0.25050391837002256      -0.15062819682887058     
  -2.2242350209157689        2.3231104470916839        1.1708078537997157     
   4.6568557044035224       -8.4045801197305163       -3.1641827348165794     
  -9.0479351617209751       -2.0882191522384370       -6.2382156708013454     
  -1.2253909726532248        7.0292736713220725        6.5762788013182556     
 -0.10773086917122834        7.9422812042117541E-002  -9.3681715620493669E-002
  0.31421046750267395      -0.21464460248086473      -0.30932266592830959     
   3.1562872122351031       -1.2337529043493485       -1.6837656264742107     
  -3.7750777124517398        2.5645171106958831       -13.454673063696060     
   2.9305612041383808      -0.82343510110949780        1.1920228952435115     
  -8.6369922961593196E-002 -0.18682911106545758       0.13024050151929531     
 -0.20606911412682960      -0.10543538164592341      -0.15049689202234467     
  -2.4636666562595653        1.1945088400896897      -0.50315636238424910     
 -0.43370347406175602       0.16567973197559774       0.27043872755622950     
  0.16679664061706681        1.5118527382496819E-002 -0.18955611478945072     
  0.26946949024558936       0.12636578852402333       0.11657918720300521     
  0.17468035679136024      -0.16020169324592345      -0.26609612275687305     
  -9.2933663900618121E-002   3.5590159852844472E-002 -0.16024470547089179     
   1.0532507993269620        3.2997235508469593       -2.9658958923718810     
   3.5330732801806044      -0.57235527285915977      -0.51575383158691412     
   1.5423026210527400E-002  -2.6654307304622562       -5.5964634306174892     
  -5.5203945480549271E-002 -0.16870308315819843       -1.1732128103171421E-002
  -2.1583436746640485      -0.27177499189281040       0.53979052438743802     
   2.2961771446309291        2.3979567324359921        1.3713606400448495     
   1.5639648240293964        1.4266790783826810      -0.21070356986746724     
 -0.10729442194671097       0.12304566175207668       0.16971055303942334     
 -0.13810991031466968       -8.0843620341962096E-003 -0.13613370377460984     
 -0.51248560060709236       0.14330457295919655       -6.9100015313064783E-002
   1.5251271083433284        2.6244117025244713        3.2900565745000243     
  -3.4633703461969145       -2.3038725632383490        5.6589389406897297     
 -0.13779095594348506      -0.33021532827586775      -0.23821158564897188     
  -3.2883230161283059        2.6488961824454962       -1.7842506990928122     
   4.1492259412679137E-002  -5.3250683883204100E-002 -0.12579657776551353     
  -6.0058275754099579       -1.5253656765203545       -2.2521133270719660     
  -8.9122167937096611E-002  0.23707869987383201      -0.27235791537770859     
   4.8740692510713499       -3.0621570522793888       -2.0654453214633866     
  -2.9233552785510687E-002  0.19419816365449533       -4.1008723042761902E-002
 -0.14409388192909658       -5.8380251747213820E-002  -5.1224109686968784E-002
   4.1825032563292295       -1.5408199325899234       -2.2997608639170628     
  0.14007135811817331        2.5209260086531153       0.34948910901969582     
 -0.11412834725554261       -1.8399161631219418E-002 -0.15379769806965374     
   1.1910407296236727       -4.1219572207529707        2.2610138187881104     
   3.3135106327864534       -2.3158604039377448       -2.6851832675592209     
 -0.11270161868251220       0.19557622658118212       -6.9930649986919752E-002
 -0.82007193040865667       -3.5949161023117857       -1.2751357267179266     
 -0.10344936808635627        3.0868073367461741E-002 -0.22907997226620525     
  -3.0442215450180350        3.0350035225634864       -6.7141186160213229     
 -0.19010702850411149       -2.7019052259171835E-002 -0.10163604774954856     
  -2.0863415519027269E-002   5.1246555029333875E-002 -0.33367412699177218     
 -0.26831085888711498      -0.11472986459564798      -0.23267125322634730     
  -5.5211796675859667E-002  -5.5934495963092232E-002  -9.8434633510189801E-002
  -11.032901499518784        2.0509356966430659        31.779995030914652     
  -3.2829965184670167        3.5088678246297240       -1.5519788873686529     
   7.7075061179057384E-003  0.17831645295129375       -9.5531848332800415E-002
   7.0407581209755907        1.2711826141251523        10.988721011446716     
 -0.45025452616385692      -0.34852844662597465       0.27547622464335270     
  -8.6510908529911126E-002  -4.1317020961002163E-002 -0.20768097640338479     
  -9.6879975704623852E-002  -8.8464214549757544E-002 -0.31226771179408752     
 -0.11502093535653246        9.2506010472559602E-002 -0.16905826861279480     
  -1.0766205890912488      -0.25886273471739180        1.3268164038480172     
   9.1982336821584604E-002  0.47518739807233668      -0.18572057051814223     
  -5.6995878146240075        4.9402109448358402       -7.6238858809862684     
   1.0249314239099421       -1.5393532080288803       -1.9537135078756946     
 -0.10786884107564994       0.15315113549592316      -0.22825679462343634     
  0.28194706187556923      -0.92535938490960390       0.20042592014061478     
  -7.0863576088868313E-003  0.23325408234209305      -0.16375412124732833     
 -0.64941091868974921      -0.24570780635598913      -0.63958865882477911     
 -0.47151325627659846       -2.0773169922094895E-002  0.30599290082869268     
  0.20766390196368528      -0.41557528316892645      -0.48815560623028292     
 -0.16494342315294799       0.19319237970339836      -0.34897479160542505     
   7.0013061069210153E-002 -0.41445764506570970      -0.37966785353143767     
  -8.2151209697233815E-002 -0.35042124253626222       -4.4133234593649415E-002
  -8.3510538998661579E-002  -4.9363889159786949E-002 -0.14041026726336320     
 -0.27993444016819852      -0.28903499456461368      -0.12564328630806823     
   1.6880002572791195E-002  0.21810106364401222       0.11728804478865119     
 -0.14032440781953004      -0.12237949781036922      -0.30087024206294849     
 -0.72194625198790008       -3.6143496278031977        1.3728988623961067     
  -7.0757911335392706E-002   1.3924886210784772E-002 -0.25574491406078392     
  -2.4426351886974329        3.1807468077631788E-002   1.1520506189340936     
  0.84454150382259163       -2.7647873032238559       -2.1587937021020829     
  -7.9629895113928276E-002   4.5828040404108247E-002 -0.10663443351227780     
   2.5167706951093547       -6.6823604817894600      -0.55703255096275917     
  -2.6901405899125002       -1.7143591726988161       0.13667543268803567     
 -0.13383307027877381       -8.6173426160670918E-002  -7.8051366525418400E-002
  0.10131910637786722        2.1727735474532404E-002 -0.18143744562839093     
 -0.11716625137463856      -0.18748609496163282      -0.20166578457226539     
  0.16247207492810972      -0.81558319041738681      -0.49309920756845615     
  -4.4923040606709872        2.8026093347811396        2.2011129935218943     
   3.7927600968962119       0.99110163180976374       -3.3154352225976083     
  0.28071729024035214        5.1301551134505123        3.1251339573763768     
 -0.10016243622606651       -5.6982447023485091E-003 -0.25200768452121031     
 -0.11848900431653374       0.18553028414478029        8.2756207543939517E-002
 -0.97487192740343553        1.1209411144649546      -0.95594416932993909     
  0.30135580799910222      -0.38334664932921975      -0.29754761454929135     
  -8.5758424148160942E-002   2.6490551381843440E-002  -5.2747062967901645E-002
  0.22711437891006994        1.6231939727125275       -1.6563746528279715     
  -4.6777271180771773       -1.8764705360016227       -1.1931856098945366     
  -1.4865792847021062       0.13053194619509884        1.2204767032353401     
  -1.4623859351499416E-002 -0.23452668898864315      -0.21639819296574711     
  -6.0005449344406256E-002   6.9527392844043912E-002  -2.0617924901551673E-002
 -0.33918440903208863       0.50877472438881499        6.1748810229761995E-002
  -7.0246525272635682E-002  -1.4266297190482159E-002 -0.11027824269472196     
   2.5925631101387081       -12.545086065118481        3.5777219002939269     
  -2.1465331236714422       -2.3060100058956987        1.7829622034640256     
   1.7167049456596082       -4.5646466525971512       -2.8407244406398133     
   8.2229163476603001E-003 -0.14829020364406056      -0.14788013303636766     
   4.9733907060340359E-002 -0.17684763436128462      -0.10463806532727414     
   2.4907944236062941E-002  -8.3134499485306282E-002 -0.15174816441891181     
  -9.3182385659505425       -4.5027807658743990       -7.2171853366062022     
 -0.28659708817129464      -0.10534150876711064      -0.34109638980517687     
   4.7963456735225387       -1.8379248741468539        4.5129177125009470     
 -0.11436500004915147        9.5618533699650995E-002 -0.16096778579221663     
   2.1089708954213520        1.8994608878674391       -3.6186975400489430     
  -8.4557694769917605E-002  0.13057321651354506       -3.8000564692501945E-002
 -0.22570162238810465       0.14503803471883031       -2.5225647086221270E-002
 -0.18307061599935751       -1.9031223746602632        1.4646219227612589     
   2.1777654750205238      -0.86614335771418161      -0.62522689372866924     
  -3.7212037384796828        1.4260867633218710       -2.7114045096285682     
  -5.0640450589444690        8.9157024804840557       -4.4475727403386882     
 -0.13647806761896047      -0.25474582049688765      -0.38745052060747326     
   4.1917504427676846        5.7535513378849306        5.9692801653693142     
  -1.0915012146997312E-002  -3.0219088872736572E-002 -0.29213049159262122     
  -9.7277286520887754E-002  -9.6829563188049708E-002  0.17273646587598365     
 -0.10128724738857950       0.10059435140032462       -5.7881426455855471E-002
   1.3521317262781498       0.47882914529107157      -0.22393789691159019     
   2.1961864463338542E-002  0.43104079981847132        1.8581232245880259     
 -0.17484695049419183       -7.6951569176701221E-002 -0.16859201460851553     
 -0.66822499782286038       0.45731341397074238      -0.25280190766884170     
  -7.1931359183039154E-002 -0.13099808248050471      -0.17110608626553905     
  -9.1457902463233945E-002 -0.20355746565685384      -0.17074191450474915     
  -8.2099529632939684E-003 -0.33411748992614670      -0.28848387010791593     
  -7.0060673675478875E-003 -0.14022988595371100        1.3098198934883541E-002
  -1.7570111139278253       0.59966448605985645       -2.0516440998474716     
 -0.13559193806159528       -6.2637346963209356E-002 -0.20167444686588479     
   1.1462669022224876       -1.8291827838088481       0.59423341177118627     
  0.47791444240873987        2.4791973382905055        5.0639410297197971     
 -0.44448989366511810        2.2684163796754491       0.58453648203090480     
  -2.6706197723245655      -0.54371552877650786        2.8600422416093085     
 -0.24212121020988564       -1.6801326083649742E-002 -0.46955612985668349     
   2.1033798558904708       -2.1991023898181461        2.9514625794404727     
   3.5219093029678623       -5.8214081549572336        1.0689595356238402     
 -0.45220608040768684       -27.918094886384974       -1.3412602126534678     
  0.12957093422644742       0.19537262985894774       -4.6256827835690809E-002
 -0.23765295752625459       -7.7273008788324493E-002 -0.38937792069930799     
  -3.0211885834372010E-002 -0.20517931792110822      -0.25389035167819213     
 -0.33120729601288046        3.5229981100149799E-002  -7.8833450597104268E-002
  0.14609517416381818        5.0445037807107414E-002 -0.12307131180336087     
  -3.4714070739086694E-002 -0.10250273018023176      -0.13960814214072187     
 -0.17080022139793011      -0.93482569552524730       0.48522366863335625     
   3.5393155576999291       -5.8929382856510388      -0.80674278579508751     
  0.28618744850802297      -0.51655810545798231      -0.46989418121399235     
   1.1276101262411400        1.7350298218036280       -1.6847826568138569     
  0.57817351168454900       0.88897743953539143      -0.73415218044090180     
   3.7429230198082846       -1.2816996507488077        4.9818119990213026     
 -0.25854750099702278       -1.1905086569250125        6.2617707784273099E-002
  -1.7914055937082118        1.5821636584241465        1.2340102712664229     
   1.5541709349990138       -3.1742727033779397       -1.0333909160937678     
   8.6972516377097117E-002  0.30363687638024450      -0.14277960558730696     
 -0.17050867444013396      -0.17516496830973680       0.14255761148675011     
   2.0273977127371882E-002  0.31651258163782103      -0.17192556410724447     
  -3.7796371865591492        2.5776750844538499        1.9646381817512319     
   2.0152461254295924        1.8743086164264875       -1.7826061499443453     
   3.4106738762031190      -0.74200470378041294        2.1467535776631466     
 -0.14000221767011642        5.0079651778791659E-002 -0.19782732236134071     
 -0.28473130182020689      -0.27072715371317074      -0.15599311591133433     
 -0.23080330546250011        7.1996960843100963E-002  -1.6250452350746042E-002
  0.25197884680271698        2.6310164518333394       -1.2556698919143447     
   3.6845717706231781E-002  0.14730265548040347       -6.9547363394537390E-002
 -0.44615732897897009        2.6938490347104671        3.9849293734015547     
   3.9247164758136159E-002   4.3277722078230739E-002 -0.35462917625535084     
 -0.38479215672757816       0.10144257701835308       -4.2631385662987277E-002
  0.16785047987966251       0.12320792725861605      -0.31306901050405578     
  -1.7579661337291952       -1.9434367705565778       0.19796776886985581     
 -0.20627544090997874       -5.0426469860617815E-002   3.6357316275613089E-002
 -0.28558978196768731      -0.17401895395736322      -0.37660254582778807     
   3.9501612335959493       -2.0092030399730922       -1.0883366134125503     
 -0.22382970151607134       -3.0471618141882494E-002 -0.92752393985835135     
 -0.42913133476586740       -7.7540765876048842E-002 -0.10363876800033955     
 -0.13698971324470746      -0.15987462939933986      -0.13013366504538953     
   1.9875997172808402E-002  0.10121126425580759       -5.6839957148114663E-002
 -0.27795495284339145        2.8133004128789975E-002  -3.8076678656483509E-002
  0.10394800930983647        2.4729238057191463       -1.3125763553383978     
 -0.17823001670786995      -0.15168111543693122      -0.20552107770231717     
   1.2562486036748215        3.1481069579256138        1.4881699331537079     
  -3.1806089721127249      -0.81023915737441310       0.24519347517176673     
   5.3683775586879561      -0.48851396117932844        3.3166009247552104     
  -4.7509499624319676E-002  -5.7180280578971225E-002  -9.7096986129333762E-002
 -0.89946598487385443        5.6548874689977033        4.2883857824676959     
   6.5967629404600457E-003  -5.1478350031593359E-002 -0.18090751892690715     
   1.1546976155119222      -0.80937473278110750        4.8126345284046632     
 -0.13118385618888556       0.24215352257243178       -4.0604717790535764E-004
   1.3245689019674205        3.1913529313295022       0.64488776982300933     
   4.1543160834340709       0.17810747023890688        4.2793476665706507     
   3.1809354150284070        2.0459355109157227      -0.71367839497792163     
 -0.14588490708550145      -0.11871977582764651       -6.8832314171856618E-002
  0.81506916647861793       -1.5617816155595254      -0.53481751692283863     
  -2.7341227437933409      -0.26324051253956238        2.1980833763475629     
  -3.2912010062801058       0.84003698846172070        5.0739456984539411     
   2.0790234207909766        2.5287297474375614       -2.2744759907145715     
   2.4686611852929334        1.2196998046235861       -2.9960633666426637     
 -0.39462892400609406        4.7453066337421475E-002  0.13847330930885887     
   3.9360657527719987       -3.2349778084363665        2.9029321332467632     
  -5.9366495232165990       -3.5537419913273762       -7.0316559576147215     
   2.0686987083801402      -0.97350149133205621        2.3925061015866262     
   3.0571573858443601       -5.7122515789023841E-003   12.115870645976763     
 -0.14496193842085095        9.1466064284772802E-002 -0.17361456275228709     
 -0.52161609397982611       0.14446389128598880      -0.48691583854721676     
  0.93547832928032393       -3.7610327647316435       -4.2994739570964846     
  -2.8283057848917714E-002  0.20785404453151468       -7.0058306150321659E-002
 -0.47135511231877680       -2.8072026806554597       0.52672697141305524     
  -4.1092288462798061E-003 -0.14034443111995032      -0.17728091288294970     
  0.48290242400033628        5.0215250212572968       -2.5650882349127513     
 -0.12003123117638688       0.10321911077376741      -0.45339374533260718     
 -0.28185345880629503       0.16180843952599219        5.6436941649652690E-002
  -8.9158208050882953E-002   4.4826230957329072E-002 -0.10345819945309787     
 -0.15023262608039706       -1.7462624802245301E-002   1.6129730614522220E-002
 -0.15302260709689697      -0.21826312523799918      -0.13667281680202836     
  0.33046161389414908      -0.28433919566369797        1.4206506364736794E-002
 -0.35600468975583216       -2.9056637754595829       -1.4084994327697578     
  -2.9570495833101282        1.6847469924434801        1.7773449075668499     
  -2.0142579407103347        5.6534994477609883       -1.6169913863603360     
  -4.6539476711348102E-002 -0.46418801958323247      -0.42097812657314854     
   4.0970058710110224E-002   2.7246442548922362E-002 -0.26099515697096876     
  -2.2037625177282729       -3.0738662717279133        2.3555060775361749     
 -0.32543056178400392      -0.23821683166302757       0.14253875569979876     
   3.3624391035236893E-002  -8.6962802169143066E-002   8.0757150577595360E-002
  -1.1115627411481794        1.5094362251573057        3.1950878802114966     
  0.15523250722580645      -0.52307382071530706       0.12593980967185209     
  -4.1818086616399755E-002   5.7797144798340952E-003 -0.13140817674536981     
   1.8737770476749422       0.41811262041515868       -1.0842850334020899     
 -0.28230130606739473        3.3138532392501113E-002  -6.5213046625466842E-002
  -2.3098541284443024       0.22282476482315325        2.7501901894723195     
  0.22759582212026361      -0.47767110768253529       -1.7650887705831460E-002
   7.2855722676522364E-002  -1.5429582507943607      -0.24218114417451553     
 -0.14946838651757929       0.12693736795616223        1.4936578985658687E-002
   4.0378366828926806        27.747599141453509       -11.539318143800401     
  0.65481794031027840      -0.50163350280278673      -0.98189301260791517     
  -2.5529443319421934      -0.47558258075555876        2.1384506760072979     
 -0.15082009406822808       -4.7481071642411212E-003 -0.12476228134206595     
  -3.8968779330894967        1.0287014743355070       -2.3153396088274820     
  0.69399060405184121        2.2193714657473542       -1.7018493730844935     
  0.15483127847722611       -5.3696948855827493       0.33084777764123419     
  -3.0763650767070803       0.37061944590326623       0.88454357804913442     
  0.29025084348799673       0.28407143076464303        9.8669946618581930E-002
  0.17032522520730786       -3.0959202449355385       0.84603494303613147     
  0.86703815994262723       -5.4144496148850614      -0.12574536000267159     
   2.6666436866684777        2.6810901562154230       -4.5816107325844522     
  -6.6270829444602011E-002   8.4639678349517855E-002 -0.16728048377855934     
  -1.5895630375338549E-002  -4.7898603477213218E-002 -0.11863227142361001     
  -9.7892612510180513E-002   7.7394750703695031E-002 -0.18002757420281981     
 -0.89299871047867396       -1.5262666899319377      -0.13059941163775407     
  -5.2925133399502666       -2.3896341601971844       -2.7487348467061765     
   2.7726497570585797        6.0482283207744381       -3.3406524397781645     
 -0.33263782445850004        6.7538870070751544E-002 -0.32544102744642200     
  0.33887243084688257       0.11787476592223975      -0.27203800827475433     
  -1.6932958937889822       0.15396753679731609        1.7144223280880493     
  0.54002631007262969      -0.75157048261235082       0.56981154804760970     
 -0.37550395695583916       0.39788155234424405       0.36496531950750960     
   5.1150871054059737      -0.53608320043887203        6.8588954073684345     
   8.0402399365447352E-002 -0.45792903965398690      -0.14558989417913926     
   2.3268246863113178       -2.7937727671889814        2.5033161286028238     
 -0.14035765789728868      -0.23967331896983163      -0.14964345230771769     
  -3.2785934084159978       0.76312881965493429       -1.3868309251320268     
  -3.3266985162011911       -3.3855924981343564        4.8326924330203518     
 -0.18340512652253552       -5.2426573785175019E-002 -0.17261989509497933     
 -0.25342589177838737       -3.8119004341488384E-003  -4.7993194247667612E-002
  0.85435129965526946        1.5381268017325100      -0.76513704276375916     
  -1.1542185065766077       -1.9502203234663631        2.4923745963845616     
 -0.11752525258788063      -0.15445218092430207      -0.15096974990608408     
  -2.4286347536199335E-002 -0.11514823503288529      -0.18017124857399991     
   1.1871803257653803E-002   6.4731320416095556E-002 -0.33186949839967217     
   3.4669823652308871       -5.0334547638857714      -0.19668635970805803     
 -0.28006815136129060      -0.45359470402709567       0.38607390167534400     
  -6.3799350769687221E-002 -0.35585258368275313      -0.11045267632007491     
 -0.16599609152789674       -4.2829722553029276E-002 -0.16005504257644970     
 -0.35131822439627669        9.9426833102732287E-002 -0.23732217275547210     
  -8.5653681294261791E-002  -3.5906000037934739E-002  -8.3917258086840391E-003
   3.2315305204745997       -1.5613002008707688       -1.4971302802979711     
  0.53807246730017888       -4.0286856187157012       0.40929763313712486     
 -0.57042134349973328       0.22635439770660268      -0.12716441813945975     
  -3.5310116509889355        11.622529319843650       -5.0782742094974545     
  -1.6221075424183535        1.0339801642708260        1.6344367438531895     
 -0.39252646610642883       0.43098861693035651        8.8103002646445022E-002
 -0.21061791765903368       -3.5113587488208135E-002  -5.0049719188651101E-002
  -2.1014753988442388E-002  -4.4292081854432314E-002  -6.8272488119866109E-002
  -8.3585242180959904E-002  0.41682704049767971      -0.60669091807638420     
 -0.81737776751886160        4.3981874013124429        1.2046169819850212     
  -3.1342805845039373E-002  -2.7797584259274859E-002 -0.13290180538560795     
 -0.16094561783490891       -4.8697172462188403E-002 -0.10714453940895244     
   3.7813263283545187E-002 -0.22949018044140659        3.6530471401047086E-002
  -1.6176990669053271       -1.5933013632404294       -1.2565058196819832     
  0.41867938454504255       -4.7590482757001578      -0.71525445965953227     
   2.9785252779409785       -4.4466230637894295        10.495334191907277     
   3.6331691663344210       -4.0472793925299131       -1.6167717571652600     
   4.7844095923729117E-002   9.9194721848561707E-002   2.6412804823770522E-002
  0.19914687876360576        2.1952830436131174       -3.5607975934200735     
  -2.3759885996102557      -0.20676407308129277        1.5972500296393963     
  0.37472725753829578       -4.1086613279088144        2.4485085071064434     
   1.8479592746390472        3.3000013227559557      -0.64134049774207602     
 -0.17104579771917713        8.3938773495478930E-002  -8.4905765199681363E-002
  -1.4069213055230916        1.2280015297493740      -0.18012708137810252     
   2.0234039060470725       -2.4495502993896210        5.4063666764625431     
  -8.4208346298246858E-003  -6.7656451638377912E-002 -0.18186887160725446     
  -3.9818621193619244E-002 -0.13327158087554050       -5.1127691249159425E-002
  -9.9821640502264206E-002   7.7028670764873977E-002 -0.56116831411997492     
  0.12651900622219300      -0.17955829236766235      -0.32046598706710622     
   5.1414692980416857E-002  0.19097684689751784      -0.31570379294439943     
  -7.1151843192199804E-002 -0.10842800106648133      -0.26627316824883585     
  0.10380520024884807      -0.12555402950025740        5.2292691843648775E-003
  0.22450005494289763       -5.0863406067067136E-002 -0.34164295750378021     
  0.56192545312021058       -7.7537654959872793        3.3587062090439019     
  0.11016057475914091      -0.12737018083571075      -0.15524507752337988     
 -0.13139960592066111      -0.18529308584817766      -0.10164509334860965     
  -2.7749660676716768       -2.4197896141473181       -2.2762479067958878     
  0.50648548965290274      -0.25624707869545671      -0.35633032176671142     
  0.16482371028037626       -7.9333694258747426E-003 -0.29080030302433046     
 -0.28279631441452319       -26.872002465188626        14.522512659305949     
 -0.21630337882858311      -0.39927970380237915      -0.18248766697024771     
 -0.88811782244213588      -0.40087741806647481       0.44116640262051476     
 -0.45822033804157902       -6.1288392083666612E-002 -0.29075586956196176     
  -2.3505383806772895       -1.5069933020132229       -2.2176119797798122     
  -2.5816961895806601        1.5781671795766568       0.70886079394653123     
   2.4289753423079823        1.5020311257006582      -0.40959966426205341     
  -3.6036459249541609E-003  -5.7428988844434758E-002 -0.23498297184669853     
  -1.2637908701707026        3.2274950345230300       0.82091160490796578     
  -1.7868122576480940        4.4224748596648791        1.8649817086742067     
   6.6961844014313307E-002  -4.4435763453575833E-002 -0.15882240905992340     
  -7.6104139501209783E-002   2.2393118145834934E-003 -0.12056396196771360     
   3.2920260522833957       -1.5076508163162947       -1.9999586612373748     
  0.15755961496758059        3.7318532180040200E-002 -0.42715328514198425     
   2.2962230219604890E-002   2.2732422923142141E-002 -0.19052551937018869     
 -0.43239661713647215       -2.2684765802650816E-002   2.7377903257488890E-002
  -7.6485088542596794E-002 -0.11961141511648679       -1.9564954273178219E-002
  -1.9214606561641758        11.243791140861426        5.7553305726671269     
  -3.5889424391109974E-002  -4.6815292226087060E-002 -0.13014043765373187     
 -0.75626595673686925      -0.97215783651283327       -1.0729690378992147     
   3.6209871818279691        3.7147942742368953       -4.4134622739575109     
   9.1118225114244375E-002  -3.6520179621010146E-002  -7.7684083921479963E-002
  0.36589037398550783        27.488723830237632       0.41927049754356466     
 -0.10258718388399954      -0.14535160535807090      -0.28379214714545825     
  0.45016268415974536      -0.21495037195289066      -0.28919210893812375     
   3.1138533806531692       -3.4421797126140707       -1.1900189752887482     
 -0.17428705778052711      -0.14738787863813538      -0.22145896183404926     
   1.2236872742593057       -1.3567292931247927       0.32323979574752587     
 -0.37543030111578635      -0.75672241079001956       0.73823421699086411     
   1.2050639689397604        1.9775280036653811       -1.6028294577108628     
   2.3378381615879125       -1.8336681186020465       -3.3684848874925670     
