   1.4989858826718768E-002  0.21204930464059318      -0.43960986672953123     
 -0.11870952981127808       0.21128469071341380        2.1967533183722850E-002
   2.8724400582067686E-002  -3.3592224273530487E-002  -8.7160864931349769E-003
 -0.10723806256693511      -0.11277805439638500      -0.26824355264923710     
 -0.27009281227183357       -4.7801322265358159E-002 -0.17866263942221675     
  -9.9847388443619178E-002 -0.21865651500850039      -0.18253413659687151     
  -5.9036983222922661       -3.1929778677225134       -4.4721304518652856     
 -0.32198924925933514        6.8563559226938200E-002 -0.78421767188901603     
 -0.15524554600621582        3.2793051783480007E-002  0.16826867073383500     
   7.4731713195911196       -7.3812545049018805        7.6802969979568703     
 -0.14522740945960003       -9.9732865948874136E-002 -0.25253237733783318     
 -0.20094706284692798       -4.4625572132626135E-002 -0.18142281480150407     
   4.1670144765922945       -6.6271984955548513        5.6687698140626726     
 -0.45781155650416355       0.26873251356342304       -3.9542252326303748E-002
 -0.23345205071658318       0.32154159823571804        9.3448055297662203E-002
   6.9529605290651508        2.6559352494022654        7.2218443202879090     
  -2.5600252644175980       -2.7915302812040990      -0.79946801407097634     
  -1.9460335735080019       0.20130250159204180       -2.5915443655171808     
  -1.1410012192626342        1.4953956902161498       -5.0899796037748954     
   4.7162485835003922       0.69746194995067667        6.1740895141574361     
 -0.65968529508940366        3.6759291978141189        2.7490794079209242     
  -1.2489633788216066      -0.63564562188349760        1.4184998928809158     
  0.69998496390334941      -0.44716652178475791      -0.64077216585458441     
  -16.463204696820018        11.963025840886568       -4.0713253326788195     
   2.1194545458921796      -0.72051989335432565        2.9795278769218854     
  -9.1284567111254614E-002 -0.14795809919502576       -9.9596451286204563E-002
  -6.9357518981313399E-002 -0.11778067405073672       -5.9272592329019290E-002
 -0.10713219657712592       -8.1929115180861545E-002   5.3787992389430578E-002
   2.5355686728325404       -6.5746812160005188      -0.27816398571406992     
   8.0288188447155989E-002 -0.39081384546461617        9.8467239118477920E-002
  0.79167183838136090      -0.77283744826215706        1.2377778971629905     
   8.5696343396762548E-002  -3.2379263866951974E-002 -0.28439747292434181     
  -4.0034290272682833       -39.082908635672482       -25.629274763491370     
  0.12339273157207795        4.1609937953228378E-002   1.2863918887083960E-002
  -8.6339694789102209E-002  0.13619344129519492      -0.19714559802288853     
  -1.0316948607810528        2.0484572410055089       0.44975817965377829     
  0.26047006776834875       0.69409804989343327       0.14148625081577385     
   9.9878992914066364E-003  0.17873239263455071        9.7243168986214351E-002
  -2.6005902027505690E-002  -8.6732195592099715E-002  -7.4582241472413144E-002
  0.27821439767806816       -2.5059531554682150E-002 -0.12240725353204542     
  0.28330221735529343        9.6866508691496794E-002   6.6111726646171463E-003
 -0.29762126611676393        6.3816303306413621E-002   9.7175520157532003E-002
  -4.2348119553339489E-002 -0.13144605410618013       -2.6686855297694535E-002
 -0.51184782751575175       -1.0801616484270136      -0.81712132687487204     
   3.1934640644259375E-002  -7.6920547463631223E-002 -0.13703911331241617     
 -0.15930209363821846      -0.17619290450312497      -0.55685680119104741     
   3.3843834421423351E-002 -0.22011256754790609        4.7296223912684440E-002
  -4.0545891772197376E-002 -0.70003127878929516      -0.49226752472494412     
  0.10349977581345324       -9.7443865796883258E-002  -2.9040036721400334E-002
   7.1249480751002308       -5.3448580060205328        5.0321545219359400     
 -0.15390163717149230      -0.32647153625698450      -0.14029627365693523     
  -1.6010177908170500        4.6108302730737805       0.81162337863048695     
 -0.16434687002827994        3.6755568621584508E-002 -0.25418257987053322     
  0.73403245566087916        1.6834141917878449       0.25393789398030331     
 -0.24482744889070529       -3.9131010965067811E-002  -8.8799239115593363E-003
  0.43304202177641893      -0.30182787088184210        2.0609787965172384E-002
   9.1395679850296008E-002  -9.4014936898073984E-002  -7.5365911265401528E-002
   1.2927695299785336        5.9450178356256957       -3.2319162494331772     
 -0.27372471257909764       -3.1529600769185033E-002 -0.12639788266413271     
   7.5569773446513111E-002   4.1173140882709196E-003  -9.1101550973751791E-002
 -0.17291391988226715       0.52700826273337964      -0.21775096430515251     
 -0.17580410011965528      -0.33923972130697450       -6.8342386214024969E-002
  -2.5297587055994903E-002 -0.14586076234841153        5.7930586343326165E-002
  -2.0818674760854190        1.9567893560212428      -0.12755119781308427     
   9.5127939402158551E-002   1.7446800396587920      -0.75914826122740686     
   4.0097793632827162E-003 -0.29948302218075146      -0.16561820445862141     
   2.3833722994715950E-002  -9.2594401347788471E-002 -0.23479918813949202     
  -4.5088802358899220E-002  0.37179170404874179      -0.26576047103215900     
   6.4744708999700640E-002 -0.10424146936412865      -0.19400694680414396     
  -5.1145937721718999       -2.0846509518839755       0.44803282978858788     
 -0.17915174545805254       -13.493081006555155        5.1740672106954682     
 -0.10065628569634863        3.6562015137676845E-002  -3.4900075100494699E-002
   4.2253892748417590       -7.2428994758843173       -4.2185223376356369     
 -0.18204459991191105      -0.10171347702962101      -0.24881119453539483     
 -0.15557409863708213      -0.43068103402202185       0.18395741886548508     
 -0.22139228006267220       0.27222499955774393        2.5405061842831499E-002
   4.4766202470978837E-002  0.11561758120336954       -4.5789960616763506E-002
  -5.4912611180400583E-002  -1.4399866118064696E-002  -1.3630377347041341E-002
 -0.23942114858160418       0.32226585797790558      -0.12887355146733562     
 -0.22493455294270706       -2.1799279388292507E-002 -0.85167188499717583     
  -1.5033424620260412       -3.5109232120191662       -1.1668160746220597     
  -2.5096968149123162       -1.1983330109465293        2.2007531135216967     
 -0.13078187125857119      -0.52646508106276146      -0.21601191964052807     
  -3.2532082409657333E-002  0.13896483795738016       0.12492226670362230     
  0.51250495709260613       -1.3940333176291928      -0.25064148620756416     
   2.1711299570488616       -1.2167315956068516       -7.0281426954511614     
   3.3343960584566190       -8.0537499518040754       -1.3949928339932214     
 -0.10625934644981086      -0.30868767428632626      -0.17873926639745669     
  -1.4616518410680395       -5.5688876096754445       0.75710938971671982     
  -3.8671889505729755       -1.8315156951259264       -4.5209369803869954     
  -2.4340862844396636      -0.72927449559277169       0.95022928261127027     
 -0.14805901217515732      -0.13302332589060686        8.9325156963100099E-003
 -0.13913912202797149       -9.1647033645479353E-002   5.1486568217482383E-002
 -0.18387408082685588      -0.12698926238586217       -6.5051743136369782E-003
  0.13578566529025393      -0.32242093602297911      -0.19671908294158086     
  -3.4299600765127069E-003   4.4705002231565434E-002  -3.1484725053310923E-002
  -1.9072419266892258E-002  0.18898237754330915       0.15109649225697824     
   3.7223953729644044E-002   1.6626465922281314E-002   3.5562469820878718E-002
  0.44063457475431184        5.5408442514176883        5.4338066753447238     
   7.5674816608149009E-002 -0.18762620175535127       -8.5412831398183786E-002
   2.1987013392425179       -4.1693160655987498        1.9798991376817270     
  -2.7934443960994100E-002  -1.6954929730967301E-002   8.8483972250404275E-002
   2.1936356935074190       -2.2265745459181763       -1.3976703643626138     
 -0.62365741862787172       0.57025498338894698       0.27575039975851728     
  -7.3013919493501479E-003  -7.9064552138860864E-002  -4.6528762244330578E-002
  -2.2083767731173141        3.0863994367130458        1.2541837888288312     
  0.64495285695246285      -0.53467376751661833       0.47785060309833144     
   1.3289034434651690        1.3495622442695054       -1.8758182696176304     
   7.1580208778028342E-002 -0.20350878722283858       0.11399228291717814     
   1.9311454314858161        4.7962675524091622       -1.6493322810051450     
  -1.0213787960556455       0.10980970341344351      -0.40929787252215755     
 -0.11203690634769115       0.42641532861214732       0.71204254772524711     
   5.1957570791565794E-003  -6.2300604120645094E-002  -1.5221033035446932E-002
  -3.6450169836327890      -0.25409907828572870       -2.0367670134654672     
  0.85002831900546427      -0.18267568911417451      -0.43496753715080788     
 -0.22060969020142096       0.40128563303597875       0.26946421616764998     
  0.58703403908052953       -1.6968450307030516        3.4230890876794984     
  -9.0444886061984045E-002  0.10911087332122679       0.10015315535249843     
  0.41298173509428343       0.49287702251703258       0.43020078783036064     
   4.0250402314867211       -2.4253007708914196        7.1551332444999067     
  -4.2344080394926688E-002  0.17988522688819325       -9.1977584950322641E-002
  -3.8677113315984897E-002  -1.4810386089688257E-002 -0.44229074882224106     
  -4.2463101258948456E-002   4.1303616146451436E-002 -0.19428648517540986     
 -0.26520311073623892      -0.10119373609487622       0.53802615074137905     
  -8.3604345618755200        8.3339801126968833        11.634653850581032     
 -0.30415274856719615        3.6844057464271190E-002 -0.32619441580399361     
  -1.5272462686113801       -2.1491432194341225       -1.7233064765080806     
   3.4647337997915341E-002 -0.23973119271459287       -3.9368543143174610E-002
   1.8511568803695957        4.9288206027770096       -2.0662381942209205     
 -0.38416639712932960      -0.34512868537983143      -0.53804657884867069     
  -1.3355062703672611        5.6320650095613569      -0.96635333592548722     
  -1.3909409062022076        4.9202951987384944       0.75031759275565635     
 -0.11979085188125013       -5.5768594426665985E-002  -1.4967628569044086E-002
   7.6945552457745832        3.1024041193151506       -3.1545538430526330     
  0.35319245125277565      -0.16407777924837930       0.16698423030466331     
 -0.18507754948870339      -0.67140932227307648       0.26759411097657748     
   2.4307892222952418E-002  -1.8144877180095147E-002  -7.9013890585358570E-002
   7.5890945414167925        2.6678110740854186       -3.3071977055852857     
 -0.16797023015688595       -1.6220336548449770E-002  -5.5640145016238859E-002
  -6.6553738854429306E-002   9.0087796037082585E-004 -0.10422480009222811     
  0.12679087290632010       -9.3557548766516396E-002  -1.8469343724125568E-002
   8.4388437680610828E-002 -0.20977875999230652      -0.19449375562462559     
 -0.12581242078567920       0.11321860606991731      -0.11038587533566543     
 -0.15126406767880624        6.2393728661343732E-002  -3.8620684058226169E-002
   3.6512092540234495       -8.8537248392126084        3.0561915801579911     
 -0.15988576729886758      -0.10868713768616939       0.13023874958070580     
   3.2637905938716680       -2.9832243440973016       -5.5506927285663723     
  -8.6301135681523922E-002 -0.15945947493086038      -0.15151924382650783     
 -0.97218616823022119        1.8912316870850088       0.35046732577713063     
  -7.3788257771791033       0.50926638409246905        8.2022482982206899     
   8.2530224732946314E-002  0.20793366000621721      -0.28098825431053726     
  -1.2259927260607759        3.3019730734455264       -5.1037422182262864     
 -0.30002288868461729      -0.35359717586856487       -5.7954009231177571E-002
   7.6089156685717918E-002 -0.16394652729665576       -9.6107734574524761E-002
   7.3434328424483802E-002   2.6037073110994798E-003 -0.20290088442294926     
   6.0522318321000936      -0.11021697268338065        4.2773411532745804     
   1.9105414360171317E-003  0.29851276653599468       -1.0106639211806087E-002
 -0.77652128161010825       -6.7290184853982886        3.5147645169408768     
  -2.9316141276763696        8.6424554764655017        7.8899712610594319     
  0.13112869338196972      -0.16492172637406732       -4.0802213215771807E-002
 -0.21913627664323435        4.3825167197709333E-002  -6.0394290996830260E-002
   5.9833069271502239       -1.1092442057691767        4.3396143184234823     
   1.8217303016252187       -2.7599841437602275       -3.0788169578877369     
  0.21676779727001738       -3.0179673179162569      -0.31551631660231499     
 -0.47104626366457863      -0.15032617347573787        2.6458154372041780E-002
  0.27125099937370956       0.25285684574165757      -0.25549970713783177     
  -8.9286963170942785E-002 -0.25706033085385810      -0.19862109095026201     
 -0.16393842745971585       -1.7140064207980147E-002  -4.5456766936156377E-002
 -0.16339142294813533      -0.14020371181597530      -0.11040361255535372     
 -0.20766590404999366        9.1444561745400915E-002 -0.14096832506801710     
   3.8625348168286138       -6.8329518848067199        5.8518480284781642     
  -4.7822966760522841E-002 -0.35986417877406590      -0.19794362737410173     
  -4.4032165883073473       0.68343135342543970        5.6235849635408766     
  -1.5422173377298087        4.4178365242098421      -0.83825382261803538     
 -0.17504049556859008       0.41536236430435391       0.45456110058548321     
   5.0135548508089239E-002  -5.9909788757739134E-002 -0.25861939558628727     
 -0.14828154372701341        4.1247635496210827E-002 -0.13150787761058755     
 -0.35358120294532508        4.5132223776415480E-002  -7.3290056567276770E-003
  -13.009456061701290      -0.34903238946006704        3.0065460928130392     
  -9.8334897636253693E-002  -3.9302530745664359E-002  -6.0546503885807925E-003
  -7.8931449151196736E-002  -1.8196613471355781E-002  -9.6749455087293462E-002
  -1.9710618976059052E-002  -5.3349901211352880E-003  -5.8586440024188842E-002
 -0.72065501138378063       0.30355477723561791      -0.75799898925681308     
 -0.10641289195787820        9.3320940961837059E-002 -0.17159135772456152     
  -2.8476792420404448E-002  0.22773727408515965        2.5086569439590239E-002
  0.36768495848843041       -8.5799105242782739E-002 -0.13155647418387761     
   1.8219702548639269        4.4508706706100911        6.7636006224671466     
 -0.17101867348759875       -3.0258597305902048E-002  -5.8690807761588252E-003
   3.4545534006976735        5.2356904333441214        5.8995386626100847     
  0.10733838403140186      -0.14657910362003893      -0.22828073081638758     
   7.3927636947733050E-002  -3.0177660928274376E-002 -0.31073649753528804     
  0.72259339417507495        6.4347069329618103       -1.8148109462111073     
 -0.16290148956712064       0.49693127660038017       0.25834245831512820     
  -1.6026009318656460E-002   4.9431844827184504E-002 -0.29157217550503556     
   8.7892870348526927E-002 -0.31574281017559308        4.5239745406355822E-002
  0.53075474200380934       0.21705999085228239      -0.55502802254094297     
 -0.22576652744400252       -3.7801264471069835      -0.13764713212687291     
 -0.13392568093403046       0.10959095895493808        1.8474331727370348E-002
 -0.57850276979937176       -1.9039195758100362        2.3452719301973772     
   17.961518314191036        3.5818350157750021       -51.672163070570249     
  0.28166838652753506        7.4802340950768436        2.6118096660172068     
   6.1923980144807489E-002  0.60486388943327496      -0.40623092455113358     
 -0.13536651141790002      -0.68080027418562128       -1.7043311403782041E-002
  0.62462691714383323        2.5457350127866247        1.8558897873911071     
   3.2492125948603054       -4.2102769423375062        2.9392761957762188     
 -0.21529728715413365      -0.18392110396034422      -0.16511101400043901     
   1.9332612468116150       -1.1650082567086020        1.2974385323303248     
  0.13900897167045081       0.14734230397173373      -0.19990230195098296     
  -4.7174249652250817E-003  0.27919338318047343      -0.17974479561819789     
 -0.26704610226488040       0.13209137007195976       -7.6943666048879353E-002
   2.4991151815344343        1.2659754515100061       -1.9206463282023161     
  -16.842764510980480        13.803392934521167       -7.9595500786037423     
 -0.27926044568116276       -1.3599528048567933      -0.27825644949312922     
  -7.2249500260650509E-002  -2.4195808919423897E-002  -4.8694301010520545E-002
 -0.13541897409985318      -0.29010393275029656       -4.2772386571086705E-003
  -3.0911619830677393       -5.1503767102307130        6.2915074973586487     
  -1.2207771992162511       0.50940841828461658      -0.94677571257173221     
  0.14389167927134316      -0.13171154274576755       -2.6462473193071521E-002
  0.10637760729552073      -0.66543943864199429      -0.35857817821573285     
   4.0541696898649882       -4.6565216799015205        1.2214312468463699     
   1.1053646851344561       -4.3828270277670143       -1.2488701335274450     
   4.7092321396229666        1.8801253336336896       -4.0785242684863299     
   2.1685832565245002E-002   3.9400020485388536E-002   4.0205829764828345E-002
   4.4646862619640459E-002   7.5156135563819171E-002 -0.15891477030487278     
  -4.1870783935362006       -4.7227397479681725       -8.9931205249055974     
 -0.17189074475591101        6.4597199786462209E-002  -5.4895190074035122E-002
   1.3279443397671944       -4.3680760138545729       -2.0281278316894427     
  -4.0043421718397015E-003 -0.24019871809048507      -0.16962198832668557     
   7.5382778178849072E-002  -5.3860385670744783E-002 -0.10639483648586197     
   8.9496905599500895E-002  0.10919222473812239        8.4352035862788055E-003
 -0.11614473167444954        5.9299086864573636E-002   5.6744874122332270E-002
   4.4349792311166099E-002  0.17669418384460994      -0.12189465706169085     
   3.3452384630608707        8.7734654882090055        1.7285501331461575     
  -1.6068831702381284E-002  0.35281024321924426        5.2975874051325846E-002
   6.4244559350806707       -1.8805434664850396       -2.9803241015124371     
 -0.21506691879400217       -1.2538756516067714E-002  -8.8678443128702628E-002
 -0.12006810172827767       0.14588525086808560       0.12154543794890400     
  -1.8407854210401059E-002  0.10495660768460831      -0.14778639561413065     
 -0.19561659232437195        2.3873078704239787E-002 -0.14849497343947132     
  -1.9625029921350137E-002  -6.5137276000009486E-002 -0.29391430642184357     
  -3.0334952685946902E-002  -4.9799926920678729E-002  -3.4622562788046297E-002
  -6.3431828213825800E-002   7.5563407635235877E-002  -4.2261534521028779E-002
   6.4888427987785574E-002   3.4037163558157695        2.3997392732388465     
  -6.6316726253299332E-002  -4.7822057684171713E-002 -0.17363220269085930     
 -0.98948823734960345       0.31896304307679035      -0.86911824853479869     
  0.79682486320020529       -1.9130522972922348       -1.3036239254850990     
   9.5434303803067430E-002  0.12755452870504599        5.4854992046718898E-002
 -0.11943745934821784        3.0861180895771688E-002 -0.12315649504819692     
  0.14860820784966067       0.41553745304673478      -0.80006364966175658     
 -0.13061856902773539      -0.58247673624019680      -0.12788123821401820     
 -0.15478219063421314       -8.8483780144307730E-002  -2.5952963145258715E-003
 -0.30423697731520116      -0.47372109995763095       -4.8690337838081167E-002
   1.5221032100717581E-002  0.42318562360856338        2.1458389225360226E-003
   8.0916453854359777E-002  -9.8409869570855818E-002 -0.18961326465841269     
 -0.15046400067027016      -0.16562721139515976       -5.2355680547526769E-002
   5.3311052223392911E-003  0.16161031607494050       -3.9728085674134786E-002
  -25.057853426168187       -24.647255428689551       -42.712560621822135     
  -1.5425324908879030       -7.3684175754176771        4.6643828101815332     
 -0.30149912837149906       -1.0276205873830773      -0.30012848875399395     
 -0.14323797427595805        7.8343399022920576E-002 -0.12797249467029495     
   2.7139562278014721E-003 -0.26829837634957143       0.11350779031136959     
   6.0446314814412565       -2.4092110313302917        1.7671836042194007     
 -0.22017116249938495       -5.7123045130337391E-002  0.12923366216402279     
   5.9566997758438663E-002  0.14729702163278963        1.1497251331673413E-002
   6.7578578033221745E-002  -8.0142320794540978E-002  0.12966182124697020     
  0.17817299640149625        3.6469810193142194       -1.4496792308719320     
   7.3858126752836470E-002  -7.5576726939480088E-002 -0.16448569632454110     
   1.4961146315155456        2.9878869427620196       -3.4432835382595757     
  -8.7626719308057835E-002 -0.25751139951770291      -0.18409165159069071     
 -0.61296804268741845       0.69336565155692664       -6.2421709696697220E-002
  0.66102070381928935        4.0781054125681910       -7.7329210580088263     
  -1.4391800037521012       0.81882599149252588       0.87400989473413915     
  0.43006179772038883       0.33183997831688899       -2.9170337007091984E-003
  -4.3882662521145342E-003   7.0969086888859265E-002 -0.14170896509543424     
  0.91900554198000628       0.14235408346456188      -0.50665627469758145     
  -4.6655179314322150E-002  -9.7988882477288167E-002  -4.2819671119644818E-002
   4.0102130126984425        2.9720918393331606       -3.6370319608185260     
  0.96343202093949554       -3.8665008371182426      -0.33695963047821920     
 -0.77872898446661576       -1.2462696145925984      -0.64069871768028752     
   3.5383413071902875E-003  -4.2795600872925624E-002  -9.7750540904301728E-002
  -2.9548772198709092       -3.9825125683491924      -0.98065314342647458     
   1.1052551994731723E-002   6.4840193113948646E-002  -4.6412308195617334E-002
  0.38249201673219008      -0.14861529084401390       -4.5088823057801132E-002
  -4.2565414973182149E-002 -0.27826784926041326       0.45963996503932758     
 -0.19595320653284065        3.0126059777816665E-002 -0.11742773495549368     
  -2.4936192497028040E-002  -2.6479576769844214E-002  -5.0871941538190711E-002
  -8.9180604623729683E-003 -0.76238198054347639       -1.0056833783047527     
  -5.9110341547938948E-002   1.0937065470441279E-002 -0.11792750550128270     
  -1.0597551258486955        1.9692843066369785        1.1248939871837385     
   7.3711345068636689        3.0122205437462350E-002   2.9712446173315303     
   6.7284195805477083       -6.1255979171436437        2.4160575295014408     
 -0.14548022808595223       0.15541200824760240        5.4058741392253432E-002
 -0.11798984017060747      -0.13672646326594437        5.8431723826201064E-003
   3.3733869806361381        4.0634564538003390      -0.69552231165675005     
  0.16677283405166335       -9.1601618228660767E-002  0.57647326020052736     
 -0.17709011363568430       0.11890636062927887        9.3202740164687728E-002
   2.4462621394510267       -2.1927916995581058       -2.1172147875793739     
  -4.2649512026727585        3.2212657002142717        3.4758402043398222     
  -5.4960884622570622E-002  -1.0908913515346232E-002  -7.0429510319272720E-002
 -0.26669650894035207       -1.1374484532534245E-002   3.0444791559523017E-002
 -0.27538444139145202      -0.32451077238947168       -7.4979117403859930E-002
   5.5067335081058592E-002  -5.9600427756594696        3.5332798187261112     
 -0.16149518541092131       0.32629767401958232       -7.9298886258062917E-002
   1.8642078874904308E-002  0.10759928853998975      -0.34713157024688818     
 -0.33281191401697496      -0.63020508217101256      -0.20166696631898964     
 -0.17755322277098126       -1.5878543587192647E-002 -0.19379162960600102     
 -0.17552717028589862       -6.8716227641618485E-002  -4.2010008307689466E-002
   9.5817030601853137       -2.3593035683373529       -2.3782598439414571     
  -4.8047177477736307       0.74438887068157655        1.1849348162359228     
  -1.6885558904027646E-002 -0.16418296729346568       -7.7977151088205587E-003
   1.6935064694368362       -6.6821705549318766       -2.3674228371294950     
  0.12856270267331263      -0.12095416199459447       0.46747357608740897     
   1.5750232324313600       -1.8235371713285358        5.1832635979366541     
 -0.37190218015139981       0.21316150912946227        2.6017786509000339E-002
 -0.19494997648770954      -0.29638673083979578      -0.32107029492272871     
 -0.54028583537957364        8.8269450649819827      -0.12010690861437531     
  -2.7446500190400829        3.4887575868814906      -0.84279314029671326     
  -3.8531257335036679      -0.68587635826281046        2.9560173619744878     
   5.4295439853960348       -3.0784631117267036        4.5190451285671527     
 -0.52726956257908675       -2.0282057887645402      -0.27587999273642788     
   9.6575269998150533E-003   8.7909950769214470E-002 -0.11005952179954824     
 -0.13714203823189355      -0.10748465192416930      -0.16349467399932616     
   3.3364046673268795        7.3212365552421659        1.6655971824368658     
   1.5474877155590345        7.8145494172240433       -3.0183036251548123     
  -1.1073819209913998        2.1939766908499001      -0.31922098566289980     
   2.3506516148289958       -1.2170184666953481      -0.80523497003669686     
  0.12556378539301097      -0.11715315270110621      -0.10291109350032618     
   16.027415618356137       -16.008018798438226        10.094663715447224     
  -7.6356370293226908E-002   9.7256209970366839E-002  -6.5969858517184263E-003
  -3.6464253708627781       -4.4483116012988866       -3.4101368642003229     
  -7.5863159291645194E-002 -0.15506232239643131       -9.5365074555735702E-002
  -1.8603693818154863       -5.8536580709855626       -1.3523352684692465     
 -0.29530212042734916       -1.5324852602686583       -1.2738718706628889     
  -4.5096105593350497        6.5589969795130498        7.1332883029116960     
  -3.0487944421565983E-002  -9.1548118424168615E-002  -8.1249609357573693E-002
 -0.40086449517449207       -9.2711028647885371E-002  -3.6371565146692687E-002
  -4.6938196632862237       -7.3261226553061407      -0.70927195903456275     
  -3.1281900064240302        6.9714378164453379        3.6501199350134566     
 -0.14131517761671211       0.30363719164611785      -0.26481504323690880     
  -2.6184603228439212        5.5362949572000102E-002  -4.3611898806584053     
   1.5472008008515203        3.7803543827000428        1.4167681217583501     
  -3.3561721560918558       -1.7062003013074778       -2.5644313187317755     
 -0.15017385469730221        3.6572662701059924E-002   7.7472953937337871E-002
  -14.652398022566770       -12.861304958327530        1.9487281901252029     
  -7.2616565945649176       -10.246553427192154       0.57183475137610418     
 -0.37637043253175051        1.1825854337715469      -0.22055798063180446     
   3.1875834147581958       -1.9680547663274268       -2.3521287048642345     
  -1.7441786774058592        4.5956638514262327        1.7447495142476441     
   7.8236846723388185       0.43678387819153841       -6.0091730231061282     
  0.40128755364951679       -7.3344287425927718E-002 -0.21567801835650102     
 -0.23787944694304378      -0.11229427425237543      -0.60511697095552297     
 -0.55607988126237495       -3.6810312850840439       0.52728916728859510     
  -7.6282661463650814E-002 -0.37355300924647333      -0.13424247283727703     
  0.78091453855717630       -9.7193237570942301        2.6781426220007840     
 -0.19932115800648489        3.4832222222041950E-002   6.8568032109786459E-003
  0.52396894442597608       -5.3017138133060415      -0.46709716206366203     
 -0.17533040122792165       0.24181973390199690       -3.3247001250727819E-003
  -5.1737763025697443E-002  0.26379972380028027      -0.23401307356969955     
  0.10000653862115108       -7.5554143410429375E-002 -0.16276868558113958     
 -0.51119508358211518        4.9380619406271253E-002 -0.10336994562818327     
 -0.14258175890660491       0.42663148844723897      -0.39491935583587479     
  0.93184509467298315      -0.22294747710875795      -0.26758347479366124     
  -4.4367600178667706E-002   4.3016711243467846E-003  -4.2660293605768840E-002
  -4.3954545119405566E-002 -0.13851051995687363       -4.0134548495249153E-002
 -0.71588508186400057       -6.1461525874465170E-002   2.5082122768386990     
   1.9004001322986575       -2.5824928803645180       -7.7508241115055823     
  -4.4486532747142926E-002  -3.0311729447192428E-002  -5.9798139698040612E-002
   5.5221422176386613E-003  0.14844741579135834       -9.2042179357226403E-002
   6.3149577441103430E-002   8.5565040636771159E-002 -0.11776017095102868     
   4.5997133914200579E-002   9.8533296570234241E-002 -0.13825548043171357     
  0.27046481202214290        4.9219866210002024E-003 -0.40254404384951320     
   27.301024429699378       -4.2725212862278417       -13.400204278309236     
  -2.9192082507953683       -5.2109488106988815       -1.4424414904142162     
  -5.5417575830137879E-002   1.6516218947643137E-002  0.15214550013329020     
   9.2591570058546110E-002 -0.48730770098053522       0.24284566606825747     
   6.9680230514348445       -1.1357182652098945        4.6248051486433148     
   4.2298724809080870        1.9306077880189128       -5.3597165243040381     
   3.4880528177796335        2.3754795882344530       -4.3666805163286009     
 -0.23060278081730107       -9.1714115433351839E-002 -0.50882984880797477     
   4.6731561968137090        4.6271227621019282       -5.5147060163175796     
  -1.4782399341464652       -2.6044432393535026      -0.22202825623132377     
  -2.9823792068640935E-002 -0.35033787326690574       -4.3590464027952556E-003
 -0.21806882064793479        1.9653459353327525E-002  -2.3739208753127600E-002
 -0.41004026790633674       0.10606815531801862        1.2074120346960053E-003
 -0.25265270212177871       0.17141565039909787        1.0763046744976681     
   4.7627820564975151E-002  0.19024871711463778       -5.6483877031818733E-003
   6.9657993249450820        1.9967279612865201E-002   6.5419372641639058     
 -0.11220637997383362      -0.10389242586496926      -0.10385613106941669     
 -0.62622922059185748       0.72462333306044291       0.43503130167516540     
  0.13137322732189802       0.50480199325871444        1.4863562789668006     
  -2.6669630634834678        29.159854739885652        17.437980593760152     
   8.5680022988023699E-002   3.6651873843772699E-002 -0.31754646484277199     
  -1.7920452893901655       0.10517088379392603       -6.6725071351194920     
  -2.2301414938022877        4.8332896174408555        1.0983351983727654     
  -4.0354084417231926        2.3874142720269469        2.3161877683404244     
   7.5485807575744163E-002  -4.0872091106073380E-003   1.6658942541409451E-002
  -6.4391112015876315E-002  0.20257980546552881      -0.19991248315306828     
  -9.3432903540955528E-002  0.20974279165132165       -7.0677242357858133E-002
  -10.228067067361710       -5.7452671820530803        1.0370632508453415     
  -4.7179978496204644E-002  -6.3015546590380386E-003 -0.12943296753283909     
 -0.53735147522866589      -0.22988517512124745      -0.19105276276210900     
   8.3488088060229035        1.9447857265055286       -4.6858424056608223     
   8.1647829937329401        1.5082807355911756       -5.5252666557801682     
  0.54812469996147206      -0.47206803773959438       -9.9316507590222522E-002
 -0.15133780058482416       -7.2057275919029523E-002   3.1900614194060574E-002
   6.3126122072166391       -7.9979885976364828        1.0347807571979439     
  -2.7945703722437827E-002  -5.1406395742547843E-002 -0.25187847103902006     
  -7.4438977742334016       -1.3996319146920493       -2.3068331286850672     
 -0.12401390280346455       -2.2208458792177210E-002 -0.14779905101774787     
 -0.15289094152845728       -1.2629060903205700      -0.44535769515807710     
  -1.9312399693205271       -4.2700189425264519       -4.1267871620885144     
   3.3752055605839378E-004  -8.8318666111137867E-002 -0.23548477290627798     
  -4.8191403761062830       -5.3292905173942389        9.0265338613404786     
 -0.20861519251344188       0.26483166015285020        4.7547523391765545E-002
 -0.80012501888140442        2.2019586089112160       -1.7204167819353435     
 -0.13119718255512697      -0.23937730328182200      -0.15302030384091167     
   4.3313291330147087E-002 -0.42328827023310939      -0.27377928375429672     
  -7.3406394253482832      -0.76050443695882797       0.14881113753576994     
   5.9077679901886247E-002  -1.5299620505799234E-002 -0.27066882192256847     
  -4.3449677639953217       -1.9240285917268647        7.0391884337959185     
 -0.35389163937411061        2.0031848285258329        1.3908447542565685     
 -0.36339654588814618       -2.1335017461961200E-003  -6.3323077186115406E-002
   27.333854641361771        31.498795203503668        43.262991904779874     
   1.3132824666839851       -3.1470006674928599       -2.2092386075936190     
  0.10288365533249789        8.3870825226390777E-002  0.18553331948074223     
 -0.15725648354548810        7.3191725795109658E-002 -0.13625127322663247     
   2.3698761934545605       -4.8507419649051409       -1.5310747876435282     
   7.9068925553927791E-002  0.11707890058688723       0.26214159482646410     
  -2.0807238154981426E-002  0.14321348811269610      -0.15869661756454614     
   2.1936961579565830        9.0586652730650510       0.47807256338384257     
  -3.1784649456172800       0.29086359474067652        3.6280570866579485     
   3.5953771861914796       -8.1723356404907577        5.1380741041877940     
  -4.5403209733037118        5.5296332875261003       0.31858650563098589     
 -0.29906321560652482      -0.12893920295556763        1.0158548000753274E-002
 -0.49492311982453141       0.68321994141960929      -0.30327533182348537     
  0.21633716535602732       0.30058927593358892        2.8543151377827924E-002
   8.5853027327993200E-002  -7.3682956184128970E-002 -0.11199848617359284     
 -0.45759062800548023       0.28824202084541733        4.7388602629180543E-002
  -1.0212015121668363E-002  -2.3194799802822522E-002  -5.1269222606548766E-002
  -5.3283714259653600E-002  -4.1891569686018121E-002 -0.19401053657736678     
   3.0811818383214988        1.1184084061057649       -3.8699330507976488     
 -0.27887592045375303       0.11037919911453711        2.3085537605978725E-002
  -1.4091607565011930        5.7924661071232828        3.7960018669826878     
   1.1887183949422769E-002  -2.1544259848601297E-002  -8.8338351855911615E-002
  -1.8062779548619528       -2.4402185346658984      -0.18656821048284672     
  -7.3616570717629317       0.43965714205562811        6.1769345852850694     
 -0.29494877425554850        1.1716855557553567      -0.61216818107619586     
   3.2200177476329972E-002  0.12954804550131130       0.57194686793054461     
  0.17631680106040323      -0.27252131244027233        6.6133566068519209E-002
   8.4124048615354122E-002 -0.21638408576799545        4.7820691392038900E-002
  -4.1301438869394899E-002  -7.4192467679803809E-002 -0.12555657078609561     
   1.3478476633038838       0.92198994802737066        4.5057047523637355     
   2.7421823831723553        5.6945740855903715       -3.0435541311452288     
 -0.21604875042617705       0.55574400699766735      -0.35374039376181865     
  0.51266813423994528       -2.9761114896564247      -0.75400651691099208     
   3.0179411820803401E-002  0.11105286695049157      -0.15447055447475441     
 -0.24662466969046729       -8.2771795930750361E-003  -8.0180709140087555E-002
 -0.68837003170683497       -3.4948162804081977        4.4052860407644960     
   3.5659179475187333E-002  0.34175188113724009      -0.17602811571111501     
   6.2760337196308225       -1.2960627573555334        5.4553144552531156     
  -3.9836599254569942E-002  0.12963417351501155      -0.24737573706396127     
   5.6509317163252831E-002   2.1378503729375255E-002 -0.18245748505038126     
 -0.65479953949151626       -4.2607309627802783        2.0202788840665677     
 -0.13754858575934056       0.11801748226847210        7.0807806967651557E-002
   7.5463745876439836E-002   5.8695554662717156E-002  -6.0884772507372054E-003
  0.22016403174924190       0.31746280035936614       0.14593926825068013     
   1.1679579614020754        8.2118431698826750        5.7226535641490370     
  0.16343749969621127      -0.28135216962411008        4.7173423247746829E-002
   1.6631192225284657        2.4754769284350515      -0.54187323659164566     
  0.72223222599749970       -1.8588014695075159      -0.64332920030320884     
   7.5693865755953418        2.4323639073456769       -3.7785253777392440     
   1.8325572158636232        7.1327687436857135       -3.0513806686614378     
  -1.4268109532717967        8.9668016391036041       -7.1636748946277544     
  -8.5229480069298091E-002 -0.15759494929594772       0.36704647178842020     
   4.6766317699457192        4.5988282434756247       -5.5750867920061387     
  0.18827232305766756       0.55242733553815548      -0.44717186453220775     
  -3.1974177133767729        4.8980858434364007        2.7270662149685299     
  -4.9320843983773482E-002   9.8401755767402836E-003  0.20146003120409101     
   5.3844503033458925E-002  0.18965847280884710       0.17160614115312051     
   9.6233269707647284E-002 -0.55340226158995198        2.1213340228204484E-002
  -2.5282111042297997        4.4334239063417211        1.9016900145359141     
   4.8755346726358957E-002  -4.6854802838746684E-002 -0.14392889075643994     
  -6.0188900712111097      -0.90671840726164010        4.0914397676338581     
 -0.23815031530993494      -0.12135721219441012       -9.8170505684700315E-002
 -0.18243548627946340        1.0464770552339853E-002  -7.7764656831026333E-005
 -0.60714162981854769       -2.1078089163827292       -6.8903645136626404     
  -3.4277558144634099       0.84145675484180926        1.3091833040362093     
  -5.0418062350372217E-002  -6.8345024891313458E-002  -7.5640449277453337E-002
  -6.3270582261020697E-002   7.6053443185348471E-002  -9.2950405660858160E-002
   3.7971193647685510E-002 -0.14422675919830633      -0.26189733034138801     
  -2.4801299999812123        3.0376378101981385        4.7411804358305050     
  0.50657888070248136       -1.1892166623969342      -0.20500489125892665     
  0.14561145983203008       -3.5940692919743888E-002 -0.16165478515120901     
  -8.4960509869506276E-002  -7.6684529518159114E-002  -4.7740854443219197E-002
  -5.9600323780525752E-002  -6.1741148485834139E-002   6.5033811895301774E-002
   5.3590119599179200      -0.97491525405800383        3.0920330834632948     
  0.30166260984931559      -0.10903271712489590       0.13579975269155539     
   1.9429549229495791E-002   7.7407638413801411E-002  -7.5350712585300808E-002
  -3.2860747854527632E-002 -0.10303834296854893      -0.20680792319165447     
  0.13614572901961414       -4.3805907569224780E-004 -0.26326124328440897     
   1.9192497010217582        4.4224602361653984       -1.0681751210237571     
   3.9941176719998390        1.7925845222738188       -1.4270507025975403     
 -0.23667916768933164        1.6585571937861063E-002   8.9597857649634363E-002
  0.12556431930235915      -0.13749921684647029      -0.21802836617417570     
   3.0109694970345924       -4.7089917247182047        1.6781065280922489     
 -0.20985552455945100      -0.15738283297156747      -0.17896621718657016     
  -1.0662223334790062        2.0248055101620088      -0.18420792999449290     
  -1.0927607698952821        3.6459686418080133       -1.6193276601250093     
   1.1168821065904477        5.6534217487894862       -1.6904438006059799     
  0.31569218856588860       0.10408971835161801      -0.24746517422198344     
   4.6993802336797321       -2.3764903579290557        8.5337638933978948     
 -0.34230776170555033       -7.9719540284707360E-002  -4.2013393304937877E-002
  -9.2316812989174907E-002 -0.27089096496715642       -2.3818257332681742E-002
   5.4307690333648531E-002  0.12990700063409905      -0.14766570630349005     
   13.662424766133867       0.42260088321329276        4.5613938949838442     
 -0.55273852910842158      -0.10441772813810203      -0.37522876507421926     
  -9.5011517204464949E-002 -0.18571704122392160      -0.13062311556958642     
  -5.3915531526037473E-002 -0.10852074029606219      -0.18554746847662951     
  -4.5773800852532791E-003  -1.2017761772725906E-004 -0.11105607170553243     
   1.0463654035094074       -5.4522075154684941       -1.2541598958771569     
 -0.10535331726541479        9.2044700736843899E-002  -7.4123957451526598E-002
  -5.7033737342213835E-002 -0.18604578763187990      -0.19341362161102119     
  0.54625977281799509      -0.29517014829190136       0.20080472922809406     
   1.0885519104695842        1.0407224126408352       0.88935958941056337     
 -0.19121849513373490        4.3040501220577045E-002  -8.3423142559179819E-002
   2.0359556110066304E-002 -0.29668152070359011      -0.30954330078123271     
  -6.3508482144496741        1.4898498484403755        1.3798770490691896     
   7.9283037261706560E-002 -0.10616546625500398      -0.15875150149208711     
   6.1592152168892520       -3.4912920580695053       -8.4254253361637694     
  -4.7872122016956462        2.3420511099835204E-002   5.5211079503236995     
  0.46689289400165362      -0.11695855283319125      -0.58470068622691251     
  0.28842410730484225      -0.55744371138993787      -0.27454057295510137     
  -1.1120410400371807        2.8783942929927089        1.8909945404907385     
   2.9297656110590764        7.0560909190540295        1.2833461710600087     
  0.12136862599243303       -3.6777411093995356E-002   6.7287229241371829E-002
  -2.2593165504662678        5.5851177146888684        2.4827027180660619     
   2.7101832294354564E-003   2.2905811801302248E-002   6.7007579515864293E-002
  0.69989395882118099       0.32914255292955175       0.21904278158300164     
  -7.7973420140124108E-002  -2.3324892910875725E-002  -9.2565698097355986E-002
 -0.29675485495074050       0.36511105490716067        5.4625285757827588E-002
   9.9864196514359502E-002 -0.31235180415674413      -0.48394999318690457     
  -6.6905535046365303E-002  0.54453396429551981      -0.27874144462169181     
  -2.4079600347184384       0.92440441693396125        1.5848935320125679     
   4.5313463630002715E-002 -0.31101732703530588      -0.20465359359958799     
  -1.1174036495635090E-002 -0.31751089681286548      -0.35926565219597179     
  -4.4717619945109677        2.5301074328088893       -3.9824160520546346     
   2.6112653447746088        5.6429222326973925       -1.2405957726513519     
  -1.3148567615241880       0.85175222661114747      -0.87996699361050834     
   3.2470192973186194       -3.5191874681102826       -2.2555028924936149     
   1.9358347154228493E-002  -1.6612599919817998E-002 -0.10013617589050482     
   5.3594543842417757       0.17451040665021056        3.9167305145788700     
  -5.4326420113174963E-002   1.9193764338833663E-003 -0.17777674316285735     
  0.22723264947658137      -0.35902949464330697        3.5145713181748985     
  -4.2462298404131120E-002  0.17305890854929129      -0.17630808960830149     
 -0.75183280016245446       -9.8474827005713674        8.2767475371903316     
  0.30205824724914865      -0.21279185316169433      -0.20937294163980200     
  -3.6096971666914208      -0.68851943789352088        3.8681165048008332     
  -3.8455766230981756      -0.67397766514824309       -3.1156659376144700     
  -1.5516188569726288        4.9971576656600911        3.0805488877891078     
   1.3812359382942077        6.9769148533563099       0.20574867487489007     
 -0.15063434212279536        4.1426927819052335E-002 -0.12193656516343956     
  -6.0342869781966797E-002  -4.0415540052357847E-002  -6.7534207604663832E-002
 -0.10209907240801755      -0.33156623136635532      -0.13702722877017301     
 -0.38720703504256165      -0.14157263205625042      -0.33413589545443884     
 -0.15011347303984018       -6.2687634532928083E-002  -3.7334146303049404E-002
 -0.19333570016158497      -0.27380863742036837       -3.9193499011559614E-002
   1.7217364853517769        7.7941625921652733       -2.9519625710904451     
   8.8743501150041856E-002  -5.7352180330270244E-002   6.0561013148843369E-003
  -2.9211608013873653       -5.5388365616948798        1.5401772810383834     
  -2.0262041812189695       0.13384853305955402        7.8941362940956120E-003
  -5.4465038367705363        1.5502505818324903       -2.0882361675852934     
 -0.49817052052415062      -0.51650069409072030      -0.17238851383876491     
 -0.10647777270280639        9.5396485505621371E-003  -8.1097890958958599E-002
  -3.2769190646339448        5.1958675955604399        4.3912624752980305     
  0.56348344416256557       -2.9162908851404135      -0.77378867034606991     
  0.13434111497428053      -0.34092008515045058      -0.16777326568084897     
   9.1972111137363130E-002  0.11602318695433368       -8.4874916431253430E-002
  -5.8451338097469767       -1.0360168962069471        4.0624972634947412     
  0.11150952039452605       0.51263072977520296      -0.28555900655811323     
   5.2964376940200938E-002 -0.10930185095627876      -0.10262145217070019     
  0.55567915381495614        3.9469223266384521       -2.6213591165118730     
 -0.83420367977736920      -0.67710178832586065      -0.10013187214147268     
  -1.1506240375859345      -0.29598542246542686       -1.8052246974308415     
  -2.7107962801383829       0.83628533379418113        9.9337114156493769     
  -7.0615799203857327E-002  -4.7137977946671902E-003  -8.0019866894716449E-002
  -2.4999663114961996       0.14410722165413525       0.44643692133628643     
  0.23323587263587606       0.39530198316062753      -0.20515341752295899     
  0.12737426232395874      -0.17269814322634464      -0.20055940050801774     
  0.21955445208920826      -0.10097814254654196        7.4637534088825092E-002
 -0.39139580990099576      -0.32932866312372383      -0.38864310920654388     
  0.18828867862171450       0.13440724660835454       -5.2912435904837879E-002
   1.1948707316029128        5.9129521524594839       -3.4106490542435060     
  0.56285602884328423       -9.1564598243233944E-002  0.12203651952537622     
 -0.24653961823124027      -0.23178664991468820        1.5923387141216060E-003
 -0.40983608410858047       0.27704116272567464       0.34444580389153484     
  0.19038427257085139       -8.4836308445169914E-002  0.30309807958859764     
  -8.0215786470273082E-002  -1.6115396811467196E-002  -3.1064015685849371E-002
  0.13503578541079087        4.6350362672674415E-002 -0.34108647183076418     
 -0.15143681553873597        8.8345105304165381E-002 -0.26281662266800271     
   3.3884886057373480        7.3022861283592153        1.7397992234880670     
 -0.11179215688596347       -3.9258308192496372E-002  -4.6008718515446925E-002
   1.6142919976405906E-002 -0.13045422825477335      -0.10192061397180109     
  -5.7712600845154019E-003  -7.5903147802008020E-002 -0.28012053078175614     
  -4.0265470836047088       -1.4844237378420193        4.9644563670100359     
   4.4235391688978414        8.1427499278641218       -1.4654398490086391     
   1.7090034448590991E-002 -0.20528582556360517       0.16054061676473860     
 -0.48879375060913066      -0.74924149421003539       0.81043904817457457     
 -0.37081481906904351        2.1239102080911936       0.35258330590088760     
  -4.4730326224402219        11.935324774188162        5.7143942205924780     
   9.2112546847405843E-002   8.3091629729591859E-002 -0.12387233488157970     
  -8.0182376668383459E-002  0.20026940818731029      -0.16870554114963784     
   4.9106119131268867E-002  0.17623646301381593        3.1243824223731370E-002
  -4.4456094897763876        1.0099796676507877        3.0582945303162274     
 -0.10424752429738353        1.3675371822823947E-002  -6.8652469028300245E-003
  -5.5236669979445902E-002  -1.6924330326288733E-002 -0.16790426581945458     
 -0.16533268958066208       -6.3357821280222534E-002 -0.15199208726264835     
   7.2878228094967912E-002 -0.22076570973004378      -0.11834808879729622     
  0.71764668351728866       0.25323275071799273       0.25290426819689432     
   4.9547872591482682E-002  0.12334027206350433      -0.16236301832226646     
   1.3593754710404020       0.23903684215883986        4.5451344093249633     
  0.11444058687565266       -5.9845900233539258E-002  -8.0058237690036380E-002
   2.2039935034963896        12.400449062860099        40.484954576965244     
  -8.9088100677553322E-002  -6.9100667381411601E-002  -6.6193703272030946E-002
  0.26456199774032080      -0.16200951229048821        7.6937802899117461E-002
 -0.10190910853780398        1.8868922879085426E-002  -9.7390859750611292E-002
  0.84510338281963471       0.45945022633649624      -0.40448090645928719     
 -0.16055202206978436       0.14385172942230443       -1.7194979730218322E-002
   10.742264890227474        7.5303898110984262       -9.1532721570638511     
  -3.7658563210699723       0.14233661548898122        1.8379296588298280     
  0.62509722679798774        3.6688770645361926       -2.3243085821193783     
  -1.1675114300071168       -5.6521324884119881       0.42602436822701084     
  -1.2518065317841328E-002   5.6613891064371969E-003  -1.4324308174456095E-002
  -4.2740077174081403E-002 -0.20102398508559088       -1.2397513898335783E-002
 -0.30389624527285120       -12.903607261802046        6.9082543690643350     
  0.10944262043410380      -0.17652029094824809      -0.14934409499675691     
 -0.38064426298564952        2.5361788045886839E-002 -0.66147066194980308     
  -6.8575056616061475E-002 -0.15783994978944144       0.12010384836179505     
  -9.0809417680862143        13.904177612775603       -14.448985430245127     
   6.4323210435258932E-002 -0.11102346452515774      -0.24665135672344315     
  0.24328504658116884        1.3071007048448597       0.42054318053516859     
   3.3686033832199112        1.8839941251375192       -2.5286781979580781     
  0.17807542203970628        6.7752710187885794E-003   3.9168321262299438E-002
  -5.8528013827157555E-002   6.7081574709801112E-002  -7.5095148249137433E-002
   4.9705861320274387E-002  0.17541715711078001      -0.23391757159235854     
  -2.9419006244468626       -2.1512443211274195       -4.0087114108541835     
   1.0526893603830698      -0.76706329814079854        2.3217567098577363E-002
 -0.40166909914331472       -2.2304289998115161       -1.5999885158249434     
   5.5662281450654147E-002 -0.14108527504901283      -0.19098054016756361     
   3.8409140332800726E-002 -0.13939642486754711       0.10269200193347700     
  -2.8629843403995565E-003   1.2828637746228664E-002  -4.5990325501877732E-002
 -0.12419700299533468       0.20509909798141099      -0.14583510205450737     
 -0.26738898985159854      -0.69023936086208959      -0.68344111891228088     
   1.9171417004794857        3.6867883235763537       -3.0503933852858474     
  -1.0410942869584066       -7.3444196217074671      -0.64563558320320769     
 -0.16712407647740735       0.25231133487595192       0.27632034195384669     
   7.3379211808999489       -1.3804024097755436       -3.4670194162902734     
   5.9054100011427639       -2.3131855167431965       -3.0553098166151984     
 -0.14929429951447343       -6.0763527212980145E-002 -0.18169289070583203     
   10.911395942264511       -8.0669656906254392        1.0337738013490534     
 -0.66981671597706349      -0.32521756530093349       -7.8264925645419384E-003
   1.8782910163839155       -29.151490495420632       -43.205764394123833     
 -0.27102528366566186      -0.16993378821399321        7.2584252713059960E-002
   8.7779219128620134E-002  0.12247147094680359      -0.15532949955933067     
  -3.0146161900024029        3.1245170916240594        1.5935708996512705     
   6.4625760703180655       -11.248796163868709       -4.0994490268438408     
  -13.226606364057272       -3.0854791656752063       -9.1420963928113395     
  -1.8111618530329274        10.305567915298832        9.6166224408503265     
   2.3389756249985544E-002 -0.25332979810873285      -0.10526934082188226     
 -0.57505670251652230       0.39393014199388110       0.44270304707497393     
   4.3650479423888084       -1.7886337160355588       -2.3856853506893536     
  -5.6960236454614721        3.8497482653102169       -20.240668757005629     
   4.1065285690536513       -1.1205882529486091        1.5632110582107925     
 -0.29966435159511834       0.27753234744775862       -6.8243727825888431E-002
  -1.6595854711277370E-002  -2.1895951888627030E-002 -0.19497528044233206     
  -3.2225174168407387        1.5992543213934740      -0.60912849069699160     
  -1.1476460546337379       0.38513173358024816        1.0615789235973958     
 -0.17665016495838426       0.13505510059363035       -5.7152756409395822E-002
   2.9881083438941018E-002 -0.19281322147936475      -0.35009690068849403     
   6.1183439627868146E-002   3.5201427982417946E-002   9.2213506241292473E-002
  -3.2982259704350328E-002   5.9865409642350861E-003  -1.9438301958223755E-002
   1.4359160547939616        4.6400906040610614       -4.1249002563977113     
   5.0074726251368196      -0.93708271211512495      -0.74316979018918650     
   3.9435055754173130E-002  -3.8716841040454950       -8.0608776405871883     
   9.3354537336830440E-002 -0.13335241409684173      -0.19199244036528071     
  -2.6350063776531312      -0.31020978922084147       0.52541834678816868     
   3.1361769133342641        3.3843204644903797        1.9249194028618561     
   1.8626899544020028        1.7611087032228625      -0.26655313210431458     
   3.8742613676011235E-002 -0.44428013277444012        3.0726812200999706E-002
  -7.9765188333368597E-002   2.2665563583432111E-002  -3.3153368937874281E-002
  0.45233060137868714        2.8289509784307866E-002 -0.10263072577885966     
   2.1477989265878716        3.7481476151782913        4.6653972439326701     
  -5.0769909056982465       -3.3513089340430859        8.2289170598766503     
 -0.11189514877608789       0.30548485969576600       0.39859407140061537     
  -4.6374215728191421        3.7084313646395799       -2.5078911499484340     
  -1.1591114959912396       0.65008614504900397      -0.13314661397539848     
  -8.6280329898194044       -2.2327577268722076       -3.2559234090030880     
  -3.6218639384039367E-002  -1.0652094533423759E-002 -0.13959895494079883     
   6.9597753368047064       -4.3987325108975073       -2.9779900414090203     
   3.2308063149429307E-002   4.7899956229935925E-002  0.15124791836522050     
  -1.6395107517442730E-002   4.2447760243389697E-003 -0.25330337279912879     
   5.9421035032991085       -2.1614790277310227       -3.2897334996227636     
  0.13757899903389198        3.2358075405782585       0.46317811070183723     
   6.7071389204021697E-002  0.11655672899385221      -0.11817112449163043     
   1.6631057891796266       -5.8764600377522012        3.1881482197720246     
   4.6565479063616975       -3.3155802023779208       -3.8653807597444403     
  -2.0269367062317606E-002  0.13651311780224151      -0.28164547737315315     
  -1.3018905977493551       -5.7463447806762451       -1.9814266794620057     
   4.2609810459452606E-002   5.9519653277325446E-002  -6.7678596728909218E-002
  -4.4353922746502699        4.3668397479558978       -9.7445355992323606     
   1.2258485657963466E-002  -3.0294607603820779E-002  -4.3708832428145883E-002
 -0.16031295389085273      -0.15179728365740860       0.49821684368597413     
   5.9538959529172861E-002  -4.2406773092406098E-002  0.33394545320773711     
  0.38702349197207198       -1.1709268247992444      -0.31303947759276485     
  -15.693668654301876        3.0156756471357831        45.221406955497045     
  -4.7545757157036386        4.9785878562742294       -2.2603246841606563     
   9.3267081603321478E-002   7.9182740861491310E-002   2.5292430988547811E-002
   12.052805775947840        2.2064021117873347        18.677579926406299     
  -1.7417514863665944      -0.88371190774697916        1.2108674622210367     
  -5.8120812053146530E-002 -0.10291956183350645       -4.6390004214919255E-003
  0.56358364385642101       0.16806630736142109      -0.48483534695411079     
   7.3145643146626943E-002  0.21432704603056224      -0.14754076153910903     
  -1.2423844882121460      -0.34811647354397618        1.3115139464864094     
  0.20108741152306564        1.1573666830687481      -0.45444471825218585     
  -7.7250076158865513        6.6692821486087777       -10.418245331849036     
   1.2398535714985337       -2.0970936152844795       -2.5167308303459790     
 -0.21094447044963319       0.16165075112257421       -7.3598631954738244E-002
  0.63600771855495308      -0.99681830777881131       0.13122373766940057     
 -0.22527633889024384       0.11404602773886298      -0.11554561617120038     
  0.28423059803171946       -9.0195718119583296E-002  0.29640481682517922     
  0.31706243234510517      -0.25144116436945191      -0.21176928994919419     
  0.41936013622764928      -0.59895266200862318      -0.60677126156316041     
  -5.1335225770292980E-002   1.1969360376945772E-002 -0.19147173412318730     
 -0.22163983137064897       -1.8018752972551094E-002  0.22895504795138660     
   5.0244914993325562E-002 -0.33027557974505223      -0.11068185709921517     
 -0.12678662286194403       -7.3188754119461061E-002 -0.11251360562318503     
  -4.5603502438941367E-002   2.3418827966728555E-002   9.5067033348037108E-002
 -0.15814116205602161      -0.15819123265855742      -0.45752516782520719     
   9.2888855135964052E-003   8.4378065296404042E-002 -0.15173746422490622     
  -1.1179294267844382       -5.2109643905589893        1.8379946681502513     
  -5.7179147652188921E-002 -0.10804662507211119      -0.30198724102864305     
  -4.0531514800204631       0.10935519010630837        1.9655459420272643     
   1.0720232737694844       -3.7952542292070266       -2.9460926558159057     
 -0.12817498198826896       -7.3376597910454772E-003 -0.16847870770545328     
   3.6068047089887467       -9.6412848463986904      -0.80605867277706511     
  -3.6453859539395661       -2.2494678416958509       0.11223571031365974     
 -0.12550214070382787      -0.24298529194064558      -0.14207383682132374     
   4.4568601100757284E-002   6.8637493156805951E-002 -0.11539362710969210     
   3.4215706548514482E-002  -3.2935824726580860E-003  -5.7402871500816348E-002
  0.30710116153429379      -0.31592738109047297      -0.29637868333109951     
  -6.4391428761824194        4.0614512850695501        3.1216875400256940     
   5.3577598645537119        1.4191118159566276       -4.7230125859236400     
  0.34754830091293648        7.3808428546247207        4.4605430376016644     
  -3.0759765334780170E-002   6.2807408387919220E-002 -0.17728758936716396     
 -0.29068063616363149       -2.4987586834771605E-002 -0.34622545246826752     
  -4.5380039291384877        5.3756449893504596       -3.2528219832115544     
 -0.52384988297275237       0.21106220453854538      -0.28690161209665321     
   6.3356029614735229E-002  0.18417627789047264       -4.1020763020034968E-002
  0.20789754595655915        2.0574217160918260       -2.0068367547676500     
  -6.5826225597941850       -2.7074169157303993       -1.7174348099145444     
  -1.7298181876745398       0.12915393088330751        1.3870353389127605     
   3.3529255967533457E-002 -0.22250078315872426      -0.10967650837833935     
   6.5408760586738737E-002  0.22103612092315458       0.17884959293675223     
  0.66574897331817207      -0.70272351529485177      -0.48868790668333550     
   2.8295616662418747E-002  0.27460039024936556       -5.5906624884306318E-002
   3.4141541048644810       -16.998452966362695        4.7239228649562541     
  -2.9978258704235667       -3.2232399647026311        2.3559631739969462     
   2.2945257967216195       -6.4202101634988447       -4.0685083138361779     
 -0.57970772928338754       0.40768167383207182        6.0941727397312705E-002
  -7.8203872760317039E-002 -0.15137327982102888        5.1040935957740098E-002
  -4.6517558296541708E-002 -0.18190557455217676       -5.5064204670540171E-002
  -15.735350082640204       -7.6014826065230707       -12.252665117576971     
 -0.12020706066304807       -5.6450221802893857E-002 -0.21539221549371401     
   6.9947442322125788       -2.6848834934980745        6.5708556765795398     
 -0.17728559302460345        5.1326042695522205E-002  0.12295885305749879     
   2.9702040289862279        2.6242018888018093       -5.1325393966450852     
   6.1585107872865731E-002 -0.67545253041731557      -0.27179442129439269     
  0.43520532819944574       -1.2295029631669514      -0.44474684893831484     
 -0.13980008980816150       -2.6985623794087394        1.7340410765570380     
   2.7378909813439254       -1.1559589087906426      -0.91590514189473349     
  -5.2468722388042197        1.9976354447024380       -3.8304426250942374     
  -7.3430638935508767        12.835140819523454       -6.4556857345505190     
   8.5830042282087404E-002   5.7560394006453366E-002   2.4237652660392319E-003
   6.1047875946182799        8.3807168666157441        8.6875169155571577     
  -5.3863139213910852E-002   7.0474607187980733E-003  -2.7758539818493883E-002
  -1.6866837872921838E-002  -7.0690421204204476E-002   5.3879057571086381E-002
 -0.10521706016226953       -7.6399242378179064E-002 -0.17723751821334424     
   1.5326416408685226       0.92843213702680860      -0.21792232788676988     
  -4.8557180899004557E-002  0.61342898791142586        2.3287307037019334     
 -0.90421496791158984       0.37515125218271461      -0.22449597945659477     
  0.39382426016959937      -0.24244882869755377      -0.16282672340677262     
   4.2919397443108541E-002 -0.13340148727842982       -2.1724266664310869E-002
  0.31054789268748140        4.9708811553501098E-002  0.46209790818428731     
 -0.16208561742427322       0.63653526471311117       0.33392278620047694     
 -0.16407418748502967      -0.13026067711426534       -5.3271628299498157E-002
  -2.2611924520289546       0.70258520787310763       -2.6510105757569375     
  -5.5421217369044783E-002  -7.6882956221208901E-002  -9.0468767039606324E-002
   1.3949502516883843       -2.3215664240487195       0.58496088169249882     
  0.66515253771702942        3.6103508097277706        7.3079680602028505     
 -0.85192655884957502        3.7968149816246299       0.99590452044149735     
  -3.7171103755197819      -0.76625001504011647        3.8870276029990798     
  -4.8944081997021313E-002   9.0782099176464057E-002  0.15547837405052653     
   2.9791908813998704       -3.1587524347217104        4.1428678517588580     
   5.0470706283305482       -8.4101081761596976        1.4951396529366361     
 -0.63191217906253005       -37.876162947549687       -1.9593915139289138     
 -0.47542548616834807       -4.7730027345286932E-002 -0.10122410870955531     
  -2.1471918555768844E-002 -0.10698811386205949      -0.24624019792977725     
   2.7912747421807407E-002 -0.27139801091581273       -8.5428264480512967E-002
   9.5383061851094866E-002 -0.10201422732604411      -0.20053716555076143     
 -0.13115784546534720        1.6735199637442169E-003 -0.14784381822841366     
   6.4956245140229879E-002   5.5556216953633678E-003  -7.7973821561147461E-002
  0.37504178781850595      -0.85694824369638034       0.46135052278477184     
   5.1080029529115940       -8.5445620470622625       -1.1888835881906101     
 -0.27581959006407963       0.38199423628370144       0.21579492818949955     
   1.4296133128488617        2.2438901066088501       -2.2440426844740791     
  0.20791655091212483       0.70845297772162308      -0.66555913103027775     
   5.4315304946523550       -1.8878481247413297        7.2399595468121367     
  -3.3064831677531187E-002  -1.1861745706575406        2.2383188748970780E-002
  -2.3536920766182390        2.0122465651904942        1.5738033541188767     
   2.1407066631960774       -4.3813425450257499       -1.4112358293297580     
  0.17355615652944495      -0.12826500822111514        7.9336295633245207E-002
  -3.4052837827149018E-003 -0.12635136866679161        9.2185414474456454E-002
  -9.3427058394848300E-002 -0.39459151521142011       0.11301700447183573     
  -5.3874277927764762        3.6176551556431367        2.8474886960024297     
   2.6863885210791940        2.6208720217609063       -2.4847249576598367     
   4.8157376415639463       -1.0478353287422781        3.0408171770513359     
 -0.19633997055603342        6.1034086334751929E-002  -4.7717036826289062E-002
 -0.23508000272287241       -6.7623388622294806E-002 -0.16076151307321837     
 -0.24473052999183253        2.3190768521848794E-002  -7.6507418745636865E-002
  0.34576265053268807        3.4158348348672281       -1.7457387363379071     
  -5.1994827262711776E-002   8.5487575797622714E-002   1.6794491470882182E-002
 -0.67571464678775994        3.8205767254235758        5.6364891385454623     
   3.6051988992423512E-002  0.15528345050091250      -0.36058339834540482     
 -0.16125895325745837       -1.0558713218244233E-002  -8.7464379522612115E-002
 -0.32414161874108061        5.4547922395610043E-002  -4.9283847303845992E-003
  -2.2438547584698632       -2.5475334168058752        4.7189418691225733E-002
 -0.24186632107187153      -0.11507132526917417      -0.19640518980432067     
  0.33588980102964161       0.62288387849645666       0.87636458688977137     
   5.6010502038645793       -2.8530206036673404       -1.5640516154313304     
  -8.3110872043648337E-002  -5.8029806370373726E-003  0.11471093669347723     
  0.21699471236244677       0.13405499881466373      -0.16412585354782594     
   8.0130546156959581E-002  -8.4449058362226340E-002   6.9723313637247111E-002
  0.13198622269385238        6.4685827763097350E-002 -0.21285009951754513     
  0.49654215677223601      -0.18308841119521968      -0.48194564781002697     
  0.20067453669786076        3.2515237341300263       -1.6971298827783909     
   1.4892546830553344E-002  -3.3585127392895105E-002  -7.4135802750344140E-003
   1.6478717330126038        4.4487729048327047        2.0939163225073179     
  -4.2567438159165603       -1.1854128094397978       0.26275566516557253     
   7.8059050172636528      -0.76832469746945220        4.8300307575331800     
  0.35921828812537776       0.10839613463725953      -0.13641397794454435     
  -1.3362345479939928        8.2269422120147286        6.1888140702829126     
  0.26631449168277044       -3.1623394167129434E-003 -0.32051216566936014     
   1.6312771795891703      -0.88474160278075498        6.2145188284893687     
  0.27124964136622015       -4.2583580990183632E-002 -0.43148780790098940     
   1.8068439706769825        4.3897271202617478       0.82596492882103612     
   6.0629371454516834       0.24052697202565435        6.2392990606354299     
   4.5237961360113124        2.9142842540136820       -1.0597053375130541     
 -0.14158257571136396      -0.13234334284082408       -5.6791446105291243E-003
  0.74917856004679273       -1.8895363266505909      -0.69773445225165598     
  -3.8361809298612504      -0.38433641352934478        2.9153095505267816     
  -4.7884202254182124        1.1957778483922175        7.3151060827457464     
   2.8454189910579069        3.5166428155096652       -3.1756339634268600     
   3.4216070111451544        1.7304705994142993       -4.2491104542600304     
  0.28225926200961610      -0.21748478059296353      -0.46876455141856194     
   5.6820739121714308       -4.6993319525430426        4.1564278357713906     
  -8.6413586447543214       -5.2042474490279949       -10.226040375963098     
   3.3271173893017565       -1.5554754585503232        3.7503811794035524     
   4.1683893561002696        2.9275466695422733E-002   16.523591124413610     
  -9.9496137176203023E-002  0.15728415676480834      -0.25138552405891512     
  0.39301966760075424        2.7590847818494330E-002   9.0024246383700837E-002
   1.2921516612266375       -5.4530066301219868       -6.2487976644823773     
  -4.6841420566219899E-002 -0.24234794076027893       0.15414585920982735     
 -0.52561555540853555       -3.8034645250865284       0.63442900340201691     
 -0.34576150874100864      -0.12291445430615165      -0.13239038164820838     
  0.73620316134889219        7.1927290257697640       -3.6771456448332760     
   6.6132466500517809E-002  0.21760827971776847        3.8109326863631936E-002
  0.12108220334950687      -0.26515039138948754        5.4077400852306709E-002
  -2.5094039674099618E-002  -8.6568816975169827E-002 -0.14635850995911648     
 -0.19261716588955377       0.14926116400045786        3.9854898055972462E-002
  -3.1352152302476531E-002 -0.31711731149460187      -0.26635491360898039     
 -0.31875961879502401       0.27843455323045829       0.12025735376000045     
 -0.57521160247160097       -3.9106776734255031       -1.8425453143727124     
  -4.1023402811068941        2.3075962275817248        2.4174020741363496     
  -2.9203040682552874        8.1912253473587775       -2.3259271723929067     
 -0.27892745613624259       0.33113634286584503      -0.11152496796634029     
   7.0205776562391797E-002 -0.36047439850231860       -8.4946013997810668E-002
  -3.2141120965623449       -4.3897028701857090        3.3306060986286061     
  -7.0799643659304424E-003  0.21878607514021217      -0.16644579065510123     
  -2.1036617705255143E-002   7.7782702418980401E-003   6.0249828931119458E-002
  -1.6051473392752706        2.0647326741753673        4.4612769320204526     
 -0.22997842762106505       0.32111698490475094      -0.46595526071907184     
  0.21582174659204006       -4.1820313315639882E-003 -0.11929922222936058     
   2.2922486897911987       0.43474608098579171       -1.4487194962985845     
 -0.15078421443184134      -0.12435997887671325      -0.40193389899313064     
  -3.2694863815430084       0.31007734147542132        3.5892413723492109     
  0.67240737171759746      -0.84493681372052676      -0.11464476068182128     
 -0.13759594168970390       -1.3986424764366445      -0.26053471255425664     
  -8.8004085165716811E-002 -0.14994774349528053      -0.27893196363779499     
   5.9214765292352114        39.316751962374020       -16.258751128840260     
  0.16582287479958288      -0.36898326840981643      -0.85205952810970675     
  -3.8857445101603920      -0.71786390721839888        3.2515132791524728     
  -4.1576690734038343E-002  -2.8575738834807358E-002  -5.3733573843080196E-002
  -5.6415310008779933        1.4336194690016251       -3.3658489953306705     
  0.87324799078001691        2.9509726942262486       -2.2233573971735163     
  0.24192985279952084       -7.6573026589080184       0.46076446417185285     
  -4.1362758687381707       0.47994675646655738        1.2966471105538493     
 -0.39795027254438375      -0.31526306252733782        7.2796959976404937E-002
  0.13699033651279341       -4.1741360534284446        1.0785677962271574     
   1.1944583645631681       -7.7130717647151279      -0.16064359123815547     
   3.8363281583344926        3.8574054496848702       -6.5836583399905146     
 -0.14929599388115600      -0.11221171243929862       -5.1734196788940014E-002
 -0.17229989463845374        9.2293537104276596E-002   3.2694731599590514E-003
   3.9569156650897871E-002  0.10385415375049932        8.0267073300338498E-002
  -1.4606039658715859       -2.2135116994783015      -0.19653847196922847     
  -7.5880945750876805       -3.4613227240517754       -3.9613585872392232     
   3.9191528746256257        8.1495202663404740       -4.5949606697096383     
 -0.12743135834272229       -4.5659079449849010E-002 -0.13533943565579915     
  0.63199716108732340       0.11917094407157695      -0.14080434138929146     
  -2.1988328961899328       0.15571655838524545        2.1256399413353053     
  0.24019481952611085      -0.52437051824475633       0.27372703245120389     
 -0.23012020540839842       0.63981566448932203       0.39296742769930004     
   7.4618985153858963      -0.80957361716953247        10.015128349143042     
 -0.20706859430462471       0.35806181717047486      -0.46817469105763970     
   3.2769308963088717       -4.0236172067908864        3.5273049240166565     
  -8.7707979402921465E-002 -0.11174903458385552      -0.11888215607342534     
  -4.4900494519457963        1.0151336617564222       -1.8590866527670864     
  -4.8442295442341363       -4.9286707493906601        6.9937325130474903     
  -2.1868575220344612E-002  -8.1897719481451872E-002  -1.7699188954949478E-002
  0.66595436077677517      -0.51872900381378728      -0.39606430394820119     
   1.0477245128023907        1.8014313584553678       -1.0320694174466309     
  -1.6546004467978752       -2.7113294817113744        3.3159695307603632     
 -0.12318438714899384        4.1548893829647535E-002  -9.4784911056242829E-002
  0.18883632111457579       0.15783808220546530       -3.2495961283437909E-002
  -1.1080137395756733E-002  -8.2555864596254424E-003  0.16566936440853783     
   5.0138303171654162       -7.2985094905786347      -0.33610129074961703     
  0.37406956866909880       0.20966709465571684      -0.31391054184296791     
   1.5764221903897318E-003  0.15421757436824621      -0.31994335750611863     
  -6.3953130973610824E-003  -9.7667940408163387E-002  -2.7936853631624135E-003
 -0.16831682857257471        4.3842843175776920E-002 -0.22800984633588717     
  -8.4183842913842899E-002 -0.11888762462021461      -0.10307904469687121     
   4.4727048739152835       -2.1885847923199653       -2.1478867439489333     
  0.65753808587081575       -5.6401158059355163       0.51754492466805369     
  0.49706298110373370      -0.66608176189956569      -0.42199325607855703     
  -4.8394973832060826        15.581955889274338       -6.9431536836527039     
  -2.3902021690785400        1.4070199607735006        2.1846280672447933     
  -3.7006048028456404E-002  0.13792119253643126      -0.19826167522461996     
  -8.7645912122224140E-002   5.4118438215682491E-002  -5.3480751999832689E-002
  -1.1741698872789539E-002   3.5185743253536288E-002 -0.36987107792940876     
 -0.31726869986342815       0.81975676185151491      -0.93133578473492451     
  -1.1500205479179395        6.1977676474725980        1.6703313848191406     
 -0.53655072352455901      -0.37569723704640406       -8.4286366919120781E-002
  -1.9248170551303619E-002 -0.13354080675553850      -0.10336949142849099     
   2.8103628045413970E-002  -9.7107783802406172E-002  -2.7806166422086824E-002
  -1.9686883655678300       -2.0765457200727093       -1.5944230110406570     
  0.55688766515279942       -6.7204045071822245       -1.0939605355759565     
   4.4763933349617089       -6.7107950235773748        15.834451433612029     
   5.1427002977768472       -5.7935028139773843       -2.3364867314605093     
   8.5651785067916097E-002  0.48565638627327834      -0.82339595314324243     
  0.31716768744686907        3.1722098440113733       -5.0958317646753333     
  -3.1604462881494180      -0.32271124974877458        2.0367146638945703     
  0.52865177835678689       -5.8451292502040086        3.4692800580577163     
   2.5659784844970357        4.5531892233072808      -0.92477319606441599     
 -0.17349470270025547       0.10660227161000629       -4.2813749284187186E-002
  -1.5354401586387509        1.4527089938708702      -0.16826525906980691     
   2.9349110821757560       -3.5869952117882526        7.8432943770915111     
 -0.39699301188230990       0.23522558723765905        9.7165187310431306E-002
   9.1553371041998594E-002 -0.23632389458071565        7.1886935323987114E-003
   4.1758349248237930E-002   5.1829024669459052E-002  0.11042041932346304     
 -0.41704511502056435        2.8993035511898819E-002 -0.30900646625856332     
 -0.15260573066727770       0.43067989431181436      -0.14087434869769175     
 -0.13884815697501024        3.6902982239980668E-002   7.5748378807893396E-002
  -5.4677535695804538E-002  0.17167897050961881        9.7779659338631725E-002
  -9.7239287013182359E-003 -0.51911350970004189      -0.36232216413201029     
  0.61861622410169836       -10.477702053214323        4.2754351632714416     
  0.11178024347227487      -0.11518701121016579      -0.23739483822726060     
 -0.14817551045673480       -4.0432908104312201E-003  -1.1014455228671909E-002
  -3.9341844163636672       -3.3241750388139324       -3.1770600731375627     
  0.36356207936452983       0.30583883803548012      -0.40099368204800029     
  0.28120705423077907       0.15572985417121374       -3.8630674497438892E-002
 -0.18142206665211996       -37.801977232345379        20.537315670996051     
   7.5063546538054096E-002  0.14487280463782479      -0.12414771341638602     
  -1.4342806749641674      -0.32935419251242370       0.38620365339945306     
  0.13583833897753192       0.16324367211575908       0.31494661344550046     
  -3.1791889103583517       -2.0616074293529274       -2.9913958608730393     
  -4.3946047357012086        2.7914196016440656        1.3923395629138580     
   3.1812880114192095        2.0911844895488572      -0.59991263829037667     
  0.26273275458889572        8.7759099573471055E-002 -0.17165679300334608     
  -1.7406299110062151        4.4767531472858622        1.0549242156551784     
  -2.6139239988610270        6.2609349567476302        2.6392380319202728     
  0.19415173805893027       -2.0338543820986894E-002 -0.14576778191363002     
 -0.18153653460735944       -2.8328620244327918E-002  -5.2462673417140310E-002
   4.5781797775070814       -2.1591059788306914       -2.8152576609350350     
  -5.8656822697490472E-002 -0.19543156473846315       0.38834689091123292     
 -0.15871217015808634      -0.20486950456663588       -5.2997517955215134E-003
  0.21153998122149020      -0.11763063396735968       -1.1669698606666522E-002
 -0.11710941650431102        2.7945817922139606E-002  -2.2090402728824877E-002
  -2.7795913340172103        16.303484593800789        8.3277395854927772     
  -3.3200830994250100E-002 -0.96757739189741032        5.8289395636580935E-002
 -0.56761095765219793      -0.96714050297826781       -1.1361085281463430     
   5.2052373552854458        5.3816905653422049       -6.4264718815846935     
  0.14834019224479081      -0.20519616610705602       -2.8097335904988727E-002
  0.47418298817797483        36.992661989050170       0.42226968348246230     
 -0.11500991892525181       -2.2306686643240019E-003 -0.13488673268162957     
  0.15615320067909402        5.7356871567136786E-002 -0.16296990485253432     
   4.3837345909930523       -4.9195216697441735       -1.7299563692880484     
 -0.10353329495959335       -7.4520082873882967E-002  -4.9736649640962693E-002
   5.4673254674792311       -5.9068107993112733        2.5293538459544149     
 -0.19587349997944584      -0.31274151398294697       0.29103496708162835     
   1.5114837720030005        2.6491871413031713       -2.1510906762682693     
   3.2368181341839248       -2.5822133295865619       -4.7933507296149660     
