  -3.6843419070943774E-002 -0.32344448718742946        9.0186443128230202E-005
  0.19202315925096197      -0.22474715881423213      -0.30942290789641286     
   4.8403402000151169E-002   2.6939083304686810E-002   4.6970303440028283E-002
  0.21431993856379808       0.16672553121867106       -9.2169684583906300E-002
  -8.9646489628100970E-002  -7.7299631765067919E-002 -0.13613504337520177     
 -0.16666064005175962      -0.16315297680041030      -0.15665319473176137     
  -4.6090663225700172       -2.5143184858164731       -3.4603538416954263     
 -0.23204979925463368       0.28919457833977169       -1.1826624450557781     
  0.13493487715647229        3.3058291410997434E-002 -0.12379304312225609     
   6.0995314389947124       -6.0079571273298864        6.3139023494941542     
 -0.11523904409438625       -4.6949889598080306E-003 -0.16755438175567050     
  -9.6615661397454311E-002  -8.7215474451231706E-002 -0.22644338472288919     
   3.2056548380206307       -5.1388471171001155        4.4331578052467044     
  0.12468401235089351       -3.6860330852952046E-002 -0.13551095736417570     
  -8.5476570474744273E-002   2.8485674562494408E-002  -9.1641988098356400E-002
   5.3842510647306820        2.0658308511768269        5.5986342396627755     
  -2.1202864066684728       -2.3392225614891928      -0.66984108818154686     
  -1.5919126045479328       0.18045897456198381       -1.9898245484640937     
 -0.90312391638839928        1.1763676968882224       -3.9983169463910659     
   3.6596113556484187       0.55765317089673738        4.7979922089840219     
 -0.47212202931410868        2.9352068921909882        2.2573743800776813     
  -1.0826821386926524      -0.67348139986085420        1.3659549542722296     
  -3.0668929841820410E-002 -0.23783764771728602      -0.21018619991163140     
  -12.867487451053563        9.3528740473927225       -3.1754574328199263     
   1.5854223611503029      -0.52611382108862792        2.2494725096184505     
 -0.16395387614134488        2.4480666600916627E-002  -8.7210580297032686E-002
  -7.5043576473796100E-002 -0.10468062491963522       -8.7052874183514595E-002
  -9.6847275859957990E-002 -0.13284222525549635        3.2589703814313184E-002
   1.9454249061500779       -5.1360214412199712      -0.20979815288244580     
 -0.39481330620747834       0.28155404384329585       -9.7931561222768651E-002
  0.78772233250108414      -0.70289070382534302        1.2464687545859350     
 -0.11570818418935572      -0.20983618881930657      -0.17300614622282082     
  -3.0899763473177329       -30.246853993047964       -19.831198445494611     
 -0.10917866373830824       -5.6630138263995988E-002 -0.10710330598567550     
  -7.6281829725652964E-003 -0.55983309248378543        8.8893895194742500E-002
 -0.82744708566447411        1.5104151266685106       0.35980320932104520     
 -0.18271403152032875      -0.25083884993726574      -0.22250415982040345     
  -9.1188996996831057E-002 -0.10936713836657171      -0.17809961634234200     
   1.2473334810782392E-002  -6.0891154304343352E-002 -0.13526953052104737     
 -0.27416395023413020       -9.4567799558060633E-002 -0.14183072941174574     
 -0.50763184484139157        5.5522246124067899E-002 -0.18175347355642588     
  0.59790588506399367      -0.28939803684806037      -0.51227869818315419     
   9.4958038915041773E-002  -4.1774036956972037E-002  -2.1800868836118294E-002
 -0.72603674266150697       -1.0937019938051009      -0.90911287815686259     
 -0.21958004427521055       -8.7295326506650991E-002  -4.8595303554816324E-002
 -0.41055558786521740      -0.75319637840322406      -0.69044982570915447     
 -0.28189630424041540        1.0328994465321713E-002  -9.3047559443801164E-002
  -1.4531692847040327E-002  0.19374751758534581       -6.3816392889334776E-003
   9.8032896592389049E-002  -3.0505149599080881E-002  -3.5644987885950087E-002
   5.5293656498231343       -4.1440472234664556        3.9172008150128064     
 -0.17957172233229907       0.14312849461817770        4.7622936048684922E-002
  -1.2468149152936283        3.7107744838874783       0.67914529292678061     
  -9.4777624299844640E-002  -2.1604187005952617E-002 -0.18818770269238155     
  0.87843328326843695        1.5373916564791514       -3.8253826139130018E-002
   7.9317897879459878E-002 -0.10511248179646422       -6.9694511360953615E-002
 -0.36168757095110809       0.27361680647462583      -0.19127731027304634     
   7.9756599166194361E-002  -5.3160983941896764E-002 -0.10966802907928368     
   1.0442091462993768        4.6852226954055389       -2.5621824338243386     
 -0.15630919309557748        3.5816396326482959E-003 -0.10780770053559996     
   5.5578655424252367E-002  -1.2070064763562040E-002 -0.12659926870269309     
  -1.5436880281184451E-002 -0.51224207538269850       -9.7462971152432451E-002
 -0.19821671470392693      -0.57664428379814792      -0.28064882953249415     
 -0.13642171533144715       0.12367221968438780      -0.35942216010123851     
  -1.7503199448550448        1.6508078435142781       -3.6806404484847496E-002
  0.13221577596794340        1.7116813571150800      -0.63149727280175683     
 -0.33312295145005033        2.6101078624112654E-002 -0.10226040217893317     
  -8.1884844582020156E-003  -5.9077072344902871E-002 -0.27190430358900936     
 -0.14834007936120328      -0.53920384203178007       -8.3650816536999920E-002
 -0.23149558546005139       0.10416594570281570       -2.8277079692296876E-002
  -4.0777092899712377       -1.6924018490906390       0.40743760180469485     
 -0.19891366543132147       -10.658361941524092        4.1145083557177147     
 -0.10203978684692791        5.1981465691302235E-002  -4.3028256688925973E-002
   3.2998511782041593       -5.6260058956592465       -3.2841072005989500     
   4.0950569368673898E-003 -0.17417950170533369       -9.7607415332985087E-002
 -0.10024413887027178       0.37125339016888048      -0.14583946534445572     
   4.9157954011655753E-003 -0.21735068284319267      -0.37326712969457332     
 -0.11667417672530055      -0.12935030426313426        3.4279987132023411E-002
 -0.10696399676196837       -8.0442680157422980E-002   1.6304409914052194E-002
 -0.27015484585644417       0.21133161185357088      -0.23774753498380391     
  -6.0666424505491791E-002  -1.1650647097718845E-002   3.9638704059254994E-002
  -1.2578729088746328       -2.9171441508614189      -0.88859633266232219     
  -1.9924606173714139       -1.0637970805571872        1.7792253077073592     
  0.30941460455423059      -0.30846098378781750      -0.18711656044873429     
 -0.16670544129602824      -0.59325904047783284      -0.60502286514983761     
  0.61751932184179148       -1.4462862881107950       -9.4306931493142829E-002
   1.8314402872938218      -0.89292206380475447       -5.6974931795049777     
   2.6134644333345003       -6.3171659030102667       -1.1007297747178140     
  0.20957674337497606        8.1083910760161471E-002  -5.0949171715161209E-002
  -1.1178591799695707       -4.4687935397316547       0.60091320213869392     
  -3.0981751272792524       -1.4743083634643590       -3.5425112912484984     
 -0.91402236611372556      -0.13886284412327454       0.26125382382878443     
  -8.3988716980053016E-002  0.11910670410300314      -0.22735425004990364     
 -0.10985502623225292       -6.5252094623874379E-002  -2.3098491468926518E-002
   2.1387151908664383E-003 -0.20983998372247778       -8.7072619703619569E-002
  -5.8488897491230582E-003   4.5522111513928536E-002  -9.3638854846392991E-002
   1.5665035459178491E-002   8.6422472754986379E-002  -4.8851809141640362E-002
   5.9956933930374851E-002 -0.28384116903377787      -0.13440024387605665     
  -7.0086971975426418E-002  0.13973797601217369      -0.14621183669009180     
  0.36757000688529790        4.3230277042928833        4.2646603552731150     
   2.6788637798874877E-002 -0.10524954082590375      -0.11850896590221734     
   1.7739362379423145       -3.3057984195734234        1.6196929917796437     
   2.5416162945512962E-002   9.4156504116448436E-002   3.6475682580174879E-003
   1.8699769401279187       -1.8372152149620995       -1.1595415685723247     
 -0.60591513817483122       0.94956989085408416       0.36240516623122387     
  -2.8143580347405234E-002  -2.0174399647069467E-002  -8.2841593574606465E-002
  -1.7979251898047088        2.5396134737692160        1.0766480708103123     
  -4.7855951308590362E-002 -0.22229114998272356       -1.5163771322970273E-002
  0.67990382365809665       0.69592430073837253       -1.0514684142963246     
 -0.35766091274996609        6.6001310624108633E-002 -0.13375861434593445     
   1.5423144857195454        3.8345841225047668       -1.3398088354073057     
  -1.1115503189507951       0.20358345823105950      -0.25970880157873738     
 -0.19804247837564082       0.45370884866404537       0.54132914404141097     
  -6.8125210290887445E-002  -3.4061052101691955E-002  -5.1546721351271189E-002
  -2.9884063044327922      -0.19662374467280952       -1.7058154900830058     
  -1.8785468859575480E-002 -0.28078269995618532       -5.3280830952934233E-002
  0.20120413537095416      -0.39021232461008626      -0.25537043544007654     
  0.51388433344566697       -1.3776605827721944        2.8363806104954090     
 -0.20704836755112108       -7.1286685482615606E-003 -0.26418815850703981     
   5.5975890634111521E-002  0.40705744491565748       0.11590942859470750     
   3.1364900683104362       -1.8620908905084772        5.6006665188145748     
   1.7304428675858456E-002 -0.12510336307048023      -0.22902124506792149     
  0.14408443959090791       0.20616059412302179      -0.42325686814810903     
 -0.21201393930034829      -0.14255140395752358        1.3571579514810429E-002
 -0.30050883750410018      -0.12626247959876155       0.26641591840508166     
  -6.5262081839446271        6.5223937956235272        9.1231411150059163     
  0.34072230160808248       -9.2013389325522943E-002  -4.1983121585246596E-004
  -1.3127007270037958       -1.8272666279674734       -1.4953398563443927     
  -7.8303027094246080E-002  -1.1676092124173939E-002 -0.18990122747536894     
   1.5118890391039519        3.9473847670259041       -1.6240518291731454     
   6.0930630474188965E-002   6.9004055266517234E-002   2.8010474682296036E-002
  -1.0603627427337607        4.5053008677980229      -0.75854225641965267     
  -1.0753190086014610        3.9746402099380798       0.61182547655094699     
  0.15772981450603976       -4.9465826912431426E-002  -4.7718650040200976E-002
   6.0110519833620915        2.4100658319961310       -2.4331124323221647     
 -0.50973178188856605        2.9811779998356176E-002 -0.16245567533658598     
 -0.31292082591350928      -0.74122203673868536       0.31263612967081894     
  0.13259309868235206       -2.3459385271265360E-002  -7.0453352335527908E-002
   5.9194104517936887        2.0807505983259973       -2.5381282556138736     
 -0.22862482790591085        2.9487553725829903E-002  -3.1131915295370311E-002
 -0.12485864102729265       0.22337278829026408      -0.21826854730728160     
 -0.28564028486952725        5.5036879202950958E-002  -9.2487036253403404E-002
  -4.4988645432091724E-002  0.14746814523912682      -0.17603224136706930     
  -9.1704125818733773E-002   7.0838291038034823E-002 -0.13598171094544531     
  -4.1130129101314923E-002   8.1975548514340579E-002 -0.19229793956495148     
   2.8507401936528827       -6.8849700066656414        2.3794913747212951     
  0.11453375165237431       0.11606878394933248      -0.17058919767787936     
   2.5883589316945352       -2.3432975072060445       -4.3813217303625116     
   6.9713344133806362E-003 -0.10850455328808255       -2.2307383329985331E-002
 -0.82249664298861114        1.7327064265401748       0.46943479914049052     
  -5.7337772537221365       0.38022202470480826        6.4046486238399476     
 -0.12296785868852157      -0.11668041329036563       -5.5232550837041955E-002
 -0.98602732637209878        2.6293457152289674       -4.0392930742949478     
   9.1820002597870973E-004  0.24290072220295833       -2.0158440968922397E-002
 -0.37996888714609106      -0.29338180158295746      -0.43606157408594470     
 -0.30496889941081817       0.24584822193522959        9.6947002263474052E-002
   4.6992516903864594       -7.9783902669434054E-002   3.3312155848135521     
 -0.10517736422694471      -0.25511710016683437       -7.9729620790214575E-002
 -0.60801062708517906       -5.2815776810692601        2.7854127674587952     
  -2.2701885214698252        6.7119291429692414        6.1309264836475998     
  0.16253176636816694       -5.4950160766682729E-002 -0.24406897580089648     
  -4.6950717600806019E-002  -4.4845047656685885E-002 -0.12609981321183247     
   4.6723036769148241      -0.87887898798450781        3.4003703898944133     
   1.5051771594729235       -2.2478326296216018       -2.5161900251841511     
  0.22074240574699297       -2.6086464604938318      -0.22209030072950042     
  0.37258555266455951       -2.5296931014485734E-002 -0.10516936787634115     
 -0.14631052697321428      -0.14601024965452103       -5.2866277384693593E-002
  0.39823099299953713      -0.59093488332473665      -0.70588968466968871     
  -7.4907571566745865E-002   6.6019895189213751E-002 -0.19677328331954649     
 -0.15051543328925565        6.1177272760622167E-002 -0.12954048647223629     
 -0.14882524675899658       -4.6851692078954104E-003 -0.16514281384255111     
   3.0337223129569333       -5.2745730760257317        4.5512958549213502     
 -0.11797038041771035       0.15618268650205047       -8.6736764610803499E-002
  -3.4694404770350680       0.53855434554498882        4.4437774541360069     
  -1.2188173709556551        3.5768884823784988      -0.71137849358314387     
  -7.8161823928899185E-002   8.1124694340107412E-002 -0.18881910306264549     
 -0.19664338505769638        9.6666567630314268E-002  0.10177589439549529     
 -0.12576750550377538        5.9992314003316921E-002 -0.17140211843890055     
  0.25973111623623135       -1.0543482589736202E-002 -0.20767313426245640     
  -9.5382108094306020      -0.26780835550172699        2.1839093383857460     
  -6.3965963008943569E-002  -7.4875771163868773E-002  -9.5993368481882946E-002
  -8.6133759594243742E-002   2.6713406343837925E-002  -7.7985284596842980E-002
  0.14583546897598890       -2.9003997031612373E-002  -4.6800606465503963E-002
 -0.81980471101257668      -0.16933354197987835      -0.81240567430466148     
  -4.5947070188228106E-002   4.0661085604973765E-002 -0.18164255682743863     
 -0.21006988444523919      -0.21031769556269173      -0.12825640155551088     
 -0.36492854759619991       -5.5838593268865380E-002 -0.20232083934579417     
   1.4309704478500718        3.4418531152439016        5.2588398450433367     
   2.5102545743326696E-002  -5.2639572018341171E-002   8.8763277551063113E-002
   2.6808146699257471        4.0589389754082550        4.5816908133011554     
  0.34444494059125880      -0.12156457526368286      -0.65167588341361016     
  -6.6842590852048245E-002 -0.22296859143715772       -2.7662142214746506E-002
  0.52730398604957662        5.0811169423479194       -1.4136647871834436     
  -4.4657168274964805E-002  0.53029416284901543       0.14811895940757938     
  -4.1386359875688755E-002   7.2630063689651775E-002 -0.17627875889272415     
  -4.3429807583629416E-002  0.28763622494303920      -0.30220007603106952     
 -0.12696166870277731       -6.8420859793598549E-002 -0.42579090220226051     
 -0.13553991479647937       -3.1323238463651433       -4.7990839634336258E-002
 -0.16881932170578748       -5.3395869179646983E-002   4.0845012021912203E-003
 -0.44607830609167504       -1.5827679286759999        1.9691867835648771     
   14.086891135082290        2.7681962692544930       -40.535693262613897     
  0.22355117015477538        5.8614223233663640        2.0436168056206836     
  0.23230949829555081       0.79969973578206943      -0.29303492735517978     
 -0.14264021442410690       -1.0915467153860343       0.24994019491693101     
  0.54507738245096615        2.1303219213542408        1.5175343262760594     
   2.5783721431137967       -3.2888306719553073        2.3374909737083711     
 -0.13898900096739919       -4.3478840390360367E-002 -0.12941730817732072     
   1.2965559779509064      -0.80455428146383778       0.99500994398829623     
 -0.22600927587197836      -0.12748545454007482        5.6777134819330100E-003
  -1.9652707422667098E-002 -0.21752494535879865       0.13246630278064778     
  -7.5392779226914564E-002  -6.8568938297848422E-002 -0.18286924448358843     
   2.1117178256277684        1.0930688839774081       -1.5481773453172132     
  -12.647443863004389        10.290238132822450       -5.8823923425203759     
 -0.15870552294917109       -1.5080078161651520      -0.29818955703250433     
 -0.36579922041816576      -0.22323837545817662       -1.5274456720107257E-002
  -7.8961773912634786E-002  0.13172028954909074      -0.14162514669073445     
  -2.3971426832645055       -4.0046121958761649        4.9114716557834672     
  -1.1525255421018012       0.64153958482262352      -0.99372931466651582     
 -0.26538069677334852        8.5204885195379304E-002   2.8849157832695184E-002
 -0.17544308355512456       0.17289748378239941        7.3528919922953948E-002
   3.2052516574395438       -3.6812008127710252        1.0046499056737725     
  0.91978169534838594       -3.5637554770845181      -0.99468275737828227     
   3.7415939786058168        1.4752574517660424       -3.1929210579453935     
 -0.30138756249719778      -0.52366792531039386      -0.66154821773560180     
  -4.6635838763134790E-002 -0.21669999613436572      -0.12933077268966764     
  -3.2524565889336059       -3.6539839701131238       -6.9959088069127446     
  -9.5214726560559140E-002  0.10833514231536413      -0.10157231413887813     
   1.2467427104123010       -3.5480865365087442       -1.6745847615595817     
 -0.30127773178542161       -5.4140099289493947E-002 -0.19749188370905751     
 -0.37066507618956218        4.5625854600229429E-002  -9.3646077920192028E-002
 -0.10963930945624482       0.18772821521031566      -0.12830048310718409     
   3.2217807938096199E-002  -7.3667630487560753E-002  -8.4167589305470900E-002
  -8.4493752423610555E-002  -1.9834574805250721E-002   3.9939789748577870E-002
   2.6188327767149677        6.8279270630769791        1.3589979549952196     
  -3.8263213004514560E-002  0.50080222968163246        8.6063906963252640E-002
   5.0517812271496663       -1.4653554953528640       -2.3455848101059420     
 -0.24021494626431558        1.0335288970897865E-002 -0.16645632111279535     
  0.10020530388266137      -0.16020642859471790      -0.13470649785477312     
 -0.17837921252479655      -0.25054159803530418       -8.3193759566210099E-002
 -0.11501978658177268        9.9844401505541538E-002 -0.10950906865535935     
   4.3646259932854009E-002   4.4453701383751619E-002 -0.16370333895139524     
  -7.7910952863045613E-003 -0.13898947277760604       -3.0094246517291664E-003
  -7.9335248580288328E-002  -6.1481827531687142E-002 -0.10597811102704457     
  -7.0823776091665635E-003   2.5294725455290208        1.8074503582064005     
 -0.14961589332488456       -2.8366932015512710E-002 -0.20559650619012113     
 -0.76761984077899836       0.22891337334436801      -0.67701940507821556     
  0.80654540693413745       -1.6949542938754434       -1.1415087226542329     
 -0.14731412397838048      -0.35866894134505556      -0.29595296591537296     
   2.4586590772819054E-002 -0.11470573256278754      -0.22152542705954378     
  -8.0250706303494554E-002 -0.27198111577572587      -0.65133866844068999     
 -0.12957722849054013       0.11562870265913870      -0.10837405836429696     
 -0.12213357480975040        7.1154187302067008E-003  -9.0992058135590539E-002
 -0.18433510164273376       -4.7671584198717823E-002 -0.33854195225412215     
 -0.10326386850768356      -0.36036016206962340       -1.2085145683614507E-002
  -3.3152595151433623E-002   6.2337857921584583E-002 -0.13743370308094097     
  -5.1639556130931706E-002   5.7869073059674377E-002 -0.15074052814708713     
 -0.15890133564457654      -0.12434360115375272        4.0995609480695326E-002
  -19.286781768873201       -18.962365911220882       -32.866695644552777     
  -1.2030395730962566       -5.7673830143733449        3.6421343462990761     
 -0.30163250911403278       -1.2673098230343767      -0.45648100638500544     
 -0.12119242820445983        7.4232273619773817E-002 -0.12816312025427715     
   5.1770649379191916E-002 -0.40240444427445765       0.56290639391419450     
   4.7607658835205857       -1.8865568486536268        1.4021860014062550     
   9.7441696253154519E-002  0.13478449883670682      -0.30080499965706814     
  0.15956343944610540       0.53445387080023155       0.23484840568381551     
 -0.20105447608163796        8.4942360316858034E-002  -6.0714495063552254E-002
  0.19740850535615545        2.9978137253495234       -1.1819284423417860     
 -0.16792825984679785      -0.37205116015096706      -0.15366111279636863     
   1.2421029743233547        2.4159766898415183       -2.7878589395118358     
  -1.2225138844538134E-002 -0.33921214779128128        9.4443646219494221E-002
  -9.0768351450141491E-002  -3.2004608780476486E-002  -2.9223867176938551E-002
  0.47646599103150544        3.2445308020124455       -6.2928460924538170     
  -1.2775537102869441       0.74697409365783274       0.97726934220639394     
 -0.46925511770170070      -0.24280120236226371       -7.6264390798067364E-002
 -0.38358140471674546        2.0623883680728157E-002  0.10011368160190065     
  0.12616682107878499        8.2011276083237411E-002 -0.23851690237706016     
   1.4459632050067388E-002  -7.5956818742550752E-002 -0.14512925605924956     
   3.2060427058199976        2.3636720051500477       -2.8459103272552650     
  0.80202296027667863       -3.2270284465798555      -0.25437471270435635     
 -0.66261475030879435       -1.2659307476384967      -0.56711013966422230     
   7.9019730055291643E-002  -9.0287839333621903E-002 -0.13945660491075729     
  -2.4108205070788342       -3.1854102746352559      -0.78921984526448563     
   4.7472886853747231E-002 -0.12165735631939308       -6.8534747519217634E-002
  0.55366194684527525      -0.27491355865658873      -0.41070952422864365     
 -0.13493372831772105       0.12507170620420249      -0.51267280213039579     
 -0.15851301031477910        7.0260851160990415E-002  -8.8879938741343117E-002
  -1.0926767853894192E-003   4.3054257583111058E-002   2.5118825875351334E-002
 -0.19056982584937085      -0.18755954798009067      -0.87538975849454459     
  -8.9104142221250876E-002   4.8129736278196333E-002  -4.1061925869879459E-002
  -1.0158472886953458        1.6928977268630998       0.99539698960234380     
   5.7591831457500655        2.9947269045681370E-003   2.2914542715614954     
   5.2292793107325153       -4.7373969771631357        1.8950087482049878     
  -7.7270922806447484E-002   2.7880071437038162E-002  -9.6431337243560344E-002
 -0.11076642617686192       -6.8890607231104475E-002 -0.10790281470820136     
   2.7303581125567304        3.2346679424669302      -0.53223577041397374     
 -0.17331835767959305       -6.4687447419336921E-002 -0.47586030853198469     
   4.0573117935650313E-002 -0.16366395645907053      -0.13454509342536525     
   2.0420619089414132       -1.7857998776028399       -1.7552921162969575     
  -3.3420563727643255        2.5587715436960039        2.7229092247027662     
 -0.10371620637864987        9.4735825342855146E-003  -7.7034310846832474E-002
 -0.11369445322638355       -7.2489229401115254E-002  -6.8920644626206562E-002
   1.3624526107818453E-002  0.10537660262491880      -0.12310081204519834     
   6.3014995184136197E-002  -4.6665746121280662        2.8220109878513417     
   7.4947009333661191E-002   5.1129367421918648E-002 -0.16089496791931729     
 -0.14305023806550982      -0.14066997865487216       -2.5802106794913224E-002
  -2.5532441928916043E-003  0.27881352628092654       -4.2704361819212021E-002
 -0.17232936411014543        9.7988251974955969E-003 -0.16964193129294758     
 -0.19382710819542631       -4.6383038907379492E-002  -4.1306368343527168E-002
   7.4419798929837757       -1.8284377767689566       -1.8283056356603233     
  -3.8882717760524872       0.60853852996047897       0.95337504151260088     
 -0.11435876438689620       -4.6849528732048597E-002  -4.7337892798241007E-002
   1.2640892795029397       -5.4898403755869349       -1.7920256906623111     
 -0.12039642010450341      -0.26559467863548314       0.11274623024965094     
   1.2591470729018948       -1.4326683700529752        4.1352592802938295     
   3.8224869761243126E-002 -0.27401801035734186      -0.18795831983045858     
   1.0844212161127194E-002  0.34731902648970359       -8.2822900402478430E-002
 -0.39965854469367285        6.8843486508184650       -7.9261388101916672E-002
  -2.2368816040797319        2.8072381486482825      -0.71257184470236812     
  -3.0867820676243212      -0.59120197057466584        2.4066442280992759     
   4.2492378205960799       -2.3871297670785578        3.5306411339967063     
 -0.30400500332005559       -1.9064227860522389      -0.20319239837650335     
  -9.0040404287989775E-002  0.10621091499737904      -0.23744482245187817     
 -0.31763959514136919      -0.23496043038388104      -0.15015747732970985     
   2.6356962150130960        5.7329355276645719        1.3024157927739044     
   1.2161003588323815        6.1274372921774871       -2.3258803460434283     
 -0.88924437176033022        2.0095210839474476      -0.14560263206971519     
  0.82947811263391025      -0.31720044429268818      -0.36408932814689449     
 -0.18825599998387565        1.4608546797669181E-002  -1.0392564129974913E-002
   11.931767518365030       -11.999303070708727        7.6158440659711530     
  -3.1186543936132138E-002  0.15511781214893611       -2.7856054004377941E-002
  -2.8768950811584029       -3.5255971197684843       -2.7304511679395316     
  -7.2960664350350646E-002  0.19643035151687827      -0.14542626269009951     
  -1.4906686168308756       -4.6642672468625621       -1.0536028397864798     
 -0.28374013226855527       -1.0832174826841623       -1.2676071966480769     
  -3.5037998290821641        5.1008694661952685        5.5626619219040894     
 -0.12797877384374345       -8.5492265139056639E-002 -0.14664764079996390     
  0.29875034025994712       0.15180121926776194      -0.30530275888233077     
  -3.6674292838691542       -5.7048302185562054      -0.53708736748381691     
  -2.4112894465368857        5.4441789577857396        2.8681458209130204     
 -0.11638633958217605      -0.34373341615527048       -3.8997092412680859E-002
  -2.0637293909082617        9.3846834383292693E-002  -3.5231424927926804     
   1.2941814194370194        3.0621082736965946        1.1119458526201904     
  -2.7381763772128784       -1.3523008895372555       -2.1094059567823944     
 -0.13577232129878281        1.9024282449937834E-003   2.0282661630278104E-003
  -11.778329937271137       -10.365932637113835        1.6693819556546947     
  -5.6435320114525762       -7.9826836652105309       0.44267187361058641     
 -0.34288393017495178        1.2467740466078976       -3.5059193313918963E-002
   2.6192706494057325       -1.5706940430829894       -1.8611806517952409     
  -1.3777141940142306        3.6952788339144202        1.4315080580687183     
   6.0950044778050740       0.34635794250516344       -4.6522729904743176     
 -0.44485702065094107      -0.10374819430043059      -0.12147572850757669     
   3.7050806175952057E-002  0.11430099137082435       0.36755137581428071     
 -0.50282558694832213       -2.9652510158658734       0.45142916635280694     
 -0.22252285056243079       0.20195925384113539       -6.8023120790114508E-002
  0.60609034762426961       -7.5667781566275876        2.1144300136777034     
  0.21985228946643784      -0.11971338799430403      -0.18780365325818268     
  0.46320328620556683       -4.2407653263643885      -0.38112993448298482     
   1.8802166029086367E-002 -0.15090951376846523      -0.16765994895250835     
 -0.11716948907507231      -0.33802686332508103       -8.9533747230171892E-002
 -0.12557861584382971       0.12823884465794366      -0.15715101543859428     
   8.5714424034931028E-002   1.2202537109164061E-002 -0.11483771890383822     
   5.3006707917297564E-002 -0.26278662850497192        6.3327586518569109E-002
  0.33605631033855737      -0.12463031975004102      -0.16008700843790349     
   8.3878598116581854E-002 -0.11379585976399235      -0.12352192842532975     
 -0.15480656046032243       -6.6495000560971587E-002 -0.18816615100852219     
 -0.58137937095893499       0.11581564672926334        2.0977675851228477     
   1.5168064215434329       -2.0196506453105352       -6.0828706282275871     
  0.36115317172478267      -0.18761849118473675      -0.42982076576413375     
 -0.20528939794975323      -0.61905177349037699       -7.2779581748069963E-002
 -0.12018744479745573       -5.0844532757373662E-003   7.5140119957843990E-002
 -0.17298325149436292       0.32148160688789401      -0.21207013868442590     
 -0.18968028222255387       -7.7574087418136373E-002   3.1246655637659870E-003
   21.145881721152168       -3.3033143396495284       -10.375766967062884     
  -2.3244928454551705       -4.1573416455152827       -1.1419361097385943     
 -0.13826901948043246       0.10074684259788309      -0.15193300276028915     
 -0.15854277670760528       0.48279087692716616      -0.29589760297764245     
   5.4251065599150898      -0.87645818730451885        3.5828116138045787     
   3.3224705641514634        1.4928231137591217       -4.2351979568683626     
   2.7977977432287959        1.8927724116315698       -3.4543985403528334     
   7.9472882379189203E-002   2.4854626886232505E-002  0.36083876564136991     
   3.6422626796625259        3.6308732664025651       -4.2959939708985564     
  -1.1457624984001848       -2.2836887964278563       -7.6181918946800736E-002
  -3.5351716241477635E-002  0.28859697270379975      -0.21073037572141079     
  -1.2403081513311553E-002 -0.18642819891362439      -0.12688961465293061     
  0.23067691269790508      -0.21634021958890753       -4.9454085305625492E-002
 -0.15034748807384998        9.9618191653002841E-003  0.33409296368113045     
 -0.12184216523711691      -0.12467038543217251       0.12642838800189002     
   5.4341429375626609        3.7556000791630476E-002   5.1109603997131190     
 -0.18400713261472476      -0.15478113108784491      -0.24738588763268923     
 -0.32770897280147854       0.50994279838798151       0.16102299278684248     
   4.2428913893102403E-002  0.45935231511641361        1.2876723357402626     
  -2.0565252795769418        22.571076889174048        13.501879068832785     
 -0.20369329112592771      -0.12276559461693158       -5.1109627425060901E-002
  -1.4098314966882215        7.9375796139447896E-002  -5.2616415525491114     
  -1.7594010299413738        3.8758791013738065       0.90326524515681383     
  -3.2680288342724424        1.9020108993583085        1.8708010075839403     
  -4.1787187104304950E-002  -7.0316170868710268E-002 -0.27999115941628749     
  -4.3709177054063610E-002   5.4551035274847323E-002 -0.10307859284133099     
  0.13988121953145533       -9.5421506180161569E-002 -0.14565805019958211     
  -8.0947305083919119       -4.6695121056795719       0.86062439075532493     
  0.11565984431125283       -3.6006817833709140E-002 -0.18978242767308895     
 -0.82844046521825188       -2.4233041477917345E-002 -0.14751139273774341     
   6.5190656644025129        1.5118326471838459       -3.6205254111055303     
   6.3573171260108223        1.1735935086910452       -4.2747725251285722     
   4.4927351974565363E-002 -0.39699680921954306      -0.23060794961787062     
   6.0251290245412002E-002 -0.13151009377301734      -0.13465296883103062     
   4.9239984223569992       -6.2167237682451209       0.81520688202708447     
  -8.0501430561650988E-002 -0.10783430199435842      -0.19322865436407127     
  -5.8625246466435872       -1.0647224961506216       -1.8233856397319479     
 -0.15324025912374123       -3.6417654372976845E-003 -0.15963945688426157     
 -0.17658504927652743       -1.4166296206386679      -0.23769818835269482     
  -1.5559328963126662       -3.3743134492171714       -3.2576077893518831     
 -0.20421369035005271      -0.31403616388711814      -0.20218595357527444     
  -3.7272224004149197       -4.1214740073383105        6.9970443077560338     
  -3.7863632112653282E-003 -0.37426055675552039      -0.27338376972381140     
 -0.68522158173484504        1.7480074432852644       -1.3374560110165559     
  -6.0385921849385502E-002   1.8691732344863175E-002  -8.7990921817704959E-002
 -0.18395226853133653      -0.13037611691089365      -0.14479478762143250     
  -5.6259381934768911      -0.60319776252733659       0.12753251401888679     
 -0.20387010730999730      -0.22121087498316966        8.6764553171693182E-002
  -3.3503263934039884       -1.4957841355975836        5.4990492294150908     
 -0.38562363775427855        1.5796488915889182        1.3905315221803276     
  -2.9163170679496205E-002 -0.22022189835316361      -0.10280967728257411     
   21.030256433169171        24.243436377903347        33.294124794828534     
   1.1524132121673718       -2.5460659724604389       -1.7916208489445593     
 -0.12742358411115637       -1.8614464929917040E-003 -0.27960184858653897     
  -6.6629071415389901E-002  0.14060839626927080      -0.12176455542408618     
   1.9485321947589944       -3.8492656182107838       -1.1989049892845429     
  0.48199992852381879      -0.44507074388239143       0.33761240434935008     
  -1.7797209431268213E-002   7.7517381795014884E-002   4.4535451986801498E-002
   1.7286073866772420        7.0427760808647006       0.37465757290048246     
  -2.5788782809626003       0.24971368468891916        2.9136656703746757     
   2.8080773427841552       -6.3302250116825496        3.9918908093569576     
  -3.5494250368515621        4.3568798527805779       0.27329747553216321     
  0.12007043234970194      -0.17686111044565878      -0.11385919891592386     
 -0.67873990289572550       0.88116049698755705      -0.42740629552333637     
  -6.2951399592299548E-002  0.15981587100620903      -0.13487598187891087     
   5.2750945645345534E-002  -4.5521247697112570E-002 -0.16065901723679571     
  0.24404069479935700      -0.49412613972493358      -0.31000907889906565     
  -8.4297488303654092E-002  -2.2148046375562377E-002  -8.5601429607489565E-002
  -6.5904100350596434E-002   8.3741007147563509E-002 -0.20428733093120022     
   2.4797264480019012       0.87750081648304423       -3.1151502885660727     
  0.42741283785867817      -0.28419771839778152      -0.39813048733700596     
  -1.0806646305575163        4.5604031868556625        3.0034712597029141     
  -4.9857328355232211E-002  0.13177966861070450      -0.11426699432190630     
  -1.5011871338026952       -2.1248895554600189       -9.4712979555506879E-002
  -5.7392954462083212       0.33207173051380262        4.8264938859924413     
 -0.16838638783669788        1.0674663940249309      -0.55467142960279980     
 -0.23408310241061878       0.29123880119688550       0.34187901688686989     
 -0.23943421916168564       0.26882599774891142      -0.47891942741348092     
  -5.2722479270520220E-002   1.1723219067946452E-002  -4.9385125551587770E-002
  -7.3278865554296968E-002  0.20363836244094288      -0.30316913798534317     
   1.0907718771718653       0.82017122358925865        3.5482609948219030     
   2.1463311225590331        4.7387828872144047       -2.3470956999648074     
   2.5098325067970710E-002 -0.24863543914323316       0.12097573516283409     
  0.48642592511242522       -2.5179999332860432      -0.58393769836752318     
 -0.14609899057655570       -1.0641946981338701E-002 -0.15154880940884125     
  -2.3078588741654062E-002 -0.15596927326425641      -0.19935124406780866     
 -0.53864339420650020       -2.7873978211335362        3.5284246424502799     
 -0.14329244688943107       0.49485845167426307      -0.26740497918517520     
   4.8950283497951608      -0.99502596444297975        4.2650619276292367     
  -5.8377448044585167E-002   7.8916174216043869E-002 -0.21136692083495084     
   9.3544997253679332E-002   1.4759246233153177E-002 -0.13433415976091159     
 -0.49344681797790885       -3.3864446434862856        1.6360258337608400     
  -4.5638116679860626E-002  -5.3875351479343463E-002  -3.5556062511268173E-002
  -7.4057603825825755E-002  -3.8054604201064254E-002 -0.34949824026869969     
 -0.14751742838117288      -0.19596050261221640      -0.26709632678629419     
  0.92384096526277826        6.3696309907217303        4.4654179295487930     
 -0.26618308228124893       0.14926340369557559       -1.8957839576408626E-002
   1.1950835461354061        2.1542637219279088      -0.31526743652015904     
  0.84388233421484227       -1.6936973814369405      -0.52165009194241829     
   5.9143191854506814        1.9006201619969925       -2.9346783824419185     
   1.4523502361164007        5.6004568413772269       -2.4025512743071085     
  -1.1013228201173357        7.4264794346353504       -5.7672797550967783     
   6.7970301105268832E-002   9.2969046570024888E-002 -0.42745610476659146     
   3.7021115297471017        3.5869836165695563       -4.3082973366628146     
   1.6994552169351303E-002  0.44980453796894804      -0.27201551641445099     
  -2.5491762551295283        3.8927575737453859        2.1603328923997256     
  -4.1511622417462701E-002 -0.13564383604489538       0.31934760201877121     
  -9.6241925684795351E-002 -0.26266835068003697      -0.27710027279471872     
  0.12960146357318383      -0.47817402982819307       0.13976245418452746     
  -1.9540582274924561        3.4406899169977101        1.5569340221572741     
 -0.14961113193628964       -1.4626141298518988E-002  -8.5564491528692541E-002
  -4.7530462233157289      -0.70874925790637699        3.2234202812366139     
  -8.5788545479335482E-002  -5.3886754822661455E-002  -2.5449345453813860E-002
 -0.14824149965530645        1.8696898775429106E-002  -9.7961781424429670E-002
 -0.45873796669821681       -1.6571575755393584       -5.4635667513422961     
  -2.8106444765618028       0.68360116538547555        1.1786102161598435     
   6.9643935934101855E-002  0.18410980160476129      -0.21164920289947459     
 -0.18189510779185411        3.3251462595896156E-003 -0.27522494132551351     
 -0.28625078933713100       0.29251138075335714       0.28509002985642673     
  -1.9289078092248233        2.3544983407836360        3.7447671045260931     
 -0.26607620119692349       -3.3582749454677445E-003  -7.9829618908132133E-003
 -0.23866453902255316       0.17994768948576140      -0.11112935177477942     
  -8.1453443164532541E-002   5.2456133196301415E-002 -0.15588049339714238     
  -3.1503334163774613E-002   6.7871888914892459E-002 -0.32156959821028991     
   4.2529138507885227      -0.75811548251585092        2.4097565178493507     
 -0.29014498936181943      -0.12600102157189183      -0.50216991180826220     
  -9.4169258222734954E-003  0.10698382205026243       -9.1268029857185601E-002
  -9.2997022151194236E-002  0.71510839880323751        2.6611944119556315E-002
 -0.18474511947597352      -0.15722442921517080       -3.3333032498190883E-002
   1.5622387381923664        3.5652586542031206      -0.86115806100495951     
   3.2340436903730181        1.4325927468706983       -1.1218605722168542     
   9.2365767700772441E-002 -0.18063348852761485      -0.32012718747165264     
 -0.31833792207176015       0.24987491823361899       0.19211760336701797     
   2.4226814931775391       -3.7244465480462554        1.3225731980381488     
 -0.20405085141119955       -2.8357102436695043E-002 -0.18550715705879425     
 -0.93949130908939404        1.8523684005977785      -0.11143261167027219     
 -0.89224336908553414        3.0111796980388035       -1.3322677802498140     
  0.89965804990877052        4.4388721357725247       -1.3769353654312120     
 -0.32321450722155837      -0.22326197091430663      -0.14555992845378238     
   3.6505043860513195       -1.8229479886974818        6.6203694635508734     
 -0.10252193753339731       -7.7813311392107412E-002  -4.3380370652509388E-002
 -0.13653386800308423      -0.11508896166169476       -8.5969316147324018E-002
  -3.4675513661557210E-002   6.9753685399063750E-002 -0.12895794805686850     
   10.646664565149573       0.31307334542031617        3.5779916836420513     
  0.25263633280036168       0.15069146507758463        7.2955621833758047E-002
 -0.21850086796453089        4.8742965434618105E-002 -0.10664033748857731     
  -6.7498034084554235E-003 -0.19744836118739115      -0.14856551968293724     
  -1.6782038208779874E-002 -0.21179872927564269       -9.6453080868821914E-002
  0.86152990915841654       -4.3649152630040202      -0.95494359166273646     
   7.1653490430605177E-002   3.6891619205136207E-002 -0.15210203289694937     
  -8.2767011765699533E-002   9.0280057733049517E-003 -0.17896298881297515     
  0.26521876012228607      -0.20216663524863202      -0.24623399465163601     
  0.83206201801803881       0.93325952705246740       0.71100647848062037     
 -0.13176893939467510        2.0904386126681992E-004 -0.22850968196874563     
 -0.19425588739552682       0.24000197987318106        2.0318499332373646E-002
  -4.7039530617815339        1.1154738611357737        1.0270206489878309     
  -7.4457256561819257E-002  -1.2333367266176433E-002 -0.15670279911908711     
   4.8705473294594164       -2.7481129125829384       -6.6137579851031250     
  -3.3873225977229748        3.8767954740885559E-003   3.8583181225262995     
   2.0933583982306977E-002   8.2753058312750316E-002 -0.21848793740447905     
  0.34993569620132181      -0.76531858576280132       -7.3460922655835259E-002
 -0.81861533830612543        2.1519204645502432        1.4684606803164837     
   2.3023224157317612        5.5183329427234051        1.0072693127511803     
  -1.2943093463362181E-002   1.1574815745208623E-002 -0.14478195607755695     
  -1.7736075373246463        4.4233964157749748        1.9735798781291609     
 -0.28534428063628048       -2.7311302162644858E-002 -0.12664134155338444     
  0.72795584024067539       0.45719781816262062       0.20965734392995786     
  0.19515353296200569       0.13259708166935416       -6.7158075828689906E-002
  0.24341106790617387      -0.34427283337176506      -0.26459621987073256     
 -0.21165798572142647       0.23863116942143953       0.32750251296924365     
 -0.10476033657109157      -0.64590140094159132        1.9388224649899897E-002
  -2.1293030248225375       0.74938138163323742        1.3748180602240279     
 -0.40802303113552613      -0.19199302242270250       0.16594496495919786     
  -9.9795521235293741E-002  0.38545142103858759        9.2077687621038670E-002
  -3.5215135530285115        2.0126812877873865       -3.1784676376765435     
   2.0994996656734175        4.4774185189712012      -0.95310962879076000     
  -1.0567464431157036       0.92997570829688381      -0.48454308152038772     
   2.6166624287049949       -2.7632253801538864       -1.7973780450534178     
 -0.20658553392783827       0.35435014165484219      -0.14339697586425951     
   4.2157947654242784       0.15911119554966185        3.0715448139007271     
  -4.7943189460521861E-002  -4.6083020312629119E-002 -0.18814995900668283     
  0.21562058471100365      -0.27714277687959754        2.9127530802687138     
  -4.3556128131191647E-002 -0.11156353726029110       -7.1554774958543343E-002
 -0.57694218126682306       -7.6127930739218312        6.4262667872672443     
  0.17803046406848863      -0.79039269383652189      -0.34267570060489472     
  -2.8758003395869980      -0.57330110705582193        3.1056334178330878     
  -3.1147252186698307      -0.51637309338306880       -2.5425851188136148     
  -1.1918057254830652        3.9371653461616414        2.4786436641330880     
   1.0861406388488171        5.5010157196815870       0.17967368003406720     
  -8.4446306387236242E-002   7.1085005625388969E-002  -4.6973029442667118E-002
  -2.2622198975669878E-002  -2.5153257643660346E-002  -5.2868429538866377E-002
 -0.60714735122186692       0.35928763643191092      -0.43196540068034717     
 -0.54849680101901588      -0.45304294355362612       0.31959878902278788     
   7.6119353598123773E-002   7.3838949265996351E-002 -0.15696984204571138     
 -0.16238460792502268      -0.11802740681842799       -7.8033640026596962E-002
   1.3624903771039221        6.1419205983271663       -2.3066796921677026     
   4.8882603627502137E-002   5.9010093171722705E-002  -2.3522965238068821E-002
  -2.2850414644442973       -4.3961432339801902        1.2459288274855942     
  -1.9401604107832091        8.7775401118142374E-002   7.0221896944824405E-002
  -4.3372968156860523        1.2811103931353240       -1.6220395768258811     
 -0.34718558250810905       -3.1897371260884919E-002   1.4793653984061796E-002
  -9.3451845873899889E-002  -2.2460665849103095E-002  -8.7778868554984443E-002
  -2.5564829869240731        4.0752439236949991        3.4765391843805808     
  0.45678415102906134       -2.5581395759038612      -0.63948508939153426     
 -0.23754456779182162       0.26118173625489377      -0.10611671945970125     
   5.6354218134264805E-002 -0.12818220757226670       -8.7819415429390632E-002
  -4.5740252862492925      -0.83585522481667740        3.2495936622853421     
 -0.24235324317491266      -0.50100448510628193       0.18490125299327465     
   4.5480495179757198E-002  -3.0669304863346722E-002 -0.17051907211376380     
  0.46805828599229116        3.1818726337166336       -2.1226092068797722     
 -0.75461899222393858      -0.51284565483670730       -9.0209505859152023E-002
  -1.0120881917804914      -0.32327771298299196       -1.7412584901108690     
  -2.0859169568790161       0.64569892086424208        7.6983587082279357     
  -3.4363562332113642E-002   1.7766988321842446E-002  -9.1129180881743543E-002
  -2.1561111122206364       -7.7747541561059660E-002  0.37014210066277381     
 -0.17116849416357069      -0.22398077075718051      -0.11828232759103001     
 -0.25156620260528667        2.8454307753633716E-002 -0.18021738382523828     
 -0.34138420638973649       -3.5411697792241376E-002 -0.34388737548657061     
  0.36393551742536701       0.30236437755642093       0.18069736895466892     
 -0.26904450455752205      -0.17674211711342250      -0.12925656542280159     
  0.92046418387630047        4.6860666455056874       -2.6593094493668699     
  0.42020317554355091      -0.35022719260185298       0.25940565278510352     
  0.17637062351463384        4.2209050615105409E-002 -0.33055341564409751     
  0.42287206162990199      -0.27234457239534404      -0.39743533867690634     
 -0.20785267495328796        3.1988335145510784E-002 -0.44599767763189790     
  -6.2375312113670853E-002  -4.7888302604483318E-002  -5.5520747134269431E-002
 -0.34755276548059671      -0.17898370665474367        9.3702352352393672E-002
  0.16426396667182666       -7.3210940765998239E-002 -0.15064860468681310     
   2.6621576605803701        5.6844033868086363        1.4049632930595213     
 -0.18385821582918443      -0.11086355025233409      -0.22313432722589102     
   4.4976436831760072E-002  -9.0606021942939118E-003 -0.72560941493329745     
 -0.15293677584559182        7.2573449484635760E-002 -0.22676813553616038     
  -3.3039904047999475       -1.1415090800147976        4.2153212115465291     
   3.7416967973831476        6.5813120310599214       -1.1703736365142594     
  -7.5332292753920532E-002  0.18732411617434735      -0.30917303887919784     
 -0.47975221161570025      -0.62978416300897944       0.92770663976579915     
  -7.7187217500295328E-003   1.7985552578181900       0.12524032660291717     
  -3.8099850962083956        9.8419649790917951        4.6397905978737581     
 -0.13789410040376510       0.12794074244587211      -0.13750312649626653     
  -4.7644688856941016E-002 -0.30759061397817039       -2.8512062075176075E-002
  -3.0040542097226439E-002 -0.26283731995374293      -0.30038931930544005     
  -3.5561896750133442       0.80109241561358013        2.4856331530735720     
  0.15703645360624680      -0.16555353400674605      -0.59387841150638976     
   3.0870451323876009E-003   5.1123521399298807E-002 -0.10953763364899731     
 -0.15512231581554267        1.9610607297278139E-003 -0.18457053175349139     
   1.6604608378823379E-002  -6.6296480625517698E-002 -0.14465402151872594     
  0.39410883637141209       0.11082908263382715       0.34514417599000963     
  -2.1752381161867736E-002   2.8612830901534964E-002 -0.14055987524475644     
   1.0934316881881547       0.21421690768146165        3.5657210375484496     
   4.2140085703731449E-002   5.2840013710603255E-002 -0.14827767260137753     
   1.7129596910047717        9.5639652777232342        31.245083050061933     
  -7.2964891032546830E-002  -4.8489687700130978E-002  -7.5077204869000921E-002
 -0.16318926944534429        1.5365185702283115E-002 -0.15352070337389001     
   2.8446514436611892E-002 -0.17648376976805166      -0.27155233230235654     
  0.30100396649043820       0.42481728168647231      -0.45323976014470307     
  0.15329807172641449       -6.0623525867143521E-002 -0.18270545925349566     
   8.3536812030605674        5.8386781931547862       -7.1050200869496392     
  -3.0579410923738646       0.15612245963329482        1.5697636356193978     
  0.58288445098898989        2.9939921515936110       -1.8624145954085012     
 -0.94366764181843832       -4.5061594991778477       0.41172507460088636     
   2.3051829132669670E-002   5.7586242126201656E-002   9.6529569236691676E-002
  -6.7783076296082906E-002 -0.10684265487584704       -7.5881810689621715E-002
 -0.21593080093537756       -10.079326957454501        5.4206659468909271     
 -0.27620940723058590        1.5948950738103720E-002 -0.26877829460109848     
  -1.3721926781666529E-002  0.25199209820730745      -0.51989662187620800     
  -8.1754985532611693E-002  -5.9709986813084703E-002   6.8100588571870114E-003
  -7.0521641894051719        10.789666745987315       -11.202728864044463     
  -8.6810636912050765E-002 -0.18322463389591637       -9.3845839505813891E-002
  0.25104902878782887        1.2345725576269526       0.33836146271320938     
   2.6978145612022413        1.5724279962567627       -2.0180551081920730     
 -0.19792008599185018      -0.10921005860450886      -0.12272441435512912     
  -3.6178017204909152E-002   9.3946614765541947E-002  -7.2421060913165955E-002
 -0.36792744643401326      -0.58224735846190001       0.17058514006220013     
  -2.3273275580539612       -1.6751753600227552       -3.1898409913647416     
   1.2153086030034681      -0.73560851640039004       0.15326626133758528     
 -0.23927622791922276       -1.9510667935249104       -1.4132588980341954     
   4.3617905624518907E-002  0.14915689580656491        2.1400614408859080E-002
 -0.19349545605085294      -0.11368636972159490      -0.17382642976105558     
 -0.13324716472953449      -0.24164985091932861       -5.4701537717476670E-002
 -0.12823288482644021      -0.13979196359320281       -8.1743922293022339E-002
 -0.28503332459011754      -0.56496696256757251      -0.63781767651527344     
   1.5031893125698681        2.9569662825668335       -2.4008965478321671     
 -0.82875764605651792       -5.8002800004925774      -0.50445740678002193     
 -0.44309179918025338        9.2723107466109747E-002  0.22279085754986483     
   5.7338800662192249       -1.0752682148029884       -2.6624890238179280     
   4.6573061186618441       -1.7953221564802802       -2.3934321455186907     
 -0.14934706415664964       0.13486489434979521      -0.15601257429509630     
   8.5577289498268669       -6.3253972748422242       0.81794657022333006     
 -0.81525506214067645      -0.49023915616903269        9.6780033544736133E-002
   1.4616706996622186       -22.490265382294918       -33.317291442512598     
   4.3211224436953855E-002   2.0683623308359534E-002 -0.19403054868459005     
  -6.4036078888724882E-002 -0.18788160261319539       -5.0715723454407120E-002
  -2.4526343940359236        2.5545617844355908        1.2931013192331566     
   5.1690100036762354       -9.2113356385745249       -3.4295083246409881     
  -10.232574202972829       -2.3709148618075089       -7.0614314091275814     
  -1.3914411056055473        7.9582775652887179        7.4384357030331669     
 -0.12484987464296667       0.26987124377257571       -2.4352611309530366E-002
 -0.11291785648490499       -2.9803526419687254E-002 -0.12924541675344195     
   3.5030011534897789       -1.3912991573511608       -1.8847013274801732     
  -4.3194709542023837        2.9287601168818855       -15.377843107324015     
   3.2691988739742008      -0.90877939226566362        1.2994371274384131     
   1.8835469104452548E-002 -0.17499154789911078        3.8483769151053740E-002
   7.8802644307238191E-003  0.16515471594748196      -0.16094751937047452     
  -2.6877183597671723        1.3136795451250847      -0.53487860481378713     
 -0.68508805082114022       0.24889872925536241       0.54892839050773934     
  0.12336462558172728       -7.7006147417611706E-002 -0.23508923797326639     
   7.2326121699085699E-002  0.16474022091132909       0.15737427273150517     
  -4.9683087380658769E-003 -0.10900753859050470      -0.32255245226449658     
  -9.2397515764337898E-002 -0.13519295864347639        5.1441713742974737E-002
   1.1626146477852011        3.6825780794081862       -3.2972564521556769     
   3.9561399167438025      -0.67624575083748228      -0.58046336156674661     
   2.2232403673761218E-002  -3.0082728464929813       -6.2969936567809519     
   8.3573089341607912E-002 -0.12091274521056483      -0.15749632340543401     
  -2.3090209854570363      -0.28554246026204916       0.54023641626676044     
   2.5378217232979821        2.6806730397410283        1.5305455878154854     
   1.6603817577430928        1.5311203633440051      -0.22675067432372570     
 -0.10280252020852201       0.16373019587670434      -0.10985696854794795     
  0.15679182254377438        5.4537696021328942E-002 -0.10335751906039739     
 -0.52036377412625867        7.3012623734454302E-002 -0.10001704714645888     
   1.7029473558642951        2.9447372034288732        3.6823879214049597     
  -3.9214028598557040       -2.6011598229315402        6.3886341410555989     
  -4.8524299960012472E-002  0.19327887748445227       -8.5100853926545372E-002
  -3.6735980969922926        2.9515381511540566       -1.9908539840544999     
 -0.48074493550402098       0.27298567187840528      -0.15445639035050784     
  -6.7509510303267390       -1.7262707697879460       -2.5372646802492600     
  -2.0713460894905764E-002   8.4943815611088880E-002  -6.3583515082716063E-002
   5.4671046608429501       -3.4420678815219885       -2.3247508777156418     
  -3.5274561922697276E-002  -9.4135468800997879E-002  -3.2696913508925889E-002
  -8.1557000989545519E-002   3.6095874388375193E-002 -0.17534399321507180     
   4.6840969684461857       -1.7165884761088790       -2.5847133151821642     
  0.14071025309387183        2.7340038473300554       0.38372930811525741     
  -8.4523841453009868E-002   2.4367572164127521E-002  -9.4368007046609387E-002
   1.3258515640010227       -4.6218803674568472        2.5255205637471549     
   3.6965828136497185       -2.6009064391059975       -3.0217287105784703     
  -5.4143574805697745E-002  -1.5957650681112857E-002 -0.17648872559275672     
 -0.95757730333060387       -4.2091280239265254       -1.4770906042199965     
   4.3408711131977307E-002 -0.13494769076522756        3.7290483550276449E-002
  -3.4389608984786881        3.4129667476411512       -7.5740314475481796     
  -4.4856772326432287E-002  -2.9944626343487594E-002 -0.12104072801643885     
  -3.9908589767489268E-002  -2.9826317037622365E-002 -0.42015324239200291     
  -4.9793085622921049E-002   3.9978953458469496E-002 -0.19019467930193534     
  0.16006425518666431      -0.55896404890193674      -0.17287612570350261     
  -12.353480483661285        2.3242843727260798        35.588479834817377     
  -3.7022727934460269        3.9278928701960005       -1.7536923074062929     
   1.1427734737874500E-002  -9.4267391956908225E-002  -2.6023277028708922E-002
   8.4610923405390626        1.5362160205755084        13.167622125506124     
 -0.85138393668109447      -0.52192229050598882       0.57220614354823374     
  -4.2351519796090906E-002 -0.19969654188526553      -0.11587197039276770     
  -8.8838940328589716E-002  -2.6275034335491786E-002  -1.7194413524691858E-002
   5.8163168238271626E-002 -0.24460737707225355       -4.9118941521337674E-002
  -1.1378150216063661      -0.28703602715457677        1.3427099465068413     
  0.14321670922122898       0.76309609727124506      -0.28160085517619876     
  -6.2739596974628258        5.4305627894935524       -8.4162867885966346     
   1.0899847975317580       -1.7029408459926401       -2.1212827117859003     
  -7.6075206976191925E-002  -2.9341079539780546E-002  -9.2788245697704094E-002
  0.41244768216808653      -0.99864277455944861       0.20017642280561210     
  0.21561683542854748       -4.3330510807407838E-002 -0.14725602473718966     
 -0.53998921780517051      -0.14355182288290802      -0.54499296057384816     
 -0.45220231357827512        1.1507039468417224E-002  0.19116465109157288     
  0.33055792650362131      -0.53754805022414442      -0.59316941903061293     
  -1.0977695733401804E-002   4.8003649811133198E-002  -5.1940316802585776E-002
   7.7378281760623099E-002 -0.15203629401798324      -0.47221547830317201     
  -1.7166201506492982E-002 -0.58495679410699530       -3.4431697979795964E-002
  -3.6370226837370123E-002  -3.1675653488406279E-002  -8.1672210616682825E-002
  -2.6026174532463593E-002   3.7963941359577792E-002 -0.14384731487478084     
 -0.12649747337862996      -0.13685901654143018      -0.16329576889910907     
  -7.5599951843189739E-002  -2.9693928170120794E-002   1.3065921609149890E-002
 -0.83518705214161215       -4.0713248515915366        1.5069352995650129     
  -4.5247339887778119E-002   9.5482208820834386E-002  0.18128691501753016     
  -2.9067224151029736        5.2560575461502286E-002   1.3852280172721849     
  0.91035047724276752       -3.0615732944573755       -2.3861198208678500     
 -0.10887721971482632       -2.8120544947979158E-002  -7.4048750301747832E-002
   2.8262710740907981       -7.5226215733982569      -0.62768869376191483     
  -2.9675793421152763       -1.8701459886612928       0.13035491560610196     
   2.0082705200653590E-002  0.20901925760383691      -0.19389517949603430     
 -0.28920003573692926      -0.12963806589437207       -8.7875611793582942E-002
   8.4836046195483392E-002  0.16220139683606832        4.1159946660626341E-002
  0.25506265494959951      -0.76749543384583541      -0.49718733204700866     
  -5.0462208163483711        3.1606778286255701        2.4630693444207838     
   4.2388814043455119        1.1128157832729697       -3.7163656016016460     
  0.29990083435388820        5.7697830690285921        3.5047567699690130     
   4.6097748098912650E-002  0.10976561980869765        6.0903281393069868E-003
   8.5809399989257240E-002  -9.8132039374499172E-002  -1.1214458939549936E-002
  -1.9885716196011280        2.3314785502613633       -1.6102530643785837     
  0.26489020594902440      -0.26697107125310371      -0.11926837906123602     
 -0.25068913294167311      -0.21668791780862537        3.5346553639655165E-002
  0.22302035778201151        1.7557582722159046       -1.7656423423966507     
  -5.2205849208739332       -2.1132211549806947       -1.3423490426654443     
  -1.5695896994445946       0.13169320410725130        1.2810876862697309     
  -5.3214974170537291E-002   5.5900560370066715E-002   6.7172879283131634E-002
  -9.3149574803780458E-002 -0.22109798824166699      -0.29872541992724044     
 -0.23208089746672628       0.13520646160758726        1.3243386602916321E-003
 -0.24647223912185928      -0.25935387258125375       -9.4874612487026652E-002
   2.8254761767598837       -13.807452973738091        3.9026536341726143     
  -2.3911799312913646       -2.5695433472044988        1.9484466434561905     
   1.8813103187899014       -5.0927613975265613       -3.1902309539265290     
 -0.46259497129475757       0.10836855981347047      -0.12908439800945967     
  -5.7309024464402537E-002  -6.7617905427558356E-002  -2.3907489574555466E-002
 -0.25816514965697973       -7.7286924109920385E-002  -6.6433444934627550E-002
  -11.136848840559725       -5.3809571069253179       -8.6442293608632461     
  -5.7089401868760312E-002   6.3849693515614231E-002 -0.13784234043080201     
   5.4205897233323554       -2.0784321130977292        5.0972896548349818     
  -7.8041033945955060E-002  -5.8617394422369289E-002  -1.5780382861117229E-002
   2.3546159212691462        2.1065227614276449       -4.0511158606896327     
 -0.16048721824919004      -0.36467591690324969      -0.26030315936019821     
  0.13905757940901387      -0.29072581191823876      -0.28304185218353878     
 -0.17095849561416196       -2.1374231708464708        1.5484753605519141     
   2.3475750433319602      -0.95190679806328038      -0.70998396372375883     
  -4.1565752312374658        1.5893694284496043       -3.0308873264874534     
  -5.7101331975856757        10.026856553451660       -5.0168377797886921     
  -7.4018935594304697E-002   3.5132372690247757E-002   6.4610008969302381E-003
   4.7342682851549949        6.4985430580579004        6.7401194711086028     
 -0.15245764403783937       -1.3874718564077860E-002  -2.4359328078133501E-003
   4.6312246930887216E-003   2.8302000349241614E-003  -9.6546534088820232E-002
  -8.1361382569871576E-002  -6.9556724976417933E-002 -0.16853672775341824     
   1.4301627803682737       0.61812846717758785      -0.22372860266014319     
   3.1382256546088139E-003  0.48678234044536384        2.0080035931540601     
  -2.6908364575259532E-002  -2.6011310141711021E-002  -8.0864814900569487E-002
 -0.57561098777631359       0.34613666419922828      -0.17774115081027997     
  -2.2151285839807390E-002   5.1565270924498656E-003  -3.9054289183451600E-002
  0.16742312354916097      -0.24989942553065173       0.20718927915512678     
  -7.0430147180980271E-002  -9.8139323559446073E-002 -0.14277854107336099     
 -0.21364641676142301       -6.4348059104845671E-003 -0.19031710137072663     
  -1.9067874942494325       0.63163420750350718       -2.2296640400554986     
  -6.8104913883214740E-002  -6.4738713321452285E-002 -0.11432535086196158     
   1.2246631021749563       -1.9796206972985375       0.59620138258443922     
  0.53120552596934867        2.8005878093808945        5.7020076499043268     
 -0.56120537668098691        2.7106182050925027       0.70391663555206663     
  -2.9726518713487615      -0.60860220992355385        3.1568969191920520     
  -8.5669180937478426E-002  -5.6563384272571175E-002 -0.29147239846748219     
   2.3534163312738912       -2.4727543130644665        3.2920976037193128     
   3.9550381430467225       -6.5565195056468140        1.1901544267869031     
 -0.50312418635151923       -30.739688147698228       -1.5164024613302045     
  -2.3196377431938715E-002 -0.18632924971185480      -0.12501416115461020     
 -0.10226404737791719       -5.9267822911198476E-002 -0.27966609080500471     
 -0.15100892963123921       0.12317632316735495        1.0206218760937510E-002
 -0.49576564309060617        9.3356022429046573E-002   6.4103562221737284E-002
 -0.20358899284457585       -4.4865577971994666E-003 -0.12930480361039345     
  0.10714013871198463       0.11866082915430226       -8.1384294042729524E-002
  -7.7281224129526586E-003 -0.96408461411780844       0.51752709450367984     
   3.9849533909324744       -6.6459537550143217      -0.91529181438528517     
  0.17337735792329817      -0.41948471249013214      -0.43728125564290854     
   1.2176267885762679        1.8840965756325116       -1.8499103437951163     
  0.49794398079834545       0.87933165022803395      -0.74554629587937948     
   4.2225000618054844       -1.4537336791579345        5.6232694410401196     
 -0.20052780690181418       -1.2440894518577319        6.0843294049542876E-002
  -1.9571196166969882        1.7098979374636865        1.3353049765393394     
   1.7231358765804596       -3.5205073800008448       -1.1416043149481998     
  -6.7744461022005070E-002  0.27515550540869166      -0.20587511257499860     
 -0.22252640714063487        5.5675663648603940E-003 -0.15389985476145401     
   3.1284658736988797E-003  0.34293972827546981      -0.16412737294356330     
  -4.2378379869225249        2.8741252310913721        2.2161820326545287     
   2.2099053434233071        2.0896311649122565       -1.9848226809102560     
   3.8114469034077092      -0.82928750863527489        2.4021287335869661     
   3.6752428662786163E-002   2.3355741026583179E-002   9.8398146344972653E-002
  -8.9692283607587051E-003 -0.24844175334856372       -3.9086028728264610E-002
  -2.5923921984673561E-003 -0.18139190295942148      -0.22859066494651800     
  0.28150320516702537        2.8623860115508051       -1.3987338482148772     
  -9.1706406328356846E-002   3.2693114314074553E-003  -6.4493121671342440E-002
 -0.51135068550743856        3.0147420856606142        4.4557206970202001     
 -0.17488155969104713      -0.11828543996230548        5.6366323033323014E-002
   1.6757617195851837E-002  -9.8177378168898238E-002 -0.13607986870515310     
  0.32299308804444188       -6.8313404095158944E-002 -0.28893025851395199     
  -1.9040232659895817       -2.1229121080989706       0.15701171996893104     
 -0.49961356228716691      -0.15148447024852385        6.2811956606085587E-002
   8.5574433536265787E-002   5.2268750100961131E-002   9.0438974243728126E-002
   4.4214787676725003       -2.2499091192780729       -1.2235292731879013     
 -0.31421199255038551        2.3395443129930801E-002 -0.78830939419221324     
 -0.20725079891789158      -0.12049613512804633      -0.12099177295096783     
  -4.3740091037123827E-002   2.3313318826937782E-002  -1.0946062422730577E-002
 -0.18208125979124246      -0.15146311819214869      -0.20569909344300757     
 -0.23597652872364852        1.9934095258668356E-003  -8.8993693742429724E-003
  0.12950994263485788        2.6991746334070856       -1.4260634329792314     
  -3.8844978104763242E-002   1.3832111786428833E-002  -6.1687307808405999E-002
   1.3692547320388537        3.5209587403234814        1.6624665519171937     
  -3.4927265805180521      -0.91836756818500753       0.25077231075952600     
   6.0611690276412498      -0.56774081723122838        3.7464678906112461     
 -0.22572347987929200       -7.5047431604057802E-002 -0.12055611521764911     
  -1.0233779942582004        6.3849954525017889        4.8279483610363956     
 -0.36935628189946290      -0.11054393458560768       -2.7312415903917579E-002
   1.2904396388745061      -0.83104490999558678        5.2130173739428836     
 -0.15521285473325053      -0.12930358185727356        8.1336456350044190E-003
   1.4637985902931372        3.5361391020896704       0.69744872611240050     
   4.6964129121194134       0.19614889214281531        4.8362861619102633     
   3.5658579183167531        2.2945440773435255      -0.81213013560292502     
  -8.5473891352139800E-002 -0.21596353201704471       -5.1635918776750576E-002
  0.80410824036988471       -1.6731650030541294      -0.59991122451369638     
  -3.0515288100893745      -0.29583628827479008        2.4050819306516478     
  -3.7165105066496493       0.94120353541730084        5.7109727450046357     
   2.2992482775006193        2.8119665879857321       -2.5326072098267258     
   2.7416042925436659        1.3653883259270694       -3.3545765791211926     
 -0.22865074975341154        4.5460780567392868E-002   7.8934712093646345E-002
   4.4323732088358643       -3.6511360657654852        3.2592867639738707     
  -6.7036305850249382       -4.0217759049681412       -7.9375032812715078     
   2.4285583143694054       -1.1396423316410891        2.7811617509784576     
   3.3721544856515426        4.2148717666481558E-003   13.365330350623033     
 -0.10719137024089326       -3.1757272088634533E-002  0.12476149169797773     
 -0.42963277966149066        4.1971125981309962E-002 -0.36463109030765872     
   1.0369798361866389       -4.2422147057309756       -4.8538988547287127     
  -2.5958456108814969E-002  0.29573981306544278      -0.25241193272203122     
 -0.48768992483568979       -3.1014217375471520       0.56260581216495698     
  0.16102700547249182       -7.8822543138667128E-002 -0.19022340625365178     
  0.55468914253060908        5.6393787759390577       -2.8816120823868587     
 -0.13987890371922837      -0.15981280111992693      -0.29920832357622357     
 -0.35181933471579291       0.29817767260973310       -9.9849652235855749E-002
  -5.8706718578711826E-002 -0.14413771663673805      -0.12598763691457626     
   7.7964432607593899E-003  -9.1489736732858318E-002 -0.35400631989293102     
   8.3929298357635643E-002  0.16472765306203410      -0.12803173396499976     
  0.12008113339963407      -0.16159069990632410      -0.14812465430822117     
 -0.41901589666921657       -3.1973560511597752       -1.5350759931580233     
  -3.2862010821806367        1.8623602428568571        1.9644015663982564     
  -2.2717543838501641        6.3746961879307111       -1.8184523639121508     
   4.7026287432170986E-002 -0.41710501054002225      -0.27923980711517715     
 -0.10767756578721635       0.24279045057141058      -0.29946703169944144     
  -2.4920778128702343       -3.4494406333715455        2.6342040604406063     
 -0.10057477532281886      -0.11929818382603133       -5.3770276627094896E-002
  -5.2020483982002243E-002 -0.16881097335959153       -8.7881379264215687E-002
  -1.2525117542125721        1.6686201452604810        3.5585524187642052     
   5.6244431791592601E-002 -0.27347281391102884        8.8927898548517390E-002
 -0.41929633069380084        1.3678857751880175E-002  -2.6434892369534085E-002
   2.0051320924538225       0.42523155159879378       -1.1940507734618646     
 -0.13811450794458813        6.6857354279781386E-002  0.15311581627978210     
  -2.5657403437649919       0.24424729596420910        2.9975868332794700     
  0.42808685976189470      -0.66149923726800897       -2.9595671297155512E-002
   2.1148462558246265E-002  -1.5432024329570309      -0.24940662000614047     
  -6.6882339035982133E-002  0.13493639907395119        7.1313777027324360E-002
   4.5715513613566232        31.025629656060193       -12.876532677503439     
  0.54800139948408755      -0.48763426164265045       -1.0006416025633442     
  -2.9314519149449487      -0.54592264175794769        2.4603972443871505     
  -2.6209256447140897E-002  -2.2430031349849364E-002 -0.10101063815021082     
  -4.3948444521093890        1.1441625399234430       -2.6149278796678939     
  0.74700418801977786        2.4331651451699732       -1.8549443317430172     
  0.17949231641267543       -6.0210982008117062       0.36813061993237195     
  -3.3839263402779483       0.40239497640771893        1.0031610551672572     
  0.24420997015605830       0.25597791739970233      -0.10649205334369022     
  0.16178994625572013       -3.4082437951272144       0.91463621630995418     
  0.96042005482323178       -6.0689021450112470      -0.13559306109113650     
   2.9992207567470381        3.0155736983751877       -5.1509597073111077     
  -8.5166620753201708E-002 -0.10895773733521444       -5.6356956030589794E-002
 -0.14177704255028670        3.2146273590788539E-002 -0.12006933702572289     
 -0.20257851516107003      -0.17094248103870044      -0.39721891385994013     
  -1.0647400876604718       -1.7377118449916213      -0.14939761983836677     
  -5.9449278475833713       -2.6942262796289218       -3.0933283599464581     
   3.0982753056496968        6.6451048862675739       -3.6968385219585551     
  -2.0687990899663531E-002   9.1033007815928026E-003 -0.13658085487484739     
  0.56799522333408914       0.16521152422866214      -0.25927572876928329     
  -1.8441732274036442       0.15516655630161544        1.8405487508748815     
  0.49293371376276746      -0.73434131202969533       0.53242846699808832     
 -0.36957861656203378       0.53976568382916057       0.44383660632862315     
   5.7807493114394868      -0.61359556840259721        7.7541966362067312     
   4.4632660077060793E-002 -0.31426230096651869       -1.1114387134115970E-002
   2.5981021435083829       -3.1443691485291354        2.7962775129305699     
  -9.4508180203409314E-002 -0.13896492136705368        1.9411728124572217E-002
  -3.6274299078479482       0.83587415227867734       -1.5228432524391888     
  -3.7576049682630077       -3.8237518920700762        5.4463509393531417     
  -2.6280300358077317E-002  -5.0865779750217124E-002  -6.5581605627211173E-002
  0.11521591664010367      -0.41868037699529359      -0.12657861203615686     
  0.91870294761593951        1.6276335132902393      -0.84777434264772300     
  -1.2979740870693104       -2.1693338103189790        2.7308018774025999     
  -4.0730700211284818E-002  0.11021227367214670      -0.12941112755612250     
 -0.15143085658933880      -0.20927623950070495      -0.29973000186082055     
 -0.22364597594672009      -0.16970830095353975        3.1658395321193675E-002
   3.9067305568326289       -5.6770085185708190      -0.23617147802055846     
 -0.31386993324275436      -0.33359093979305582       0.22955575749672349     
  -9.0511612578982048E-002 -0.11258496165734320       -1.4654738302318391E-002
  -6.2511117744398784E-002 -0.10911527820486509      -0.12380211962307802     
 -0.11957951161560536        9.0818699457046129E-003 -0.23323274025474247     
  -8.7633150660039918E-002 -0.11681775914955868      -0.28110559743437197     
   3.5876441239107342       -1.7414274600172541       -1.6823177388897326     
  0.57276430491956598       -4.4900838076973431       0.44099948230363545     
 -0.23857983632729052       0.12110441882200693       -5.4231474270377521E-002
  -3.9019002722425373        12.744930159492558       -5.6068834269463981     
  -1.8457242549946600        1.1440034900205767        1.7978615914539420     
 -0.39102398633453700       0.53397732939927411        2.2210911544597627E-002
   2.6049791687960773E-003  0.14822915996592081      -0.14155427412037619     
 -0.12530165463033305       -1.3404970379248352E-002 -0.22979126480570972     
 -0.15964879967114104       0.58893850250227997      -0.76232149522558712     
 -0.91193744554455058        4.9119909959367778        1.3376038239406103     
 -0.40436174232948624      -0.30253474404795444      -0.22821222513675946     
   2.7494900203804844E-002 -0.12938584400018027       -4.7753615675831383E-002
   4.0283243499996110E-002 -0.10549099843843070       -3.5693113204791184E-003
  -1.7255507331271445       -1.7375894859927392       -1.3581269863374830     
  0.45809955482821396       -5.3186966648280460      -0.82319332443758197     
   3.4030833293323952       -5.0883692155546179        12.008673894839500     
   4.0628497680076654       -4.5440266197127084       -1.8214939505600904     
  0.17564401417887487       0.37598058108241289      -0.28730324831604953     
  0.23283012561628277        2.4744797022681948       -3.9998172349034875     
  -2.6050474138396993      -0.24079817127040046        1.7270563424463372     
  0.41950343301847404       -4.6033257400478718        2.7396491132481082     
   2.0547144539251283        3.6593757491591923      -0.72171160725823424     
  0.16937333701200036       -4.4980809066898761E-002 -0.19788889313551197     
  -1.4598902568112251        1.3066736857635000      -0.17797126125510246     
   2.2821801336101695       -2.7726065442636694        6.0986768957952471     
  0.21773196267529510      -0.21138272286868778      -0.28992267149487694     
 -0.10095839883750585       -9.7428588355858072E-003 -0.34324596633048571     
 -0.13803875617973951        5.8277552019294077E-002 -0.43135561129471933     
  0.25377586041498101      -0.14878219603844586       -9.6188469697048251E-002
   1.7719834792968115E-002  0.45418745546313849      -0.38481445244600082     
  0.17749768174371194       -2.5532816187105963E-002  0.12642192284295189     
   9.5832703470338121E-002 -0.35808194805626231      -0.17408761393923722     
  0.24658547961008176      -0.28401854418421152      -0.50631107693528421     
  0.57807800764960582       -8.5268590704534546        3.6190896613424148     
 -0.23483443060474468        1.0978411772590924E-002 -0.16856413249368518     
  -9.6535210148396472E-002   4.5411808084612960E-002  -7.0056083942260164E-002
  -3.1066257306164995       -2.6786900561966611       -2.5339108309949521     
  0.59248040566797022       -7.7523941901065194E-002 -0.44059660432066539     
  0.41915818577054448       0.12254242567407152      -0.26667631140805131     
 -0.25407367478562098       -29.968926516959058        16.226762575025347     
  -7.1997367892215225E-002  -2.1057278875718701E-002   3.6356618349757508E-002
  -1.0861302732664642      -0.39538565374408458       0.44801469219772116     
 -0.33781746879219837      -0.14891214649825490      -0.35749246994827788     
  -2.5895899803107718       -1.6672468629348329       -2.4412528779998257     
  -3.1007562673740408        1.9253042959402216       0.90404616906737223     
   2.6492195676024042        1.6730200703161417      -0.46382286674855772     
 -0.29366376698828273      -0.17175249878948737      -0.23336072717682649     
  -1.4013400516731260        3.5854878790863238       0.88950916792198731     
  -2.0224765428990366        4.9466899869837864        2.0856291203762738     
 -0.30930652156301452       0.12794466579546668       -2.4381832732299377E-002
 -0.16585241094991779       -8.4223607142660514E-002  -9.8793908122684126E-002
   3.6603155586833913       -1.6939026510499662       -2.2337866303889262     
 -0.19813744196460836        5.0027591448347716E-002 -0.26820532660386853     
   7.3804433315655629E-002  0.10476017224200376      -0.23918384456363009     
 -0.22472492664663724        1.6237214575545018E-002 -0.14973759926929706     
   1.2702362448719586E-002 -0.26662800432505268      -0.11926092556941376     
  -2.1646713068309889        12.677898323259361        6.4844583434158798     
   2.1268383484040074E-002 -0.53657291195138057       -2.4533016402365469E-002
 -0.71876782872062883      -0.99137755654310167       -1.1182020505414101     
   4.0710337072014626        4.1882798883725467       -4.9851352842509176     
 -0.18611586072784853      -0.15018634646969664      -0.12392092894138071     
  0.39657675731055186        30.181648058018471       0.42012461196890677     
  -8.1869755206097516E-002   4.4981566618593233E-002  -8.8148982901478989E-002
  0.55292807479835959      -0.14590011339303241      -0.30612213614279693     
   3.4762059564423207       -3.8632411575624701       -1.3437094285230335     
   1.2912945511634416E-002   3.6179995778144264E-002  -2.4276371759762830E-002
   2.4301524787352120       -2.6494279919074617       0.95009975557314097     
 -0.34800997209175882      -0.68158606090618201       0.67873704838881699     
   1.2966621263491858        2.1749755720066615       -1.7626389750603988     
   2.5947467033745180       -2.0471744468429924       -3.7752218681166347     
