 -0.12820993784857987      -0.16668827570273786      -0.18260848862812551     
 -0.29553815064456046      -0.15130385611176245      -0.14558475514672514     
 -0.17275934918435440       0.15712645866619526      -0.14241661601816313     
 -0.12786187782858854       -2.4899307974511141E-002  -4.0195009193219382E-002
 -0.19844653304637880      -0.15278545381571740      -0.25266473307695742     
 -0.19720855887630892       -9.9749423115101446E-002   6.2363508268016905E-002
  -2.7162229670900260       -1.5215982138701158       -1.9817190481493410     
  -2.4562429307169349E-002  0.44065806041491556       -1.2003729821841351     
  -7.8432832552711385E-002  -7.5911924243003887E-002   3.0122924252344939E-002
   4.1121441616041050       -4.0216500101585337        4.3364697293574919     
   6.7376648555201139E-003  -4.9239757167939657E-002  -2.2658796506534171E-002
 -0.13553366866981814       -6.8837034988254511E-002   2.1366289341417495E-002
   1.8069343490929692       -2.9815986410982411        2.6388201323576155     
  0.12664728469805914        3.3166499814475954E-002  -8.9168524911698396E-002
  -5.0442348576170845E-002 -0.38334355731529468      -0.17727112620494137     
   3.1100684256834290        1.2087891781185778        3.2452446130644361     
  -1.4154981324341060       -1.6150795171483920      -0.46408644750057432     
 -0.97604850102585305       0.13428691861911757      -0.99341588140712389     
 -0.54814670338292737       0.69840837152382296       -2.3641616404080699     
   2.1216838740674713       0.35063774814357496        2.7909051120260560     
 -0.19964831857600635        1.8169916652035829        1.5008288461292225     
 -0.73369826836331031      -0.64377846678424255        1.1103690072703072     
 -0.18522968326207201       0.82879027688939666        5.7196622487280364E-002
  -7.6784970317653629        5.5861406085953353       -1.8830145811112100     
  0.75208686126601776      -0.23263934084461355        1.1088201076160169     
 -0.23685629193581212       -4.4178708516207726E-002  -8.6477305418520140E-002
 -0.12790422736462892        6.2816024932330267E-002 -0.16327330928571054     
 -0.21911718906738081       -6.2970780387273648E-002  -6.2848644897087955E-002
   1.0769221436697844       -3.0241453017472741      -0.11263896951100064     
  0.16450420205875693       -8.9894369735600804E-002 -0.36388119114261408     
  0.65603220509572857      -0.51472436352853201        1.0559770925703134     
  -9.4417522164900819E-002  -6.6173669252651057E-002 -0.12464059343545229     
  -1.7728158070760769       -17.505509583717959       -11.470549710784296     
 -0.21579663500959193      -0.11337230916269608      -0.14850077194078845     
 -0.10532757240498877       0.36504619088742485       -4.0439122897240415E-002
 -0.37374978340851012       0.49211986145583714       0.13625641238652891     
  0.34895889793723017      -0.76814809046606569      -0.52433615311622395     
   5.6204301446069811E-002 -0.30748127400007641      -0.13731797858213698     
 -0.16882266372649438        2.8924195745648269E-002  -1.7294983904320750E-002
 -0.11465804402685847      -0.17673828537031411      -0.15903058608860196     
  -2.9684431840495931E-002 -0.31688279554181942      -0.18128517661314289     
  0.91059362933922272      -0.38370231466568633      -0.54854087633422999     
   6.7162840849824254E-002   1.1965374856468061E-002 -0.28083470247845260     
 -0.84376885152670122      -0.85116972045037398      -0.86425881964252216     
   2.8554941909545484E-002  0.19871200782791504      -0.18347003771352113     
 -0.45500720877556555       -1.0565225160089131      -0.39225197981030330     
 -0.20278096140429208       -7.4017101439125377E-002   6.0641820928015212E-002
  -6.6015551956528876E-002  0.65760558998879848       -7.1548787699849306E-002
   4.4812100535819438E-002 -0.18385932672880412      -0.17550601427851820     
   3.2136932070232080       -2.4025328823142016        2.2987949769935354     
  0.12527530553563557        4.6833980384867871E-002 -0.18994504443017987     
 -0.72499121637983355        2.3568407702109253       0.48826517040412298     
  -7.4986787393064705E-002   6.1215252528060947E-002 -0.13811451186083637     
  0.95752010730618797        1.1419359571634573      -0.46800545040000369     
   5.0125233758049705E-002 -0.14492627015036902       -2.1998342009870286E-002
  -6.2039952686826050E-002 -0.15816003477069493      -0.10646817151276999     
 -0.19816216354271260        9.9002548419921968E-002  -9.5714742095933503E-002
  0.63757232903224559        2.8387776649176550       -1.5903014124762631     
  -5.0730122987133065E-002  -3.2719455776892968E-002  -4.3059189743351781E-002
 -0.21482091336957068       -8.7653847372193616E-002 -0.11280918749170087     
 -0.11127661336654616       0.29266386125741811       -3.3203291399954753E-002
 -0.19251156543276485       0.39076333764907051       0.24515395322431768     
 -0.11234564895921070        4.7093691993564252E-002 -0.29765573208850421     
  -1.1525387886448593        1.0937652009333267        8.7125261220860298E-002
  0.15476273129193435        1.4380957871434064      -0.37933238639363287     
 -0.33753271497127174        1.0434148782864874E-002  -6.0948743458887050E-003
 -0.22763301966716912       -8.6166878790594259E-002  -1.4255041892132746E-002
 -0.12024075934079070       0.26651665641445865       -7.1042935537783125E-003
 -0.22218704203898865       0.22074724757765532      -0.12139755309865939     
  -2.5271037002407644       -1.1029641047961489       0.34043707295203651     
 -0.22706078802932214       -6.5604436528351879        2.5830192050674752     
   3.1221397552492348E-002  -2.0644914809398254E-002 -0.23480930677285472     
   1.9523770747393376       -3.2748811293619378       -1.9243617579834684     
 -0.16517882125419450      -0.10586816624722255      -0.20210107721136999     
  0.10101992718906798      -0.28997491980727313      -0.36446524558303067     
  -3.4649323256456289E-002  -8.4475498208413588E-002 -0.34211888080484948     
  -2.2810171598141010E-002   7.9283433583090618E-002   8.2800151800127043E-003
 -0.15051681144846865       -3.9801053675252607E-002   4.9120641513705834E-003
  0.10754787621327203      -0.53928440249191678        2.2433121888525242E-003
 -0.23267614382509752        1.6862662551050650E-002 -0.40827311478275952     
 -0.86571598664729232       -1.9730337838876677      -0.46300833261082919     
  -1.1758932200321679      -0.82378963088524870        1.0955798843172642     
 -0.18706368083773320      -0.24469906594074797       -4.4321105784122787E-002
 -0.19560426412281803       -1.0139518212158103      -0.47227313261013504     
  0.61239277125249791       -1.2399058249214676       0.11171562543343927     
   1.3303721496148047      -0.42299595769939091       -3.7468966364570395     
   1.5630311329345090       -3.7879926021631936      -0.67173714042527077     
  0.13756028968656506       -3.1025408552012107E-002 -0.16119762219455197     
 -0.59336551853752240       -2.8177966579890836       0.35853704618081772     
  -1.9551101876352897      -0.94497522734713435       -2.0914651722291011     
 -0.18651094111217087      -0.18324405040951930      -0.13840890090883382     
  -8.0735138382281066E-002   5.7362366670727354E-002 -0.16328777891353194     
  -4.3948809834945465E-002   8.9283927426188153E-002  -9.5614459439735219E-002
 -0.26472578297848015      -0.18166406539275620      -0.14501011734045766     
  -2.4793114869581034E-002  0.15323980777759152      -0.21256034291669301     
   1.3342317024595551E-002 -0.11781375572521219       -6.4454972456260348E-002
 -0.17542623498822082        2.0323529416499363E-002  -5.3409914646873419E-002
  -2.0721766783284391E-002  0.10747239131930533       -1.6944270921892664E-002
  0.25833557322301026        2.5470802904144767        2.5567109238442463     
 -0.21661914044743083        2.5617121538039099E-002 -0.11502557551979060     
   1.1358276619253678       -2.0180848169303642        1.0727296299960454     
 -0.19764259853922378       -9.3927909935352355E-002   4.6501236454524447E-002
   1.3223809413944396       -1.2100078464915942      -0.78082163208564004     
 -0.35968672536594437        1.0885177181731400       0.28053654593324451     
 -0.17799893308147793        2.3282574883254220E-003 -0.14350775784173797     
  -1.1623865013526153        1.6854812240857819       0.78949458151954266     
 -0.18136414241685830       0.78281570353457519      -0.49961690568021810     
 -0.18315136871139237      -0.38086578989746733       0.18284129413825084     
 -0.15878874846701974        4.5178718974536056E-002 -0.30955076848053192     
  0.95844193589636784        2.4052809104576109      -0.89189701985449765     
 -0.52973090788081667       0.17635849458347880        2.0707909132475423E-002
  0.12756660526544236      -0.30451763300546686      -0.18684520315091338     
  -7.2319313514683875E-002 -0.10457048292904329       -6.9348269266491860E-002
  -1.9622020865361287      -0.11096310198337059       -1.1862544847255521     
 -0.22660348026151603       0.73221452025487632      -0.25330905327959458     
  0.68265611512271240      -0.67498912860042704        6.6413911920084376E-002
  0.39163044888211518      -0.88590740740927165        1.9145283609975410     
 -0.26020330036284600        9.5277685068390836E-003 -0.11134130823176216     
  0.15352612077984859      -0.75341267557906244       -7.1071275355520575E-002
   1.8457630841862323       -1.0441669624026935        3.3386606872234799     
  -2.3186042670836252E-002 -0.31765603477071175      -0.18522386691950987     
 -0.42779125938936408      -0.49040333619579901       -7.9560106556165647E-002
 -0.26714195920070760      -0.20259229140492832      -0.13066043465690627     
  0.38609605030494176       0.13385900629240841      -0.45804110597106529     
  -3.8775373201823737        3.9063090265340765        5.4959214488893107     
 -0.55765393046531542        9.6113458173433586E-002  0.14090507049575693     
 -0.93961160242364428       -1.2676349603719081       -1.0839438603464511     
   3.2890850407342090E-002 -0.25151069029804823      -0.36753041985682144     
   1.0009707555716434        2.4778113431772208      -0.95206539406862745     
   1.3405325879666447E-002  0.17500309087155538       -3.5977998218829084E-002
 -0.65228416374056419        2.8285793651247242      -0.45062456270391094     
 -0.61985974796321208        2.5388075674064403       0.40976913525915670     
  -1.1841574289012571E-002  -7.2700122277419191E-002 -0.11756907881183025     
   3.5594260181765582        1.3974301252412871       -1.3888475818354684     
  -4.6784969208917539E-002 -0.13499795224751995      -0.47206787876890538     
  -7.6931425164618464E-003  0.22115223674471540      -0.28092439251903462     
 -0.23052725532557009       -7.4433578819243187E-002  -8.5814414471515360E-002
   3.4913600131634035        1.2354618554825891       -1.4218624096860415     
  -5.4596475448499812E-002  -2.7991083697398347E-002 -0.16400088189146950     
  -9.1148862453209648E-002   8.0795489781900084E-002 -0.27548123147415837     
 -0.33355559586927785       0.12336462385544041        4.5891933282707284E-002
 -0.10412211825904755       -8.3017855481701389E-002  -7.7912367036078595E-002
 -0.23808615880023384        2.6088440937332064E-002   3.7363139336889575E-004
   1.1841184841311100E-002   3.5967206973604240E-002 -0.24371520738775579     
   1.6883381367192567       -4.0275855316868165        1.3958578191705124     
  0.14298425244063931        9.2401130339984081E-002   2.5173066706791914E-002
   1.5954097792988440       -1.4040444693147021       -2.6609285250306449     
 -0.25161940333488342        2.1590281178750559E-002 -0.14340048903262190     
 -0.55241009001712393        1.3060146949118092       0.56874115123601987     
  -3.3501580466684087       0.19311963563352896        3.7980273073007820     
 -0.26578045826719049       0.17409058523217996        8.1594236225750336E-002
 -0.62934272019957216        1.6321176022724897       -2.4636171617769369     
  0.10830213415183196        4.4002911327720037E-002 -0.11055861391626925     
  0.38021736505058418        8.0107475026889904E-002  -3.8112256453373669E-002
  0.14721250972314823        1.2841508271672172E-002 -0.33392912914579598     
   2.7208380290046392       -3.9995011005113205E-002   1.9482008484126767     
 -0.17182102012243036       0.28695041546577371      -0.25116124856895733     
 -0.36022444454597685       -3.1646071554783872        1.7162305942313887     
  -1.3130293334545686        3.9177036327232910        3.5839183385095406     
  0.14604811243434257      -0.14536229013942564      -0.22422205192696945     
  -1.9778108153458575E-002 -0.29806109979126250      -0.29271007494175511     
   2.7601429733003178      -0.54101888868514314        2.0293760928758733     
   1.0140194094087736       -1.4656992254141279       -1.6473586175193451     
  0.21103625868167419       -1.8856099143492289       -9.3548277116434209E-002
 -0.39166761595620775       0.25822839553741783      -0.10863248321288858     
  -4.3691067563641044E-002 -0.25957781028095622      -0.13312310025366592     
  0.68223251735607449      -0.51813420818428280      -0.78322842508879886     
  -1.4267605556559036E-002  -7.9458235503584371E-002 -0.40468395875777946     
  -6.9457155524858746E-002  -8.8353770648053137E-002 -0.15182945588408453     
 -0.12522353765720728       0.10671786848829008       -1.6803922599684728E-002
   1.8329331685693828       -3.0119830489720871        2.6592252596223607     
 -0.15194594417163959       0.20650406411633429      -0.25454947378026294     
  -2.1028208951988794       0.32423823478061520        2.7110244473359004     
 -0.73017521241996042        2.2980663311911238      -0.51577984098004359     
 -0.10138686559426309      -0.37659893485444984        7.3345540501772027E-002
  -6.0551573904487163E-002 -0.25747706005277066      -0.13054248581646019     
  -5.3879426835667231E-002  -7.7726163608830209E-002  -2.0253061376962575E-002
  -7.5415458994240889E-002  -3.9936975791042655E-002  -9.3920375154070646E-002
  -4.5175801339271935      -0.15049170177920362       0.99358412027023679     
 -0.17694341505344374       -7.6052543925364202E-002 -0.11456763879368152     
 -0.11286647900667635       -3.3070018561615074E-002 -0.15065170001807060     
 -0.25050645043381098       0.16906663813038927      -0.12785079057067053     
 -0.46525118967234008      -0.69275105971529494      -0.43062833854765115     
 -0.24423209377469177        2.4869810034113159E-002 -0.11656679342738524     
 -0.24813490291620660      -0.10044862497545881       -2.1138409371832412E-002
  -7.6356366404800854E-002  -2.0975614641285480E-002  -9.6925093176387714E-002
  0.85947561319947863        1.9738187075151723        3.0667536797105561     
 -0.15899181673675403        2.4245245246427235E-002 -0.18022471993492156     
   1.5533164806350737        2.3476736954269763        2.6643678583790735     
 -0.38621951953918798       -2.8406197685798208E-002  0.19836279941381577     
  -6.0963149855353366E-002 -0.25274435448647214      -0.21681819055874771     
  0.24412781624531243        3.0850323213728603      -0.82677549433881559     
 -0.12738679070346320      -0.36336419153210825       -3.2765046054657722E-002
 -0.24467099364438843       -3.1330046591300946E-002 -0.19107497655124525     
 -0.42184066044768875      -0.43017206740165992      -0.13964271793303981     
  0.17849416206189594        7.7405006634081272E-002  0.59707536731021382     
  -3.6217278789833600E-003  -2.0942832536372054        7.7220557110930232E-002
  -6.3596903509124086E-002   5.2122806570085639E-002   4.8039334795637816E-002
 -0.24040228596878760       -1.0495952856906083        1.3196430424141425     
   8.4999405006176083        1.5949839066411071       -24.477694314107342     
  0.13652790855118752        3.4982203723630629        1.2133958071007767     
   2.4507587148801486E-002  0.14003449105990881        8.0749706752349694E-003
 -0.10735352198265170       -1.1163401133954616       0.41156861653085192     
  0.39606674175698064        1.4490546494021388       0.96052214336119901     
   1.5853573965455479       -1.9305139474104118        1.4503308106449553     
  -8.5346507311287234E-002 -0.16848575314092415       -3.6930119929830973E-002
  0.18249300878406088      -0.19220215772225369       0.37940011602818408     
 -0.34972145150936890        2.1918494500271980E-002 -0.14911187775067028     
  -5.2551830226883006E-002 -0.20498084939628125       -5.9573485216677609E-002
   5.8766294426753851E-002 -0.33086112988702915      -0.26152982666964097     
   1.4678720377241310       0.80473596819781379      -0.95922724828826289     
  -6.5945745481076861        5.2215259534612475       -2.8856267927552324     
   5.7858346233995779E-002  -1.3197915309918973      -0.25389077006771166     
 -0.16631512124568509       -3.6372441336717264E-002  -9.5358467229071653E-002
 -0.15133135561323574       -8.4109721590103992E-002  -8.5001674569598978E-002
  -1.3884897208005327       -2.3376241629181549        2.9014903752425631     
 -0.82517510359958068       0.68694239057740303      -0.86136018179687712     
 -0.12599622533364443       0.16153294157315376       -6.8672393910796520E-002
 -0.63425500106240484        1.3723578303942031E-002  0.38908118511039919     
   1.9489178743209599       -2.2452628698544870       0.68294232414482903     
  0.63265424853053598       -2.3161901520396735      -0.61052750397971112     
   2.3103998047931209       0.88000391984732773       -1.8933801669484258     
 -0.22072746669056320      -0.41101084362487245      -0.67553920301089798     
  -9.3138515153197182E-002 -0.30010340921103079      -0.15190804327031995     
  -1.8974716984218398       -2.1044473432207176       -4.0995525143127907     
 -0.10510675055213874       -5.2438425021776799E-002  -8.2190363420372406E-002
   1.1075547647337594       -2.3110237284325637       -1.1337914827209365     
 -0.19562777237460072      -0.10495437550848499      -0.21217681535852168     
 -0.28206711646247135       0.20157433584670281       -1.0874516789301094E-002
  0.18224803539086068      -0.60801847959841182        1.5579749000764458E-002
   7.9662891865619742E-002 -0.27607473763820328       -9.0428292939969662E-003
 -0.16418532093341293       -4.4536892323160791E-002  0.14369779665073490     
   1.5614926210792333        4.0018137940248124       0.82005324162186366     
   2.7411286350175684E-002 -0.52583469050454668      -0.32396627653553339     
   3.0333564832667763      -0.86452086569173647       -1.4204540406386763     
 -0.15493757385821799      -0.20202501861253397      -0.39198797775513916     
   5.4344727066036699E-002 -0.27197146481856072       -4.7467633217837805E-002
 -0.14807152129931686        8.4391113273775728E-002  -7.7934252300641244E-002
 -0.13733479534231560      -0.10814559464712019       -6.1307450254734233E-002
 -0.18210428112493832      -0.11201633429498943      -0.18277523281883973     
 -0.22564714135807101       -1.3145392099616383E-002 -0.13301961574119195     
  -9.5016039471151628E-002 -0.12036348742005928      -0.10596321135346720     
 -0.11910665574515190        1.1936368384999148       0.88924017551863554     
 -0.18748346354784587      -0.10283123842383600       -7.2580656835087576E-002
  0.17154522752580231       -9.9440623055568333E-002  -5.3420036231524345E-002
  0.73656647490594485       -1.2430598631251615      -0.81025446496498532     
 -0.28189219427887174        6.7350006230531986E-002 -0.18936777876475550     
 -0.22208348316830168        6.1640784233390235E-003  -4.1659052313423962E-002
 -0.16274556470853771      -0.24557988137834821       0.47551914708337945     
   4.4008675893964899E-002 -0.19299680573194497      -0.18647170963613202     
 -0.14062419899512868      -0.16044496756986787      -0.11839828180757817     
 -0.20959427819425899      -0.13921213247003472       0.31479929504452642     
  -8.4517892735795269E-002  0.19725790147180486      -0.21554580258345099     
 -0.20964011625902490      -0.16560183166545980      -0.11996055109810846     
  -6.4321719289540363E-002  0.20354252154443314       -8.6832682765852293E-002
 -0.13290784587131524       0.14530225156583787      -0.13498198941046774     
  -10.965304692450401       -10.765164852568331       -18.669662299419922     
 -0.70811038644082547       -3.4371874051818638        2.1519119596858207     
 -0.21116495342822530       -1.1936942571789699      -0.53905587695714619     
  -7.1536444877121450E-002  -5.4517881672834563E-002 -0.13898770453788487     
 -0.11679017735364390       -2.4695815353815230E-002  -3.9710662140485561E-002
   2.8751551317905490       -1.1213612833659574       0.86654646949309133     
   4.4085490127485173E-002  -9.1497323654367746E-002 -0.35082875249698159     
 -0.13555932167939175      -0.45494517298213699      -0.27545485669219438     
 -0.14374523369933612       -2.5551689202051114E-002  -9.1817328961373457E-002
  0.22002339847076027        1.9583006043595281      -0.80089935303854054     
   6.5042417766187202E-002  0.22584872488105581      -0.24256148177910414     
  0.85385045370922463        1.5531260287566331       -1.7886580848142488     
 -0.31273598585668660        3.8426976623515643E-002 -0.41304600462543722     
  -4.7384765001816917E-002  -2.3610997057049443E-002 -0.20320470355437825     
  0.20858877464654102        2.0308098062310593       -4.1932342699556182     
 -0.89142642017590079       0.54174446135019494       0.97354784100578851     
  0.16177805328541053        9.3509631145048538E-002 -0.24434679474692533     
  0.23019274204932844       0.21108003644294662      -0.44238365844633537     
 -0.50238574399055558      -0.34824436897417593       0.25141511440231595     
   9.5037759631580149E-002   9.5947852883408624E-002 -0.10355551375584331     
   2.0103589096110208        1.4613834562408297       -1.6816513063092229     
  0.53927381381680550       -2.2201810070893764      -0.13776333117824696     
 -0.31671085410927236      -0.94490521343800138      -0.34459165278584314     
 -0.25424221714284428        2.3181785337467238E-002 -0.10390511539419048     
  -1.5815568385413306       -1.9811616877473386      -0.50221343563945120     
  -5.8283572724573504E-002 -0.22643408115507574      -0.25468094672447827     
 -0.23190908654491094        9.6401414637304242E-002  0.20405596932083883     
  -7.1814994136291305E-002 -0.10899987134065990       0.29034709586371482     
  -9.9974154773050425E-002   4.0928125358621392E-002 -0.10503194518372806     
 -0.20070690120424445       -2.1892973885617006E-002 -0.13822422496367190     
  -5.1422362314342385E-002  0.15750578978040414       0.35796937207027990     
  -3.3437422972259455E-002 -0.12293965797951381      -0.18769299162859546     
 -0.88125525938336591        1.1730605714446902       0.72061195974537740     
   3.4073956002942256       -3.8812431148056076E-002   1.3032059464974524     
   3.0497235177591735       -2.7221665163308493        1.1370276148415204     
 -0.13350158945681276       -8.4933749817771340E-002   2.8469604817202423E-002
 -0.12574082119582441        5.6593976815356196E-002 -0.19903168424919734     
   1.7612178952905442        2.0004416880338756      -0.29657194277691756     
 -0.16817006061047451      -0.33879963828853032      -0.99131379353772120     
   1.1227544464925245E-002 -0.16562333156879502      -0.14505347953553757     
   1.3972976626504314       -1.1538365523470342       -1.1835257713710019     
  -1.9820953789266225        1.5804410932874497        1.6090199939454388     
 -0.11406347350101471       -9.9313663549801326E-003  -4.7499561128011375E-002
  -5.3559278870534188E-002 -0.38870453828584522      -0.21787543262713485     
  -7.5876075680878681E-003  0.10052644502942232      -0.35182689159616015     
   8.3251062751934946E-002  -2.7696855375082934        1.7694858553617809     
 -0.10875418118981071        1.5447244563042455E-002 -0.13125854988732572     
 -0.15257080702269590       -6.7302281436819905E-002 -0.12216012982101779     
  0.10185028002134465      -0.26075060910025571      -0.10539307947443588     
  -5.0369799791722097E-002   2.5892961811154247E-002 -0.27455168745612796     
  -1.6238165174550186E-002   1.6143427005736642E-002  -8.8789182137766084E-002
   4.3360889540257057       -1.0590587250777730       -1.0320409239802757     
  -2.4974321684021956       0.40203159264665711       0.60409540200212974     
  -8.8496059071716010E-002  -8.5692464907910049E-002 -0.19480114413361915     
  0.63699922521902586       -3.7356045726772642      -0.94995381378524890     
  0.10140474443742629       0.31367869119777086      -0.12106009005017375     
  0.79076959107757305      -0.85641875128409373        2.5807162732230275     
  -3.9892188424091542E-002  0.11654789335944814      -0.28501695362034296     
  -6.0359549864173551E-002 -0.15157073923066572        5.1127589688285395E-002
 -0.19544622579692733        4.0557445385565192       -2.0771416772700758E-002
  -1.4559074040949425        1.7637668364471777      -0.50925148737916781     
  -1.9065497599635928      -0.41845112092357090        1.5804640163156172     
   2.5266514761037331       -1.3791227185408332        2.0875442219435589     
   4.6768239444027838E-002  -1.4779257763084130       -9.7179608642114418E-002
 -0.13119160131975358        9.7121310827065349E-002   6.2188090217884170E-002
 -0.22133381146330142       -2.0499795266033037E-002 -0.10153026942431503     
   1.6084005161988431        3.4140701312541246       0.77435204146567271     
  0.73999022020014060        3.6617214369832527       -1.3183471583035478     
 -0.52768935682792395        1.5395898949471851       0.11295797290604725     
 -0.10008586297832364        3.5376113100791716E-002 -0.11572862761741270     
  -8.8269385193678912E-002   9.1087657452345767E-003 -0.12517792328914701     
   6.0235240155906258       -6.2165772706520812        4.0398203825078660     
 -0.20147277683395742       0.21808619772733595       -6.4924195147221239E-002
  -1.7422631745632871       -2.1621523806979197       -1.7260891516762138     
 -0.10796471590482587       -5.4707651476337965E-002 -0.12102984405220409     
 -0.94155834971433450       -2.9011416058217674      -0.61349670729563743     
 -0.21910253006417624      -0.22858679078210287      -0.95482629124101270     
  -2.0458207092678760        2.9875067541240021        3.2845409817682332     
  -2.9306075268645645E-002  -7.4298437976586917E-002 -0.15052562487715690     
 -0.26634402979253002      -0.28295102576708203       0.16324644162364579     
  -2.1707129646109498       -3.3420594185010004      -0.28754250642232015     
  -1.3662915790532384        3.2161199551535939        1.7257567216802687     
 -0.17018766906342470      -0.20259090069263408      -0.18871541309846879     
  -1.2309152238107228       0.14558871735213522       -2.2532577367457023     
  0.89805028375614793        1.9701850447912603       0.64443825903455820     
  -1.7842841834535577      -0.81752523053614190       -1.4123090996812093     
 -0.12030266398456195       -1.6010769772550042E-002 -0.11253370311742301     
  -7.6300141358248723       -6.7641559531792685        1.2657697532284418     
  -3.3016095424919318       -4.7059733549882470       0.25506357141037206     
 -0.21526835796975322       0.89073726488987004       0.19000232115392485     
   1.7390412934663730      -0.97121453008696390       -1.1158470767355901     
 -0.83756516840519224        2.3456824729892158       0.94951641122668518     
   3.5843857766241620       0.21650668186166527       -2.6817702388680944     
  0.12979341873203989       0.23229702240974717        4.5650004398471382E-002
  -9.4494424170310426E-002  0.32885684367390194       0.45469901448244576     
 -0.40431459171275008       -1.8673077180433018       0.34193535163274819     
 -0.26494351885479867       0.13044434721148451       -2.4406130398790554E-002
  0.35239616220795106       -4.4422691408640276        1.2948568960497411     
  -5.9286919453022044E-002  -8.5536226498016302E-002 -0.10035512483252546     
  0.36933540400217130       -2.6501887707259599      -0.25606817526219450     
   7.0896602818318430E-002 -0.26912350128148788       -5.1161894698778819E-002
 -0.19170554431380288       -9.3802564509484154E-002 -0.19111768370465723     
  -2.9198259885998504E-002  -1.8272530745959505E-002 -0.10126457264795331     
  -6.2468834583767924E-002  0.24575553483778245        1.5671907754663834E-003
  0.10666002806231722      -0.43494757405956824       -8.5396862962757551E-003
 -0.81965803561713713       0.32012898453329891       -5.1498916822153816E-003
  -6.4893415971556762E-002  -2.7867760057277032E-002  -8.8964424596682024E-002
 -0.15159890544384264       0.11431799857328508       -7.3694631638167141E-002
 -0.35729793509232183       0.35705922086128405        1.3442982852378456     
  0.95599472562004129       -1.1989978840390820       -3.6490494018978374     
 -0.27835720062711750       0.12140222837120351       -3.4091830680400954E-002
   6.4728929331450261E-002  0.46541438709288890      -0.18415404353173373     
 -0.22545246983389036      -0.11886876865461958       -5.6281625682998764E-002
   7.3951690457845387E-002 -0.43681588798294402       -1.1961246720413632E-002
 -0.18318813272196224      -0.17538475805289416       -3.3335278161946327E-002
   12.268676642432576       -1.9055287916740444       -6.0138797417133603     
  -1.4398526914244067       -2.5934146486213661      -0.69745740408666212     
  -7.0245000524198090E-002   1.8776816310018445E-004  0.11768741187372704     
  -9.9016159703431958E-002   1.0391692520120221      -0.20211600885333639     
   3.1761534756850116      -0.49857118231051334        2.0679792298881767     
   1.9893037381306389       0.85287623209216334       -2.5807194555259323     
   1.7728957445448066        1.1743195989275670       -2.1044682627003022     
 -0.29422383346600223      -0.11148006602276314      -0.32685345283511813     
   2.1578065974828529        2.1639744982580291       -2.5272491402171644     
 -0.60808142534969500       -1.6832902858124339       0.12493068746180000     
  -7.9033405788295277E-002   4.8380845483160968E-002 -0.15407982420812272     
   6.2585092320119148E-002 -0.15127762564693051      -0.16136047799276240     
 -0.17071690919659971       0.20727288835817068      -0.12751766871538986     
 -0.10453718073763661        9.8776982888890384E-003 -0.59325446124977521     
  -7.9419587045290535E-002 -0.10829845953859032       -2.2846053428489690E-002
   3.2079632344290787        6.0707096600746698E-002   3.0311046848807961     
  -8.5683066291149954E-002  -2.4730944766636134E-002   4.7278077946885003E-002
 -0.11566196593508411      -0.64790084507223122      -0.14323634120210216     
 -0.11780457010726185       0.27319305745599887       0.64953072693093505     
  -1.1762361634598799        13.069223592074488        7.8254793582472475     
 -0.10935381245668985      -0.12135166934621380      -0.11214209615391205     
 -0.84860645814308300        4.0680042016277250E-002  -3.1850385243648125     
  -1.0465413932171119        2.4373066293506618       0.61192799958890143     
  -2.1140183510565742        1.1687391939890921        1.2244103365780470     
  -5.2274086196656567E-003  -6.8010385209788693E-002 -0.35449278575952325     
   8.4624735509378629E-003   6.5204268120940045E-002 -0.16306539127783987     
   2.6030980493481546E-002  -9.9645963918524760E-002 -0.19527699639637675     
  -5.0050024487701474       -3.1104894021270182       0.60389740323398922     
  -9.0899878280084223E-002  -8.0551086772171668E-002 -0.13172037088530889     
   8.1213411088213436E-002 -0.10917816538612073      -0.17955994224553462     
   3.8594112265156877       0.88189959969128051       -2.0769094539706972     
   3.7322989941085565       0.68734258034191087       -2.4586874401023628     
  0.14919669810211725       0.40648764939236814       0.21135846723025029     
 -0.19201267702743352       -4.2515481409027944E-002  -4.5940887960453924E-002
   2.9062801401325058       -3.6330061933471645       0.49562819046344753     
 -0.12800033256875024        5.6731366732908642E-002  -6.0651989939786384E-002
  -3.5492722696923478      -0.57768706602469089       -1.1173386066655495     
  -6.3404681051683717E-002  -5.0497778489454796E-002 -0.14726262222327538     
 -0.16885252570555295       -1.2912446203382164        6.5055902503118435E-002
  -1.0000094874464300       -2.0476455581045232       -1.9688296045584417     
 -0.18225408827678996      -0.17295201560174422       -5.5902646455652114E-002
  -2.1464423927129896       -2.3721030378704229        4.0562557473886383     
 -0.13203098510159589       0.31914882901853231      -0.17666399078085912     
 -0.46572820093191675       0.94602294901014783      -0.67753135665506636     
  -8.5038282685944599E-002 -0.14254979312190114      -0.12684776232023817     
 -0.24032522904024559      -0.21544979021414187      -0.11153045111344123     
  -3.1120024782033755      -0.37240889510333325        9.4387875083390971E-002
 -0.12938287712368632       -4.1228766203910416E-003   1.3684454951174353E-002
  -1.9044798514830925      -0.87219740040535076        3.2535117176638733     
 -0.41602149820152479       0.86080106136950252        1.2669000952175742     
  0.11198371551900405       0.70626101803872998      -0.27105704111906753     
   11.941033057447882        13.781867814818211        18.919917086063599     
  0.88397815848148753       -1.6116378911222118       -1.1401334616735703     
  -8.9645983082260558E-002 -0.21388692364107617      -0.33558472630488778     
  -1.4303478600072743E-002  0.24848038889096810       -9.4095275435978495E-002
   1.3043413884762827       -2.3512663978071915      -0.70703814028088841     
  0.35048606589104081      -0.78125953614613997      -0.16989782736755224     
 -0.19410280978406297        9.2542370756474743E-002 -0.26998360944928906     
   1.0515002292607547        4.1119865812954108       0.22362011908838997     
  -1.5832971201296215       0.15937814800176206        1.8850395859008524     
   1.6654767043509799       -3.6587461361335167        2.3274430436193452     
  -2.0949387834285247        2.6348912301616680       0.20617789091456340     
  -2.6532061236598875E-002 -0.12343056361367544       -8.1608142233285441E-002
 -0.62352618036138996       0.69674913968857366      -0.42145100144312458     
 -0.24145734920017822        3.7230022951556155E-002  -6.2598405695862544E-002
 -0.14481336533736883        1.1351516322576198E-003  -5.5737685304269362E-002
   7.6055360269967315E-002 -0.59937318784273308      -0.47790219316277427     
  -5.7432339303411184E-002  -8.6857769342488150E-002  -9.2503079587100939E-002
 -0.20047551985557424       -8.2912350692275760E-002  -5.4776942320197163E-002
   1.5759380606722293       0.52401017191568544       -1.9819730280032608     
   8.4107526042442801E-002   3.8405500150516729E-003 -0.17370141353980767     
 -0.60374445717592473        2.7531259319072707        1.8360737559392775     
 -0.26004012192399945       -3.6031149393779743E-002  -8.9487104448600058E-002
 -0.97286155661865992       -1.5558065060276562        3.4069927826576529E-002
  -3.3822997559686288       0.17555884451896528        2.8640892583600936     
   1.6741053221538654E-002  0.31338724538859192      -0.21735718890690564     
  0.29667472692380353      -0.51389654153616737      -0.21930810307659665     
 -0.27595290974087966      -0.30665349741645559       0.13881512763651710     
 -0.11347740864357538      -0.10435525985342078      -0.13406159673423115     
  -8.3785392693704261E-002  -4.6464666168100154E-002 -0.19763093539340165     
  0.69991211211146631       0.65542408313036482        2.1103882415413553     
   1.2684359993327876        3.3289521614857160       -1.3285112513187345     
 -0.17859722999223743       0.19682475213562972      -0.35081232647017008     
  0.36480073170012317       -1.7934979070857633      -0.39340983801039675     
 -0.15545323855586307        2.8208463703128732E-002  -7.2099187905424980E-002
 -0.14503645632769144       -2.1654675637611573E-002  -3.2284508895837748E-002
 -0.31890676638654247       -1.7391316020793488        2.2213067700201168     
  0.16856354083981998      -0.57654871585233469       -6.0592080146535179E-002
   2.8857787771647239      -0.55692560282450554        2.5290789367987303     
 -0.17435502622890914       -1.9424296483261383E-003   2.1059502713485960E-003
 -0.19674974939732767       -6.5965707316982661E-002 -0.25700071037227634     
 -0.25400240134132190       -2.0679608409028423        1.0422148008805767     
 -0.12393003709582509       0.15720904114151441      -0.15512043368101491     
 -0.10446585359402893       -5.4937032436198081E-002 -0.19549864723924254     
 -0.22226117534614548       0.17927737830705345        5.2272004063654953E-002
  0.56744277449504898        3.6968400171656324        2.6397802845395972     
 -0.10654469162858127       -3.8781898711735568E-002 -0.35663714197096624     
  0.45070307953044070        1.5713710579380182        1.3218947173591979E-002
  0.83730091751555713       -1.2351378094999288      -0.38085986253829779     
   3.5056448830221640        1.1285539100935180       -1.7058192771612846     
  0.89445501225059443        3.3588502248834406       -1.4550853126008503     
 -0.63051453556014891        5.1932083787886221       -3.7448361701414541     
  -9.0653683425458320E-002   7.1061096496981363E-002 -0.12037639463019213     
   2.2610469233072337        2.1265681012118129       -2.4601100453522431     
   7.9594493655691947E-002 -0.76276008240648863      -0.28251250165247183     
  -1.5894002301255536        2.4110607605707934        1.3218962197545803     
 -0.18729909822156013       0.17636571808711102      -0.76234197615190846     
 -0.29315715996387581        5.5526096481316976E-002 -0.36952839223871353     
 -0.37416266197510484       0.22449704212037944      -0.49957531381795983     
  -1.0965452304793759        1.9651919154793469        1.0315356811416814     
 -0.22826808100623378      -0.25648514763829416      -0.10921159947049396     
  -2.8803865702886289      -0.42932375631825681        1.9544664071909275     
 -0.10902111153831166        9.8449054512481551E-002 -0.11110821057404857     
 -0.10540829759143196       -3.4554446962114342E-002  -9.7008584545009768E-002
 -0.24236892224608350      -0.99714227034577352       -3.3687020559474532     
  -1.8342934033480420       0.42778430277558599       0.95180246906649613     
 -0.17936086452027641       0.17956201669121286       -5.7764357915640260E-002
  -8.5875260278712354E-002   2.9244850637739492E-002   6.7043156019538488E-002
 -0.33466266911100057      -0.26585589323544462      -0.40275141387755198     
  -1.1178348671719058        1.3478411601029008        2.2688325063107024     
 -0.22179212887569885      -0.20358140585323492       -5.7822351245614328E-002
  -3.8187788317963448E-002  0.12597925388234124       -8.0991129372604428E-002
  -6.7477437716253155E-002 -0.10234502422649787      -0.12760440372593973     
  -7.1035504700735663E-002   3.5165160978304986E-002 -0.23888642831944937     
   2.6178475517734876      -0.44240484858644141        1.4095453338430621     
 -0.19755530940177762        4.4360883851394445E-002 -0.13007425286223398     
   4.5435514021174177E-002  -1.2780147202554486E-002 -0.11123031142598722     
 -0.21154418233924044       0.53105726608592230       0.32186215461248757     
 -0.19644802324877450      -0.30930672208538224       -5.4583512464251867E-002
   1.0235701714583270        2.2783335882510913      -0.55944570944052641     
   2.0731796635371436       0.89053492408537327      -0.66765760035608379     
 -0.16412312602850210      -0.16651826310581244      -0.11774107723048888     
 -0.12676240578848980      -0.54069901043739532      -0.24047522488913045     
   1.5472090673991241       -2.2670516539065688       0.79418684886732305     
  -5.2692628907005483E-002 -0.14025282738494779        3.1292614190508825E-003
 -0.66141247307521545        1.4593115276950284       -4.1674967045387664E-003
 -0.57891435800137803        2.0196173392276218      -0.88414766623142838     
  0.57866508400398475        2.6382597372832968      -0.91420623500124532     
 -0.29997671310639107        4.2158599269875620E-003  -7.2406797373952309E-002
   2.1293943796813055       -1.0208434096720276        3.8418874008649668     
 -0.16000344329961255      -0.14919318255737918      -0.13776800683103527     
   1.5261545358602515E-002 -0.14579217491003227      -0.17147232238876353     
  -5.6270912881469709E-002 -0.14817989934771070      -0.12360218466671077     
   6.2884552834970728       0.15452223999264367        2.1566752176734223     
 -0.11569144253257274      -0.35205187153862916       -7.0803518701121892E-002
 -0.13568445047172140      -0.24240824235267031      -0.15265715936089008     
   7.9623487916529831E-002  -4.3943508603815101E-002 -0.10148288338812186     
  -3.9221296208726351E-002 -0.16251541246245627      -0.32720201753571204     
  0.58168502496030994       -2.7410757496853311      -0.51088079982705603     
   1.2808272879716170E-002   4.3854979825709420E-002 -0.19112704380306531     
 -0.14195211189307855      -0.26391604665594648       -5.5791255801490802E-002
 -0.20453631766393532       -8.5532237368421873E-002  0.11049744432781357     
  0.25605653638279857       0.56145715151357312       0.26276593872754067     
  -2.1944864269102551E-002   4.0116782506676781E-002   1.5120711319734628E-002
 -0.14811913691265596       -4.5359050478935792E-002 -0.12516299208814638     
  -2.2761688667113340       0.55955524092243891       0.50726175785717553     
  -5.0650337808783918E-002 -0.11845566837291251        8.6572713020919484E-002
   3.0013318270215756       -1.6709866891753709       -3.9875317249872912     
  -1.3363465006367143       -2.2290904376582599E-002   1.4175572382144561     
 -0.50153637485599400      -0.35374950339887734       0.14916956552570745     
 -0.19820113171651063        6.5490179183416403E-002 -0.13984603563283371     
 -0.36861268420291449        1.0090695600537571       0.77966971511104433     
   1.3840640276264862        3.2747711082388631       0.60248634430171977     
   5.7031591829112133E-002   9.7996298235488000E-002 -0.30271495715615543     
  -1.0602998152174548        2.7117142613697318        1.2212007293619520     
  -6.4355069330319203E-002  0.16570376741200579      -0.10002513558804008     
   6.2907957000834361E-002  0.19560505185969260       -6.4394848268321120E-002
 -0.29725588981750334      -0.29436803599490907        7.5107586838225248E-003
  0.36797197256125463      -0.46915779246379169      -0.23084818024942588     
  0.27225181548563243       0.17270121686751716       0.77355446794040650     
  -9.5149263069900791E-002  -1.0828217134488383      -0.12826564947682881     
  -1.6346055369097940       0.45872218525130948        1.0024553132300358     
  -1.1318368341801867E-002 -0.19052251493209674      -0.18072877849234203     
 -0.15482528867776715      -0.45820487046420533       0.10709487073329302     
  -2.1222606180075361        1.2454296881335691       -1.9888928460407915     
   1.3370476036889196        2.7536038097192850      -0.53525333692228150     
 -0.39941422789275199       0.73940332773545558       0.15497917921217283     
   1.6652972972743250       -1.6343299158080966       -1.1127271900737541     
  -1.2887854872938405E-003 -0.24158452488918014      -0.40417577973814822     
   2.5427263547657817       0.12844575715445877        1.8341551175786124     
 -0.14098080238586899       -7.5513449294633828E-002  -1.9705201487733241E-002
  0.18746628927167905      -0.15295963051863551        1.9503998061239840     
 -0.10532325985993959       -2.2592428390818386E-002  -8.0719623971687485E-002
 -0.32404670691611848       -4.3808560736807669        3.7482850332192141     
 -0.27696546933675203      -0.56058785079444962      -0.24148803795433454     
  -1.8224470446305441      -0.40125971891727608        1.9807110000031334     
  -2.0058152809507068      -0.28314084835339509       -1.6707458738166701     
 -0.66652859945141907        2.3737987765480608        1.5814396395793624     
  0.65250144118375752        3.3369199563577530       0.13853309852690829     
 -0.15430567843160270      -0.20180148443651291      -0.14543696020021427     
   4.4455425840652062E-002 -0.10462816183420101      -0.13940364362578375     
 -0.36125829863843356       0.89590523401754885      -0.23184460346089533     
  -6.5757328805442661E-002 -0.32350001287245195       0.63387366050873051     
  0.17651518017568471        3.7461703125776583E-002  -8.1176159800380052E-002
  -4.3606039300148974E-002 -0.22010214259831654      -0.17439991575052599     
  0.83158015522464213        3.7255525561430716       -1.3691500251109965     
   2.2425646069915244E-002  -6.1846477057257952E-002   5.0537547460511680E-002
  -1.3453559683557255       -2.7093128132559912       0.80727059675786861     
  -1.5906621924068272        3.7401179459875152E-003  0.14704680236873144     
  -2.6885646063855324       0.87655504394945349      -0.93530490224876384     
  0.31852056543047930      -0.26435369526921437      -0.56770724158896857     
 -0.15836585478591234       0.11281803936559431      -0.16519092518307874     
  -1.5032287744074995        2.4374064899674019        2.1341719916539068     
  0.31730886670965597       -1.8527181037351934      -0.33006840711583446     
   3.3790421027431655E-002  0.12011797908319745       -7.0038322650899251E-002
  -5.7092615010303237E-002 -0.17443269192018557       -2.7745348498299328E-002
  -2.7259146105155767      -0.52917014816081398        2.0507917336358128     
 -0.14275394997690358      -0.22392905000306113       -5.6394544970417362E-003
 -0.15182089585302305       -8.1838056116165028E-002   8.3042335092449980E-003
  0.33925437702196887        2.0126682854993323       -1.3527639540742880     
  0.20388836555778664       0.13321273661405381      -0.23523270380032393     
 -0.70326348602721411      -0.32980637239895544       -1.4456780350779532     
  -1.1812482288527544       0.36921496116945496        4.4563346337237588     
 -0.14159326743605846       0.11034956802662416      -0.11467077863076938     
  -1.4795847137596718      -0.38682692901075966       0.22517597164778960     
 -0.18514446043803118       0.24323157838691248       -4.1724647567182103E-002
 -0.29920668963422231        2.5607332070997343E-002 -0.14296185543533307     
 -0.24902619045177446       -5.0679480981078467E-002 -0.19655226903297823     
  0.75818651773318291       0.43920312118536886       0.29079762927734387     
 -0.23519263965336068       0.22110375398954449       -7.0079295784901088E-002
  0.56002408891397903        2.8757260601078505       -1.5393762401022135     
 -0.13082968798347516       0.33733133955727224      -0.32566538697295666     
 -0.28475231209217827       0.15635658868869989       -4.0352178103743003E-002
  0.68008841950987153      -0.39484197769103840      -0.37321031422713175     
  -1.0538312044982913E-002   1.0750808994924992E-002  0.19104963115782836     
  -7.7582664506450183E-002  0.12421213190018096      -0.21668077603197536     
   2.3330928494697634E-002  0.24170184545735132       -6.9812731241490761E-002
  -3.8973683485611747E-002   4.0457923976499471E-002 -0.32956033167126325     
   1.5973309500455748        3.3314316284683296       0.90400007750394673     
 -0.14993613529792182       -2.5215607170640378E-002  -3.4309087147899479E-002
  -9.1769350877956873E-002 -0.26413972957444304       0.14613772754826793     
 -0.12908479103202417      -0.14031482526182462       -8.1901368748684325E-002
  -2.2420912096370045      -0.63859195518557377        3.1047941635324809     
   2.7465144192371960        4.3120540620754477      -0.74302240402145225     
  -1.1848367071866782E-002  0.62490026113730701      -0.27772620439501872     
 -0.31663219517861951      -0.25589895377080091       0.66572175447177107     
  0.48022018355707619        1.0894042101639387      -0.22908323213337392     
  -2.8507115756793828        6.8151229561718090        3.0863005948835438     
   3.2290973491150503E-002  0.23103369600414062       -3.5189895143676792E-002
  -5.2525197722281577E-002  -7.1153811917883975E-002 -0.26055588100762000     
  -6.2839622472385101E-002 -0.12517854872054712      -0.15391451209030854     
  -2.2273409306861045       0.48632400661532382        1.6244696945884640     
 -0.25406344232054529        7.4525018026886936E-002  -7.3322242319066311E-002
 -0.17661544820883687      -0.11580439579926238       -6.3477121667968789E-002
 -0.16135458943263148        3.2731752749974183E-002 -0.15911964019365091     
  -1.8395394655515752E-002  0.15687100976757068      -0.26512180929908624     
 -0.16809174335790764       -7.4682400002196891E-002 -0.70168751948093278     
 -0.24261455803142795        8.6449473987532915E-002  -2.7729460173718242E-002
  0.68868905173207595       0.17573641850227248        2.0918844015514746     
 -0.12524124325651279      -0.13564982759098282       -8.4240201629952424E-002
   1.0048666696947202        5.4737601152710065        17.921203317378847     
 -0.10898721843479665       -1.7322557501780411E-002  -7.8051441375187297E-002
 -0.21889337255935526        3.0600316599292486E-002  0.19196517415841208     
 -0.33684394318862643       0.17716669485489400       -5.1817658883861722E-002
  -5.6750743254781348E-002 -0.54942887132246598       0.22982778365757897     
   9.3371546496894817E-002   4.5413001856501628E-002 -0.14259676409960861     
   4.9031217125257127        3.3949752645058693       -4.1466588014138317     
  -1.9606930684159101       0.16507661452177194        1.1346374131770545     
  0.50242854637797296        1.9553390389248326       -1.1603485732363306     
 -0.62293039408351625       -2.8126802337344872       0.38990478461500355     
 -0.26563786702414233        1.4118141739275881E-002 -0.13714780028847401     
 -0.22054901253283501       0.61894172879255327      -0.38934257254617005     
  -8.8854745473956692E-002  -5.9977913121180295        3.2693691648920189     
  -2.7448404716361518E-002  -7.6408660507133311E-002 -0.25677838230284045     
 -0.48419129100029196      -0.45287607610803715       -9.7189545428242180E-002
 -0.12270740235444111       -7.5546809763751444E-002  -6.9951435306405629E-002
  -4.1248683796829084        6.2955596510611613       -6.5186776821204351     
  -9.5341686884947915E-002 -0.10249766075262150      -0.17915219699735938     
  0.14259987027181678       0.74588805763761057        7.6762996859828236E-002
   1.6730242679999685        1.0970295896901672       -1.2480968512243107     
   1.8958802248201921E-002   8.8932983243374966E-002 -0.24055341256717488     
  -9.0528145058987652E-002  -1.2461927024672878E-002 -0.15581477189032081     
 -0.20531177989765351      -0.23686258414667219       -5.1035204179223873E-002
  -1.4099005725256235      -0.96424818981458382       -1.9566575954292067     
   1.1444524719438367      -0.54583739168275813       0.26992804965283507     
   3.7359977979095414E-003  -1.4131920007025205       -1.0407424570209056     
  -9.1741986860620628E-003   4.8302174230820401E-002 -0.22440896016360390     
   1.9571801464227767E-002  -3.8856066275069996E-002  -3.1511137180443169E-002
  -1.1154244927746863E-002 -0.17085628378007808       -4.7163304260241956E-002
 -0.35632122243158854      -0.28455832427996552       -6.2508647001056610E-003
   1.4040761038075191E-002  0.29859644426914478       0.24307407518906443     
  0.87921818156030496        1.8566289484937932       -1.4270531874741101     
 -0.51551290179539455       -3.5348418729632876      -0.29820231316501217     
   9.7677170933616733E-002   3.4217812887128843E-002  -8.6633081783195703E-002
   3.3905019101967722      -0.63336919562777583       -1.4908340293130260     
   2.8301265010406356       -1.0252940132970338       -1.4515387993185918     
 -0.15267546358298706        6.4231104452289509E-002 -0.23671563760477390     
   5.1538047842063257       -3.8075673311775984       0.50551998268019982     
  -9.8428518063544190E-002 -0.12390269788751625       -7.0058880676256360E-002
  0.86091210041132404       -12.885173277005523       -19.058695299634760     
  0.14795198073319885        7.1271082496024138E-002 -0.15255413283736288     
 -0.36046167095028747       -4.3826016696252058E-003   3.0320888413342576E-002
  -1.5931743381126586        1.6846656988268158       0.83281701491046356     
   3.2981506330612209       -6.2640250192635811       -2.4599914205197737     
  -5.9074936499929525       -1.3390570992479414       -4.0561093659904452     
 -0.78539877494749777        4.5655518390044270        4.2894403125594653     
  -5.0990487253435475E-002 -0.14409923372221800      -0.12507220179768982     
  0.58494929496846193      -0.34043422835707099      -0.31687159901164508     
   2.2121985888716100      -0.81494900090222211       -1.1402299055442118     
  -2.3332057516362030        1.5996695688728173       -8.3606585891286009     
   2.0025399107721591      -0.59083233640858579       0.89416019034921701     
  -4.3626679784170133E-002  -2.6303457313662230E-002 -0.16995929531069728     
 -0.21709834627174593        4.7840688297710859E-003 -0.11151388796921395     
  -1.8195287295901712       0.85353109547848816      -0.40910654587012074     
  -4.7096381240535352E-003 -0.15555333703576929      -0.33316207777784657     
 -0.12042456598528938      -0.15580633877296152      -0.15469787218035608     
 -0.38308285116388230      -0.11131751980360936      -0.14958114437634251     
 -0.25068629727559377        6.1429758545482223E-002 -0.25902090378887815     
 -0.16871480494013785       -1.3610955877938966E-002  -7.3636772183209048E-002
  0.75779076591857042        2.2683143545424165       -2.0705784854414695     
   2.3805371563775655      -0.29476911340691775      -0.34295114231645812     
  -2.8447866050770451E-003  -1.7511171463909987       -3.7275102047017810     
   4.2675034990333240E-002   4.8210644285195964E-003 -0.15299190233980020     
  -1.6811986928599643      -0.22254964150933909       0.51205049987249707     
   1.6348006074419896        1.6310385724080567       0.93639188079660818     
   1.2500084723536800        1.1046466845870457      -0.16885627551385615     
 -0.11124750926191844       -4.7800885975173204E-003 -0.13638378521718814     
 -0.16299799123637279        2.0045722900888180E-003 -0.13817743937165697     
   5.8713679304615830E-002 -0.34625900804657278      -0.33728120033780834     
   1.0459002495990282        1.7652093469044374        2.2359010187957349     
  -2.2457214973254791       -1.5136281352643119        3.7174225145092938     
 -0.14099497791301882      -0.61456899316862956        6.6381581724704181E-002
  -2.2504078894023003        1.8326049618761304       -1.2277133655542907     
 -0.11927928470520248      -0.34287583357969792      -0.19364563584843786     
  -4.0194934090969552      -0.99057386380803980       -1.4926248066982304     
   1.2704604508271440E-002 -0.12224606380608216      -0.14821389818437949     
   3.2912712042308687       -2.0492445965534154       -1.3745415545618127     
   1.4232009625104654E-002  -8.2991410863637316E-002   4.6528636647328314E-002
 -0.28768976472041025      -0.10635420879617728       -9.0159886540861656E-002
   2.8361354998462764       -1.0716796979371392       -1.5195150438189120     
  0.13017912895369935        1.9002711755649457       0.24741902742196234     
  -5.5370434342342789E-002  -4.9416863159659756E-002  -1.7056853938039428E-002
  0.82739682699433204       -2.7816199432028741        1.5495265649677616     
   2.2832965870171531       -1.5506171839572724       -1.7813118531253198     
 -0.13831922965892929        7.6144371673185097E-003 -0.12311959699187135     
 -0.44785183170186171       -1.9336298623127250      -0.72762434825155498     
 -0.24406092386487616        1.0762895680665531E-002 -0.15459456077218486     
  -1.9957357604994765        2.0304999390645975       -4.4296238157756571     
  -6.7193331450370333E-002   1.9169209459805603E-002  -2.0728812988514814E-002
   1.3961781689181319E-002   3.8085246152574979E-003 -0.29265200517758266     
 -0.18750525528251322       -1.4448424270252374E-002 -0.18839613550293066     
 -0.29990031750847568       0.51446115931870195      -0.24548395744731422     
  -7.5370811049958277        1.3273310209872142        21.698191081015924     
  -2.1590772130875111        2.3832984607601331       -1.0117110501477600     
   3.3021150512037641E-002  -2.2182243537874631E-002  -5.5726259787913679E-002
   3.2789466308407071       0.56914618457228461        5.2177862598434732     
  0.12336880298698452       0.28440950648804064      -0.44991484671012982     
  -5.6228609169541977E-002  -6.1934153947700216E-002 -0.20149818628860239     
 -0.14332136431073284      -0.11266113101264347      -0.18891690565898211     
   8.8015640411739177E-002 -0.16722532668033779      -0.19086655123678184     
 -0.85899919270755454      -0.17244505846706482        1.1931970122093849     
 -0.25293292115639354      -0.51830187948993967      -0.21873780472641954     
  -4.1762839467001651        3.6395356901800628       -5.5224816337350875     
  0.82781343843558386       -1.0773257922757731       -1.4653329328947200     
 -0.19400716874871665      -0.12342438042028771      -0.19532963619839433     
 -0.17501214522902828      -0.35633461205895123        2.7455085108414726E-002
  -1.0770588214725513E-002 -0.23153332188017212       -8.5179342292035665E-002
 -0.62674096530890733      -0.39876795260118714      -0.60616976700996894     
   9.4932197497799541E-003   1.0177947492435838E-002 -0.34404743309937130     
 -0.35374469795150715       0.30210156865771248       0.21600053322516022     
  -7.3310006095166306E-003  -3.9496009255897850E-002   5.1246543751375148E-002
 -0.22788282430345239      -0.11022313153379834       0.15407947336972636     
   2.5261587565568219E-002  0.64659653930631089      -0.36793755326266658     
 -0.11346368855745161        7.0498814683594615E-003  -6.7781297610648647E-002
 -0.11212322853637881       0.12835986508238051      -0.28491613546143590     
  -8.8572624388156718E-002  0.22362574988462960      -0.13459033145410129     
 -0.19992971320967029       -7.2195733844158616E-002 -0.11920532873717633     
 -0.41595034603943309       -2.3754867210378992        1.0035273565164859     
 -0.14081526562770591        9.7984023163321610E-002  -9.7203359394662417E-002
  -1.1564132522620856       -2.2934633573085811E-002  0.50541220763211059     
  0.66152187994378597       -1.9506920247343680       -1.5319708219602184     
 -0.24485696174901284       0.19084913951488289       -9.1859798212873489E-002
   1.6931440412677492       -4.4461878419963874      -0.36953107717175510     
  -1.9165955321101362       -1.2772975587202020       0.14906471083445344     
 -0.14976718733178210       -7.7834355899667529E-002  -5.7207403684553536E-002
 -0.15842106396695768      -0.20804547418941047      -0.16410975725368004     
 -0.30202300507614621       0.17056246880568138       -8.8008989294077369E-002
 -0.16630575833377217      -0.54054911190949995      -0.27624958902895586     
  -3.0116084240845260        1.8460927132249942        1.5004740107389549     
   2.5951433570261866       0.66620295921392947       -2.2415541164623636     
  0.22819780116197425        3.4252068207974933        2.1124790129439615     
  -9.9538606887307632E-002   9.8301815735087006E-002 -0.27601678736705682     
  -9.6321908890012214E-002 -0.16132518029192050      -0.25409534960368069     
 -0.22424682878553764        2.4398034722732460E-002   1.8250773150081792E-002
 -0.18303157277488655       -7.4716571124751663E-002 -0.21686995686961033     
 -0.16236690240817825       -7.9509073747688286E-002   3.6680207743563259E-002
  0.22929648791923296        1.2243509747395620       -1.3153634329034152     
  -3.2212284984314858       -1.2418369608551887      -0.79463602033742720     
  -1.2033308018780033       0.12005734672547548       0.99664199164257372     
  -1.9422914486200097E-002  -7.7122306628071333E-002   9.6658016093911212E-002
  -5.4565294134964165E-002 -0.23591558507393978       -2.4354101902399658E-002
 -0.35758557720861472       0.91419580259148936        3.4384725132968461E-002
 -0.18417836972292512      -0.20389228097001813        7.7702949753212461E-003
   1.9752544164578016       -9.2002905913116617        2.7165746586950159     
  -1.4787575348855198       -1.5868434006660124        1.3255096199574761     
   1.2752194782250721       -3.1522139667435680       -1.9058265249766320     
  0.66609086063737011       -2.3342289200759810E-002  -6.5669084424815699E-002
  -2.5484603892231346E-002 -0.10526783896661798       -6.8276780601558784E-002
  -4.2390677407158205E-002  -5.3923173935373995E-004 -0.16955031126346845     
  -4.5004445721848363       -2.1762700062560443       -3.4368782628487002     
  -4.3336177748816720E-002   6.7025977901731773E-002   8.4932773528574312E-002
   3.1353510713429107       -1.1978983525382607        2.9579857594984253     
 -0.15445216095381101       0.14239220152716994      -0.22046344768344778     
   1.4487440732554806        1.3409357218239124       -2.4532409604441048     
   9.5469369855347666E-002  0.35997202949244939        1.5833912965374803E-002
 -0.60235118693214884       0.17326845651456654       0.24233888404448536     
 -0.21402567971303921       -1.2350748083977612        1.1972707736661141     
   1.6690494695970781      -0.62164674977894263      -0.39116466515720499     
  -2.5496545654100831       0.98533329990215190       -1.8508680598464702     
  -3.3515514631787888        5.9702312920567548       -2.9388318708672689     
 -0.10965589776429366        2.4617231095511026E-002  -9.2878176562101455E-003
   2.7525630668041834        3.7776031967832084        3.9246163983194187     
  -7.1678332527861086E-002  -3.6666523959519470E-002 -0.22538112259070653     
  -3.2878153776081057E-003   1.9262961608931341E-002 -0.19360327970755131     
 -0.17474273647110170        6.9909918110308639E-002   3.6651285421899632E-003
   1.0018171246234675        6.8113718755158079E-002 -0.21626897221002725     
   6.1547100757384385E-002  0.26450538710206234        1.3768179897918422     
  -8.7830113280672764E-002  -2.8500635579681952E-002  -3.0345848314188562E-002
 -0.54107244447051628       0.44834083380009115      -0.34082989775424433     
 -0.22785289961188054      -0.14442009549020932      -0.11433146371847695     
 -0.30240206354522670       0.63564057463538548      -0.17003813626121694     
 -0.17312780875583925       0.10156152741760852       -8.8229870996720014E-002
  -1.7227467536684228E-002  -5.3159654041197907E-002  -6.4011128074526386E-002
  -1.3230257084505728       0.49886391208951419       -1.5352704430444137     
  -9.5186281879716325E-002  -2.7762353879790050E-002  -8.8596954776794495E-002
  0.89712177138739702       -1.3778243983957339       0.56183791619595658     
  0.33514449242436944        1.6230053684709183        3.3609360636350365     
 -0.13069448024252592        1.0208683849549964       0.24306027870027977     
  -1.8263838400294541      -0.35997517678793389        2.0279781867758637     
   3.8462300844391430E-002 -0.13823679027610772       -5.7038118235460851E-003
   1.4300172299882981       -1.4645657556167710        2.0312862192126730     
   2.3690059950766131       -3.8653798696409969       0.74516858267972508     
 -0.31742212182433083       -20.448363881245164      -0.87762664954464953     
 -0.25320195984955196       -9.2043900810201543E-002 -0.14248144395700293     
  -9.9368279523578990E-002  -3.5325826356769043E-002 -0.15481790796531417     
 -0.16223853327939136       0.14724486118116839      -0.10741587206928351     
  0.22143574879520625      -0.17604963146146488      -0.16703569193181189     
 -0.18335414750517925      -0.27310063640023896      -0.16156483217581596     
  0.10272909631443759       -3.0990772215806407E-002 -0.12429749871733398     
 -0.54662569709507924      -0.62669106586078960       0.23082678224977138     
   2.3520455914961924       -3.8888769182097462      -0.51783272154938143     
  0.21893324566413611      -0.36444715470185046      -0.24400582857494699     
  0.86608881172391805        1.3168253366692984       -1.2115655304216435     
  0.68749864002738292       0.78845502789901700      -0.61633896747427330     
   2.4662829058386357      -0.82454695385086663        3.2736451004854348     
 -0.35214588857955775      -0.80207597783100926        1.8046666478801369E-002
  -1.3185234884781150        1.2117892996602213       0.93726313656544180     
   1.0909327738618237       -2.2324691272873713      -0.73986806349259460     
 -0.18159431793415956      -0.11830008720472698      -0.13091455520960657     
 -0.29543197627427242       0.11083459629274356      -0.33757110939909674     
 -0.11070813969384774      -0.24509722400343928      -0.14716987131355000     
  -2.5505321944201609        1.7816627385807919        1.2903936567150178     
   1.4734455657641652        1.2821622804957482       -1.2289808741371759     
   2.3339730650564885      -0.50718812063121166        1.4583842919167262     
 -0.20233736263827518        4.8652182855334000E-002 -0.13487534484978428     
  0.12787728775744697       -4.2320133964781535E-002  -5.2453516814856514E-002
 -0.14577399517811121      -0.10048777191783603      -0.24824776491204015     
  0.16395332334198795        1.9743670008431784      -0.84580753844929368     
  -4.8670616098133272E-002   4.7839699542014121E-002 -0.11067075137908451     
 -0.27295999628206163        1.8345510225785107        2.7215986040104263     
 -0.20292813759824199      -0.15283697024102302       0.11119003886297238     
   1.7488062865603060E-002 -0.15331892338588332      -0.19396884753077293     
 -0.12484185405146754      -0.27718479372538729       -2.8499631162625719E-002
  -1.3264452558563056       -1.4233940187138931       0.29406688779596735     
  0.18557743168353114        2.5916118936943240E-002 -0.62434240074376024     
 -0.73187917887293585      -0.27556714303316765      -0.64873651645871222     
   2.6805876059090061       -1.3623610415527219      -0.72812438341360808     
   5.8272237936266735E-002 -0.17636120899907787      -0.85736099349915385     
   8.4209622080070462E-002 -0.14174327221839139      -0.23214511614648217     
 -0.20129051737509299      -0.17714145220452898      -0.18645763859762937     
  -1.2995454730709705E-002  -3.8172128758732687E-002  -9.5286028917782206E-002
 -0.28954312638895818       -5.9193975794803656E-002   1.3547570903184612E-002
   4.4206764320018646E-002   1.8380903329157132      -0.98418779103810772     
  -9.8414020236848046E-002 -0.24431228406198685      -0.19101152903525387     
  0.94430311318332283        2.1359598242081494        1.0105956465263768     
  -2.3121647098028926      -0.51390478818917340       0.22637358415537867     
   3.5209947752242021      -0.27936258504063088        2.1721084620495561     
  -2.6547906120104908E-002   2.1300674426639458E-002 -0.17877460847090437     
 -0.57058102875342454        3.7137055803688428        2.8530815405110617     
 -0.33711444265611357       -7.4796601015951758E-002  -8.2548780235171086E-003
  0.79189476478527121      -0.75014943013657365        3.7361147444251479     
 -0.13856750866124132      -0.27182178991671463       -3.9899022673502808E-003
  0.94068012724532690        2.2479385414816679       0.49839326821051400     
   2.7110026644075922       0.12811769445449808        2.7950458456282292     
   2.1347406644970688        1.3721167152836657      -0.45089524786010410     
 -0.26346852779358415      -0.16518886877885874       -4.2964923973768609E-002
  0.82453955589761674       -1.2137982833536274      -0.32608064034418260     
  -1.8629877736884048      -0.18251649405345780        1.6237858610220721     
  -2.1586802623458095       0.56974265503855870        3.3747350333349555     
   1.4776249561823154        1.7593020434576978       -1.5748588102928585     
   1.7279830281821269       0.82784311233665486       -2.0265722768480936     
  0.20774711854217820      -0.14063214086948056      -0.14674866267639372     
   2.6124558335844128       -2.1257200182233409        1.9521579876028716     
  -3.9021787201226261       -2.3122566560801028       -4.6286766645686122     
   1.0919890616791155      -0.52491913915844601        1.3353972068148021     
   2.2224728126871320       -3.2065297139900382E-002   8.8050580479467477     
  -7.8281974733371493E-002   8.3821765310888502E-002 -0.20424416101717852     
 -0.21951880414066050       0.12409170042312087      -0.26977709506646108     
  0.66360875098475369       -2.4758759860231123       -2.8183549804336527     
   2.1025367787462675E-002 -0.10072396736281242      -0.25428229300079447     
 -0.41894928295350270       -1.9616730282184887       0.40307464241122776     
 -0.17425746932945158       0.19387581238075621       -2.2283655286712827E-002
  0.29290622487609885        3.3686490521955057       -1.7183389466163290     
 -0.20888712530547526      -0.25807166051229563       -7.2359019816917461E-002
 -0.18228597724620146       -3.2963302124939956E-003 -0.16992127347214814     
 -0.12251068047242263        9.4296305131690988E-002  -1.1249493196290667E-002
  -6.9929924757826153E-002   1.0834414851903225E-003 -0.10341310208553491     
   9.1452669938129838E-002  0.22660007267168494      -0.18410462238991451     
   2.1006451652747817E-002 -0.16296832601435732        5.2359981726808655E-002
 -0.18542033671286279       -2.0931299798823275       -1.0514980513235306     
  -2.0653440000935985        1.1996209182752933        1.2559846682082354     
  -1.3277412038660741        3.7306489298927610       -1.0799530836681903     
  -6.6011177264136633E-002  0.13077764245552517        6.6206385543567225E-002
 -0.37472165338383445       -5.6345973659432474E-002  -5.8919330962660700E-002
  -1.4281544863472393       -2.0622198017696740        1.6023674676133000     
  0.13246612771262190        5.4100590386946763E-002 -0.24951341433610819     
 -0.13063830793460457       -9.3084187847216102E-002   6.7184481067269874E-002
 -0.73262708108966146        1.0767649898613969        2.2046967041921577     
   8.4150854280694298E-002 -0.50228883389900170      -0.12308645947330399     
  -9.4257741966086717E-002   3.2544768424609932E-002 -0.14475670405298108     
   1.4605768200085201       0.38575848651029254      -0.76428990383995887     
 -0.24775510837204473        4.9647412392230500E-002 -0.15681846553440401     
  -1.6156985253304359       0.16129620934900823        2.0304715821890680     
 -0.31226214151187398       0.51978490523875209      -0.29248203068735984     
  0.16552638498981645       -1.3902085196478793      -0.21457692891459140     
  -8.7597506354972932E-002  -6.9174910564317502E-002  -3.6525727799634387E-002
   2.6249568876482647        19.069819163027887       -7.9993780356942059     
  0.79447616050839476      -0.47143966504642837      -0.77483064582378225     
  -1.5320307202284269      -0.27835829107793791        1.2603420252985311     
  -8.4304000457588610E-002   3.4115238848960797E-002  -1.8702757997350987E-002
  -2.5560399913925536       0.71783050188336583       -1.5100004472033586     
  0.54092268698870483        1.6182843525420394       -1.2673201016738151     
   8.9609169912406195E-002  -3.6252181577100848       0.22901782598934445     
  -2.2207703722917551       0.28200983921567235       0.56013617106685742     
 -0.21428237194032279      -0.12446424137479706      -0.13320397274610016     
  0.18689318818648706       -2.2301699641003117       0.64796557016849143     
  0.61587461702648272       -3.6622885811729806      -0.10021854500082626     
   1.7789949783083427        1.7883705501853291       -3.0612944912230153     
 -0.23217346434774791        9.9024713327008310E-002 -0.18498132683617294     
   3.0722037139983262E-002   5.9544328317672333E-002 -0.10213475820674627     
 -0.16505554334865119       -9.4013375748299405E-002 -0.25405875974362763     
 -0.35965240516228197      -0.83171284624526631       -8.4290793721172277E-002
  -3.5526305032216223       -1.5773619788250395       -1.8301127394151873     
   1.9061638050986645        4.4593684019851985       -2.3932691075650490     
  0.14836427960900311       -6.5287666994027146E-003 -0.16508490364455969     
 -0.45618141399038381      -0.25461912622088612       0.23493861538570951     
  -1.2564577412548212       0.14577937874325786        1.3281907192129203     
  0.54032946342806143      -0.67114029501824091       0.52886391227469431     
  0.17598322737643113      -0.19236824942658390      -0.38546073950240323     
   3.3484010100270640      -0.33076530476816141        4.4824982161286062     
 -0.19501432901009380       0.26337037028353061       0.11408381493943007     
   1.5958694256199988       -1.8531444229199197        1.7104682883243054     
 -0.14855484120952525       -2.5335575951849786E-002   4.5955502180560111E-002
  -2.3222726359735941       0.56230550232902132       -1.0136333744309256     
  -2.1802202760537592       -2.2196589585129383        3.1995142171508215     
 -0.11596977209434019       -4.4620841433384096E-003  -7.8119701854412207E-002
  -9.7697454603124623E-002  0.74014551067612777      -0.24527038803761186     
  0.63599620113703637        1.2263135596540136      -0.51469249977095299     
 -0.76294010263030876       -1.3503361493428991        1.8307773249208026     
 -0.18756414143147990       -9.7486931667689958E-002   2.8955282074413259E-003
  -2.7271028531723616E-002 -0.17080804645455111      -0.19007189431105154     
 -0.24193338060375974      -0.12351916052435524       -7.6280828128690345E-002
   2.2935079028062395       -3.3188024758392207       -9.2521845785495840E-002
  -7.6428892310862778E-002 -0.44591491615806228       0.34625631138171387     
 -0.10850735917936453       0.20080006056492422        5.2148123034980086E-002
 -0.24733061665636680        6.3921848060603761E-002  -7.0505034556183788E-002
  -6.3818292928846929E-002 -0.12021238095183401      -0.25504410090964147     
 -0.11336938034611922       -6.1352222624503294E-002   2.7561312610434579E-002
   2.2617988630494770       -1.0709559140444154       -1.0020159890120297     
  0.44066602171285341       -2.7781080729101850       0.31858643941468601     
 -0.67452560310493748       0.13936388253712773      -0.24909619538033767     
  -2.5484208488450903        8.6482370256727403       -3.6777678081590817     
 -0.99702842027271821       0.71607777957261687        1.1552190885860318     
   1.9397043548759856E-002 -0.20659952275731486      -0.33921125310624872     
 -0.24369684831827915       -3.2681270836427051E-002  -8.2825638660552869E-002
 -0.13699219615897795        2.9122426513493596E-003  -5.2663067461636865E-003
 -0.31124747620130999      -0.29020197474519061       0.15925432726513322     
 -0.56541975265912481        3.0144084903251831       0.84626466348221507     
   2.5866379504481254E-002  0.22598632100944155       -2.5505990619769910E-003
 -0.21126001179445708      -0.24825376789119827       -4.2560283702745061E-002
  -9.4328068858499106E-002  -4.5307228481707096E-002  -7.2687369286810197E-003
  -1.2858086777222382       -1.1715111625330812      -0.95585259070774720     
  0.31272334749975406       -3.2533984073389441      -0.42598248954196138     
   1.8535859122980711       -2.7463711567662097        6.4855128947416834     
   2.4832786010360803       -2.7202981461153541       -1.0700860018442748     
 -0.46194527249392608      -0.52058294764007151      -0.40115276153413038     
  0.10842962876382518        1.4413531138819584       -2.3731373725149094     
  -1.7318768932105633      -0.11151135976408461        1.2249539832546834     
  0.24814158751177764       -2.7824957793632477        1.6669502396900928     
   1.2806589372958781        2.3237199504777881      -0.42888628669586426     
  -7.1056391749074174E-002  0.13376369259665075      -0.10229668110598107     
  -1.1851829614535627       0.94946029413841471      -0.17702745372228335     
   1.3350065703533909       -1.5894946888656474        3.5622813726635201     
  -5.9435955187685949E-002  -2.0069787859732544E-002 -0.12890360499180076     
  -9.8035435950239808E-002 -0.11885726859514478        1.2401364105723900E-002
 -0.22051019009291176       -8.9361738007242703E-002   6.9891586265702688E-002
   1.1360824753715918E-002   2.3687104295216043E-002   8.8438644051768225E-002
 -0.50030488883251689      -0.30903316826965854       0.15370171562359913     
 -0.21513585561052539        7.8049761738028661E-002   3.8037306853896391E-002
 -0.45211473656664120        8.3927753249747536E-002 -0.37864360775279809     
 -0.61102456005639516      -0.21255297988347929        1.4531278720387593E-002
  0.51834390830770771       -5.7001961439640922        2.6658168993439868     
  -4.4068210267991716E-002  -1.1689760571279156E-002  -9.2975352580970630E-002
 -0.15331883755757517       -8.8080443437073372E-002  -7.3312935033523138E-002
  -1.8775387883275430       -1.7179388435714200       -1.5792264037352506     
 -0.32031196667178319      -0.18174790449173581       -6.9397624587183822E-003
 -0.66528208967669300      -0.16774608266062310       0.33722051322136737     
 -0.35882866788651890       -18.673673116216605        10.010921769544320     
   5.2565422936942056E-003  -4.9058150889037214E-002 -0.17176930335111862     
 -0.10799266874323034      -0.25534806210056837       0.15714551974456384     
  -4.4078629604576258E-002 -0.14415712374603784      -0.19158749020483390     
  -1.6921431994782032       -1.0644653615180126       -1.5998245329939997     
  -1.1608063403508078       0.63035008096198730       0.17950460493290046     
   1.8060155398328555        1.0279485237267030      -0.26560761146716949     
 -0.20916980439642469       -6.8818648013894188E-002 -0.17728002252154271     
 -0.88665591030677138        2.2553235330595878       0.62778279811537496     
  -1.1553045351128375        3.0142062160311629        1.2730719900180192     
 -0.19271932167353537       -4.7184686766286593E-002  -8.3425223304243915E-002
  -7.9468486965440469E-002  -2.9965102482271053E-002 -0.12506508355412474     
   2.2932865394139657       -1.0051445906393288       -1.3642419532537773     
  0.18532552263644245      -0.15026692778494158       -1.5941358336088486E-002
  -5.2218518604701378E-002   8.7047166973793513E-002 -0.16517245405146014     
   1.2088779261170980E-002  -5.8671065270803312E-002 -0.37554143138419949     
  -9.7519768108754068E-002 -0.13690255005434679        9.6894663637974599E-003
  -1.2772628865986193        7.4443183854527071        3.8235067002926937     
 -0.40505540592349365       0.73141411079171892      -0.13186281611010103     
 -0.79140217877962438      -0.84389699690991926      -0.83051966170677194     
   2.4215425550397751        2.4531643354965946       -2.8911295920511364     
  -5.0060108391665734E-002 -0.13995686718397471       -4.3571590298778613E-002
  0.28463643598437649        20.359592465169559       0.41697789898958193     
  -9.7465366555236854E-002 -0.14243874876288246      -0.25775742532171958     
 -0.35181391919137367       0.29651180322360793        3.2018630089425106E-002
   2.1385872924223244       -2.3126548347777418      -0.77917080284671647     
 -0.17170266989503738      -0.19837595178681539      -0.19342452627956533     
 -0.18209578942336130        4.4765669651111707E-002  -1.2359150716494439E-002
 -0.39257119175829980      -0.81472207554387321       0.72047395066635855     
  0.93326669605925328        1.4135575307970776       -1.1576885667868526     
   1.6437651720812101       -1.2600042418889430       -2.2735716488166209     
