 -0.14195733977679056       0.23160785671865508        3.5283050342255137E-002
 -0.38218663244079237        1.2302216449722641E-003  -1.1237200887086716E-002
  -5.8939419663914727E-003 -0.16629947573535142      -0.12326940453477800     
 -0.35252154147764647      -0.20168555932176976       -4.0018723570597610E-002
  -1.0506971965413463E-002 -0.11165605251919100       -9.2208463411563246E-002
   2.8769730950062196E-002   3.5355631179546702E-002 -0.33386829971949883     
  -3.3931273521796803       -1.8767162968129680       -2.5102966175706172     
  -9.9350668374008633E-002  0.41059589141862346       -1.2582353733884983     
 -0.13070824777384052       -1.0424696301633689E-002 -0.27069539197785586     
   4.8185644903141904       -4.7275664100586150        5.0394411556971255     
 -0.16993111741369341       -5.7535854049412222E-002 -0.22720176817619572     
  -2.3414588795284776E-002  -8.5045524483883805E-003 -0.22133388882263838     
   2.3051325130464964       -3.7497187342768545        3.2784682718766369     
 -0.27190072539656374       -3.7259966407659717E-002 -0.14433322708757756     
  0.11512853166580338      -0.54807042552255170      -0.24630899061307451     
   3.9194730660870634        1.5141263864739807        4.0828605729863856     
  -1.6783485105913367       -1.8851873840156603      -0.54038573947788626     
  -1.2173060955156796       0.15467225913397031       -1.3728790888816951     
 -0.67640778338146856       0.87161154264905716       -2.9558990398004319     
   2.6701902475485402       0.42516912354390834        3.5075383928228270     
 -0.29633991911472674        2.2230448062215800        1.7782082526153451     
 -0.87333194214464061      -0.66783549399126985        1.2298063504202144     
 -0.25069180141156167       0.63899201350415802       0.10687731804039886     
  -9.5206453630691961        6.9233827747080561       -2.3417553330404162     
   1.0612505655647371      -0.33915326954897534        1.5321742095951039     
  -2.6457450186789348E-002   9.4846654744559999E-002 -0.10965789453002053     
  -8.8799221743282794E-002 -0.16266269772614697       -8.7085963650093134E-002
   9.9292239658171272E-002   6.0644803071370504E-002 -0.19030199991973867     
   1.3886404999022233       -3.7809754780095450      -0.14676403967498414     
 -0.27100041101348782       -3.6629250636565761E-002   4.2916758339055340E-003
  0.72182326124605456      -0.59337514278437198        1.1536304280379568     
 -0.18313997718857222        3.6107408604032318E-002  -6.6150762001795912E-002
  -2.2402119024924150       -22.026831222473287       -14.437358525592225     
  -3.1556697234675524E-002 -0.15969795817196744        1.7426145953961841E-002
 -0.10176317449421363        8.3205734173840709E-002 -0.19283396177266315     
 -0.57023833904685650       0.91278566484079260       0.24214421813404624     
  0.21484237200185574      -0.70891402737667042      -0.50156112279908849     
 -0.13318814007071497       -1.4198194063383849E-002 -0.17166563863033016     
  -2.8569788461823044E-002 -0.17629727174098439      -0.17580269498834289     
  -2.8662996014423320E-002  0.20167592714386706        6.1662725293780262E-003
 -0.10662766990017139       0.23090906402746852       -3.7099520483023327E-002
  0.87848995626328685      -0.37112842940846075      -0.57271929968647639     
 -0.30190640427315696       -3.8422276782997547E-002   2.4232262031096265E-002
 -0.83749829632625472      -0.97608378409287988      -0.90183944104769831     
  0.17192042164011279       0.15734385119166960      -0.22541419508261284     
 -0.47407601228818608       -1.0135544418089415      -0.53676755040129831     
   6.9877251815104777E-002   2.9506934815134694E-002 -0.33462770447050993     
  -1.3810611494731694E-003  0.68922939185425902       -2.6645909292158350E-003
 -0.25380448450495957        5.3744318852363471E-002  -9.9691948861935553E-002
   4.0383528245830345       -3.0224744399124797        2.8752078377192913     
 -0.14599050309012296      -0.11666545203086985      -0.14259018334841639     
 -0.91203139129084720        2.8478130781881177       0.55663923787762126     
 -0.13108405871292170      -0.10374392753751138      -0.14690651841609248     
  0.95096962473099611        1.3074341122056510      -0.31747261455830017     
 -0.26937253446410941       0.21144819750894658      -0.25609363545194225     
 -0.16550100026908190       0.42024505319510513      -0.13068760072762062     
 -0.25573204159750579      -0.37322393138563592      -0.10132029755858711     
  0.79401694382932453        3.4982856825419271       -1.9384596484901515     
 -0.16699520838055026       -1.6273357187859588E-002  -9.3654651387991159E-002
  -9.3397665004526283E-004   4.1714095393585388E-003 -0.12648699181760745     
  -9.1879192332230991E-002 -0.37204691757391628      -0.16396221314221116     
  -7.6126139239366383E-002  0.22717683240821990        5.0115864628701198E-002
  -8.1374148137956501E-002 -0.14201880262192912       0.18375253964168317     
  -1.3859897816598439        1.3128196896846931        4.5598310719898290E-002
  0.15223707487179802        1.5699832967912131      -0.47781999713684609     
  0.15160738139374966       -6.7486453343467256E-002 -0.17454141534599815     
  -4.3960253761489251E-002   7.6168503144950009E-002 -0.11981225622265081     
 -0.16810503630999601      -0.36675385147501460      -0.22028691049101118     
  -9.3198878123645097E-003 -0.20127859508195650      -0.13527680410821699     
  -3.0879399836575656       -1.3167792350125522       0.36598876201163782     
 -0.21714805662976050       -8.0166023045724657        3.1271877746642298     
 -0.24840321538839399       -5.2402839213608353E-002  -5.4312601008293333E-002
   2.4331673777890330       -4.1130620126870472       -2.4093084871703172     
  0.11582797796858926        1.3916466005821821E-002   2.0324642658195023E-002
 -0.12747096747038281      -0.13145804771715813      -0.10643137223536901     
 -0.21163026362618448        5.0868202471445689E-002  0.14254774563890449     
 -0.19664180063082440      -0.11315612120288460      -0.27244857508528847     
  -3.7960381183011836E-002   2.4471257235273942E-002 -0.35493427509015396     
  0.18430169479463432      -0.50889917494307035        2.4906930830222964E-002
  -9.0159571523869955E-002  -7.0331796818337455E-002 -0.15045112902366264     
  -1.0120765497943855       -2.3244170601996381      -0.61802472119871699     
  -1.4787045795537839      -0.91813666896685109        1.3525485631875875     
 -0.33416804431927899      -0.12447005163019867      -0.16059382211011816     
 -0.19666012965414487      -0.95123952438428749      -0.57437814681969113     
  0.63799425638927110       -1.3512567218422022        4.5005545772658695E-002
   1.5103763485347879      -0.59021925226480354       -4.4449656973712903     
   1.9379612957632431       -4.6903673487823330      -0.82486355402000933     
 -0.28594926583836966       -5.9335385512781474E-002 -0.10861126432630017     
 -0.78342214549062783       -3.4231445787913279       0.44263430531726133     
  -2.3674702296790580       -1.1356392820552683       -2.6141813720195999     
  -2.2878348240135328E-002  0.10075907168333227      -0.14468450915605161     
  -9.2200552450516213E-002 -0.44395047140627986      -0.14246139019956600     
  -5.6649103015668507E-002 -0.14283288998968319      -0.11766503909546432     
   7.6976228841500599E-002   9.7796453944604178E-002  -7.9040652623205254E-002
 -0.15591632377878872       -6.3872815414612483E-002  -6.3820896047080716E-002
  -3.7065811367654022E-002 -0.28935041739606365      -0.19692770661225376     
  -6.3547616806140336E-002  -8.9421192189973742E-002 -0.22867701404105226     
 -0.13171656927556791      -0.18894512785836409      -0.31976294057026045     
  0.29791117366899650        3.1811074103750849        3.1670784298998225     
   3.1210408821250209E-004  -4.0873952830024152E-002 -0.16750245539031308     
   1.3672622436883213       -2.4830201642961738        1.2721449397657931     
  -5.9743000513939944E-002   1.7914420156147869E-002 -0.32385345219246431     
   1.5315764536461203       -1.4439853091180797      -0.92127795856850425     
 -0.46496817443666533        1.0933351930957314       0.33659362629764195     
   1.5096583563275675E-002  -4.1617117194985405E-002 -0.10221830297736542     
  -1.3957366440638457        2.0005845188426061       0.89732792411385776     
 -0.25443205032174099       0.58730950273271454      -0.49537768865499060     
  -9.8122373497930876E-002  -8.1681103837220312E-002  -5.7767889159212098E-002
  0.12017628485895716       -3.0191879548837564E-002 -0.31662230998581647     
   1.1697437204457000        2.9197107662331749       -1.0504785628360405     
 -0.87100694272395374       0.22115289732949805       -7.4700216049019330E-002
 -0.22414472457018089       0.10067634250661667      -0.12058018627131135     
 -0.11903164099545094       -6.7417951795379849E-002  -6.7875876098388133E-002
  -2.3410491489699266      -0.14178195772237914       -1.3785735273816631     
 -0.40999474750388071       0.53393372707352249      -0.15055025638229430     
  0.61320146273932030      -0.65807979938419425       -4.0543765158774565E-002
  0.43824108575154275       -1.0659619971930798        2.2554508373566091     
   1.1535836939985816E-002 -0.12492401814684093      -0.16885164240624914     
  -4.4076401074196768E-002 -0.53809611581198480      -0.20405901432836382     
   2.3056247777167540       -1.3355051702060028        4.1453037399969475     
 -0.27055439173305290       -2.0299551647471249E-002  -4.4398338395965235E-002
 -0.34767873791336140      -0.33458286198307780        8.8110726285948959E-002
  -4.0376410071527348E-003   6.4834630673004406E-002  -8.3602515913018705E-002
  0.25765486389311704        8.7187307935706893E-002 -0.49770581341538261     
  -4.8181513351740808        4.8353861936168174        6.7841727574773447     
 -0.44549357223980157        4.8805875382966282E-002  -7.2237186100836723E-002
  -1.0835453015415497       -1.4833556328820052       -1.2447839022819027     
 -0.16223261831025798        7.1313085879834467E-002   1.5036940654655892E-002
   1.1870431450346572        3.0102955823331787       -1.1975672784174884     
  0.24872714638865923       0.32075139520916729       0.12845030742848043     
 -0.79923855913069397        3.4334808073846239      -0.56140047719469743     
 -0.78160104785719542        3.0617015003450740       0.48192622678635583     
 -0.20721665118958563       -1.1344986179495678E-002 -0.12673493560700294     
   4.4339562830172623        1.7588196423633518       -1.7604316903628887     
  -5.7201826839789520E-002  -2.4580661682859946E-002   1.9582041395655767E-002
 -0.26581650435965531      -0.36924923029909035        7.2918005990604468E-002
   4.3143995445101446E-002  -1.2830752909572803E-002 -0.13026620282467308     
   4.3568080254933168        1.5347041124055822       -1.8197591055428932     
 -0.23321348815797094       -2.9113523235218984E-003  -1.2581221474304200E-002
 -0.12937212560430378      -0.19962219771439968       0.12637320789843592     
   9.7072984345890456E-002 -0.17106531535841318      -0.23205075715517903     
 -0.12270372889913894        5.6054880276797669E-002 -0.18317755003356631     
  0.10744859685066455      -0.13200945309196238      -0.24224764025943255     
  -5.6817950195715200E-002 -0.15045264689854804      -0.16689850401020845     
   2.1024580878153922       -5.0451600264723071        1.7464852257506980     
 -0.30646660166992440      -0.15556921038309690      -0.23273153712057879     
   1.9515021168162203       -1.7404735359112427       -3.2780319014929704     
   6.5865699256973220E-002 -0.14948104008742225       -8.9781227666781996E-002
 -0.65869969491363545        1.4861424045547957       0.54634442916410086     
  -4.1982461879315016       0.25972056479547234        4.7259046607933755     
  -5.3881058978848352E-002  -1.0901925604553917E-002 -0.13110668136726125     
 -0.75795886642649468        1.9912953161833884       -3.0305945750279846     
 -0.17906520202895468      -0.19026041027145105      -0.17011191676250825     
   8.8081324235148986E-002  0.10498639887129489        1.1344979261139747E-002
  0.19411012681070744      -0.13739108721073248      -0.37045760957289064     
   3.4282551971533817       -5.3433230240475499E-002   2.4426642341309472     
  -7.9366777464476831E-002 -0.22508674493908357       -4.8523515710180549E-002
 -0.44903121720546418       -3.9215877076391679        2.0990452291887003     
  -1.6533396912610778        4.9113196389027687        4.4898215762926093     
 -0.34490617259325357        4.0253880908771897E-002   1.4347885332627229E-002
 -0.15572833550134665       0.11426458523559924       -3.4323055447494928E-002
   3.4427844180773932      -0.66201461157350705        2.5190851001359427     
   1.1949122928812341       -1.7513233400504367       -1.9663735314304638     
  0.21767630402125926       -2.1653648734498581      -0.13728695725542972     
 -0.11151675526094731      -0.13938203175696270      -0.14827161336930347     
 -0.17049594743383339       0.28135968812763518      -0.10829809228131181     
  0.62930899596268586      -0.58430155538021233      -0.80698523976165071     
  -9.4812989395509195E-002 -0.11174647989807736       -8.7498319594079485E-002
 -0.12563578798385075       0.12615556522791044      -0.10687487742494346     
 -0.12880847613626012      -0.14341992067902690      -0.26992287920040825     
   2.2608121564260015       -3.8174336051851991        3.3335400380025502     
  -8.6244783871376351E-002 -0.24250386233749080       -2.4566342877874462E-002
  -2.5916497872262170       0.40117669930195554        3.3318949439103434     
 -0.90768515672346317        2.7643447055687393      -0.58759311553588578     
  -3.1135213770821641E-002 -0.58046846817187592        1.5611509135429785E-002
  0.10243080513664707      -0.31650188737439855      -0.40614349535111222     
 -0.19642136498999385        2.9461507512743429E-002 -0.19624129942376584     
 -0.49279779855639755       -4.2829574284350143E-002  -5.8409028552919497E-002
  -6.3025689976073478      -0.19216516339354298        1.4168998023837400     
   4.2547647660424549E-002 -0.20648336122153893      -0.17478951214246302     
  -5.7222272645909789E-002   2.3950078537179134E-002  -8.1584851474580514E-002
 -0.42573032729245008       0.11022331956803724      -0.23117413722798200     
 -0.66255301082602391      -0.56170312793223420      -0.62836373695164727     
   7.9893746889673836E-002 -0.15906096565982258      -0.14472562932738217     
  -2.6267164254367602E-002  -4.8520485905047962E-002 -0.19399935803261703     
 -0.13606201454991093       -6.5095545119650822E-002 -0.14384466439438162     
   1.0638257368125523        2.4972823498594567        3.8490014856657733     
   5.4261899612359993E-003  -8.0637459191092456E-002 -0.11056052907434219     
   1.9557665973409730        2.9577393280587967        3.3480907356761742     
   2.7021077712641353E-002  -2.1521988136074678E-002 -0.30715059095094477     
 -0.16593886454954959        8.0491009716334216E-002   5.5843528633825381E-004
  0.34487043080285246        3.8018568981207803       -1.0365433859874535     
 -0.15052920065821337      -0.36480673121897311      -0.18299480876693447     
   7.0654671966830271E-002  -3.9143728792006435E-002  -4.9136863962387325E-002
 -0.11632340753939814      -0.14195271209215377       -8.4738303235715809E-002
  -4.3729028730051162E-002  -3.8773505256610927E-002  0.47556681435507764     
  -5.0559408667788443E-002  -2.4819531017945646        3.4385748712038984E-002
 -0.15365849244680846      -0.20139720069519612      -0.12913610331027353     
 -0.31554151261128260       -1.2509595915274141        1.5699445433975054     
   10.482462474119311        2.0112969530871094       -30.175843803189920     
  0.16807180937374711        4.3424270612828870        1.5101458040108060     
  0.19630555251470522       0.55174381606297318       -9.0071915210031037E-002
 -0.12081045983582558       -1.1695836504280048       0.38570646582567381     
  0.45552124100720326        1.7056308534646842        1.1705267350025110     
   1.9427490472627487       -2.4181185631645437        1.7688065149225205     
 -0.12442893268926496       0.10267755440992758      -0.10839935273653573     
  0.62360841202624140      -0.42985678071410033       0.64704718455366683     
   9.8078000260995696E-002   2.5585958252691405E-002 -0.33442372431103162     
 -0.18364716377216372       0.12229585629931324      -0.26148774759294108     
 -0.11976755711385764       -1.9638908368247880E-002 -0.15090741661960091     
   1.7115448201926846       0.91398295471511515       -1.1767528131642409     
  -8.7431781008269880        7.0207978209917128       -3.9493736425099795     
  -1.9341191117352254E-002  -1.4370156064504958      -0.28032243403254969     
  0.25477436925687508        5.3554499324016715E-002 -0.26458142433820947     
  -6.0679135623529452E-002  -2.1154339143399696E-002 -0.18110679351832970     
  -1.7479315115676184       -2.9320913581877903        3.6187244937274530     
 -0.97386572427408069       0.69550013391638654      -0.93940028069757620     
 -0.11797253105516457       -9.6458177887370100E-002 -0.11853801703761699     
 -0.58551695780314195       0.12199163666389252       0.42867788460595635     
   2.4009698417400180       -2.7603196131695498       0.79902330479562389     
  0.73845209075706553       -2.7713984981800803      -0.75030871426430079     
   2.8252534670630691        1.0933683068704929       -2.3587584148079599     
 -0.28380750936933724      -0.52477753625275514      -0.77909071746240643     
 -0.14203123875739079       0.16569060818589146       -9.6367661128325038E-002
  -2.3797425168120099       -2.6559948610782032       -5.1306599908678097     
 -0.12003772158223582        3.1927890355122023E-002 -0.15875503784845491     
   1.1614783441015240       -2.7599064206339823       -1.3315150315332900     
  -2.8590142200620172E-002  0.18234003833202311       -3.1393564871361648E-002
  0.10162680077905144      -0.23427441405762400      -0.17868191606113851     
   8.0932663725929416E-002 -0.63753953642233541       -3.2172888733906259E-002
 -0.23090888785457678        5.9529238065806400E-002 -0.20250867946768550     
  -6.9957103761360898E-002  -1.6836984000358449E-002   1.3023107068904085E-002
   1.9386657463533099        5.0087784742564709        1.0125143353366164     
  -4.6877118301311159E-002 -0.37555801037585962      -0.30273190190983229     
   3.7565498713038816       -1.0785774330155145       -1.7508829776064430     
   5.1456075953991137E-003  -4.2439764947836370E-002 -0.15223651975412181     
 -0.14768499933890344        4.4529330990136489E-003 -0.18804967759882010     
  -5.6433578990870419E-002 -0.11732030060223786      -0.12468603108901757     
  -8.0831707322681509E-002   8.8301238344983574E-002 -0.18646011590336425     
  -4.7578734485801424E-002  -2.7202346312277964E-004  -2.9071662231231855E-002
  -3.2395182250057379E-002  -3.4891905991705420E-002  -8.2019913620138107E-002
 -0.10442361388784774       -9.8485867480654615E-003 -0.13411425317586834     
  -7.7772038427885201E-002   1.6837292694380097        1.2289931992743466     
 -0.11494418292238405        7.4765804978215739E-003 -0.15197566246592076     
 -0.13810362976452845        3.3005379836423595E-003 -0.16095171485368934     
  0.77645704457396558       -1.4256343158076694      -0.94328049381869061     
 -0.27135909904348560       0.27592131543352705       -8.8557480879597250E-002
   2.6472334228724758E-002 -0.12352090886885056      -0.23894701420554207     
 -0.20311577908572326      -0.49235365782601725       0.14607748539633494     
  0.36376797663159627        2.6549954763354890E-002 -0.21824698641895510     
  -7.9891741342377531E-002  0.12310058248272163      -0.16538535275048133     
  -6.0368022234279201E-002   4.1921865776448901E-002  0.36645528325302834     
  -7.0434249703573107E-002  0.17851948341734403      -0.27195272629588041     
  -4.8457554654430773E-002  0.10714149573300225      -0.14069984817257922     
 -0.13087183790688817      -0.18012745674861427      -0.15537938870746909     
  -8.9902855549867294E-002 -0.20818217562301489       -6.2497827819002601E-002
  -13.918168081489728       -13.673927980706750       -23.707457077997592     
 -0.88477391619467705       -4.2683167146015100        2.6839191444032511     
 -0.25122097485833766       -1.2780141873614330      -0.53213850188873602     
  -9.1813415553493205E-002  -8.6116038582971982E-002 -0.13095408598014566     
  -8.9288408618785949E-003 -0.22544160624760992       0.42293516288554545     
   3.5508135567731918       -1.3950672368563677        1.0583923855987054     
 -0.17360751962327020      -0.20711696057020246       -7.0855809540027147E-003
  -7.2424116486735524E-002  0.18959711719321118       -2.2067504964533156E-002
 -0.14760259065652875       -5.5750057584496727E-002 -0.15278338058046489     
  0.21469552107883541        2.3463088502384948      -0.93176392448223866     
  0.13483613286031365       0.36660634107460877      -0.22413325883482663     
  0.99590775356113170        1.8663684543729016       -2.1533267472089892     
 -0.30763566070742338       0.18894164282436834      -0.44909876061321313     
 -0.11052979346705022       -3.5740877019749581E-002  -1.2357890665367650E-002
  0.30397034434396392        2.4636607138642694       -4.9425745874111566     
  -1.0497187470897000       0.62943103902559083        1.0004553989661034     
 -0.41410566279560101      -0.14432874631011999       -3.9401268489798059E-002
  0.26168978479672583        2.5593842728374845E-002 -0.42270712504366964     
 -0.56292593567398130      -0.28515132523060466       0.24253104364169664     
 -0.27444354478323674      -0.14467152814066933      -0.16306820866831612     
   2.4416646407428413        1.7862800482840806       -2.0991753407726987     
  0.63818953538919176       -2.5929240465389136      -0.17839307302847179     
 -0.46500948725027419       -1.1224024787577396      -0.43971989498901171     
  -9.8635960771676478E-003  -8.1703070252741664E-002 -0.13547949638025999     
  -1.8845176689886205       -2.4190573936750206      -0.60611967733033567     
 -0.14977640379705287        4.3128481800721291E-002  -5.3244923175052819E-002
   5.3984071341408535E-002 -0.16469884115128910      -0.39658272176027204     
 -0.16335196673051450        2.4855306014391815E-002 -0.33647633414616862     
  -7.8077037473375147E-002  -7.9050952212879347E-002 -0.13129129443968277     
  -7.2712140324230137E-003  -3.1417953838863311E-002 -0.12444709999145880     
 -0.21721333927862327       0.32874531763295156      -0.16668761855157244     
 -0.14841220513066869        2.7285236729813950E-002  -5.7651013716701255E-002
 -0.94186663741138366        1.3774856101484618       0.83295553542440381     
   4.2472481518638396       -2.3459287366403105E-002   1.6554033260336729     
   3.8266726596092369       -3.4398933707272983        1.4073350235923512     
  -8.4616345672174395E-002  -3.8163586245421037E-002 -0.17418534714120490     
  -6.2906240230066537E-002 -0.14390019848675464      -0.12618096524380931     
   2.1130514132641012        2.4457081761782269      -0.38016812552446366     
 -0.18952113154617792      -0.27511214767625353      -0.95134960024287463     
 -0.33864034843432428       0.26438940614783862       -2.7954566569733216E-002
   1.6375345490851450       -1.3860492282928563       -1.3955476744652440     
  -2.4703543274546438        1.9321734726107798        2.0097850930481198     
 -0.11291101151161621        1.6733482966606240E-002 -0.10101976407762032     
 -0.12028963460932049       0.15568259602491588       -8.9675613748983737E-002
 -0.19445507468142337      -0.16426559303163399       -8.4794916594884043E-002
   7.4277942443812375E-002  -3.4487923720676128        2.1485403957882752     
   2.2930146035038471E-003 -0.10436353920083850      -0.16803666537496303     
 -0.22200416008542276       -9.6221045877032244E-002  -1.1290238212093764E-002
 -0.31194071011222374       0.23644274771652848      -0.12329977267811887     
 -0.12840211818454178      -0.13086161771256505        9.2341299485149297E-002
 -0.17546446232288765       -8.2147148730076613E-002  -9.5691326898034015E-002
   5.4422524306033093       -1.3328185610378565       -1.3152057195949667     
  -3.0041329976284210       0.47673722543523206       0.73121774246028248     
 -0.15709827230881604        4.3353065973236439E-002  -3.2886869147027493E-002
  0.86087366228674711       -4.3647048849772903       -1.2509463486899353     
   6.3644561887080023E-002  0.35544333836923458      -0.35093033447315441     
  0.95946772514224987       -1.0631787243294906        3.1405409041027119     
  -5.4016282614394909E-002  0.15090067784634187      -0.10092427711865716     
  -4.0856139114182122E-002 -0.28151567766762736       -7.2397956462968691E-002
 -0.26815364820165671        5.0648936623400713       -4.1420578944838790E-002
  -1.7422315914037565        2.1455322481324428      -0.58447180959807632     
  -2.3368087881066271      -0.48557630567060334        1.8823124896814620     
   3.1419037571594712       -1.7389334443419335        2.6030720622668873     
  -7.9303646070059672E-002  -1.6726235716066473      -0.13340573270268752     
 -0.12652442292848926      -0.16362994898463865      -0.26031006129282958     
  -6.3519114354279463E-003  0.17012358323277893        3.3528162726083645E-003
   1.9763971255843973        4.2425628762090755       0.96241013071051373     
  0.90986530523777343        4.5432963863470865       -1.6773433589439211     
 -0.66182868562674346        1.7389676788320505        2.3689669554628524E-002
 -0.11671559482494884      -0.20041694526430590      -0.14351366136785509     
  -9.1850354950981247E-002  -5.2598364053527032E-002 -0.12091763826549558     
   8.1206106705473573       -8.2690818379465245        5.3091424780272991     
  -1.7882320920813332E-002 -0.28693059855089342      -0.16658818461176297     
  -2.1496832197938822       -2.6524052779163099       -2.0872610989736602     
  -7.3232269656562390E-002 -0.47196372098979911       -1.8170408782026460E-002
  -1.1393556187798688       -3.5360599380186404      -0.77144756810627069     
 -0.25371335023270525      -0.56355275815391792       -1.1318062874228800     
  -2.5646758181420966        3.7395750704601691        4.0955913905969110     
 -0.15249045024283625       -3.5338129873815089E-003 -0.13019232301509526     
 -0.10545159190793538        3.9176298340631716E-002 -0.19611710350256295     
  -2.7051447863381943       -4.1854875557242215      -0.37629265705132958     
  -1.7392884720847137        4.0118531916611460        2.1341246073178732     
   3.8682122608089030E-002  0.22367344538276915       -4.2607006217644044E-002
  -1.5326187603447186       0.12811789891530251       -2.7157425672574633     
   1.0445993397464546        2.3678694011640951       0.81543081234572790     
  -2.1346331808135162       -1.0117333655961815       -1.6675322416442653     
 -0.14368163762527700      -0.11006746988392423       -6.1086923015609321E-002
  -9.1028047513735757       -8.0429253853980658        1.4091596234564590     
  -4.1343531996326988       -5.8711885804575417       0.32193045248506208     
 -0.26848093323952638        1.0875649037090820       0.12478540178684558     
   2.0629711708357670       -1.1886688391443097       -1.3870342712106956     
  -1.0313407133097028        2.8342948400799419        1.1263118956116724     
   4.4788460024697585       0.26247527264624809       -3.3836909420851571     
 -0.14166174177430435      -0.15347994523430386      -0.20694421630859644     
  -2.5864741553329511E-002  0.31788198113607141       0.56240001696966901     
 -0.44285633184898177       -2.2701347416937190       0.38203037917791277     
   3.0497194183891334E-002 -0.15937301564563880      -0.15653426783595425     
  0.44276736310557729       -5.5550795376883348        1.5870777801059750     
 -0.46633581791968320        4.4980064459858912E-003  -4.7465732446869253E-002
  0.40385623066265114       -3.2263340796689604      -0.30055455383578661     
 -0.25468529776881416       0.18148467164612042      -0.18402146635440875     
  -1.5065272405031631E-002  0.16262856879485946        4.2904714214691553E-002
 -0.17156734838146867       -2.9739436361042690E-002 -0.12971545161633311     
  -9.1743532975784831E-002 -0.29430502593205171      -0.16544103465581897     
  0.22543462697334277      -0.52589009137284459       0.15365777028603841     
 -0.69137456711199397       0.21280837478690118       -2.5714363055291664E-002
 -0.12959260042756665      -0.10416215510775839      -0.17448847625038197     
  -3.0989158294289889E-003 -0.12938120980015191      -0.22240270985682070     
 -0.44156860417628852       0.27582254584156629        1.6402909318971524     
   1.1565686196228235       -1.4919518625780130       -4.5182809718564503     
 -0.28597487942098632        6.6586443653081001E-002  -1.6470724714345748E-002
 -0.12242822040860464       -7.7826913273661036E-002 -0.11738055881741938     
   1.7438744059425387E-002   7.3370079851390921E-002 -0.23747520447995463     
   7.8671514923216571E-002 -0.46991419943217394        4.0463616103854280E-002
 -0.19902311984757262       0.17926071652617795      -0.17157952867713214     
   15.419121469415726       -2.4015801511381984       -7.5618555738312487     
  -1.7589301655511178       -3.1570775602367571      -0.85730492685721160     
 -0.13755932704047394       -8.7643687994005570E-002 -0.25704087501001166     
 -0.12365006352025912       0.95595827748605466      -0.25682416542497821     
   3.9789507702128728      -0.63344954945015186        2.6078982369621184     
   2.4671706195341097        1.0815335153204122       -3.1741936351998978     
   2.1423002856706499        1.4334616713925918       -2.5899985468391504     
   7.5213901524245022E-002   5.9605477622477365E-002  0.17783719124615194     
   2.6828999257789774        2.6899116577829347       -3.1602403521734934     
 -0.80882738072514571       -1.9205986072105108        5.6327167311208994E-002
  -9.7510425858323535E-002 -0.39524799576172637      -0.12608843176966344     
 -0.28192229168383587       0.22466410470528744       -7.4208696785697331E-002
 -0.29301745299170651       0.23468203955421776      -0.28814269600820003     
  -9.3791378684729129E-002  -1.7105223880058178E-002 -0.64654519756789763     
 -0.18731444983419748      -0.12869424868919263      -0.42996253321749722     
   4.0013316100078855        5.2949079432049795E-002   3.7723354258168302     
  -6.1613729936847342E-002   3.6522153563483747E-002 -0.23584863275318782     
  -1.5042841893825161E-002 -0.43693765113469807      -0.25259436464042090     
  -5.7341535581445065E-002  0.36271475269524844       0.94189947241859162     
  -1.4886187631150660        16.441198672017890        9.8399043630404091     
 -0.18958967349468653       -8.1637692896764411E-002  -7.9410025218975000E-002
  -1.0496731714805980        5.4723309783589115E-002  -3.9301543009226600     
  -1.3059620794308746        2.9589673605901821       0.71723518122350038     
  -2.5346694295355046        1.4334550348287907        1.4547359380852740     
 -0.20094658633191703       -3.6007936321936163E-002  -4.8785934958137725E-003
 -0.25426508880225845      -0.13548215153794571      -0.13177880478479251     
 -0.34268808176928056       -4.3975757177283928E-002  -2.5756450639042748E-004
  -6.1039791731476463       -3.6652464671014262       0.69547457713404270     
 -0.27546801016440103       -7.9544525696734036E-002  -2.1283400458732379E-002
 -0.40316681905018587       0.15746659936330551       -6.2091638150922730E-002
   4.8073718849961811        1.1065417783033880       -2.6260259051184005     
   4.6674990043762428       0.86061174315923528       -3.1056033842726665     
  -2.2535347240492457E-002  0.40161681357642443       0.14184882275653068     
  -6.9452654682672643E-002  -3.6643241667801418E-003 -0.22832082263976405     
   3.6253322864873896       -4.5527977947334710       0.60963906309276350     
  -9.7417145151317872E-002  -7.4377798958989341E-002 -0.20932619121631904     
  -4.3766099170454602      -0.75125773548955854       -1.3696180780307168     
 -0.16421552790780911       -5.2403908857067069E-003 -0.15756160443147219     
 -0.17785882911892389       -1.3911547860405065       -3.5426972693587570E-002
  -1.2001680427130104       -2.5252821000722308       -2.4330849186160930     
   2.2472780666759895E-002  0.24928607995816982      -0.26857903100662184     
  -2.7086104341826318       -2.9944172334846524        5.1026884953060012     
 -0.12059435684128805       0.39368481004244932       -7.4111731603899236E-002
 -0.55485043590723593        1.2612491197635201      -0.93324663977703748     
  -9.4781122929289779E-002  0.10762451120721592      -0.11636646898814226     
  0.10874963770264269       0.28828592637368911      -0.11191960191935384     
  -4.0125602092013519      -0.45513233046925927       0.10666500163966387     
   6.8670301095455341E-002  0.28249908647407146      -0.12345444924522285     
  -2.4196832746603230       -1.0947311618692184        4.0553500526646147     
 -0.40818668290473420        1.1318588517862962        1.3332171325997597     
 -0.10654221154531578       0.49812707965466818      -0.22545358614416167     
   15.166304776868122        17.494108362777229        24.020541432478542     
  0.98655539112388813       -1.9557189004354816       -1.3803996737174804     
  -6.9132940965096423E-002  -1.2994063896141765E-002   2.9149735761537350E-002
 -0.20151887916462666      -0.25383163212250059      -0.13989520589208349     
   1.5404071374766610       -2.8929808285703076      -0.88374172876600998     
  0.47526105275188096      -0.74318315888868902        4.2963685117159971E-002
  -7.6005900410918592E-002 -0.18378854073286038       -3.9053746666593399E-002
   1.2930869893657986        5.1567106731548504       0.27760049840849355     
  -1.9421172464526486       0.19423945561740377        2.2515779526040260     
   2.0724376627207040       -4.6096475717107115        2.9204342833185870     
  -2.6160426768372060        3.2520099391716926       0.23037328360662052     
  -6.7975807871021060E-002  0.23298123610136715      -0.17847214732828409     
 -0.69018668750229739       0.82622562817466061      -0.45305217199818693     
  -1.4293878564659995E-003  -7.1866259173768363E-002 -0.13315874524606622     
 -0.16254223447712410       -2.2451936663184641E-002 -0.26151123171513624     
  0.18496129535534822      -0.71176615333623205      -0.50508945509416625     
  -5.5383887492169631E-002   2.2964207911731128E-002 -0.13660583926484957     
  -6.6762941078863158E-002  -8.0391552289732632E-003 -0.24348382082478695     
   1.9035219617529331       0.65043901204149790       -2.3925086341564259     
  0.44518166003622156      -0.12025872867612379      -0.35934140809685949     
 -0.77351585203386508        3.4003600476741633        2.2551063785679619     
  -2.5082619999452070E-002   9.1483377219931897E-002 -0.10775705814389058     
  -1.1752663934307737       -1.7784458415544091       -1.0280236672646067E-002
  -4.2221592830739008       0.23138570089844429        3.5634871776121653     
  -3.4002047063049240E-002  0.71346496993311992      -0.38981917832996121     
   2.4291086277815968E-003 -0.22201803236224721      -0.36226294630084077     
  -4.2714760913477347E-002 -0.12061054391290348       -2.9290853108218252E-002
 -0.18201182761101473       -2.0381180729755949E-002 -0.11112082124720445     
  -8.0767877784488948E-002 -0.30123952289895173       -2.6035231940908014E-002
  0.84259992619561330       0.71738270599650267        2.6314302082997680     
   1.5835104202453063        3.8351274196359952       -1.6923119136480909     
  -5.8910822414281624E-002 -0.14905793068040538       -5.6816000317707491E-002
  0.42550110579011452       -2.0600108723235224      -0.46698019392983620     
 -0.10242307386683966       -4.8695300687499846E-002 -0.17900602118937228     
  -2.6913127958950966E-002  -8.9322712963722323E-002 -0.19580675338205297     
 -0.39752840067568312       -2.1164630693024038        2.6933038034634227     
   6.0138770329144775E-002 -0.39315068688030552       -4.7914425786747171E-002
   3.6022584667873905      -0.71313064640739166        3.1489298526853888     
  -6.7615842624519404E-002 -0.13469305144786944      -0.22203514189269768     
  -4.2874153852562873E-002  -1.8766338791468225E-002  -1.4504473303013424E-003
 -0.34004707138732287       -2.5468621538673859        1.2607294934722992     
  -2.3264645933981014E-003 -0.21643825666683095       -8.1105862814033994E-002
 -0.19342093830955365      -0.17666612141741050        3.3505982289544330E-002
  -6.1344463964138091E-002 -0.26464981840052848      -0.32854515133402501     
  0.69481789550484352        4.6485072778252761        3.2901560163113217     
   6.2865096318008755E-003 -0.12995280790452504      -0.26881520773380030     
  0.72622495714678192        1.8005748507389145      -0.10223419913907884     
  0.87732066857258395       -1.4386181991388518      -0.43626487835506456     
   4.3647208738382739        1.4037616103204944       -2.1437415711233805     
   1.0942150359347902        4.1608288257895953       -1.7935866643069180     
 -0.79780938268182433        5.9879414804356790       -4.4640886299992166     
  -9.8249866240543215E-002  -7.0224099774075274E-002  -3.9153648512370534E-002
   2.7808158237997884        2.6455900092727043       -3.1169400471630895     
  -6.3392178918176362E-002 -0.57136272554053580      -0.13077912689673585     
  -1.9347680541052437        2.9430259380806181        1.6234391069755953     
 -0.14917196489266676        7.3422661413009543E-002 -0.64037985004845588     
   1.7339046885481477E-002  -5.0203384600785307E-002   3.6572307601039612E-002
 -0.25745897461111394       0.19709235399946065      -0.42279414887566347     
  -1.4062901517821353        2.4974435604115657        1.2238218453241343     
  -2.3417438577654420E-002 -0.18950391085740065      -0.14823968882744543     
  -3.5538078291308066      -0.52754795648664454        2.4077842085838292     
  -3.6359257508785721E-002 -0.14426384409969578      -0.12229461943170185     
 -0.21561581207397654       -3.2408632606069930E-002  -9.1789992461437181E-002
 -0.31953246514710704       -1.2332767409471423       -4.1193182059950590     
  -2.1967102241465342       0.52366990603621744        1.0397850263426989     
 -0.10403309102679187      -0.21683049668067883      -0.14331802426211007     
 -0.12120778716460474       -9.6432322459646350E-002 -0.21462148918520849     
  -7.8363086510989423E-003  -7.0788644441037829E-002 -0.18626423652513316     
  -1.4087727803073742        1.7092633726620148        2.8002679252243863     
   8.4217383355985054E-003  0.17319191647247631      -0.19029332736062504     
 -0.15092809287321382      -0.24130094021839890      -0.12272705066289408     
 -0.13692275458616765       0.11623883306852847      -0.13141887545429656     
 -0.27157104516036251      -0.22500305620668234        8.9999481659980646E-002
   3.2056120177561152      -0.55496176798299190        1.7673860213170576     
  -2.2095744777568746E-002  -5.2154160789565758E-002  -1.3202247241983954E-002
 -0.27052369074609761       -9.9985197599311695E-002 -0.10447879205179086     
 -0.17701475209692230       0.71179955595081101       0.28208331066145620     
  -9.9454065382841086E-002   4.6924005048759973E-002 -0.10985561044609145     
   1.2192645169068013        2.7444750013137376      -0.66716120193436990     
   2.4973421380401595        1.0870576327621051      -0.83138338764516151     
  -5.6798037943589667E-002   6.3762487233818110E-002 -0.10879970190824083     
  -5.4751204006967036E-002 -0.31797481145965550      -0.30363493072427511     
   1.8631617785483061       -2.7912720384590668       0.98469928066126278     
 -0.11589423922079345        9.9212984232218929E-002 -0.23280871914126283     
 -0.77605892425949519        1.6246312127910107       -4.3872890064440645E-002
 -0.69445005161225004        2.3854327037945748       -1.0494514955448064     
  0.69409475641605134        3.2867487557270958       -1.0804872750063117     
   5.5713369085952334E-002  -2.1555871854334149E-002 -0.11659989087973027     
   2.6709079939912379       -1.3062344970701469        4.8316856805012023     
   4.5706187632519782E-002  -5.8921919929548344E-002  -5.0720958236572744E-002
 -0.21892859872533130       0.13057225205131961        1.0129190476728871E-002
 -0.21405861800377138        1.4993715677137111E-002  -9.4375607021898233E-002
   7.8368390958609169       0.21090179437068748        2.6616735782003165     
 -0.12266063013050255       0.20719942605852340      -0.16526380704211799     
 -0.12946449508414679       0.12839419368164262      -0.10022486743261949     
 -0.24609080510857720        6.5354681860991040E-004 -0.17318197786135181     
 -0.16829368378572993        4.3420589974996392E-002   8.4039996345917373E-003
  0.68371151460526036       -3.3281231396259798      -0.67085353822052718     
 -0.14320876420852316      -0.17791713004252188      -0.12097796180426192     
  -6.1359252009457736E-002  0.14287879994651431      -0.21762418186691543     
 -0.34179446508499606        2.5465864490241859E-003  0.15370978000226040     
  0.49923856743525769       0.73851031347264318       0.45896050770016167     
 -0.12250276665874053      -0.11137246749670827      -0.26314991476722116     
   6.6728776597908815E-003 -0.29770262047189844      -0.20741900959976442     
  -3.1492255692202993       0.76115751771195550       0.69386969293345147     
 -0.15992562224227097       -7.4103305360968489E-003 -0.25498435347406850     
   3.6668036513074478       -2.0542627378494003       -4.9221114009377152     
  -2.0718363484600921       -1.4431753953503759E-002   2.2939827892715607     
 -0.51164654523359654      -0.25766569857415966       0.24974560043970206     
  0.11521710689071005      -0.46843917426823484        6.8289143267007274E-002
 -0.53326186232309214        1.4343711459890127        1.0413497525522977     
   1.7124481018064586        4.0758832905666873       0.74732444430042022     
 -0.18889697928177418      -0.15588355252941283       -9.9717459585919217E-003
  -1.3158687276906649        3.3260418022086617        1.4917470955301346     
  -4.8889363509152781E-002 -0.19035926897167396      -0.23725028090452499     
  0.43876897182713726       0.38761280854611119        7.9643861155550666E-002
   7.0704049013326192E-002  0.11755183403543169      -0.17334102680566507     
  0.46154685726165195      -0.53603131616641908      -0.27926056806795135     
  0.12188052956061042       0.23291364615528454       0.73383653188769771     
  -9.9876887943361123E-002  -1.0388400424432191       -6.4219654073427362E-002
  -1.8256274052623260       0.56846715790906155        1.1466202749997385     
  -7.5814751531558533E-002  0.23505648499744999      -0.25267850938446723     
  -8.4490360874310375E-002 -0.21288473605192496      -0.17528250653626593     
  -2.6243680939045793        1.5218235961809163       -2.4169172241071060     
   1.6123556046336929        3.3734981039166727      -0.68408491040887165     
 -0.68166346655881183       0.87181397700242613       -6.9865252195578001E-002
   2.0112668595447656       -2.0423034595294300       -1.3602808945490579     
   8.6444046610574865E-002 -0.34969624932379034      -0.30780431015815979     
   3.1408183571737354       0.14114247030131039        2.2766513279443861     
  -5.3482847563291212E-002  -9.9522439925033512E-002 -0.17274650273920816     
  0.19972317634402392      -0.19802592080798451        2.3089790607625300     
  -4.2658265909073491E-002  -5.2751473708886193E-002 -0.18111342979736669     
 -0.41390387597165584       -5.5296155063601482        4.7005069867540383     
 -0.12686673814524355      -0.79438677131009139      -0.31891456017313025     
  -2.1978030355782341      -0.46463469537832541        2.3861083437569839     
  -2.4097077323218987      -0.36691793942306911       -1.9888186553163250     
 -0.85406050224328478        2.9351743821832508        1.9054750238270450     
  0.80794659515345757        4.1117273389326261       0.15384861810406528     
  -6.9232940886052668E-002  0.11034318359732390       -6.6928111347212618E-002
 -0.22663271422034972        1.1163807292629790E-002 -0.13413601781544451     
 -0.50406267730294352       0.79990926677957142      -0.33781165156629628     
 -0.26843972524742005      -0.42234750689237655       0.63219331970468529     
 -0.36939635665935916      -0.14025549137075244      -0.12370955859740534     
 -0.17060057406490681       0.14490878112786459       -6.3371479841889816E-002
   1.0212650244317569        4.5895074335540622       -1.7033631261984659     
 -0.23343217735879787        4.3903799513714176E-002 -0.29691339469651951     
  -1.6829886531542420       -3.3155185374595981       0.96574391267840898     
  -1.7501921654405361        3.6108391879986032E-002  0.12264911408901780     
  -3.2831692041379537        1.0234647885258268       -1.1816793645582255     
  0.37413612644407857       -7.6876275072384856E-002 -0.45270396787632589     
  -7.0308794272152308E-002 -0.19947894723629794       -7.8601343571695903E-002
  -1.8797166592424255        3.0228388788618767        2.6150968890227513     
  0.36211349757707917       -2.1379751833534315      -0.44414265854574247     
 -0.18541492433331694      -0.15379942753178072      -0.12382512072336861     
 -0.18802623420597026        1.6037157840432387E-004 -0.14369192254949129     
  -3.3848550115007350      -0.64127186285492632        2.4818386558264249     
 -0.22247465162709684      -0.52574706898690426       0.22742299124585444     
  -2.1446085981656395E-002  -2.0592828096759015E-002 -0.18283128019692596     
  0.38531389095091512        2.4396384672300258       -1.6354105181122609     
 -0.12809882991874438       -1.8002300372783185E-002 -0.12457849762636497     
 -0.82914261353539809      -0.33321522519272179       -1.5840322809922254     
  -1.5029551314082270       0.46766088995496358        5.6105079101026236     
 -0.12221127452761553      -0.22116699119120264      -0.10002322759693279     
  -1.7510411035058424      -0.28287643721225919       0.28252789984494525     
  -7.4763523170452623E-002 -0.31958413027951532      -0.21121880201212592     
 -0.15716961660703321        1.6198661333944729E-002 -0.14840367127984108     
   8.7735360936912865E-002   7.1091603794961863E-002   7.0585083697941586E-002
  0.69791422814880144       0.43512258295576617       0.29809931669419731     
   1.5127793382796548E-002  0.20247121063175044       -6.0943736147664532E-002
  0.67834312102323313        3.5274836524952176       -1.9417250237881618     
 -0.21375364265849645      -0.20697596334907292       -8.7092077999551862E-002
 -0.22395797088883337       -5.7532462239660118E-002  -1.4860357538392259E-002
  0.70301979386671376      -0.39916614033681880      -0.42232180331551067     
   5.4042371625538627E-002  -6.2297885030651319E-002  0.25818074836981791     
  -7.7193798595476870E-002 -0.17333758491285572       -9.7451933093470736E-002
  0.20141873410105038       0.23655583838051950      -0.18508640432256854     
 -0.21058864412503739       -5.6691809768412704E-002   9.2086575236305562E-002
   1.9784533396183102        4.1700403227721603        1.0855074928226578     
  -7.3401015163445590E-002  -4.0232706559960030E-002 -0.24717433480172457     
 -0.13136636165847393        5.4732763078003489E-002 -0.23211831078665013     
 -0.14566706170521113        3.4803159626716873E-002 -0.17065670907165814     
  -2.6224487960114526      -0.81828099943697896        3.5041764513990521     
   3.1019269965317329        5.1204899332490905      -0.89497234815572080     
  -1.6385968388086657E-003  0.65305916479526727      -0.38451035858688831     
 -0.39732617163452594      -0.41447820095752774       0.83370986485467369     
  0.32005979968420423        1.3822940070342316      -0.10164011129374692     
  -3.1916846617275310        7.8906710997376708        3.6382585310477960     
 -0.11332385978447804      -0.27616936861668312      -0.17329342218671293     
 -0.14255425287208431       -8.4709057671086153E-003  -4.2955942778709504E-002
 -0.19450814222047916       0.22415290261450060       -6.3122850287404400E-002
  -2.7077096487824570       0.60062307939906834        1.9368653857678639     
 -0.18634938191770384        2.0959071274838672E-002   4.2219658673826363E-002
   3.4808353808099490E-002   6.1661523987779063E-002 -0.12737971721394323     
 -0.13948645970788720       -7.0390967008368985E-002 -0.18395360420341961     
 -0.19508530031204419      -0.17631727018269105        5.3198144410990366E-003
 -0.25377323692432907      -0.10933171589407120      -0.33044810483994180     
   7.4059248892556578E-002 -0.15515685255469253      -0.24121365056815586     
  0.83661092799877601       0.19011916980473798        2.6267185645400493     
  -8.2212586396754009E-002  0.10869399885626149      -0.22495911723251780     
   1.2561450414625326        6.9252015181036537        22.649286228833930     
  -8.3017995560846505E-002  -1.8145423592368384E-002 -0.10021295199716039     
  -4.9156868077143923E-002  -9.8298454741181748E-002 -0.34455504001597054     
 -0.25773278917114600       0.19411188228985529        5.9933345314235650E-002
 -0.29775101298084367      -0.23070634937783843        1.3442475713776391E-002
 -0.24465287861514709      -0.13581941318776622      -0.16212067152799914     
   6.1288245506559162        4.2629816502211826       -5.1973925216129668     
  -2.3645006886066873       0.16302185233897135        1.2972860342213213     
  0.53512925461025329        2.3361783206947084       -1.4157087869665756     
 -0.73779219948173169       -3.4145338512555452       0.40333317768993321     
   1.0312235157880661E-002 -0.10065244504936850      -0.10034561337814020     
 -0.19095579108210411       0.58946414134911729      -0.41160242559180599     
 -0.13397878290857793       -7.4478936492360166        4.0340071245804028     
 -0.19164888300198812        2.4269685510270193E-002   9.4380427344833609E-002
 -0.15470772216975409      -0.24911789633754328       0.13050175623891916     
 -0.13436143629349773       0.15017747078062491      -0.14543686159998617     
  -5.1640003022697494        7.8909389020230325       -8.1814423287688722     
 -0.18865384698780538        3.0240346033230066E-002   7.1222824893139580E-002
  0.20521636473737626       0.98695371711404334       0.19289780959658717     
   2.0476289515010309        1.2706292744722427       -1.5275076868472408     
 -0.20036669064456247      -0.11818204458838213       -8.0927741232375616E-002
 -0.13796910358521539      -0.22409605115561104        6.3116425889154726E-002
 -0.38108219981125496      -0.55510367772889158       0.11420624676978634     
  -1.7415162388590191       -1.2211906992016173       -2.4046491217617030     
   1.2108812728245060      -0.62963100540353489       0.24017098828204977     
  -8.2697375076101670E-002  -1.6273394848671014       -1.1911054461033814     
 -0.19472658926324485       -5.9060675579900586E-002  -3.7427211819662055E-002
 -0.26016618555739301       -2.0611894343205553E-002 -0.22887417136675961     
 -0.17010928451509325       0.19128805472814819      -0.21821754948485972     
   4.8437012096201805E-002  0.17358004694672541      -0.15094737539799860     
  -3.9640720365060743E-002   3.9499828525541930E-002  -4.6176855776410189E-002
   1.1059872667845350        2.2563472400610167       -1.7797411424666583     
 -0.62803249378909731       -4.3462443405940023      -0.37184621110952099     
  0.21158381542455210       -3.1644225073188627E-002 -0.25118302579841267     
   4.2279875389767936      -0.79054522660631499       -1.9087639482238468     
   3.4840631396004902       -1.3018392318761398       -1.7852049402708665     
  -6.6040607724711112E-002 -0.10438486395429458       -3.4718237644262039E-002
   6.3636364419426785       -4.7022798545413496       0.61662733331709385     
 -0.54179821958312080      -0.40453939095077318        7.6914238443092142E-002
   1.0740958006132413       -16.293540766518966       -24.118359432432836     
 -0.28792286588201621      -0.10995534766979309       -9.0436309876949145E-002
   1.9737535263310825E-002  -1.1094009077103730E-002 -0.18703538984630663     
  -1.9074576124697302        2.0023730817508572        1.0010936562643142     
   3.9630398078914761       -7.3115819434712073       -2.8046566213513384     
  -7.4438867908686728       -1.7055041551468166       -5.1236055285432265     
  -1.0006022329622342        5.7710692669322032        5.4084982895177056     
   1.1239706588795551E-002 -0.38472532003587306      -0.24447017687945047     
  0.54581386580377733      -0.31171537647839059      -0.34472128256566775     
   2.6796084851630102       -1.0200908622711924       -1.4084758978977989     
  -3.0383099060292360        2.0715305233501322       -10.851822983257003     
   2.4630463813249848      -0.70600584982798686        1.0427376225246154     
  -4.6442072667968418E-002   6.1360843432091292E-002 -0.31787384743235814     
  -2.2070975297096319E-002  -8.4209509389986309E-002  -7.5890760369676208E-002
  -2.1453693821337505        1.0256855273572776      -0.45728323947948013     
  -8.7450583268962601E-002   2.2039607880950468E-002 -0.34003666687598810     
 -0.31605102890200237      -0.13612060866783043      -0.11477486151422044     
  0.21182199556664288       -3.0307734694840532E-002 -0.14872050711860535     
 -0.16618802842543207       -4.1209162732319185E-002  -2.6578001959647140E-002
  -6.5563369614963812E-002  -7.9487875288677109E-002 -0.13641050914739261     
  0.90355691865486876        2.7764848562540227       -2.5122781855237450     
   2.9512015056663716      -0.43100041004153444      -0.42776787786412823     
   6.1535392296701791E-003  -2.1996281215605165       -4.6444799075133067     
 -0.13088153941255187       0.18273143241891782      -0.32361013975754060     
  -1.9304536902366403      -0.24907666171095141       0.53111036692713298     
   1.9628732821084558        2.0099401010892084        1.1519804117182046     
   1.4155377281185795        1.2711985731428483      -0.18900583569889021     
  -8.8612896907826477E-002 -0.11743394714295946      -0.12406301067606429     
  -9.4316849759747079E-002  -9.4200675633542119E-002 -0.10624285725941524     
  -5.7313199404651453E-002   4.7576115866718616E-002  -7.5959184011529679E-002
   1.2820645867593337        2.1876994434621779        2.7546671349655210     
  -2.8421716200456677       -1.9007111442958322        4.6688457971591433     
 -0.17152536177027272      -0.63615959052009774       -7.3371421847387458E-002
  -2.7618116709048119        2.2350362262275421       -1.5019323375687794     
  0.15540203561824195      -0.39494948981517980      -0.15242874139756649     
  -4.9937179193397974       -1.2526953686355171       -1.8649729844241352     
 -0.10101003004287903      -0.15367841245550518       -8.4814353547615740E-002
   4.0679470812927203       -2.5460093757335223       -1.7133018001286677     
 -0.15932003874787712      -0.11551608402145426      -0.21373305436512180     
   2.3110947920027665E-002  -5.0990150223561431E-004 -0.18158864665893451     
   3.4982631914633551       -1.3024791985628996       -1.9049926518419953     
  0.13675999580250209        2.2156068917628100       0.29979063300450381     
  -7.9394071516739675E-002  -7.3421105315221336E-002 -0.16039467511415606     
   1.0066823398349205       -3.4406250702647108        1.8998614329281702     
   2.7905986576191633       -1.9270481461315201       -2.2260371097558056     
  -1.9613440467416522E-002 -0.20621956854335494      -0.18928768783713371     
 -0.63185623693256321       -2.7543679798221610      -0.99833726375483045     
  -2.1757673253868383E-002 -0.10154267626501476       -5.1715562899518119E-002
  -2.5091253818488961        2.5224947249689760       -5.5483358067148529     
  -3.1460881132470093E-002  -8.9204059571124816E-002 -0.17688119879300859     
 -0.17000564986203306       -7.8133372232524326E-002   2.6436392794454103E-002
  0.10806458881550061       -1.7170426417595096E-002  -4.8035249059245104E-002
 -0.29733724098223341       0.45059304813177192      -0.21015157039964277     
  -9.2461858001552475        1.6811011086888905        26.627187893472556     
  -2.7116630197499285        2.9372435177916256       -1.2772384915496351     
 -0.19300540919511477       -9.8859964354581789E-002 -0.19119695090509259     
   5.1185850581337240       0.91248808954136840        8.0399602520957174     
  0.11929058862655535        5.4299242903248147E-002 -0.28464605003090260     
 -0.11107875530900141        2.1590155972781237E-002  -8.8370995566946133E-003
  -9.6237373442568636E-002  -1.2896418770017964E-002  -4.4973761996502460E-003
 -0.28233442516090401       0.10816927899422181       -6.9874724780181807E-002
 -0.97575278548001498      -0.21695016845347445        1.2767169234490039     
 -0.14368459916194007      -0.25022370128228150      -0.12516616329906621     
  -4.9216346153296673        4.2760045117830003       -6.5506681274584944     
  0.92959896768564287       -1.3091793991243177       -1.7135845050768896     
  -1.2741039783484712E-002 -0.26640485134056063       -3.7590128018115912E-002
   6.7079453038002945E-002 -0.73252092065844643       0.16062549981053414     
 -0.37658612288011006       -7.1104255567189939E-004  -8.0018776112659340E-002
 -0.68980825085439690      -0.34857818760786063      -0.67014079131400450     
 -0.31178497759642770       -5.9793565518595042E-002  0.22984054280004829     
 -0.11866329622555122       -3.6004438653104306E-002  -8.6584155569727567E-002
 -0.16550812804865411       -4.6874683496880766E-002 -0.22909320394345159     
  -5.5749905806336403E-002 -0.48094340730783652       -5.2821261037278001E-002
  -4.2982232151567754E-002  0.35648755817688482      -0.26746321166387677     
  -9.8968990035686613E-002  -6.4328155561039921E-002  -8.7018941195525001E-002
 -0.14787042301696396      -0.16462931501902595        7.4261113129007778E-004
   7.9002973018058881E-003  0.41790650995085138        6.4237395142502651E-002
   2.1771148172692070E-002  0.13482146104297832       -8.9455161284086133E-004
 -0.56692559188184044       -2.9877212055954359        1.1873430877108766     
 -0.12948346725293408      -0.14412977112180103      -0.20464618634941820     
  -1.7997794216201604        3.9597928401367789E-003  0.82943467626970002     
  0.75298145111197234       -2.3548627849852455       -1.8438281522134876     
  -4.4979014051965568E-002 -0.15657030188564658      -0.13641600905328272     
   2.0967918283625742       -5.5420826499770799      -0.46129539751636389     
  -2.3032014961865666       -1.4963503930614195       0.14402842031965168     
  -4.7503077977814279E-002  -4.2835886340243573E-002 -0.16015767793072774     
  -6.4849357898226892E-002   5.0229005839156786E-002  -6.7470130806057668E-002
   2.8230218616190017E-002 -0.22725348791035965      -0.17956834471279659     
   2.4645009703319139E-003 -0.76207430237443685      -0.42529224846650771     
  -3.7387286326006923        2.3156465139535469        1.8446391607523120     
   3.1843154964355138       0.82560381966954233       -2.7693130541940589     
  0.25427472755029568        4.2613453433379922        2.6092789874745121     
 -0.13032772938349566      -0.22691334659856874        2.6014891964173999E-003
 -0.35158957468001506       0.17057163994266178      -0.24834112860378907     
  -5.9718964913668737E-002  -5.9496203585329664E-002 -0.19660579863574154     
  0.13653109692558790      -0.35404810671414150      -0.43484600862021949     
  -1.5432112854107808E-002  -1.8589520207905399E-003 -0.42765316469911568     
  0.23014161127815821        1.4290912417024602       -1.4928284825627653     
  -3.9376159189604070       -1.5538504680699414      -0.99028406126461987     
  -1.3544061409521833       0.12670283621174491        1.1189130266597485     
 -0.19154369320456222       -2.3182709732979985E-002 -0.28018121711857402     
 -0.20603162234122113       0.18614206938042374      -0.12309310760295443     
 -0.37389481228941140       0.78558823214866336        6.4964264553086723E-002
   1.3338963562594862E-002  0.19565412259935108      -0.28812741364149685     
   2.2772178734090058       -10.836209447785784        3.1378034529135803     
  -1.8096142675435252       -1.9431103707839479        1.5534615831434007     
   1.4923397117287340       -3.8459084151060874       -2.3650005279511928     
  0.50235761125123379      -0.11929794176196008       -8.0025209366336419E-002
 -0.25505738255046273       0.16841811713072596      -0.14129962781032163     
 -0.17842916360248781       -2.8645569380520111E-002 -0.11728661449398438     
  -6.8567968935801051       -3.3141741687480102       -5.2857503826449994     
  -6.8664067492919242E-002 -0.16053352839474830       -9.9215941850059428E-002
   3.9493113364097900       -1.5115584700498301        3.7199717104672505     
  -3.6549138269059200E-002 -0.20749690853412361       -5.2719778098859839E-002
   1.7737024829334396        1.6162537047383922       -3.0275623791119162     
   9.5410994006012675E-002  0.41159710348839107        7.4614661159484563E-002
 -0.53205756405881632       0.22895726381265638       0.20572461456533048     
 -0.19915878620494165       -1.5717623933943314        1.3378965717505231     
   1.9301647586526662      -0.74471395440440091      -0.50739335675790564     
  -3.1266438262281793        1.2026965901165598       -2.2748557555397966     
  -4.1892703374702807        7.4111797940149886       -3.6768512512803326     
  -4.9858958294936563E-002 -0.34414378664447809      -0.39239068948520367     
   3.4568620005125648        4.7444933136551413        4.9251681584293534     
 -0.11708588570043223       -1.0761944134700550E-002   3.9418798468003335E-002
 -0.13789578153453777       -6.8853871549225204E-002 -0.20793665418972862     
  -2.7975186349572103E-002 -0.15799599085387139      -0.17624883143291711     
   1.2035236179474746       0.27604012353124863      -0.22183112216223821     
   4.4644172233794986E-002  0.34970032985109939        1.6298239879376868     
   9.6278436524859096E-003  -3.4169991415610244E-002 -0.11439027974074051     
 -0.66597163923490799       0.50618955923132780      -0.32182195181143719     
  -5.9997876243753148E-002   6.8603225591626640E-002  -8.9705642110662259E-002
 -0.32630414995924145       0.34347497860479403      -0.30965594136582031     
  -9.6716258263980573E-002  -3.5799114349751426E-003  -9.3781532518986882E-002
 -0.17062310022224109        4.1231048206508344E-002 -0.24054865523039978     
  -1.5430745591104316       0.55160727701222534       -1.7972376141906639     
   9.7023324423647694E-002  -4.2534280083287808E-002  0.15494051270102688     
   1.0276404868616487       -1.6091265187217989       0.58349315189675066     
  0.40533574075503015        2.0427860969065978        4.1966306251658363     
 -0.28462024285323001        1.6504230747113731       0.41670174246879549     
  -2.2446188919629533      -0.45159830664231787        2.4419450723160487     
 -0.15810965643306205       -1.1465792955728470E-003 -0.15143103050716319     
   1.7617278247641646       -1.8258529984673879        2.4851891945488642     
   2.9340747654994614       -4.8239030025113196       0.90413567676159168     
 -0.38331586329915029       -24.100404856999905       -1.1042961418315989     
 -0.13148859147458575       0.34682964811883721      -0.11694277417861572     
  -2.7543749951802227E-002  -3.0232377862664708E-002   3.0530850418466229E-002
  -9.8020242766460194E-002  -4.4224031953792549E-002  -8.2587350112164171E-002
  0.24915658290666631      -0.13482174697724145      -0.19831937417901097     
  -2.9111001988629079E-002  0.13095112535028208       -7.4378046282655874E-002
 -0.30694200364630020       -2.2892956900739253E-002 -0.19357953262803448     
 -0.38263054400241014      -0.82420755650929922       0.38789745758921379     
   2.9342048188615770       -4.8710309922756032      -0.65942076526683779     
  0.32879436922596705      -0.51177123978130923      -0.40643043110795152     
  0.99866914148448005        1.5258983430365047       -1.4506012008235927     
  0.65388809540218340       0.85927900178179706      -0.68903007253297999     
   3.0920201715087301       -1.0484324835718142        4.1110094275615845     
 -0.32121498966454820       -1.0433092753488833        5.0927929340511657E-002
  -1.5569423985236659        1.3996748857474965        1.0884844784103969     
   1.3207924603012633       -2.6984408893249188      -0.88494889524506659     
 -0.13456423098700721      -0.12698593946281764      -0.14192506665615967     
   6.7147641441044084E-002 -0.15331352205894336       -7.6964731992401808E-002
 -0.11744540403618664      -0.27227585282447159      -0.13639203056811794     
  -3.1550204948199601        2.1733498249175391        1.6218714214254868     
   1.7440553761580657        1.5764590279731230       -1.5035450140766098     
   2.8637847042592628      -0.62281037613659451        1.7976123784523264     
  -4.5560912449172306E-002 -0.16427881966580760      -0.10264436010437840     
 -0.17566543768259371       0.11476292856102854      -0.18585962443308562     
   2.0844156991388293E-002  0.17696881545450555       0.10297249954592311     
  0.20799225111557257        2.3044679176881147       -1.0541164915375540     
 -0.17908253684850634      -0.25040282574367279      -0.15436476923513909     
 -0.35775407862396114        2.2568062457333200        3.3429833030050715     
   5.1822906508460137E-002  0.14178037430381554      -0.36172471423241520     
 -0.36177177546277656       0.19511468420538741        3.5274786015055938E-002
 -0.27569931055149249       -2.1604898230050653E-002  -9.3510397081032690E-003
  -1.5468180404961505       -1.6871301884898928       0.24992071551215705     
  0.18592695030005696        5.0491075086127671E-002 -0.44803230739594929     
 -0.58886679047380219      -0.25477396788262258      -0.58824899978249823     
   3.3061208266312772       -1.6806947945059465      -0.90478181172753813     
  -7.7080574100190827E-002 -0.10807550648466174      -0.96785154317070010     
  -4.5659514820264792E-002   4.0311118861954945E-002  -9.5616228921328691E-002
  -2.9551332045189723E-002   7.0383327165116444E-002  -9.5253599435300401E-002
 -0.17592320244256693       -6.5470503614697473E-002 -0.13790434340083671     
   7.7126775932381278E-002  -1.9615360742875385E-002 -0.22901442675420852     
   7.1914611621928221E-002   2.1564583023417723       -1.1506975030392836     
  -7.9889724506225807E-002   5.6297183300650019E-002  -7.6242760411055446E-002
   1.0996548752927102        2.6361995893125156        1.2476390989128203     
  -2.7458804585966785      -0.66091819277169850       0.23653022118405576     
   4.4271762939655863      -0.38146778117033997        2.7331067984818742     
 -0.19020537845554739       -3.7130150776283614E-002 -0.10023965091662081     
 -0.73155757881670225        4.6646320682532227        3.5563687428125803     
  0.16012938000996177        2.0678311869008165E-002 -0.16515353610951528     
  0.96995735594097832      -0.77950726712224971        4.2658651711598141     
  -1.6694653494828529E-002  0.10796902445345771      -0.30022176387331084     
   1.1316876365853268        2.7158273160808228       0.57160383187227215     
   3.4184932315899124       0.15305408806901949        3.5229399073832659     
   2.6522345814412773        1.7050038223704733      -0.57980986049737626     
   4.9005636597753414E-002  0.17051216109397990      -0.22230096115661027     
  0.82273393147379936       -1.3918953701820991      -0.43094357672347128     
  -2.2953681270984450      -0.22155532112206167        1.9106242407389920     
  -2.7138350978976464       0.70244424248042170        4.2083547663015075     
   1.7756547841863468        2.1397469593498055       -1.9204165908660920     
   2.0940984599130474        1.0207769641652542       -2.5049841273186244     
 -0.16196131467613245       -1.8905147226034522E-002 -0.17153436314022552     
   3.2617360833561309       -2.6697047321322409        2.4186403602004192     
  -4.8977560486924041       -2.9197870590632160       -5.8046364506860622     
   1.5752363459698719      -0.74629880191986697        1.8589246080245156     
   2.6307299282873355       -1.9165134955788980E-002   10.424406914365916     
  -5.8226626715008736E-002 -0.14469805666064228       -6.3624666713823927E-002
 -0.47661251389953879       0.19987123427655223      -0.48584454370189784     
  0.79725692495188960       -3.1067279647214896       -3.5454750310940355     
  -9.7733181009560868E-002 -0.30191883420708088      -0.19910490375977880     
 -0.44682874918432502       -2.3895900136692938       0.46972382280532177     
 -0.36475570512466771       0.19570971176734583        2.4682333245897803E-002
  0.38577481670806985        4.1805830968620770       -2.1342763159169755     
  -5.3747083464118786E-002  0.24511344578013053      -0.18309413947543782     
   4.2032497616687065E-002 -0.17577903561521727      -0.24564293222665745     
  -6.5970600121721693E-002 -0.15001481998233801      -0.18582686774435078     
 -0.16557350141245633       -3.4236358661754895E-002  -1.9736023357824657E-002
 -0.25007494594051793      -0.23546963025210910      -0.10208119255151091     
  0.30717884307363230      -0.29299716007173549       0.12519848408806480     
 -0.26946233702868033       -2.4991095921409654       -1.2308841436549045     
  -2.5047850708648123        1.4405671754394052        1.5175119852025716     
  -1.6644667849955193        4.6737997013410384       -1.3433471009944984     
 -0.17886702730398540      -0.25027911760453758      -0.37523586830137373     
 -0.23934689440663545      -0.22663394723023322       0.10773423179199777     
  -1.8100705125223280       -2.5607059514395054        1.9740141440282579     
 -0.34030681736339413      -0.13457849161102317        6.1779526799723129E-002
 -0.11286761187076601        9.4744976636871002E-003 -0.30158256888190060     
 -0.91910664880897164        1.2907580898552951        2.6950783893973931     
  0.17871971375781540      -0.62916120775629758        2.9907045236134182E-002
  -5.8255546457198916E-002 -0.15386532944431464      -0.15686682670983010     
   1.6760818809501710       0.40441450909550408      -0.92649108588016371     
   8.4047318620578140E-002 -0.11258542049928043      -0.12361391923107029     
  -1.9590466192935783       0.19265007051000438        2.3941080724082879     
 -0.20958224010909818       0.10020130824151399      -0.12793114188975604     
  0.12960100113174308       -1.4933902610589698      -0.22961015334257251     
   3.5244555124764779E-002 -0.23325325838576971      -0.26672053262888795     
   3.3157215213629230        23.312430281834459       -9.7300711982220509     
  0.75458936886122674      -0.49730502218727723      -0.90295230547821559     
  -2.0367301877117252      -0.37737501135700047        1.6960166815426403     
  -2.7248309373929087E-002  -9.0239444977036093E-002 -0.24314750110739453     
  -3.2166130796605250       0.87102338172214189       -1.9064901130326175     
  0.61849258521125416        1.9194749579136321       -1.4859561864705744     
  0.12146612897024235       -4.4825204049052250       0.27950792289511672     
  -2.6479057798613113       0.32620928856612275       0.72099844251363210     
  0.16084412898940692       0.12099437452639683       0.20245093812581091     
  0.18013293440592279       -2.6618016233520105       0.74838450952104174     
  0.73954714103341024       -4.5232756708306114      -0.11255833518597226     
   2.2145454010119314        2.2264027684802468       -3.8075380585095600     
  -8.2903698063262324E-002 -0.17249351901360213       -9.3191407883396832E-002
 -0.20549647684519226      -0.17719065906626530      -0.12192742764834789     
  -3.9926193197876020E-002  -7.1726275623546484E-002  0.16209489978171668     
 -0.63908567902251312       -1.2051584206445112      -0.10584527317545231     
  -4.4061301781353928       -1.9758138050653882       -2.2806589548851197     
   2.3307414884184410        5.2380527131914265       -2.8573975342239253     
 -0.27444919638292614       -3.9632183033300773E-002 -0.11867609295389668     
 -0.29828339045030122      -0.10762266186589424       -4.1169687981626006E-002
  -1.4777187836693100       0.15094636537851372        1.5281317694018290     
  0.56322370553026169      -0.73264306753611597       0.57369729826901539     
 -0.28364934258417485        7.8825719502651992E-002   8.5618279809127229E-002
   4.2131533738785132      -0.43117510913070733        5.6457368252019391     
  -5.1247481158549192E-002 -0.21650961503399865      -0.25857629239074903     
   1.9560571382486691       -2.3157217453739798        2.1019161547637273     
  -5.5914688653667137E-003  0.14585582883823495       -3.0224023551213928E-003
  -2.7969595742928508       0.66228730507328581       -1.1989528752161158     
  -2.7420187627656922       -2.7910299791698701        3.9999244884606786     
  -5.3732575218887323E-002  -7.7430439594789027E-002 -0.11336412408569319     
 -0.23925429073180515       0.54948347875875758      -0.14121662199109128     
  0.75254696457147741        1.3942095475462208      -0.64337026036719991     
 -0.95651817438614595       -1.6478727543406271        2.1608908692126239     
  -3.8218258076059383E-003   3.6042478827808373E-002 -0.15524352799916216     
 -0.17197361252517643       0.17014403328410588        3.4698278622963118E-002
  0.17534205633026240       0.16883922525248488      -0.23391154098741676     
   2.8693142706547552       -4.1595403792339365      -0.14335428471592437     
 -0.18368294590506312      -0.50826681691682074       0.44536165476553574     
 -0.12185127525767381        9.7475145561720405E-002 -0.20110186521896856     
   3.7101229766118980E-002  -9.9405658184206352E-002  -9.5048132052391668E-002
  -3.1676295655794336E-002  -4.6092846734447107E-002  -2.3819538732751892E-002
  -8.7090625640321828E-002  -2.7022589074598796E-002 -0.26283065048249932     
   2.7418707814801988       -1.3135851926257944       -1.2451859647763466     
  0.48951651211921854       -3.3959032666706412       0.36445836976543627     
 -0.73147726544084557       0.22120759818787042      -0.20999427746796148     
  -3.0289711132186485        10.103025674600925       -4.3627214185191630     
  -1.3097865525384425       0.87742358317416580        1.3999485553619031     
 -0.21090384976902374        5.2265731970002408E-002   2.5740636838864076E-002
   1.7960818927727495E-002  -5.9792436791659083E-002 -0.19159427889675892     
 -0.10531434092968732       -4.4819525211730382E-002 -0.21582017486236760     
  -1.2965334027322337E-002  -3.3405934215505473E-003 -0.16152677956423062     
 -0.68894527642833225        3.6961261186990213        1.0228589487432149     
  0.19848773962993849       0.23994616526311802        4.8648576212234534E-002
  -8.7263539102807056E-002   8.9324214114174974E-002 -0.21941987623521950     
 -0.15845655595581340       0.12387104767786032      -0.28657389399448852     
  -1.4579106833389639       -1.3860960652342802       -1.1094762335493262     
  0.36486132933777227       -3.9948348125049491      -0.56815772566023404     
   2.4038124123134126       -3.5779497825700193        8.4467681864827142     
   3.0482258101573096       -3.3716818707097764       -1.3383952922982019     
 -0.35022019159622009      -0.39586133054278921       -9.4426854970879465E-002
  0.15312410073413016        1.8132310790186310       -2.9594611996656295     
  -2.0550208565441848      -0.15892188657208228        1.4128798972499665     
  0.31186985319365762       -3.4345912870922857        2.0513271947613263     
   1.5623675289271075        2.8064158457616624      -0.53264670858582597     
 -0.15247403618851185      -0.21367934215663811      -0.17495967449210009     
  -1.3102658331580488        1.0997304063902484      -0.18066061800508568     
   1.6723231523559379       -2.0110614786599390        4.4663921643111824     
 -0.41074692109229932        4.5189749151573179E-002   2.7959759165195608E-002
 -0.13159316994285258        4.8793770663288459E-002 -0.18281267637360507     
  -5.0330896833253050E-002   1.8921058402253582E-002 -0.31833327726901833     
 -0.26816182595889071        3.8964283971595307E-002 -0.11489372480657192     
 -0.24678141988244381      -0.28396169653245079        8.9762059530010860E-002
 -0.45362666257373707        6.6023831944739906E-003 -0.22179995088328922     
 -0.35963891393856373       0.18104664593196437      -0.18982563696132740     
 -0.28837391162670961        6.5119559389638371E-002   3.8928396116988985E-002
  0.53985193322841263       -6.7056576250775493        3.0053315869593300     
 -0.20688261739302247       -2.8598661577970419E-002 -0.10745799645536867     
  -6.7253600228414617E-002   9.3342928786784241E-002 -0.12784856044057472     
  -2.3205472546034844       -2.0647333395745933       -1.9232885450338708     
  0.17596465016402227      -0.41711786741404155      -0.18268898798019409     
 -0.45658517572255708      -0.16893249302329488        6.7159331680227197E-002
 -0.32165655043280833       -22.681873823025150        12.216663309338943     
 -0.10927487894434883      -0.42894755610993640      -0.35766622665517050     
 -0.54443635544886981      -0.37407129021480429       0.37594489377069529     
 -0.13244931474379382        4.4884163727187919E-002  -2.9403817548892770E-002
  -2.0196087749842722       -1.2847950811081115       -1.9074277856155009     
  -1.8676322302437716        1.1010570496005110       0.44158033315656320     
   2.1191225682277817        1.2641663858958394      -0.33600289990019822     
  -6.1965944285297253E-002   4.6120437138119835E-002  0.16153380549738269     
  -1.0737677068747766        2.7359766437948396       0.72459574850513853     
  -1.4657086126265577        3.7072834332974964        1.5641900367121124     
  -6.7359130869143425E-003 -0.37752477023279324      -0.22583050464247667     
 -0.11927769418975530       -5.7325413231068018E-002 -0.11681849446030540     
   2.7869057740093570       -1.2528602604292072       -1.6787130398311831     
  0.37134285992253091       -7.9126640501154338E-002 -0.26164905615593725     
 -0.22399986045794301      -0.29311347979493207       -7.0366041481789978E-003
 -0.12362339180863599       -3.1316231560866291E-002  -5.9687622692191876E-003
 -0.11549279397152090       0.16639459153445213      -0.30002742684461714     
  -1.5922888444428951        9.3025737584605110        4.7683522015200532     
 -0.26681713140602192       0.53533853061074776      -0.17073614408381282     
 -0.78431041503332000      -0.91988339078590708      -0.97353938827481479     
   3.0097696025865641        3.0718115824004539       -3.6374061906373654     
 -0.26925808899646053       -3.8461643845673618E-002 -0.18225732952780579     
  0.32436643173578200        23.845115948923961       0.41810602657163293     
  -8.4427708700101439E-002   3.2138374077812351E-002   1.8393687150617993E-002
   2.9969376449484671E-002 -0.21174831527381310      -0.19736285334304804     
   2.6189615594929347       -2.8681290555432528      -0.98089913100911497     
  -4.2921060959243078E-002  0.14270770884352216       -6.9363637855856100E-002
  -5.4161794942341558E-002  -6.7291106005637438E-002 -0.18797428552571546     
 -0.39391031655361053      -0.81134400324287792       0.75963631247786523     
   1.0727282291666811        1.6982572866944032       -1.3797347614711564     
   1.9862201540606026       -1.5423279495704842       -2.8128527742188316     
