  -7.3657337070862708E-002 -0.18220563879463419        7.4873398659369886E-002
   4.1085057759984410E-002 -0.31919521693099789      -0.26888938538849633     
 -0.12243519378565516       -4.7558324525840134E-002 -0.18762383390258625     
   1.1361906024741526E-003   3.9460233661436257E-002  -7.8259720563817123E-003
  0.11933353841830294       -6.8519243171575456E-002  -9.2204335005559544E-003
   3.4917653423785396E-002  0.10490923361162258      -0.10445137023223401     
  -5.0919378549373135       -2.7674633738089081       -3.8377125932404361     
 -0.27684661685455580       0.21786960415510651       -1.0802783545527681     
  -8.4199327647214356E-002  -4.1584570680698256E-002 -0.22084322012551225     
   6.6109924076421640       -6.5192671078686342        6.8226934510569031     
   6.8087312770661740E-002  -7.0877106470825540E-002  -5.2912886921108612E-002
  0.11242403185575457        7.6139086709085535E-003  -8.3882954403304441E-002
   3.5641170598773897       -5.6930420704418854        4.8933738077981896     
  -9.8165397908360569E-002  0.28268254143209887      -0.22073088826595455     
 -0.24627399612719555       0.31677887579023556        7.4568245602836175E-002
   5.9685136756431820        2.2856842923665113        6.2032094636777888     
  -2.2874492903629653       -2.5110709027794833      -0.71905034637951970     
  -1.7279757019682358       0.18870477357710538       -2.2194619816169348     
 -0.99219901971428426        1.2958634840364880       -4.4072221582142026     
   4.0534432182441869       0.60991839973340789        5.3110926568995840     
 -0.54213936253002581        3.2132600431486718        2.4426088923435199     
  -1.1514542854701233      -0.66429655734677284        1.3960063086038583     
  0.30608221042663281      -0.38372804409195144      -0.44299456953665178     
  -14.205627060041339        10.324236032980290       -3.5088400017310084     
   1.7868024462000756      -0.59910814491352382        2.5248628964076225     
  0.18862891477439789       0.10163756503213782       -9.3310795000790731E-002
  -3.2690940293311967E-002   4.1184292914593038E-002 -0.14522756725458283     
  -2.6645953190411662E-002   5.8823214200341416E-002 -0.26344200807794205     
   2.1657804906892677       -5.6730167190011160      -0.23519504487701340     
 -0.10856827912147275       0.16199729017760239      -0.20853573474899798     
  0.79706216856519829      -0.73499766668621647        1.2559242107180266     
 -0.12823492398173453        1.8455588802567608E-002   1.3795543834769769E-002
  -3.4298699644220609       -33.534731329976943       -21.988650039931972     
  0.12581742366529416       -6.3011670656766564E-002  0.16248035679908893     
  -1.0465364988564048E-002 -0.47097224914295382        9.3551743070803772E-002
 -0.91268292167705733        1.7178676973598515       0.39640948064783699     
  -9.9904235656275694E-002  0.24250576372055979        4.9506720219245334E-002
 -0.10937345961819631      -0.19859464128973411      -0.26767060125221331     
 -0.13306193929184207       -9.3781314066139695E-002  -9.6541034650617294E-002
   9.6285088110832251E-002   9.6926383406291450E-002  -1.7363222785652346E-002
 -0.30964297974785426      -0.16350369661121694      -0.16008300459097571     
  0.36835800682617154      -0.21847760420747694      -0.41603738633461318     
 -0.13235460858035322        1.5872105868442465E-002 -0.15498369947481705     
 -0.65655078993386662       -1.1059079818241664      -0.88786959169029978     
  0.17932374125279227        7.2695724568680162E-002 -0.15762213605565265     
 -0.34542774523200670      -0.57667371009897916      -0.69655848909909224     
  -9.6236608800967738E-002  0.11610380550291492      -0.21551738111399049     
  -7.6789833835412283E-002 -0.33130607981857785      -0.26089475981616472     
 -0.21227729455091765        2.2298167107167529E-002 -0.12440869067642857     
   6.1237539228310514       -4.5913216292581103        4.3325520550978700     
   4.7428930178879329E-002  -9.2944598676225440E-002 -0.23395381218710673     
  -1.3792148739135934        4.0483721883782282       0.72821156920416197     
   8.0012014974731885E-002 -0.12030160566067806       -1.9592175509519309E-003
  0.83174596202232043        1.6040073362685294        7.2237230555511706E-002
  0.25250597710153255        2.7308068427036841E-002 -0.16578934295767545     
 -0.17011621341710559       -7.0198880553249743E-002 -0.11427841677621954     
 -0.28601780353797024        7.6120081043019205E-002  -9.2314332000409283E-002
   1.1371923595110636        5.1556913617436235       -2.8121557939713777     
   1.2770434406984896E-002  -4.5129657451351050E-002  -2.3831544126921726E-002
 -0.15011107009345565       -1.6203196242752828E-002  -7.3265606178685674E-002
  -2.1804979061598024E-002 -0.19370036475171981       -6.0917514604239137E-002
 -0.23630762422192006      -0.60980414164950913      -0.21742018905396004     
 -0.16670913808861174       0.28515677753842833      -0.22805107166905492     
  -1.8797778192431804        1.7703382176989177       -7.0597960783420344E-002
  0.11996137215570030        1.7376149035668149      -0.68371249969527204     
 -0.22832053721296125       0.15255918629338455      -0.10853113036353902     
 -0.10254905387955468        1.2365985448355259E-002   5.4693611136337070E-002
  -6.3597334034820152E-002 -0.28593118954192354       -1.7243402871624288E-002
 -0.33545750717004619        9.9643806130360696E-002   8.4464755707902461E-002
  -4.4661164259996786       -1.8394342627075917       0.42291194041002395     
 -0.19157597221753697       -11.713629731301078        4.5089311085599126     
 -0.11416580196079859       -8.4478613061194266E-002 -0.17453951296947032     
   3.6447948145166449       -6.2285261502580589       -3.6323554060094825     
   2.1720466185999850E-003   5.9216132730590246E-002  -1.7763204636711834E-002
  -7.9875429550060328E-003   4.9144040211867246E-002 -0.18682873899046420     
   1.6661963211984883E-002 -0.20688961319506818      -0.22055429138015561     
  -7.6209419998544844E-002  -6.4472622899428185E-004 -0.31322674135429757     
   4.5446233189413571E-002   4.3779997311031452E-002 -0.34422191292559357     
 -0.35438603292268256       0.38057773268405776      -0.25081560945678694     
 -0.21348637396921402       -1.3055767583538736E-002 -0.47327350904844673     
  -1.3510473836811119       -3.1423335649658264      -0.99344408301942067     
  -2.1884539558705645       -1.1159024107221365        1.9397189036550837     
  0.19911693699203850      -0.50656657157584661      -0.22544889611445154     
 -0.13922057920974201      -0.33797797232497012      -0.52071445146409268     
  0.58799808596478176       -1.4463637255043462      -0.15276646423203818     
   1.9583441783935509       -1.0135862674324043       -6.1941621387551811     
   2.8821969121336930       -6.9644839141279764       -1.2104432209116753     
   1.9647607180782890E-003  0.11701019554637074       -4.9103108109106064E-002
  -1.2469635568516972       -4.8804240459872688       0.66000030721484870     
  -3.3858630286246751       -1.6078633122294781       -3.9084189593754166     
  -1.4969443222197636      -0.36171651774654590       0.52476409301504146     
  -3.2314496422124660E-002   1.4198253820741507E-002 -0.15153921075671786     
   8.9328343640691338E-002  -4.5971853100234258E-002 -0.24843078359723086     
   4.3820711233583300E-003   7.7885853470733707E-002 -0.12260108488943042     
 -0.19494811807443119       0.19453662878462943       -2.2018237999389040E-002
 -0.13746732522078151      -0.23054059766422222      -0.18763945951695588     
 -0.14546243614424811        4.6807307351772170E-003 -0.21261609561803690     
 -0.12018186496189805      -0.24338758300556246      -0.16773595597728239     
  0.39491465670826414        4.7771007360581876        4.7007146614493847     
 -0.12952439141216596        4.5455499687317033E-002 -0.10095871007330939     
   1.9331510089811228       -3.6291341809458899        1.7549834402061648     
  -8.1850162408095659E-002  -3.0314499505143637E-003 -0.24802914148442234     
   1.9943872887710146       -1.9855574669334013       -1.2500398979452516     
 -0.63580511066474510       0.83868326479486410       0.34519683554081154     
 -0.14921220050257464        8.1117129657027234E-002 -0.14597257860699078     
  -1.9528901119867894        2.7462876513718006        1.1441720513650855     
  0.26857495121780067      -0.40765232837153692       0.23550653364268806     
  0.92860552796518747       0.94580829823922730       -1.3674661536095205     
  -4.1344147647884771E-002   6.1926262079087760E-002 -0.17867431638983305     
   1.6881243613083294        4.1946571174620200       -1.4552730532865419     
  -1.1164479348851621       0.17541149033278677      -0.32400368395532275     
 -0.17138011648624626       0.47267854227821055       0.65279465430193828     
  -4.8980328596126617E-002  -3.8557558384319825E-002 -0.20050987211403690     
  -3.2365709115784544      -0.21817257810718516       -1.8309812061172905     
  0.41093004466986688      -0.31839241726334716      -0.20703759796046092     
 -0.11599440487674131       -4.5619014317383348E-002 -0.23401731666520106     
  0.54186734929065983       -1.4980628006215460        3.0584666798301159     
  0.10543881217360307       -9.5502399232157351E-002 -0.15465213307437625     
  0.22926517919200715       0.49439092908921967       0.28289167866400833     
   3.4675493141440672       -2.0719358847289735        6.1800315429013422     
 -0.18268117715764709      -0.22977387765037754        2.6754795864239810E-002
  0.11752130188503575       0.17629052824996833      -0.56203284683954891     
   3.3637232156286820E-002   2.1346056965225253E-002 -0.14529191127576591     
 -0.33084313177359281      -0.13404012567485743       0.46087655530164545     
  -7.2088960403015818        7.1966551653339579        10.057927159390253     
  0.22410075056921056       -7.4144927727292850E-002   5.2690550900256455E-002
  -1.3957105089708519       -1.9518503740313042       -1.5843410653249561     
   9.1624165543033681E-002 -0.32529694782594604      -0.25966145705472587     
   1.6390027866547618        4.3150138891285925       -1.7900654544109265     
 -0.27023659271026729      -0.18391505333531460      -0.30092023519365968     
  -1.1632798861714728        4.9270043746680523      -0.83627669200268728     
  -1.1927649929955557        4.3300288883394700       0.66345959561964041     
 -0.18083139023474912        2.5593626414031442E-002 -0.13951173964246055     
   6.6386511708905065        2.6686716477918546       -2.7016121104875346     
 -0.26609884449243554        4.0806482380540125E-002 -0.25867653309593547     
 -0.28153689432160428      -0.76486675016869898       0.32767468011603218     
  -6.3904999129721418E-002  -4.9509072463889435E-002  -6.1566062726154586E-002
   6.5416628803082224        2.2992920339700649       -2.8244457648403802     
  -6.2145701211302445E-002   1.8668998588127261E-002 -0.10664335766603257     
  -6.5496182783516294E-002   5.1080784270769904E-002  -6.9093139861144945E-002
 -0.39046438092437541        6.0974114199094744E-002 -0.21420107064245653     
 -0.21730883649120550       0.21968063159200404       -2.2884263867377762E-002
   3.4089644980278229E-002 -0.23271813264248437       -8.4878175683521365E-002
   3.6060252522922442E-002 -0.25410572970578066      -0.14198512067859054     
   3.1489476426071454       -7.6183823574484730        2.6316308458190427     
   8.0927244267110635E-002   3.5792021711324326E-002 -0.29718366104690919     
   2.8405405161360613       -2.5821918164233715       -4.8180172437634852     
  -2.3894880162096677E-002   5.7098717847065758E-002  -6.2007616234705194E-002
 -0.87860355405313428        1.8051174566109114       0.42859642835512934     
  -6.3464189414102741       0.42828110473479192        7.0741700865745942     
   3.4279936049238756E-002  0.28154321330570536       -8.2315589238357259E-002
  -1.0758176790694975        2.8808796786141029       -4.4372642322977187     
   9.1163294639793155E-002  -3.5518591163018295E-002 -0.21522875810385003     
 -0.24944224074430635      -0.35442555505922713      -0.43847669304825854     
 -0.20786290322826409       0.37275352204577200        2.8326526541392550E-002
   5.2039490591419160       -9.0898561744522030E-002   3.6841183985512478     
   2.5962884189021831E-002  0.22269517942359274      -0.12075716007900313     
 -0.67095414680406806       -5.8215366047217021        3.0575930593457428     
  -2.5164622598723216        7.4307428692997171        6.7859346265770304     
  0.35479136504576264      -0.15044771441269000      -0.21082555547244117     
  0.15956508203927028      -0.26107789938101900      -0.12255599671961274     
   5.1611568587936594      -0.96486057895277910        3.7506350329264091     
   1.6245884644901705       -2.4405245753792486       -2.7283204997893282     
  0.21993563713950165       -2.7678776898158626      -0.25685263794527285     
  0.12001239756454307        4.2921522922101045E-002 -0.14739471040253060     
  0.26597412841106038       -1.8638387169102013E-002 -0.17990415587183281     
  0.25271259017610032      -0.53304072446127160      -0.58826185584302870     
   1.9287564915450237E-002 -0.27768000595250553       -2.5615235087385127E-002
  -1.5256359824104369E-002  0.11300570314882516      -0.11165911634854458     
   2.0274193222920595E-002 -0.15253872147021574       -7.7391019119629520E-002
   3.3421760957458946       -5.8552791034075389        5.0360937927122436     
 -0.10382411823031636       0.24001840676592334       -1.5671997238287511E-002
  -3.8178004691087724       0.59276204409934785        4.8842203869952021     
  -1.3402470311506571        3.8929454348423596      -0.75918990034689326     
 -0.15786056753380812       0.37321719028962164       0.13734859570389787     
 -0.25066246831784578       -1.5622544769579753E-002  0.19519726315101962     
   1.5120814666059860E-002  -9.1158239341643021E-002   6.0552356762070634E-003
  0.24177069870606618       -9.0836114552238528E-002 -0.17403232271694064     
  -10.830442640914923      -0.29804169253509394        2.4901668170041629     
  -3.0385466513205932E-002 -0.12537554216873908      -0.13993676279227901     
  -8.0536002056074210E-002   5.7694359547796711E-002 -0.10715929962204965     
 -0.20361999404075731       -2.5956172858709114E-002 -0.14091420603480981     
 -0.81341378175797396        8.8776402859922533E-003 -0.82231372945194636     
   2.4094724232469333E-002 -0.20001385656681117        2.3242374680494379E-002
   7.8674600154738830E-002  -2.5577058665599159E-002 -0.18165147992865879     
 -0.33711362572835168       -2.0734837531112250E-002 -0.16846058483917456     
   1.5767951895907784        3.8179102579898241        5.8197734869631104     
   1.6690396732749857E-002  -1.0330181673946406E-002 -0.11775391246063811     
   2.9692472774283227        4.4974676821963113        5.0728341428675350     
  0.33682445800390204      -0.15028562338864479      -0.59265269865105830     
 -0.16324219544502216       -7.4201999262974855E-002   7.7702770060404672E-002
  0.60006647578785643        5.5868370608720230       -1.5633867791820184     
  -9.2366523213140220E-002  0.60071398354917172       0.23328400916309874     
  -5.0464746314640319E-002  -3.3240455878110191E-002   6.8839544668272232E-002
 -0.13098783502564310       -2.0709753765155638E-002 -0.10231713558386357     
  0.16636803719511495        6.1256746381867982E-002 -0.59031158333226763     
 -0.16927704711244107       -3.3784043653421252       -8.1401307999248482E-002
   1.2457061838906273E-002 -0.15669532140210404      -0.23791007916980345     
 -0.49627321777528610       -1.7059448012444502        2.1144242278384371     
   15.528625201593266        3.0709481235606959       -44.679530404465979     
  0.24531094910876672        6.4651125227353470        2.2555347290195900     
  0.18806107760580365       0.78286433362937202      -0.35398372201364964     
 -0.14721807495932115      -0.98875367966016348       0.16569725026792295     
  0.57625429575538145        2.2891080606712300        1.6469888187185235     
   2.8291419783487166       -3.6330915149521421        2.5623310188723529     
   6.5795811930704856E-002   9.3775253176354156E-002  -1.7622624594799342E-002
   1.5408977249439919      -0.94251148334427581        1.1131670236808837     
 -0.27590477698609195        2.5013203541512451E-002 -0.30072768565382035     
  -9.7255306012151127E-002 -0.12058677507584932       -6.1950509879296844E-002
   6.9226689663018162E-002 -0.25821919540583554      -0.14795472458805825     
   2.2602091740355186        1.1593817867165139       -1.6896394271367254     
  -14.208649792297425        11.597589308742762       -6.6553625938301648     
 -0.21074765276007004       -1.4813090631221109      -0.29300186014614160     
 -0.42523058514250978      -0.26333878278580497        5.7917509662121440E-002
  -2.6731479082433205E-002  0.19145493856792062      -0.18170568319248612     
  -2.6557574582849961       -4.4316098912063646        5.4258667240223923     
  -1.1929752307786747       0.60021325527895186      -0.98841932062173865     
 -0.26704584183562396        6.0310172681943199E-002  -7.7254144996597968E-002
   3.7663151555536727E-002 -0.16464133488716809      -0.30847286162459581     
   3.5225902127363837       -4.0455463590429019        1.0856096355745799     
  0.98969172176588416       -3.8716903987526852       -1.0900591652830041     
   4.1032890988690864        1.6264475702679546       -3.5235294196183160     
 -0.25552583682876417      -0.44344714363351684      -0.49447950419401537     
 -0.27682260130250569       -4.5667779238430059E-002   6.1813472772779376E-002
  -3.6005515719236350       -4.0520369628832889       -7.7397832511314766     
   9.8297807835691739E-002  -5.6598356383062112E-002  -4.0306915570820820E-002
   1.2778952279518982       -3.8559077818318857       -1.8076183247640030     
  -4.8329196629555864E-002  0.12516627424633336       -3.4824128624858466E-002
 -0.48066273933515768        5.4183512081663445E-003  -6.1549265809984322E-002
   6.5628188517656352E-002  0.37190013514724113       -4.0009869676737281E-002
  -6.0739216619409200E-003 -0.22736154664045904      -0.32635478240150356     
   4.9902340820152498E-002  0.17948303010188088       0.17894896510654115     
   2.8895665324874358        7.5527875933573601        1.4967736508208305     
  -1.9567508097663663E-002  0.55909295353959920       0.11333983764166637     
   5.5644077843004487       -1.6199268539797025       -2.5822005609850853     
  0.13905224846992137       -5.4761542806195052E-002 -0.10347211724442418     
  -9.7613504892299294E-003 -0.10044199344393850      -0.23462483019759600     
  -7.9874023794663754E-002   2.3293364715111044E-002  -9.1735820452310310E-002
  -4.9623994008287610E-003 -0.10120388827397896       -6.4193777174346475E-002
  -5.6702986542500777E-002   4.9868904925487421E-002  0.11066487695515481     
 -0.11180262903340946       -4.3804366909714433E-002 -0.17175625721525811     
   4.2811679875818638E-002 -0.33748375246331519      -0.18500565906654082     
   2.0103344893809161E-002   2.8579110731422057        2.0304621845619164     
  -4.4212467841147254E-002   5.6770020145239408E-002   8.4275629326770740E-003
 -0.87868409124921687       0.27324162759429205      -0.77205291208980198     
  0.80713295114749795       -1.7839096348650476       -1.2075443754736943     
 -0.24842267368085477      -0.27435875963322903      -0.29707279339375825     
  -5.6037477772117643E-002  -5.6134246670958801E-002  -7.6755742382814381E-003
   1.2159501065290047E-002  -9.9038873384509913E-003 -0.79198824660738421     
 -0.29738497194319286      -0.30057083928289180      -0.10256832690041950     
   2.3478541996331179E-002  0.10255376415197315      -0.10813026881765039     
 -0.35207497336387089      -0.31066349997540799      -0.31054232250977604     
  -8.4116688710272142E-002  -1.9544777981977089E-002 -0.15033604951925372     
 -0.18096945263346259        3.0967344252375746E-002  -5.3500572973909886E-002
  0.11207567487497673       0.21088270929622885      -0.23348440664323222     
  -5.4015048860548552E-002 -0.15756591344468840      -0.19769828298938882     
  -21.434174376781449       -21.077690069441516       -36.530302090730018     
  -1.3296189952982276       -6.3640929146492526        4.0232327596430135     
 -0.31044317956591655       -1.2075517910251443      -0.40687055758010721     
   1.5748599103377049E-002 -0.15945237254989719      -0.15229863586004561     
   4.9717946327630096E-002 -0.41083680615825657       0.47908077814442473     
   5.2400977160695117       -2.0815843351932370        1.5384360689353562     
  0.12046349779275904      -0.15703612213316379      -0.25009726170377528     
  0.17228976465292289       0.49442498890772035       0.20919511223859366     
 -0.17987571199269367        2.2530163017975044E-002 -0.25449305343188089     
  0.19020243003637813        3.2443758091524240       -1.2820321569833781     
  -4.5054946234823888E-002 -0.46354173399092119      -0.22989194220209544     
   1.3376186105622474        2.6306421274242635       -3.0343472280548598     
  -4.4614761904940507E-002 -0.49026044868233548        4.4220028654293642E-002
   5.6371254937505944E-002  -1.6563411972313796E-003 -0.19065801596771376     
  0.54522079174608984        3.5552718868710302       -6.8298057836320405     
  -1.3478033811786112       0.78011933588618299       0.94713586118342874     
 -0.12568376284735211       -9.7893654053220022E-002 -0.10700627168721445     
 -0.41044378410560522       0.19170938219920097        6.6073485612487617E-002
  0.50753142786257355       0.13477130248695898      -0.38119596415309037     
 -0.12856509401127847       -3.0385461747659763E-002  -2.3372606934878529E-002
   3.5069235286906530        2.5912446780118326       -3.1414112929734737     
  0.86348402631828891       -3.4691511361421017      -0.28508601302848957     
 -0.71717405900970732       -1.2770786016672269      -0.60173190155979694     
 -0.19409606959111447       -2.7052894733459412E-002  -8.4498155835902714E-002
  -2.6153155898030240       -3.4845554540098247      -0.86097129373932790     
  0.26922125579987133       -9.2821561018182536E-002   7.8031635576873468E-002
  0.58457317506361106      -0.25578171205179662      -0.29145002058294522     
  -5.6107934383377939E-002   1.6468834849475186E-002 -0.16844489331345625     
  -3.8549824245567542E-003  -9.0063177454056884E-002 -0.10523390567044492     
  -1.9656296785274842E-002   4.2253214360430939E-002 -0.17170298972885670     
 -0.12660806672303354      -0.42075342473415978      -0.96999423732651180     
  -1.5008376559486575E-002 -0.15437222118799551      -0.18281115328792352     
  -1.0358655017009630        1.8025758827596745        1.0483712532540999     
   6.3602545418983203        1.3211392982874741E-002   2.5447837728840859     
   5.7879147074401640       -5.2545692160719044        2.0891804242475898     
  -3.0704268926088692E-002 -0.17562535632451690      -0.14730225767333519     
   4.9137036652058097E-002   3.6880192815532606E-002  -9.0491053226391338E-002
   2.9716078330752724        3.5449503767118502      -0.59302737562436258     
  -4.0597962375449756E-002   2.9215199329801086E-002   7.2702309810728477E-002
   4.9584089573065079E-002 -0.17236178884839445      -0.21667709407169811     
   2.1954881210137716       -1.9395632440790920       -1.8924445074980583     
  -3.6868047649817060        2.8062881495162566        3.0043493228629448     
  -7.5922630010944753E-003   3.1227966063300271E-002 -0.13887210566676367     
  0.10834555746113403       -5.7384877555010337E-002 -0.26915706819059448     
 -0.28875603950995382      -0.13701260453983227      -0.27443081888061066     
   5.9668769258537147E-002  -5.1493682332459985        3.0878204396991471     
  -8.6854101036864848E-002 -0.14298352699533617       -5.8046722127813151E-002
 -0.13952951052697682      -0.13988282557001450        3.8717913657797857E-002
  -2.6833866764807306E-002 -0.22141354799797391      -0.10914926804018309     
  0.10426423755929208       -6.4624437591106074E-002   5.2604226158687498E-002
   8.5477970773885123E-002   3.9716278698807485E-002 -0.13707971282720638     
   8.2390895160045083       -2.0261575475237921       -2.0331008649267717     
  -4.2325526452918254       0.65964775453632241        1.0402561700534823     
 -0.16587332388034884        8.9152117425247146E-002 -0.11061395768206317     
   1.4242769315904817       -5.9351463555373911       -2.0067538216314351     
  -1.4596249576605635E-002 -0.27103603696740342       0.36883816589312407     
   1.3772696602179078       -1.5787406118448479        4.5272712022433348     
  -9.4789545881049014E-002  0.14550075645022659       -8.0275473676672954E-002
   3.7638078066606170E-002  0.11821136918151345        3.6404790580675250E-002
 -0.45206079921768932        7.6084229392778218       -9.4453035206498254E-002
  -2.4281462996068188        3.0636845891771971      -0.76173914326895842     
  -3.3755031997131186      -0.62819960457331581        2.6118040404529190     
   4.6893799862692562       -2.6448970979159623        3.8992538159090286     
 -0.38976212679001104       -1.9654149815728688      -0.23080867733819022     
 -0.13020436092347157      -0.12224224195348170       -8.8531431647459857E-002
  -5.4386865266812169E-002   1.1360819130887125E-002  -1.0325880553343790E-002
   2.8972314142663342        6.3251111618200229        1.4380667254772370     
   1.3394589085936701        6.7566955591788487       -2.5839732299993092     
 -0.97412296869745896        2.0893548974661176      -0.21208917621484721     
   1.4115962339873187      -0.65804464370868965      -0.53266327172785288     
 -0.32779564570510877       0.11462562058133155       -2.6069900455513644E-002
   13.455849003643298       -13.491032276644560        8.5382731753881043     
  -5.0937027241559407E-002 -0.16546096140166291      -0.16727443292749605     
  -3.1643977076684013       -3.8704352831103250       -2.9844572677416839     
  -4.3319090788945490E-002  0.32024740083087139        7.1186029109102577E-003
  -1.6290175844042540       -5.1090473974983723       -1.1651745806870684     
 -0.29001850629223613       -1.2624001745779263       -1.2823446558485974     
  -3.8784119871255602        5.6439185256188074        6.1476841630993126     
   3.4226468723645709E-002  -9.9683849949436208E-003  -8.9722476127402431E-002
  0.14627825145555143       -7.9128152324095969E-003 -0.14775483576244827     
  -4.0500888201199228       -6.3092042278276379      -0.60122530574298505     
  -2.6785712427905728        6.0136275508697334        3.1597688683807630     
   1.9547915238380474E-002 -0.23408750949843726        4.5208372340312226E-002
  -2.2717108752943571        7.9649522895252733E-002  -3.8378071385376189     
   1.3897900186097261        3.3321628381401447        1.2267467363654414     
  -2.9710964499547194       -1.4851890592080685       -2.2806272226617077     
  -3.7850967240965652E-003 -0.16433292196283131      -0.19018094638846966     
  -12.847955192444461       -11.294621347823682        1.7733596029238543     
  -6.2460195890353640       -8.8256034239486798       0.49078695663345723     
 -0.36188407350157270        1.2506286365337420      -0.10433700433785939     
   2.8335921720461927       -1.7199012023273168       -2.0457518253988907     
  -1.5146842908248219        4.0327272010642101        1.5494991595889140     
   6.7390435334230530       0.37997203020219061       -5.1578196104921670     
  -7.8527752314525676E-002   5.0545461600039275E-002  -3.8088980521006885E-002
  -5.6443424103375869E-003  -4.3876524871262750E-002   2.7195036543927738E-002
 -0.52387748911969267       -3.2343001997402965       0.47913037126463875     
   1.7808118342738651E-002  -4.8022680290442758E-002 -0.14255195933183024     
  0.67120320396479705       -8.3686597683494313        2.3244651181124154     
  0.19394382670827220      -0.27805145772986889      -0.22588270055842155     
  0.48608025202576244       -4.6383476498649623      -0.41319962318007475     
   6.3795351668869127E-002 -0.19534888934996711      -0.19053363199775644     
  -2.9725234412381958E-002 -0.15347239477814290       0.11542769695886099     
 -0.21793882765058770        3.5660334676384214E-002  -1.7359959126513402E-002
 -0.29002831447938832       0.24523999142543584      -0.14122145843635014     
 -0.14367964186334023       0.11745726059705829      -0.22501587747107499     
  0.64294551831228708      -0.17430904826578009      -0.20549615542965105     
 -0.16751615091377370        3.1496905632016965E-002 -0.12665348865876594     
 -0.18093823039977155        3.8286518530141624E-002 -0.23199460573884631     
 -0.63321348784321918        5.0026044331758231E-002   2.2588824618923278     
   1.6598700654629672       -2.2295018699321130       -6.7048214184575077     
  0.35940805010156451      -0.15553759120745927      -0.40331006592446694     
 -0.11828758830817715      -0.53742804030280467       -9.1350107251735382E-002
   8.6198282398440088E-002  0.16042907717686813       0.15653777095027993     
 -0.11853048269563507       0.44600192743524442      -0.19744207379407028     
  0.19256249809546938      -0.15021085150761754      -0.21834136406938062     
   23.436271074166388       -3.6639643776095498       -11.501187525007403     
  -2.5470493140021291       -4.5514275689813886       -1.2542715277643444     
  -6.8566753684351001E-002 -0.11103099336466890      -0.28289556565249380     
 -0.12459232372182190        4.6933239155916004E-002 -0.19712531656237933     
   6.0003179402311231      -0.97311598674508848        3.9711072239253400     
   3.6612448415849270        1.6561418013284381       -4.6551538539873523     
   3.0559968924312217        2.0734504175581971       -3.7954923036772614     
  -2.6319879204826799E-002  -1.2631029053815503E-002  0.12971859266925567     
   4.0259061880364291        4.0037408979325040       -4.7479647475925670     
  -1.2725439346673688       -2.4102072622821331      -0.13037256370787814     
  -8.1080730969414802E-002  0.28333098587024513      -0.19714826958658030     
  0.19595247402277099       -4.6182488303648003E-002 -0.27129078977834670     
  0.10433850346988044       -9.7228604627116633E-002 -0.14416522907816812     
 -0.19945640332337747        7.7119272040395315E-002  0.67642959285799775     
 -0.13965999664411649      -0.15839550154943738      -0.14636991166836030     
   6.0048826243927795        3.1104504268847741E-002   5.6441818361115219     
  -9.9835435726006484E-003   5.3089639202507866E-002 -0.14851104351335451     
 -0.46629489788721995       0.63385994412792490       0.29059326520734546     
   7.7693981037352713E-002  0.48227584073836333        1.3798353343398992     
  -2.2836709303485794        25.022793181413643        14.966522998198069     
 -0.17869327002089913       -8.3179105317480198E-002   4.3853355945020975E-002
  -1.5525310192024013        8.9032835981747896E-002  -5.7885443267489247     
  -1.9361862677347979        4.2348212449755733       0.97632007017128031     
  -3.5557174886171223        2.0839525962396026        2.0378197661722877     
 -0.31478004858906583        2.7010949437940204E-002 -0.18422071691054692     
 -0.15618295319852049      -0.12480061399138280       -7.7265663239796376E-002
 -0.16859781778676927      -0.14887439710591793       -8.8548575854906011E-002
  -8.8891695691366071       -5.0701503644692494       0.92637482316052933     
 -0.25530193910123672       -4.3805362914621483E-002   1.0763355316611911E-002
 -0.80424899384401316      -0.11216127668345288      -0.17410933699220379     
   7.2008910058149826        1.6731686059916389       -4.0173224701370716     
   7.0307152503925350        1.2982815745646097       -4.7406952274526351     
  0.29830931380560871      -0.51782798669353103      -0.18254945710445333     
 -0.17127143024421243        2.9997729136827467E-002 -0.11912430517163039     
   5.4413837484613525       -6.8802276213228533       0.89703276161998236     
   5.8975664533878359E-003   3.3810310143320539E-002   2.0603082055631959E-002
  -6.4524340940511298       -1.1895460035298897       -2.0036807022352900     
   3.3726726778044017E-002  -3.5879333446355282E-004 -0.12133244106881184     
 -0.16888711192065475       -1.3808400818316855      -0.32161756498582073     
  -1.6962553974825230       -3.7091987847907464       -3.5826382305482034     
 -0.18030285317025335      -0.40336983861817460      -0.34135751682678328     
  -4.1338103464890326       -4.5712429558058352        7.7528389727656188     
   1.5679239921698542E-003 -0.27619261841282061      -0.22681312894451619     
 -0.73038271131961519        1.9233136918667857       -1.4848717093963044     
   5.2044415501655367E-002  0.15760057030096414       -5.7097140048553895E-002
 -0.15816124578822538      -0.42481303752400551      -0.26018333248191422     
  -6.2657552146708024      -0.66190151550484377       0.13555792499422523     
 -0.14580894997653637       -6.0183486733931695E-002   7.7424335024199237E-002
  -3.7209854328186940       -1.6553929402188214        6.0731949411874613     
 -0.37460384342531061        1.7439427861752708        1.3967974419212092     
   3.8370942997135518E-002   9.9873305323182796E-002 -0.10855417729281512     
   23.375795209009535        26.943120382212392        37.003492363125588     
   1.2138694908060914       -2.7729975804231382       -1.9494219450917138     
  0.10714791658703574      -0.14471204031076970        8.5071686568672866E-002
  -4.6626140920632102E-002 -0.19503245659462556       -6.6904304723370944E-002
   2.1068804203735265       -4.2244580774200973       -1.3231830439479879     
  0.39402165943075146      -0.25805581777362147       0.38454818231908866     
  -8.7199577887426924E-002 -0.14879740296981528        4.0118609942584871E-002
   1.9019467184796539        7.7939649461471925       0.41321781101528765     
  -2.8243571033464212       0.26894211971455939        3.1938105724331334     
   3.1013403604115473       -7.0163875389470931        4.4188925419545333     
  -3.9193151374622985        4.7946540828329018       0.29022994286118337     
  0.15981245453623619        3.8559594880723219E-002 -0.18510570987787153     
 -0.63339525269812824       0.84179436852590306      -0.39327902103435991     
  -8.0302865192791034E-002 -0.11277928416991770       -3.2987128299820319E-002
 -0.17774559241178597        2.6761786756067343E-002 -0.12150717034202609     
  0.13849733229623840      -0.21092879179054436      -0.15009948618542707     
  -6.4142439885945368E-002  -4.4591542924488688E-003 -0.13485559368325437     
 -0.10898465314922269       -6.2873274006541024E-003  -1.1592886099238347E-002
   2.7052591351235313       0.96746879686102760       -3.3981498257997611     
  0.29796810306477589      -0.27496582607745790      -0.31248539872034575     
  -1.2030780825223732        5.0202699564631912        3.2995010210039912     
  -5.2625576461938488E-002  -1.6717041943964731E-002  -9.6329431861964299E-002
  -1.6195455494930002       -2.2479508517201290      -0.12890515450228043     
  -6.3437578970165927       0.37215419664246213        5.3296453580717431     
 -0.21949962924080421        1.1335570190541537      -0.58819966240551769     
 -0.14218616101742623       0.26531705909520742       0.51153417551552671     
 -0.25836805890950920       0.21151274930727806      -0.31766605146273208     
 -0.23414115750726897       0.13242063482061744      -0.17276109539169615     
  -6.7378513859937608E-002  -7.3871797096871888E-002  -8.1120992649709289E-002
   1.1873271154300835       0.85887948232588274        3.9072476850479352     
   2.3688895565294255        5.0959551038648270       -2.6070230871352740     
 -0.13295948959079334        6.8550534481691835E-002 -0.23006801217661030     
  0.49456162126090369       -2.6983989414453320      -0.64004549616857986     
 -0.11023197895407311       0.21325885725996555      -0.38051964680602557     
  0.18055182174354661      -0.11757266834671966       -9.3535769921410702E-002
 -0.59457371151052429       -3.0519534574253653        3.8566966037267885     
  -6.9738891474716055E-002  0.56415881992603212      -0.26321090427706134     
   5.4097177197236244       -1.1072370522319588        4.7088575986950270     
  -6.2798665818623728E-002 -0.15457814180598659        4.0878129953922100E-002
 -0.12324913520054166       -4.5935296281374195E-002   1.8065491362627955E-002
 -0.55387252150661703       -3.7144782123919948        1.7807998437817949     
  -3.8608306768759926E-002 -0.12669810088366079      -0.23025104930177973     
  -6.2456794046843005E-002  -7.6522483470063074E-002   6.0753408978966257E-002
   4.4700652007749739E-002  0.14998914193916763        6.6750704682735459E-002
   1.0148626105731144        7.0558580343338289        4.9338017159812892     
  -1.8224356998416208E-002  -7.0161661615136733E-002 -0.25631882974934622     
   1.3730491192997996        2.2795478824066513      -0.40009399827062703     
  0.80608380957388770       -1.7660301567451888      -0.56009979789566655     
   6.5311661371552985        2.0986217361663524       -3.2494432760431908     
   1.5942378163964508        6.1720332604503456       -2.6445333658450778     
  -1.2225173379282808        8.0002151666420751       -6.2873189646105656     
  -9.1595690422445475E-002  -1.7849670273878210E-002 -0.12018086775249517     
   4.0661723034514949        3.9627766127839665       -4.7827066716586470     
  0.11053863329981083       0.56762006186372904      -0.37684428252174818     
  -2.7915621051066588        4.2683081240033776        2.3722165258489025     
  -4.1706612115946722E-002  -9.5343971064368024E-002  0.42802801056049994     
 -0.19621059214547781       0.11287584549068325      -0.23071745276399247     
  0.15289098927977826      -0.59489777953505985       0.13919107686917434     
  -2.1691471250225245        3.8120818236757894        1.6864333811542667     
  0.18644588701546569      -0.20817406344669195      -0.16867468299112615     
  -5.2258889877897090      -0.78234428220190844        3.5473825637609879     
   1.9011908877880231E-002   7.0830355688604255E-003 -0.21788581567794052     
   2.2579084845817159E-002  -9.1212391977338204E-003  -5.4328765621157515E-002
 -0.51409187136846590       -1.8253273338867240       -5.9961941275505959     
  -3.0445781736513804       0.74363459870942350        1.2290081640283779     
  -4.7674734057508605E-002  -1.7187384838560638E-003 -0.13711948796451312     
  -3.2890878188039839E-002 -0.11855437222411008       -9.0953857954178458E-002
 -0.33618316833643286       0.24351587757786775       0.16078726131909749     
  -2.1347862839139586        2.6096664742853832        4.1173002484417980     
  -8.0993513301552508E-002  0.11936160872657940       -4.9025115697289831E-002
  -8.9703137881391781E-002 -0.14582022444572393       -5.9650318859923800E-002
  -2.3377560266002396E-002   9.6529226630766331E-003 -0.13318141498490163     
 -0.25595135116847439       0.11546426891891517      -0.36256085911937436     
   4.6663912817994424      -0.83895087201622820        2.6644562878594305     
 -0.29414659799498583       -6.4997866593948803E-003 -0.31501420729202856     
 -0.25092341081045366      -0.10683696925581447      -0.11822695023839011     
  -5.6477037431748221E-002  0.56405808278535563      -0.11270935550781386     
 -0.25472522068980225       -8.5331427261368484E-002   1.5951444669831491E-002
   1.6961938310712781        3.8866939118806560      -0.93835826107582043     
   3.5199586707199426        1.5676800282771788       -1.2361346516519234     
   2.7762294804740153E-002  -6.0838701824872700E-002 -0.23136972359851846     
 -0.36948833071842530       0.13934080897271678       0.16470737404463692     
   2.6427894647306189       -4.0925870901055426        1.4555855671204661     
   6.1785081272884859E-002  0.12532387946254647       -3.1536408759597123E-002
 -0.99154894951452310        1.9243619542692130      -0.13812650949291935     
 -0.96809270923007507        3.2511184024004534       -1.4407670692715553     
  0.98084730972271827        4.8930836399605653       -1.4941130243164051     
  -6.5096481980744789E-002   2.8438531732717029E-002  -5.4017897587511202E-005
   4.0411710746749909       -2.0291008409546705        7.3332160288637454     
  0.12698914878888318       -6.5679712366864609E-003  -9.8707811775954057E-002
  -7.4789047873981968E-002  0.12927972276383401       -7.3339187820649313E-002
 -0.19551356829769864      -0.14637272722056677       -5.4335466182597637E-002
   11.769263942196234       0.35385656735614868        3.9440634414731761     
   7.8416347061416883E-002 -0.10415763755815020       -8.6459955051711758E-003
  -9.6887586863695419E-002   9.3311143758615933E-002 -0.12099444784206118     
 -0.11465885791718075       0.13763750744232472       -4.6614577527441435E-002
 -0.11438464005476812        5.2477924107965278E-002  -9.7433138659511337E-002
  0.93087122303355097       -4.7720808467339113       -1.0668784694916011     
 -0.13546790397250158      -0.24322960522061601       -9.9183552900164465E-002
  -3.8086216510308170E-002  0.16706641831886040       -7.5145667320454176E-002
  0.23112425391705413      -0.24466809425587555       -8.8130439847690936E-002
  0.93799150132995857       0.98315014403479306       0.78669646327296328     
   3.1011307266066164E-002 -0.12061960987277559      -0.19982965518800599     
  -4.1039992998886596E-002  -6.9483358032946307E-002  -8.0505623150369326E-002
  -5.3188664267476469        1.2552916654186093        1.1587939189236058     
 -0.21214293537345888        2.2361563364050235E-002  -9.1437817307801303E-002
   5.3505481784504036       -3.0249044704685506       -7.2885186583845218     
  -3.9093674506824323        1.1049833504426209E-002   4.4784123316480420     
  0.28552128145515687        3.9778925926872932E-002 -0.46935553272040487     
  0.36452476633886766      -0.74984325848929800      -0.15037463545077825     
 -0.92912357921095623        2.4262844380238762        1.6289185828849906     
   2.5364416933400338        6.0917708482541233        1.1103354318852092     
 -0.21911705571319653       -1.0668406596319010E-002 -0.26882987280104254     
  -1.9549574439062700        4.8573833798849764        2.1638573731725241     
   3.9397740337203432E-002  -2.5002883855899050E-002 -0.17516491871757214     
  0.75744263913623577       0.43175332057341292       0.22909325884749859     
 -0.20444855146463664       -9.5581781366168656E-002 -0.12984456165010352     
  -9.2540481626268087E-002  -5.5895957806108648E-002 -0.14151453037925749     
 -0.29950389358171664       0.13486861312235432       -4.7798485143005297E-002
  -8.8158367794855516E-002 -0.27933735843070873        1.4449673795761198E-003
  -2.2381039146557877       0.81653574053363676        1.4566825384981634     
 -0.32582200230280434      -0.37610260022959280        8.5855211013738650E-002
 -0.11405838912472220       0.19713440138958119       0.13718805201961762     
  -3.8764499467903351        2.2061630868858244       -3.4790016620518243     
   2.2910417667979379        4.9131431913065509       -1.0602774214528627     
  -1.1675152602992402       0.91308249774421801      -0.63911577011842180     
   2.8531254093763878       -3.0463512621027999       -1.9689762283150625     
  -8.6498131398742448E-002  0.41181327676594753      -0.23148165722030653     
   4.6425145819853979       0.16518860839908450        3.3869521691288913     
  -6.2112360306334560E-002  -4.5702631516749345E-002   1.3330344644873987E-002
  0.22042693534649213      -0.30796499098160152        3.1414626773432004     
 -0.22403644545100354       0.24834593376983616      -0.15510729656810510     
 -0.64205867645198766       -8.4447465268147432        7.1152514857882911     
  0.27029233046009860      -0.65290011135625503      -0.31528482699327504     
  -3.1504966982546856      -0.61668808525607199        3.3917351568047893     
  -3.3892731323036127      -0.57533282316573808       -2.7579431842276509     
  -1.3260261221010239        4.3332261176993425        2.7039638030223596     
   1.1963176206713162        6.0518727671736432       0.18952611512898659     
  -5.4028292105866654E-002  -5.3772190250790913E-002 -0.15847733264736669     
 -0.11321613772937668        2.7742321320677818E-002 -0.12968372846140128     
 -0.54281668775900149        9.3517689464028039E-002 -0.40109227293971655     
 -0.57940896159488797      -0.39101190398406194        9.8095200714734626E-002
  0.16406734903472603       0.24190202917809162      -0.23372983974116782     
   1.3006157353479725E-002  0.15784932334396634      -0.10062942977847902     
   1.4966014158041636        6.7582288479869836       -2.5471354100342816     
 -0.22760823026648780        1.5416220730458827E-002 -0.24130361906583203     
  -2.5228064996250978       -4.8231194822913963        1.3560618622382419     
  -1.9854800249129145       0.10597935212776273        4.7511738548014618E-002
  -4.7523014829076020        1.3819610820947834       -1.7962039070740552     
 -0.52211262700818872      -0.28382812185615580       -3.7031857955698869E-002
  -3.0959110996403322E-002 -0.14993317783732549      -0.11659748466597157     
  -2.8252408528303299        4.4932309021427370        3.8179679350111715     
  0.50146593014605800       -2.6946569587830838      -0.69997964309210159     
 -0.18145377440971541        9.3232816898348683E-002  -6.6952103978450347E-002
 -0.29765190505626232       -8.4378333410676923E-002  -7.7755640446372315E-002
  -5.0480032381530435      -0.91094239380672770        3.5530631489808910     
 -0.18603173942533704      -0.30658049482852195        3.1467580544606168E-002
 -0.14372493543985621       -1.2204923746414343E-002  -4.4523237826336159E-002
  0.50079615637462715        3.4698458513421429       -2.3106698097104652     
 -0.82521985150131105      -0.60485443067882072       -9.4427243238646194E-002
  -1.0703291339971464      -0.31483237018131144       -1.7763912455981397     
  -2.3186087309340260       0.71668732261468659        8.5309609569855862     
 -0.14848943946193668      -0.11111475275651482       -8.8084572508573419E-002
  -2.2936626749502893        5.4203654115879980E-003  0.40047024330413517     
   7.1492366244104724E-002  0.23429213961060935       -6.9807085472800443E-002
  -8.3105752879821457E-002   5.1243961163064532E-002  -5.9664731325039147E-002
 -0.24937709820228982        1.7490878906787490E-002 -0.24013238643945156     
   8.6565725473602945E-002  0.14307358496920847        3.2644266985826460E-002
   7.1727965008758415E-002  0.12030860296165848       -7.6487071656409306E-002
   1.0226613467027943        5.1442150006532898       -2.9400963577868811     
  0.54232975604621136      -0.27616481461102071       0.24552885354688805     
  -9.7184145262535104E-002   4.9755508119325997E-002  -8.0290846418460071E-002
   8.0605962765902525E-002 -0.13659191221767911      -0.29141752770530177     
 -0.16837934097352961        4.6995851171800065E-002 -0.30297520218318130     
   4.9872544522211716E-002   2.7273099370853284E-002 -0.39725544668762308     
 -0.28255499652629074       -9.6531410283596145E-002  0.12060985107678038     
  -7.9065623551629327E-003  -9.9423472488878742E-002   1.3625602284892282E-002
   2.9331874088337035        6.2875286883489645        1.5300630648701354     
  -2.3285351379172627E-002   1.7571255026788316E-002 -0.11477581624326461     
   7.6875247519809981E-002  -8.2481779716335246E-002 -0.64795464684699866     
 -0.20074155399076291        7.9749053040778090E-002   4.5983249954439954E-002
  -3.5738742817811406       -1.2695679613767255        4.4955468571353006     
   3.9959703784012452        7.1632046541350682       -1.2802726185190858     
  -8.5363843598999553E-002 -0.19151919337604609        5.8717070859563056E-002
 -0.49289452298044129      -0.68917229037041683       0.90763739387278475     
 -0.14300490372168684        1.9319967827534354       0.21204398140671038     
  -4.0568626946593715        10.621319513799479        5.0398481513721620     
 -0.32140024080462049       -8.1500913414144269E-002 -0.11177308215948695     
 -0.10461047759436216      -0.32368691520134157        3.7629205528139191E-002
 -0.10414640012591542       -1.1708968953016027E-002  -8.6946416691588396E-002
  -3.8893012721131388       0.87940807362252182        2.7003864306791390     
  0.13457147118965010      -0.12092067241144944      -0.55660764988046763     
  -6.2992369888847793E-002  -6.9539620236623492E-003  -4.0676938686341327E-002
   5.9656259121310555E-002  -2.7563613485404478E-002  -8.0057997707191325E-002
 -0.13674374060233774       -3.9271784497968670E-002  -3.3340560357455876E-002
  0.56766892738356056       0.18052471582994442       0.34832295073415070     
 -0.11172164519422254      -0.13696824820227291       -5.8007075270129195E-002
   1.1933148384622325       0.22351426902047219        3.9330289437198513     
 -0.19324579734827638        2.2078394998557824E-002 -0.20067456760488653     
   1.8956737319065915        10.619418519914037        34.683231358177075     
 -0.11854789680257190        9.4237627325060580E-002  -9.2939929164755714E-002
  0.15350705341599116       -8.6304121969451419E-002  0.17159691125439913     
  -9.8028347455382983E-002   8.2445333041102034E-002   4.4755170532878169E-002
  0.54581785895650703       0.47191747700750392      -0.45864615009423115     
   8.8188636566917791E-002 -0.28100798237376817      -0.18601790031055321     
   9.2427448798845937        6.4683533567598053       -7.8673896410673887     
  -3.3239968356435861       0.15197697501596910        1.6718234094194924     
  0.59938238994419157        3.2482251704597518       -2.0361114914605474     
  -1.0270740973876455       -4.9351656749814206       0.41685450784358385     
  -9.5034921304788259E-002  -6.0946382541727469E-002 -0.10252757631307501     
  -7.2764512923275307E-002 -0.35152087316800795       0.12245574043041017     
 -0.24867922654961869       -11.130646855875977        5.9744709982830058     
 -0.25536342299899473        8.9815709381138253E-002   3.6412102157604691E-003
 -0.17266412437520104       0.20493740275181760      -0.66882704467708509     
  -5.6003632587513605E-002  0.11614151216666953      -0.27836442835511505     
  -7.8071506076098878        11.948702261191713       -12.410788450536803     
 -0.15521267048209231        8.5785013559187925E-002  -7.4772501805927686E-003
  0.25381580744680649        1.2829240805880056       0.37733052604718065     
   2.9501273143333746        1.6896010575495379       -2.2097136212315136     
 -0.13860655804332137       -4.0417785648270713E-002 -0.13849510622889818     
  -8.8418499375483683E-002 -0.27697963839506934      -0.10977845916497386     
 -0.26808860607130797      -0.44326757424242041       0.11801181577030702     
  -2.5574422246535811       -1.8534579728651059       -3.4968777739570229     
   1.1759833589174635      -0.75881254263239661       0.10885201626973703     
 -0.30060813245155654       -2.0621405262143688       -1.4880820600700302     
 -0.13321163099245995        4.9680421605079024E-002  -2.4202326929960240E-002
  -5.7954747716555371E-002   5.0710676278551921E-002 -0.16409798192187233     
  -6.4888984568778021E-002  0.10533565522689746      -0.16506993720136937     
   3.9796320242130720E-003 -0.27274617562269515       -5.5791462162328116E-002
 -0.29182543210675305      -0.65454230444141293      -0.69473106454583955     
   1.6584395848032560        3.2307694795029782       -2.6443337450790194     
 -0.90809936808071290       -6.3766289663107338      -0.55712387499037763     
 -0.40489773612325819       0.19466662960696868       0.33914753633035222     
   6.3321090466963446       -1.1889162418629720       -2.9624014755211743     
   5.1229829067192352       -1.9893371571240774       -2.6392057863652529     
   4.6900307097998237E-002 -0.14867715187054609       -5.5048907562171269E-002
   9.4339834896636212       -6.9737368872526471       0.89830772232243850     
 -0.81568916215564202      -0.45694250812757226        7.1416062229690561E-002
   1.6166941503850549       -24.968883895925906       -36.996757888128919     
  0.14036295064000151        5.4762034959090142E-002 -0.26575175697758702     
 -0.21635156058956095       0.16818740742102201      -0.15444387903334411     
  -2.6641011266907983        2.7689020292387339        1.4062361143454061     
   5.6506178652950370       -9.9699318543691025       -3.6789647777209544     
  -11.346976018895710       -2.6368708748626175       -7.8358591132825781     
  -1.5476599543178027        8.8320560340377448        8.2492941855739552     
  -8.6395729277921537E-002   1.5090348555583343E-002 -0.12954600313350834     
 -0.42311267418438264       0.19781930759389543       0.17444381704390766     
   3.8259480201876483       -1.5393234398898894       -2.0722093438021987     
  -4.8317398819774642        3.2714999530375981       -17.187502678945084     
   3.5836252884726791      -0.98820427554340484        1.3987551364449553     
 -0.10795446197148018       0.10574510543119067      -0.26847254811410154     
  -6.4910758641470251E-002  -5.8354101727736578E-002   7.1228726672539402E-003
  -2.8915061131185689        1.4223131395553477      -0.56339743875992132     
 -0.87652886222165960       0.30726459758965752       0.76073475731659468     
 -0.20580900145270925       -3.2349684401036014E-002   4.3345570472523118E-002
 -0.18930193859643160        1.8906507975103480E-002  -7.9764623409976448E-002
 -0.22161648106056989        5.0677832620968727E-002  -1.2345065192482739E-002
  -5.2743763451360056E-003   2.0229427882742027E-002 -0.26657788251369419     
   1.2647829423450341        4.0404985496134032       -3.6067455773643657     
   4.3500936076560945      -0.77360673212845965      -0.64115371330078252     
   2.8631224322161933E-002  -3.3300895963156987       -6.9544852853593842     
 -0.16795243888098557        3.9308704831865632E-002  -3.2405977852621580E-002
  -2.4389035116892415      -0.29624470092976801       0.53697950770158653     
   2.7623641141279767        2.9442100890396494        1.6785188832678399     
   1.7421548600980012        1.6221364018177660      -0.24173755981624809     
  -2.4251295519947230E-002 -0.21434193876367080      -0.29541875679047380     
 -0.13422551375797009       -5.9953463029373752E-002 -0.12043382902312041     
 -0.26776377171626842       -4.1099332249667296E-002 -0.13030702065386765     
   1.8691927832531512        3.2446936951489160        4.0495454617770257     
  -4.3518226772595101       -2.8805452106499647        7.0741662552911455     
  -6.2301328689126474E-002  0.36079356231914544       0.20412547623188276     
  -4.0338197586634754        3.2344102717692467       -2.1840420347361880     
 -0.78541942380321128       0.44503807762736125      -0.14783129345157500     
  -7.4505000849463334       -1.9149751681047207       -2.8050477996081442     
  -9.0223473153502556E-002 -0.26796093543533012      -0.18482464416743929     
   6.0235860562953647       -3.7986650889356954       -2.5682089240623820     
 -0.16792926984469200      -0.11771635186038287      -0.27415080739451742     
  -3.9498793465847032E-002  -5.5068924971452368E-002  -4.4134843950109706E-002
   5.1537477781328533       -1.8820347836730713       -2.8492430752153983     
  0.14020646058775119        2.9264034185784045       0.41436768069487279     
  -9.5157907735787209E-002 -0.14313194598446088       -7.8373448931832096E-002
   1.4518767276391558       -5.0901591328923876        2.7730146137133200     
   4.0550883833845237       -2.8677636857803273       -3.3367659410817061     
  -6.0094462462670716E-002 -0.17735360063426608        1.6919425784784364E-002
  -1.0861693638079242       -4.7834050052675936       -1.6656797147678486     
 -0.11095290961256579      -0.10623329383074681      -0.11359650023796532     
  -3.8100208805498381        3.7682045115230709       -8.3823222221241984     
  -8.6440732914497984E-002  -5.3952313844276810E-002  -2.2493148126525447E-002
  -9.9444282383519766E-002  -7.5901514657623778E-002  -6.6348934356503200E-002
  0.12491698379187702        8.2937935379191335E-002  0.19956196014819591     
  0.26434428215810890      -0.84418732750021352      -0.23062733550430922     
  -13.596355742312486        2.5815491887447699        39.172868561498532     
  -4.0950468314802695        4.3201842116407141       -1.9427137156223135     
 -0.20866819343286913      -0.13668093320399466      -0.22217440601075011     
   9.7976666793833189        1.7856135088798397        15.218028342298409     
  -1.1955257871881617      -0.66423917324438275       0.82066512222286270     
  -8.9671882711028758E-002   6.7493494080007099E-002  -8.2521210399485179E-002
  -4.6632071037075541E-002   1.5900825116535740E-002   6.9448336805478600E-002
 -0.10047001061577665      -0.19560305357586186       -6.9839279276016478E-002
  -1.1851377260453244      -0.31143302455743094        1.3425810795801023     
  0.17359613813857483       0.95233617095633238      -0.35592932457696036     
  -6.8141476792928106        5.8917137180420491       -9.1615492647071086     
   1.1479117797720748       -1.8526084772007325       -2.2727133930560153     
  -1.2145308792058183E-002 -0.25730053316760121       -8.0552037793897316E-002
  0.51365559448501519       -1.0268704138761913       0.18462717370697299     
   1.4622465804806596E-002 -0.30502207921846153      -0.11092212609465420     
 -0.33982772797841054       -2.7231161458897542E-002 -0.36607292011294501     
 -0.25933387553463350        3.8601273377227498E-002  -6.5188191035705639E-002
  0.39800107275998214      -0.59744388255165803      -0.63573061269414310     
  -7.5279955168092647E-002 -0.28971420443079887       -5.6586011935191201E-002
  -2.1420572094635573E-003  0.14405259418472627      -0.32091283889162631     
   3.4241260741418117E-002 -0.62070388954034827       -5.1627805793674111E-002
  -7.0095642786243778E-002  -2.4883369953252060E-002 -0.11716635865902074     
   6.3966561990120727E-002  0.24272156286893959       0.13588513799989363     
 -0.22267378610600230      -0.23223809456634140      -0.44648205200727542     
  -9.3184658104884062E-004  0.23308884888187320       0.11533775357789521     
 -0.94094639906034538       -4.4977391594879617        1.6312668358547369     
  -4.2130819265013809E-002   5.1167360530702283E-002  0.26725464280081956     
  -3.3380937169399512        7.2811392214574319E-002   1.6028318848353522     
  0.97119263214232154       -3.3370935530525139       -2.5967097841193940     
  -3.5300249684830143E-002 -0.13622873753800671      -0.14635501146678501     
   3.1170321141504886       -8.3119339151930571      -0.69411336729556594     
  -3.2233567020753315       -2.0134603703086245       0.12391643105226463     
  -3.4362325659308982E-002   5.9248990926706019E-002  -8.9717861725070236E-002
 -0.38585186493907569       -3.0508278147754829E-002   7.7142897140788674E-002
  0.24501942445616204       0.20773907888928475        9.6649155773769202E-002
  0.31401574023610934      -0.65851156971791747      -0.46447630676680607     
  -5.5657000084789354        3.4965581345814973        2.7087112592127132     
   4.6566041900969886        1.2270142535193400       -4.0920359841239771     
  0.31775109879715757        6.3702479075619749        3.8610468880644615     
  -9.4173136294574647E-002 -0.11533185544245550       -3.4394652040636700E-002
  -8.7607473075300438E-002 -0.23306944071482119      -0.34502412162869167     
  -2.9385619792958866        3.4659294101426963       -2.2225747501064599     
  -7.4664816859458371E-003   7.7307925811708374E-003   4.1262657902267083E-003
 -0.13660387428888288      -0.19791215806053730      -0.15685398927492203     
  0.21805822641640615        1.8732354503370217       -1.8608079907349480     
  -5.7289984123108937       -2.3349946935900370       -1.4822369486432192     
  -1.6372436016848291       0.13163155395671342        1.3280537677032609     
 -0.17441453685131927       0.21201934610279019      -0.10702047363790528     
 -0.15498105245398427      -0.20603383478811763      -0.29375763611900912     
  0.13154997515372691      -0.34444443626720933      -0.20953199833411890     
  -3.9389545619688306E-002  -6.8011387174354482E-002 -0.11282626037333512     
   3.0445855762131568       -14.995107371901264        4.2083327808504460     
  -2.6187227221931040       -2.8146683579193001        2.1016989962777344     
   2.0355142760403315       -5.5879197890567216       -3.5178793551531040     
 -0.60618204974980749       0.27233267262149713       -4.9054348015769952E-002
 -0.14447094682646677        8.8449849593879803E-002 -0.22646574774830514     
  -4.3288355010529855E-002   8.4538828623564349E-002 -0.11761707596169509     
  -12.848122027197581       -6.2072986376649082       -9.9870571725340689     
   8.3404767347841385E-002   5.3550705243603600E-002   6.2495408034977287E-002
   6.0070227621467405       -2.3043642424416362        5.6462575063779505     
  -4.8049922506595649E-002 -0.11102050585088363      -0.24782326989921907     
   2.5845080467020063        2.3000385958403426       -4.4553278116458470     
  -8.4975118045840112E-002 -0.59665092417913856      -0.30664005572927988     
  0.27983174723270826      -0.70176109719997770      -0.37604719559172489     
 -0.15944581774952826       -2.3510331942019693        1.6214306510640184     
   2.4988481694454507       -1.0298752279703149      -0.78800886498060863     
  -4.5638621400955177        1.7419599533930397       -3.3296387169673833     
  -6.3179232631386260        11.072128020322191       -5.5523770168749644     
  0.13082703650850755       0.15348529043196932       0.19948803917193828     
   5.2444799030909586        7.1992101343373580        7.4650776550056896     
 -0.11407893086820343       -9.0363979775064260E-002  -9.1486533276875129E-002
 -0.15751298189975999        5.0949495857129136E-002 -0.36444582264140052     
  -2.0609970069809733E-002  -3.5692109312413872E-002   2.4932030969171382E-003
   1.4829123001603000       0.74073642281127328      -0.22242399672048027     
  -1.5614071873198533E-002  0.53619015779044799        2.1364751860053981     
  -7.8981533484561675E-002   2.2692534053012841E-002 -0.18165336829146067     
 -0.37570994013373632       0.14762530696021697       -7.4704529476689180E-002
 -0.23040198923099353       -3.9774347839694243E-003 -0.20704392174236555     
  0.27989956725132870      -0.15398568105375093       0.39273746934390913     
 -0.15165444768018474       0.29122452317607012       0.17387558638836539     
   4.0150378205033040E-002   9.1467329796921376E-002 -0.15122450503017215     
  -2.0423691956730581       0.65952513492210574       -2.3907926026666231     
  -1.7759031262633906E-002   2.0091184658350629E-002   1.8198226948472576E-002
   1.2923633667930410       -2.1129465523773070       0.59443886400231527     
  0.58116162062165322        3.1023593147305699        6.3007404789631982     
 -0.67003325142673287        3.1192101510978487       0.81390868476351352     
  -3.2512886104978662      -0.66778248528051576        3.4308381055090287     
   8.1696132398260037E-003  -6.4750038417314641E-003  0.17416744606962908     
   2.5872360623085422       -2.7289276826622628        3.6102549307127894     
   4.3618833819516771       -7.2470770818401071        1.3038597904444567     
 -0.55104610401883691       -33.395194143798072       -1.6812385142428938     
 -0.36368146554769337      -0.27642291433878546      -0.15063847970430058     
  -2.3654999179412047E-002   1.1993541678673537E-002   6.4958321558401186E-002
 -0.13602678887932049       0.17274304806631327       -1.7780603341122657E-002
 -0.42257058556143179        8.8746134411596941E-002  0.11537141900448654     
  -3.6504339980069821E-002  -4.4142692656036174E-002  -5.0665137738691683E-002
 -0.18220600907226370       -9.7064997329509121E-003 -0.11746989945245175     
  0.14248389726190877      -0.95416934073290771       0.51917257279155660     
   4.4034280799531542       -7.3532964591627481       -1.0172394636896220     
   3.1415660654938362E-003 -0.20700489308021322      -0.28261175054755971     
   1.2988787318444170        2.0206583354300949       -2.0001620253031476     
  0.40454454066394419       0.84278485246954771      -0.73674920199950189     
   4.6729558257350927       -1.6154172231958173        6.2256806008308665     
 -0.14056870055050813       -1.2550512957696840        5.2429412737731718E-002
  -2.1081714084057226        1.8255382916162697        1.4267168009160633     
   1.8799609710056961       -3.8430344108630847       -1.2425371276159267     
 -0.16047797800784599       -9.2616560015460980E-002 -0.12492054510141923     
   7.8262411783238645E-002   2.5922834501841532E-002 -0.29722594473415676     
 -0.10236814541969563        7.0485390860606165E-003  -9.2279829949326472E-002
  -4.6669580442775445        3.1516860086385723        2.4518138430784142     
   2.3895463050872765        2.2893024524205128       -2.1725791169001289     
   4.1865275163718696      -0.91093754273174410        2.6408474237507988     
   2.3104290937754873E-002 -0.12803221952325583      -0.11284982403851201     
   3.5581425966067899E-002  0.12818850938820908       -8.8465564337656150E-002
  0.18350369989704113       -9.7914600325154547E-002  -7.6599713847113476E-002
  0.30705837489387389        3.0732879814350054       -1.5301127572688569     
 -0.11030841824955889      -0.22868841562400524      -0.24923107752569776     
 -0.57260136008775098        3.3154449667846579        4.8965552002239043     
 -0.15647730719164543      -0.12299806841104556        9.0745238989258306E-002
  0.28307755429774206      -0.12616772874936819      -0.11697789976488410     
  0.23300923064756865      -0.24432710369502708      -0.15474290348650924     
  -2.0349911383374097       -2.2853738729405446       0.11702347853773599     
 -0.56144913672160623      -0.18330536069495457       -1.8738117567219530E-002
  0.21683561997163994       0.30266508460869895       0.45384779941372466     
   4.8622312392420870       -2.4751689480714862       -1.3504538921724880     
 -0.36152108299537178        6.3271133571496593E-002 -0.55736362777697257     
  0.24345101040494385        4.3301385122533231E-002 -0.11284277644306751     
 -0.10922106704548093        7.8493611514659695E-002 -0.24104621301268195     
 -0.19489383426399789      -0.10007420444344968       -4.4666114705353574E-002
  0.21282531223600645       -7.8941790795684821E-002 -0.27033422223671805     
  0.15492351832786980        2.9075638718258787       -1.5291815371445441     
  -7.0597409273378361E-002  -2.0422270947208762E-002 -0.11348977333411096     
   1.4739738902832449        3.8684641978767180        1.8243886529365749     
  -3.7807874330611777       -1.0186922626840189       0.25555142600304886     
   6.7114845237738789      -0.64235451808171828        4.1502018468701607     
  0.14505286037844622       -3.2623467074262180E-003  -9.4455746633085244E-002
  -1.1398765597859271        7.0710681004751814        5.3348835255685474     
 -0.30116692452013583       -6.2567375398817182E-002   3.3707739525602076E-002
   1.4176473242332190      -0.85118919306495477        5.5873810069740308     
   6.4759889432455628E-002 -0.28431917414136493      -0.29770084455037560     
   1.5927863783481291        3.8565112070671148       0.74592165645401076     
   5.2055646500368624       0.21284413754314099        5.3591738775593907     
   3.9245994634242485        2.5264848788900802      -0.90447365983871941     
   2.8448784856548084E-003  0.14724944522555050      -0.17868998016327742     
  0.78824141645007229       -1.7651256653621545      -0.64967105992051855     
  -3.3460542458030775      -0.32814909914625562        2.5968840158597586     
  -4.1159288837123942        1.0361141032180756        6.3088900390303930     
   2.5040712383863091        3.0759144263190046       -2.7733430152359180     
   2.9961434148756458        1.5017290863896131       -3.6892474525135128     
  0.11451268453161226       -7.1881785392169342E-002 -0.28481117944156376     
   4.8982068396685925       -4.0418143314030530        3.5937268352710969     
  -7.4249729019610857       -4.4619628331404355       -8.7894402922267449     
   2.7645522430444753       -1.2950029063332689        3.1437653843089990     
   3.6685053620338359        1.3546925802469153E-002   14.540816363151453     
   3.6615848642785010E-003 -0.17359595297627414      -0.10405021881186906     
 -0.12140760741351764       -7.3460918355873567E-002 -0.10270343626816328     
   1.1321460795239795       -4.6936559380024612       -5.3740108527193646     
 -0.10038120847758825        5.7076955104529703E-002 -0.23010357113369995     
 -0.50219596277363032       -3.3691437039796743       0.59232222235730025     
 -0.20428184476003738        2.3597790731154849E-002  -3.2183972422381024E-002
  0.62226940252792984        6.2187177329926726       -3.1783459470484190     
  -3.7594808208440918E-002 -0.12912809477383466       0.11686491365514073     
 -0.24387561644393302       0.20149771502053479      -0.24547512171434185     
  -5.7883155920271073E-002   2.2774289569661956E-002  -2.4084273227020808E-002
   1.6206127131134597E-002 -0.13544374613208834      -0.23676969281973240     
  -3.8277928356789621E-002  0.16288714952968872       -6.6585551579439961E-002
 -0.27956311373129539       0.13942077640813355       -9.4198900732819543E-002
 -0.47764115972377380       -3.4664194994501329       -1.6513548159315770     
  -3.5920493757021927        2.0291679566860754        2.1345389835015398     
  -2.5134771374452916        7.0517256706767544       -2.0075858174200651     
   3.2462523614972601E-002 -0.13059082031209313       -6.1638318976581674E-002
 -0.17998494918022889       0.15203268512325507       -6.4553464346146311E-002
  -2.7618090541399840       -3.8007067641796306        2.8945670598840758     
   9.0035183682992848E-002  0.18875120051493932      -0.30147698312903104     
 -0.13096149385374206       0.12156159491534499      -0.21027609747137307     
  -1.3843357139159991        1.8169613918765801        3.8968967101033796     
 -0.15770390088994712       0.13688064031790975      -0.23523472038332768     
 -0.42762701251254404       -5.9091758958689906E-002  -4.1712181772912936E-002
   2.1189424742570000       0.43004932149581659       -1.2924874680701639     
   8.6264916817161780E-002  -1.6039749408256632E-002  -7.3766676182689200E-002
  -2.8087255434586118       0.26535942073754404        3.2086631737149780     
  0.55493620606219873      -0.76727786094414863       -5.6203906176061046E-002
  -3.4050472554564233E-002  -1.5148233711243542      -0.25453598395481120     
  -3.6461772724444445E-002 -0.15291946810006710      -0.25830639650135839     
   5.0738576668112447        34.110751830564880       -14.135054220481541     
  0.42368433889158391      -0.45883154340133064      -0.98275267772322195     
  -3.2876147758735978      -0.61084479530096281        2.7586988315053160     
  -9.9327256340554351E-002 -0.11270586205255637      -0.12408375142263241     
  -4.8606011012858135        1.2522293659286252       -2.8953334940277267     
  0.79514183648102155        2.6293123105032890       -1.9948779384887214     
  0.20270932485019350       -6.6315856184057225       0.40283877301914994     
  -3.6676424135377097       0.43164813043413469        1.1134095911762203     
  -1.5672667451608030E-002   4.4855156533830848E-002 -0.28262702216048929     
  0.15301297133705272       -3.6968360721712736       0.97704467265279438     
   1.0478121578964708       -6.6823162412554593      -0.14489904719587787     
   3.3112963181624626        3.3294282535873561       -5.6851419506490082     
   2.6372990823852825E-002   1.6063606288437858E-002 -0.18440045948780864     
  -4.0980155250020366E-003 -0.15242213329997784       -7.6425054288031133E-002
 -0.16323535678134496      -0.31256269621043675      -0.27665439670893954     
  -1.2174990301113149       -1.9228917868625046      -0.16706800026159765     
  -6.5573546680638382       -2.9801397407507650       -3.4168323325352157     
   3.4041172105835007        7.2056713041140474       -4.0314373969656581     
   5.9191709009430681E-002 -0.11933583028806952       0.18614835442547084     
  0.66809117531442708       0.17001058157318241      -0.22367719455695528     
  -1.9804056811478121       0.15572472573111795        1.9518020233339715     
  0.42358191096597508      -0.68951396027367740       0.46739883816353622     
 -0.33461086276686663       0.61947946803799969       0.46307908062287650     
   6.4066685303787319      -0.68653075604486824        8.5960058252805176     
 -0.11430408116347104       0.13097324990148701      -0.11979812346562435     
   2.8517545857260451       -3.4726464446227525        3.0697515868668326     
  -1.3414050287765945E-002  0.12432602650131837      -0.24634851314398196     
  -3.9513175984741649       0.90326770630727582       -1.6490958259734632     
  -4.1624143253952983       -4.2353676540764926        6.0228120894740975     
 -0.12182470547369986        9.3323039443435923E-002 -0.12449584158729710     
  0.39271169285052993      -0.52367327968001265      -0.24079510677675389     
  0.97194535186136666        1.7005413028261951      -0.92034295405384847     
  -1.4317508229490921       -2.3728251123140036        2.9511774467646279     
 -0.10366490024351760       -8.4545869249398858E-002  -9.0329417099846487E-002
  -9.2885578041193684E-002   2.8490140494809406E-003  -4.3498413410461456E-002
 -0.20147099608818927      -0.17316785007772353       0.27616001030804194     
   4.3194249868895893       -6.2812768288477772      -0.27335390054932368     
 -0.24583494119744967      -0.10669835312089203       -4.8761486301540043E-002
  -7.3704468566078374E-002  0.28412157309041791      -0.23357213723778841     
  -5.6619298909336785E-002   5.7708015809928577E-002  -5.4467713529718048E-002
   9.5661156082066115E-002 -0.13575247471141844        5.7924509504773389E-002
  -6.6294047638178186E-002   6.9190980025714235E-002  -8.7430911287361870E-002
   3.9192827244742512       -1.9090849222972299       -1.8559746574491789     
  0.60472599041220332       -4.9205063463717522       0.47000372281875735     
  0.22025763138682283      -0.23460185215760751      -0.15053826168896295     
  -4.2508531413659441        13.800862512825038       -6.1042204608486825     
  -2.0515766881752047        1.2441067776536252        1.9456939781112972     
 -0.32376499727002656       0.51961066030684022       -6.4964941717558594E-002
  -4.2115442063687829E-002 -0.13381679273064251      -0.16426910811821194     
  -5.1486942031341701E-002   1.8406514645817624E-002   6.0291144279304230E-002
 -0.22492479301293955       0.70225350493812277      -0.85492402934203604     
  -1.0006969555270284        5.3924499153816221        1.4619424317814602     
 -0.54739447392791418      -0.39525909888902150      -0.19476820108281248     
  -7.8845631440598071E-002   7.1407289251770201E-002 -0.20336255702430003     
 -0.22652589806477194        9.3003256379330365E-002 -0.25121615563978167     
  -1.8205171276508476       -1.8676583203686408       -1.4492089559394634     
  0.49498754441924842       -5.8422868372760197      -0.92428050816388663     
   3.8025358754350620       -5.6921802555824659        13.432517623315549     
   4.4656668748436541       -5.0099721962450667       -2.0135367044160062     
  0.17017228068468154       0.47365906996206975      -0.54142568229073329     
  0.26433236643038377        2.7353415189313539       -4.4097412313066000     
  -2.8154519447898476      -0.27184564925195498        1.8450648161541172     
  0.46069390457155751       -5.0667613091549866        3.0121449707959971     
   2.2466684012279146        3.9942234831856198      -0.79732550622812848     
   3.7874655432270546E-002 -0.23193717531576682      -0.15036976431762930     
  -1.4972373419358063        1.3694673462200728      -0.17499434767478386     
   2.5253168003322743       -3.0760372869602981        6.7487884088661225     
  0.18392562311556948      -0.17988681823435868      -0.22920420215881310     
 -0.13386123218399809        9.3289488421467448E-002 -0.13933733219325520     
  -5.7804740747833150E-002  -4.9023664165054395E-002   2.8982601029449034E-002
   3.6439621790015843E-002  -1.6788689114800609E-002   5.3868348271205131E-002
  -5.0242785994907620E-002  0.55567390964293872      -0.34515425213752937     
  0.12332846019424962        4.2093440941186291E-002  0.29926944973848102     
  -5.8283837024672366E-002 -0.29558247774927554      -0.30080763886975609     
  0.17583765602495435      -0.44159245913127931      -0.53321094926211754     
  0.59320110787341362       -9.2534495110105244        3.8636491926856884     
 -0.27225713216267411        8.4930145263846346E-002   6.6837687220468622E-002
  -7.2013049528275377E-003  -2.1005147873614783E-002 -0.27657356903384678     
  -3.4162203799557371       -2.9202330263444480       -2.7744755441391131     
  0.57618656046783456        8.5914051183949736E-002 -0.47235574129611257     
  0.48445214418603788       0.18810075695611136      -0.19090183965194324     
 -0.22704053190364368       -32.883600677036128        17.830717962783602     
   1.9093284631677233E-002  0.19976784398256853       0.19449841793502623     
  -1.2380367747254657      -0.37774425719257843       0.43513587443991836     
  -1.6023789489657610E-002 -0.12584716677831920      -0.20988497015653229     
  -2.8111908655549849       -1.8156023603335969       -2.6482582382962683     
  -3.5847967304490060        2.2491868804646544        1.0865320789085458     
   2.8509616644722149        1.8308135337105169      -0.51465937993827393     
 -0.27180138252879754       -7.6256736266467381E-002   1.2559891750018093E-002
  -1.5289157201174877        3.9191960468067379       0.95232409452751254     
  -2.2432414315954894        5.4374152938556026        2.2922803738759758     
 -0.36394941147814558        2.0281513021166923E-002  -2.9217193919411608E-002
  0.13379519769348713       -3.1882172135805825E-002 -0.12623101568211570     
   4.0038666255684374       -1.8678889067351425       -2.4516300884078985     
 -0.31936889986569900       -8.4203655511363024E-002  0.13380353541949891     
 -0.17972023720867494       -9.3091277410005613E-002   1.7977736517478795E-003
  0.21375306293440344       -7.7503562932590309E-002 -0.16329414801259182     
  -6.1932529902558403E-002   9.1228527767151596E-002 -0.13678781718353716     
  -2.3935176045491469        14.027223944967222        7.1704722396096061     
   8.3298423419673907E-003 -0.77489952506298942        2.3769217731124791E-002
 -0.67148669383406467      -0.99451886623652708       -1.1408413037230756     
   4.4936527283270751        4.6329473826134979       -5.5221151735952994     
 -0.12942871518988427       0.10535973493990315      -0.13672465744879755     
  0.42545523519434580        32.716053314399936       0.42092484082110820     
  -1.8001778805370509E-002  -4.3812701906372785E-002   6.7740716643063956E-002
  0.53040190587872860       -6.5723636166488505E-002 -0.29368103066189616     
   3.8151985811048821       -4.2575636690598317       -1.4878027052533946     
   1.7911981458143007E-003   8.1002780747748998E-002 -0.10042621228334782     
   3.5616765366589331       -3.8626593468013568        1.5384399066857961     
 -0.30952883436102402      -0.58054679175275659       0.58294449043835617     
   1.3790821021421784        2.3552106079830049       -1.9096193953617566     
   2.8347816252394620       -2.2469990878427533       -4.1556324879155255     
