  -4.2950823066229007E-002 -0.16986460687266777        9.7529621758017146E-002
  -2.8767953814700202E-002  0.13552768523223604       0.13455388010914618     
  0.13981961724243280       0.18957130010257389       0.18950958811630461     
   5.4489629733247461E-002  -3.0693166276213005E-002   6.8716991577905423E-002
  -7.0325816146054806E-003  -8.1865905232292036E-002  0.22060427721604609     
  -5.3305568248890225E-002  0.11839884193547463       -8.1305040085805108E-002
  0.36768391982121917       0.35804660416544937        3.6702198710527982E-002
 -0.14638387267690212      -0.28776215328004529        2.4594215442159159E-002
  0.10732068618263227        4.6071185568776686E-002  0.21778639875342312     
   1.1182063197355656       -1.0348903710402122        1.3537850546412720     
  0.29380543066961112       -1.3815328687032828E-002  0.14915488831121038     
   4.1870670460726747E-002  0.24159523142805484        8.4810825841650561E-002
  -8.9143705823976821E-002  0.16112373135730496      -0.41607563227103306     
   2.8342692643211001E-003   4.3152557252042055E-002   4.1174143289912396E-002
   6.9266465608220890E-002   2.7083456794822266E-002   6.4330623512838997E-002
 -0.29908582406847289      -0.13460703596654869      -0.35474996799018099     
  0.16168329647753693       0.34721236011641421       0.16304329029343398     
   5.3429803059938677E-002  0.12297012927714329        7.3970886453564325E-002
   4.1471950179537198E-002 -0.12667024504169733       0.41350487401585212     
 -0.37312151337102478      -0.17205531417694561      -0.31058400259843338     
 -0.21740411867583687       -6.4304317693296725E-002 -0.25701610169171407     
  -5.4317906199234184E-002  0.23725351344984288       0.14055900901501725     
 -0.17630907878439439      -0.16036387227652049       0.25341466648477756     
   1.9319463726115635E-002   1.1350980453061908E-002   5.5501268024445591E-002
 -0.13114180351736615       -3.0099008679448178E-003  -4.6990319721433554E-002
 -0.21744160997664991      -0.15757861292095698       0.20442809480779445     
  0.24302979334187882       0.13841618956697535       0.17449711915609023     
  0.16482941107912694       0.22079214079967996       0.20917339454609665     
  0.31207173357479739       0.32980248944912777        2.7119788516841974E-002
  0.26446457516388711       0.18287779608185570       0.12035407488169585     
   7.4071128109715639E-002  -2.1939070860139191E-002   2.3217399574237624E-003
   6.8304400912104948E-002  -2.2124890736765383E-002  0.14000277589709695     
  0.12844803832330781       0.30307904571173810       0.18200737782110493     
  0.23615840217630052       0.18078633641096853       0.15078820235688126     
  0.31266305750705053        1.7267683114703981E-003 -0.11573099528560246     
   3.1448798088759777E-002   7.5486775124911656E-002   4.7792650551159763E-002
 -0.18011751965299277       0.30527915482437040        5.7789964126134838E-002
   7.1523025306520424E-002   9.9508449465443571E-002   3.1045690778343248E-002
  0.14329382987532871       -2.5399138297300169E-002   3.8580979220083204E-003
  0.10964849377243718       0.10579042561167638       0.12896930220989486     
   8.9154444756351994E-003   3.2447048573403282E-002   7.7839626869628503E-002
 -0.11982405528277830        9.4075069536510070E-002  0.10448057799050882     
  0.10010063718355577       -6.8259078034009907E-002  -7.9479505623972935E-002
  0.39116862764727262       -7.6235938351003910E-002   6.5912175708250281E-002
  0.11586333254934443        5.2508523128046984E-002  0.10510047973997916     
  -1.9994748675561520E-002  0.10295966985343423      -0.25084262725994300     
   4.6684167240213265E-002   5.6616721093501257E-002  0.30432464920529373     
  0.11574967985829698       -8.4744713017066028E-002  0.12232273165745039     
   8.5726064322827450E-002  -4.6051476957476981E-002   3.8982653353408961E-002
 -0.26219455857466556       0.16341836785524844      -0.37918541071831668     
  -6.3226541076611451E-002  -2.9285691585647533E-002  0.14959596264124078     
  -9.7042205563471665E-002 -0.33229014398859458      -0.20126808494949072     
  -3.0950608808581859E-002   6.9665638445118541E-002   8.7167935752860110E-002
  0.53313240428855757        9.0446137109758254E-002 -0.80278489407925502     
  0.28544580979584400        1.4879595016397133E-002  0.16215810606721057     
   1.6711378583466864E-002  -1.6405918462353328E-002   7.8217973909096114E-002
  0.29635544879074960       0.21113494718057349        5.3954166594357034E-002
  0.11281739050718899      -0.43458448987759990        5.0086352354710137E-002
  0.18713871980687657      -0.11607300577611662       0.25453761229753658     
   7.5022692504181490E-002  -4.7144877519709985E-002   6.0826178263878337E-002
  -3.7491820044898427E-002  0.16971323085986312        3.3860623396651024E-002
  -1.1123324116517341E-002  -5.5795926235578611E-003   6.0710568823653790E-002
  -2.5357814871982583E-002  0.29376277522687966      -0.19397251266427076     
  0.14426678010543867      -0.43032681689817703      -0.37029636683639766     
  0.15478755447060175      -0.31121403829283345       -3.2594024077164954E-002
  -6.6379049252424591E-002 -0.12249291060041551       0.10842790044569145     
   1.4412302229240269E-002  0.19231240942110406      -0.26790963257452138     
  0.22460578834632985       0.12071907607621629       0.11362953717245067     
  0.29511391194381242        4.6475540490986268E-002  0.16284026490914658     
  -1.7630262210893921E-002  0.17438577503922931      -0.21957489825714033     
 -0.25072460279628084      -0.34727505452455681       0.25370889389765916     
  -5.1944224012953240E-002  -8.6371808432911187E-002  0.23932864350154612     
 -0.31188244022806849       0.30065136317633767       0.20465150746642508     
  -7.7109896676400932E-002 -0.15225192889965106       0.22762272105050405     
  -4.4849141534323844E-002  0.17987946383731912       0.20301471626068052     
 -0.31837878656365398       -6.5892496069677470E-003  0.12556745962061858     
   4.9183130411479439E-002   2.5706364083843278E-002  0.30058174035186280     
  -3.9500006716065336E-002 -0.20632313076130462        7.6529525102126780E-002
  0.10997936167763443       -1.6173921619773483E-002   1.2316899100629844E-002
   9.3026999164252486E-002   7.3997115431410340E-002  0.21396956310420226     
   6.9115097768996422E-002  0.11541947665330091      -0.28370541008626043     
   4.7042564208914638E-002  0.46462464998133218      -0.15420798558754334     
   4.5677378559320858E-002 -0.18617210662874326      -0.15667658582145952     
   7.3254704252563030E-002  -7.7914942302974577E-002   1.8275967597067753E-002
   2.1755901968254160E-004  0.30489631673753587      -0.14149564583705615     
  0.47712003076040271       0.27233745030154294      -0.60083214415702968     
  -2.7868485922734904E-002  0.38190002332175360       0.12844702450730625     
 -0.19520458825121390      -0.12023450413520664       0.21967682073613340     
 -0.18673856689315207       0.28701218406431983      -0.17624489590099163     
  0.29731563042400283       0.25058572864238304       -5.6075333850404183E-002
   6.3339476642160830E-002 -0.15057681631264289      -0.30326090085674473     
  -9.7395775425614492E-002  0.10802566021541175       0.16558135524568157     
  -7.6196265011333614E-002 -0.16621797536449742       0.20321893841075686     
  0.11883970155243773       -7.1639568502527423E-002 -0.11555927731816902     
  0.14774978423519552        5.4110181833717574E-002   5.1749256277672327E-003
  -3.3446500479736734E-002  0.27375664782053299        1.0629813620086685E-002
   3.2495444682202952E-002  0.33225708119297259      -0.14312855857104473     
  0.14506107868536705       -8.6302863256034507E-002  0.14550974248420195     
 -0.22026967423217253      -0.24530797207807839      -0.29131866302609816     
 -0.18632289971930416       0.32486104023566226        4.6190425240638766E-002
 -0.27010693274818776       0.25445805889584922      -0.21051508122513674     
  0.20947306846548014       0.19148272014473677       0.15997508286928491     
 -0.35775588378002177       0.11421936506814280       0.25828650639084466     
 -0.16447019189401743        8.5407938050444374E-002  0.22109461433051186     
  0.19966077615813552       -1.8168604871199652E-002  -3.4379542816445216E-002
   6.6777788834103069E-002 -0.20593397244283373      -0.28885645518815750     
  -3.7670589763582070E-002 -0.30321215637527654      -0.19814114871071686     
  0.14032539849475761       0.25113218397956594       0.19734143932010609     
  0.12539147697269251        4.8945032039050297E-002 -0.29067093733633226     
   3.5522745652238494E-002 -0.31017381572949110       0.27819433787564352     
  0.26103362795958079        8.7408233392440773E-003 -0.10961056146278307     
  0.29331880100930691      -0.10859241190496927       -8.9526351106817420E-002
  0.29384354415116160       0.16578927217566153       0.14634146040500193     
  0.14694992553997310       -3.7736672346200140E-003  0.37437116361399286     
 -0.29616572641520811       -8.3928153166391295E-002  0.25254412514646668     
   1.3243961948961840E-002  0.31195336279443242      -0.19568343503978924     
 -0.18966977943544677       0.23284208713648766      -0.19386236580207564     
  0.22665625128175027       0.13901813983945527        5.3542987004836118E-002
 -0.10993858659182125       0.28132483478857367      -0.15542617323955016     
 -0.27026582812444300       -6.9924055161643918E-003 -0.27455837490830759     
 -0.10731707318651088        9.8993425821170156E-002   9.4900870020192318E-002
 -0.23809295551422821        6.9299104118546853E-002   8.0654312091454392E-002
  0.12661344043972447       -2.5614018216841557E-002 -0.12335096582899840     
  0.10849596581286075        2.7431200573963470E-002   8.0015886579439879E-002
   7.9552143847556184E-002   1.3397811657112894E-002   1.8979279691072583E-002
   5.0186175340873676E-002 -0.18364651783174654       -4.9587549069704064E-002
  0.12902414139933435        5.4642769722733374E-002   6.2104229068300897E-002
  0.14408033770187831        1.7313147892857421E-002  0.10281158566141556     
 -0.13925593341213202      -0.31863006931781251      -0.15224340416792906     
  -3.3100189947564952E-002  0.35659852263222697       -9.6036001729841031E-002
  -5.8263925285756205E-002 -0.35823178000962719        3.5779369441649403E-002
  -1.7956410308195257E-002 -0.17619637680838621      -0.30927716598821264     
  0.31826101568962079        2.1957144896092063E-002  0.10428311129793495     
 -0.44883306959215286       -9.2284148334049743E-002  -6.9237628736853976E-002
  -2.3054303526659489E-002  0.10355091403344284      -0.25762480619652744     
   6.1797362877053424E-002 -0.33534636156581188        4.6481166570383703E-002
  0.12327158733698584       -8.5903967905795922E-002   3.9867636444877357E-003
 -0.37664208921801584      -0.11387084951203655        9.8823003570034082E-002
  0.11962032406952908       0.25476133123991351        7.6401214236273468E-002
   2.9388196181067756E-002   2.9750664591442662E-002   4.1712731323311956E-002
  0.19609952012917287       0.11067970974079580       0.10154880838239681     
  -3.3804774741197224E-002 -0.15536905710902060       0.15297733573871544     
   5.2316727502239521E-002 -0.10050811724285102       -8.6816996453157186E-002
  -8.6240008719367295E-002   3.5552967560790009E-002  0.25978666832866976     
 -0.27418212736442682       0.37047462816910298       -6.3742412350014974E-002
  -4.7535184373866200E-003  0.24437245236015792      -0.16384732989950443     
 -0.34536977083823778       0.14886362531863082       0.25181009120681164     
   7.2066370431992099E-002  -2.1479293755465548E-002   7.1907157589531836E-004
   4.4999157692593827E-002  -3.4260839350880680E-002 -0.32912486776414174     
   1.5966816121081515E-002  0.21319475717379996      -0.22732566198449189     
   3.6640732509154512E-002  0.29055705161331069      -0.18539693051720596     
   8.4641559684887735E-002 -0.11825376768675401        2.5888386490820911E-002
 -0.24693614675688125       0.11443475917887219        6.7307546422158721E-002
  -5.6591842627161382E-002 -0.14280640988099216       0.16377111584167797     
 -0.11714423846304040       0.10644715772735991       0.16128681144127416     
 -0.38268539353846615       -7.2795848359340318E-002 -0.30986649640298758     
  -1.4058467503348885E-002   2.2062350530111310E-002  0.15884254526353025     
   2.0437070578306583E-004  0.34693709628472186      -0.27530321498915206     
  -7.7956426362426168E-002 -0.33305574832695140      -0.18032674037933763     
 -0.24219693050807853        6.9954704202016202E-002   7.0644641927140608E-002
  -7.3549944707016285E-002  0.19521359236940877       0.21610720920921803     
 -0.23446102238655284       0.17819477341383616      -0.31759941401847758     
 -0.15896493741269696       0.31187372129067009       0.13785379251415669     
 -0.14493709757707304       0.34319418732576690        9.6542902147241066E-002
  -5.5961158013523041E-002  -7.7471269506863533E-002 -0.13717993928934644     
  0.33962578979073627        7.3036275972976253E-002   9.9813783589696808E-002
 -0.32459079779560679      -0.23764675016003489        3.4971948012744038E-002
   5.8029466355485733E-002  0.19398958115297024       0.18527621224364438     
  0.17101386199391672      -0.33003522284781323       -3.8693290031878484E-002
   9.4082186854673816E-002  -2.1726742088766678E-002  -2.2966206529357221E-003
 -0.29572592608200871       0.10604558297530205      -0.32723498892183939     
  -9.9371574526945214E-002   6.4127687492882515E-002  0.26300933804545717     
  0.26800629702855427        3.1489071509835119E-002 -0.34589029090506596     
 -0.22679095810338787      -0.11926038100154811       0.20553573606555373     
  -4.9620388908379442E-002 -0.37511527565144959        2.8118132890698172E-002
  0.10642142962046092       0.15879441322065740      -0.11005245157271361     
   3.9501397333552637E-002   9.3581360651863680E-003   8.0098684790120868E-003
  0.14180711104345939      -0.11805798742398088       0.23752549521958810     
  0.30123404683751892        5.8128906096993622E-002   6.4626165978804708E-003
   7.0265523759212314E-002 -0.13249279090245317        4.3294421664719043E-002
   2.4418031082292572E-002  -6.4814731362074704E-002 -0.10464734144546485     
  0.21184389185575866        9.7966626764451711E-002  0.12745026084257738     
 -0.11168425123158457       0.32771146154912956      -0.10233145500635744     
   7.6418954768055006E-002   7.3336451075685039E-002   6.6811619894551033E-002
  -7.6365361811137650E-002  0.24293481719168677       0.18208836659129801     
  0.15286053963418963        4.9719574721650193E-002 -0.18097121165047353     
 -0.27457759013198912      -0.16459333118127895      -0.37891674433574030     
   7.0929674380260698E-003   1.9042139936818140E-003   5.1772808272769262E-002
 -0.19151500294249504      -0.15963543330919711      -0.42283919083900373     
 -0.12844405845873422      -0.31271987405858176       0.17382172590713124     
  0.29214478602984650       0.10078969407883569       0.18570920109859479     
  0.27462966331008404      -0.28192465418197393       -2.7843757601632949E-002
  0.13332292377935634       0.11330287200514817        5.3265346112134571E-002
  -7.2170925188059318E-003 -0.15846565561754272      -0.20956781696637999     
   9.2578770139254224E-002  0.18423988528697074       0.26799469209396765     
  -8.8711190426007988E-002 -0.17390788013493641       0.27816429701541845     
 -0.29054831613645532       0.26103394785972889      -0.15467360845910860     
 -0.14034478615002755       0.14138938326238024      -0.15145672925076509     
   6.8414450940959257E-002  0.21151526021343423      -0.15840427866892165     
  0.20472300315149516      -0.14632804338421077      -0.63598354672195601     
  0.11301993762854434      -0.44098368106810348       -6.7582041018335445E-003
   9.5380367011832543E-002   7.2561943379874316E-002   7.1282351944711511E-002
 -0.11053118787187863      -0.17684160358580556        8.6014060780287421E-002
  -2.4293116361253225E-002 -0.23556839817633241       0.11600306342535469     
 -0.28888277898253711       -2.0749134989128549E-003 -0.26269593393206098     
  -5.7104003632365542E-002 -0.10774510099382088        9.9062628314614418E-002
  0.14879187985038436        2.1619400983831697E-002  -6.3043335101162598E-002
 -0.10399798956331593        5.3219472715171384E-002  0.21999134711493284     
   2.4409336292050655E-002  -1.4653716876428290E-002   4.1210553887238356E-002
   7.5189062547880936E-002 -0.14710450759084062       -9.0989581866828831E-002
 -0.12148519432467197      -0.37258162129882361       -3.8676106458256289E-002
 -0.13812464874650704       0.11589971341928526       0.12958066765328646     
 -0.33612585745179663       0.20620270672050794        4.3216663033643653E-002
  0.33796299621248932       -3.0933126820943270E-002 -0.13018393541192555     
  0.19529546558992361      -0.10076038912231323       -2.2255249857178108E-002
  0.11650526086216403       0.21279597744658632      -0.43340877943072487     
  -9.8848657544626725E-002 -0.11680045417685656        1.9102825445713640E-002
   9.2414900777724497E-003 -0.13382059658762341       0.15748621375424635     
 -0.17385227235420328        8.3010940022510679E-002  0.11706926835042944     
   3.4465429048164312E-002  0.32686947913434589      -0.24327409096334238     
  -5.9507112563526740E-002  0.22037453908672494      -0.21585849118013795     
 -0.41929800798556077      -0.12098543607279925        4.7337975938006004E-003
 -0.15089733286243062       0.19695868063912367       0.11854025519452052     
  -5.5953151112451006E-002 -0.12812136501109617       0.13403563816264299     
  0.13575417197463144        5.8102849190435110E-002  0.42779404333477722     
  0.26985246750314723       -8.3745709265951110E-003 -0.11052045904259174     
  0.60177653259098984      -0.12111903733353567      -0.11551741510956630     
 -0.10751346660986234      -0.15231614301663735       0.19732334083161282     
   6.3796676872566710E-002   3.5865179243834422E-002   1.1225364872286141E-002
  0.34738020249964757        8.9433356038241443E-002  -5.2666329087806545E-002
   6.0442694000979381E-002   9.3677619801178814E-003   2.2717799313446460E-002
  0.10806978386131598        4.0807681264133200E-002   5.1353071638744509E-002
 -0.19971532399889377      -0.39454320412918387      -0.19145393236805056     
  0.14109773495460437        8.4001573167084981E-003 -0.20956211320826809     
 -0.36078301338026780       0.17955014652133514       0.24982815657164326     
 -0.18662485649923452       0.18629308800648506      -0.18313628634092197     
   5.8117312949328585E-002  0.20516734781741927        2.5199516603145969E-002
   8.2517639525089823E-002   6.2438801110711296E-002   9.5920286979170710E-002
  0.15240745888568663      -0.32241903800292659       -6.2623529331436480E-003
   7.7091249989035784E-002   6.2839075201263899E-003   5.8652409982237703E-002
  0.18668765567027928       0.22134305869043414       -2.6251240931260196E-002
  0.10502411072019115      -0.14330832890596643       -3.7408027154474492E-002
  -3.3017597048596026E-002 -0.17087933789612830        8.0712883747731862E-002
  -4.1980985926436738E-002 -0.12173880533611046       0.13979686713594058     
  0.12978579074074237        2.7531918213618826E-002   1.5168426785935885E-002
 -0.34821719131599310        6.5645159762158581E-002   8.6056276701054715E-002
  0.13531577953401513       -1.1903631170669348E-002   8.5553353476238048E-002
  0.21893881209908900       0.12205360860184405        7.5792267213847089E-002
   2.9672357742036443E-002   3.5621356507424574E-002 -0.22460379312902617     
  0.16259279198330570        5.7268523569936509E-002   1.4294813847995701E-002
 -0.16391102872804822       0.21301627788954280      -0.19913196984721490     
  0.26024790041294560        8.2301917395846205E-003 -0.10976042240794830     
  0.12392755640499668      -0.14149005160009925      -0.31728228799205821     
  0.16527602089513238       -6.3275392656716986E-002 -0.16987590980336054     
  0.10609660923636841       -4.0840874497572496E-002 -0.15282926419539430     
  0.31664789931193521      -0.13608855006693649       -7.6865519276012567E-002
   2.2253730552669753E-002  0.19516792678078784       0.13194187115969572     
  -9.2549684481347868E-003  0.39286104366392821        2.8386285068077687E-002
  -8.8601493748503846E-003  0.26251556818105914       0.20069701866921533     
  0.16930726706166327        3.5764455429470286E-002   1.1832180730614036E-002
  0.10796807145079623       -6.0602793184364637E-002  0.34464899617214895     
 -0.31403803243726192        4.3794758663988034E-002 -0.21618540062490502     
  0.16824578036517612       0.18040547028985496      -0.19685442080393856     
 -0.13146082379426793       0.23098247055833454      -0.16156684870280272     
  0.13575107729572453        3.4449365696872319E-002  -2.2261691797203654E-002
 -0.13309325678088657       -6.7357018115517087E-002  0.15410284894609660     
  0.10681161196415370       0.21891245654776154       0.25950456306362324     
 -0.24760256527628546      -0.22042198218935810        7.9059542941284408E-002
  0.12731604411591588       0.30051181946112143       0.14028040106572606     
  0.11515281193375541       -6.3861899638907774E-002 -0.10892164642454261     
 -0.19097674038482645       0.14909461123141338      -0.88371994338044035     
  -1.8989604816232575E-002   2.6879942221617957E-002 -0.39014133863054129     
  -1.4805527171787000E-002  -4.8439279153611875E-002  0.12550530880145319     
  0.13340502663767764       -6.0726621248670266E-002 -0.14652551626758414     
  -6.4253390999160470E-002  0.21290528422775856       0.26346170344260772     
  0.15553256929507492       -1.5577521505699764E-002 -0.16871273585873869     
 -0.32646592259675611      -0.29774054137722505        1.0393891227479628E-002
  0.13554733154807849        6.9820916634641753E-002   4.7296139155159497E-002
 -0.25175026246363291        9.2138771056019433E-002  0.10485548757693480     
  0.18111288481411250      -0.20253776095620618       0.14637183444459811     
  0.15004749635710340        1.8224274200785717E-002   9.1673002804591674E-002
  -3.4937878234709743E-002  0.16507486125645099       -9.5933138945660704E-002
  -9.6290637324242895E-002 -0.16374486608773764       0.16080351982499586     
  0.25249025840702599      -0.10791461136166609       -8.5908869491961234E-002
  0.10954146262300431      -0.18395394877655119      -0.17856955961187759     
  0.10508338699571225        4.3312971228283807E-002  0.11244776057663022     
  0.21514457093878614      -0.84459511821577415       0.34904044262020245     
   8.8862673089922198E-002  -7.6130104117992425E-002   9.4485702163013635E-002
  0.27621732543999422       0.15289899307386273       0.13844570922432745     
 -0.39731406284971837       0.22606973498246127        6.3443228217941905E-002
 -0.29915439347843437       0.13658373691558073      -0.33900976238210345     
   7.7227638609882368E-002   4.6060254991366734E-002   6.9353499748858738E-002
  -5.5251052723519101E-002   7.4569577260984427E-002  0.10368098544038334     
 -0.30329810515442635      -0.23072719092202659        6.9698700598789645E-002
  -1.3127802035116785E-002  0.27503452471344542       0.10613688114003070     
  0.37578465151418627       -8.4033049918141069E-003  0.12719064796374596     
 -0.26469672946020933       0.14870706891371668        8.4129977371213846E-002
  0.10701508652418666      -0.36908517666239105        1.9110992885242376E-002
  0.15904343971336204        6.3124241653519566E-003 -0.17923284604871792     
   9.7844192660865026E-002  0.14642634556557327       -8.0596762977415484E-002
  0.14884986134962946      -0.22032883706980239      -0.12807920870361686     
 -0.28338627669386268       0.25605802946747080      -0.19787906281399700     
   3.4539660889285742E-002  -2.4624033223445314E-002   6.0100869522117503E-002
  0.30175692391229014       -9.6257072284451212E-003   4.4958533361607163E-002
  0.13103664427988160        3.4156244456925597E-002   6.0888488746681818E-002
 -0.15245780953074717       0.18958383164631612      -0.16346738781865039     
  0.22677678732044163       0.13210385433602675       0.14236799837704706     
 -0.39322288843720843       0.16673389708075989       -8.6289579347890027E-003
  0.34918099593891916       -6.8361703817409011E-002  -6.9135602542956037E-003
 -0.26442013982852058        9.9305316453793313E-002   6.0856280788075763E-002
 -0.30963566789137836      -0.83978635994636264       0.34357808429935222     
  -5.7438390227510950E-003   4.9386579053587946E-002  0.35542203756725843     
 -0.10134812341034963        1.9482872530324775E-002 -0.30969443740482111     
  0.14290960281288506       -8.0131744084783102E-002 -0.16550607427232336     
  -9.4447556389470083E-002 -0.11192945187165446       0.11260294898544571     
 -0.17779128485995563      -0.34728462827567419       -9.7710913714196976E-002
  0.17900050505201651        2.3749020233668094E-002  0.19969525545882477     
   1.8713017977858522E-002  -5.7077905181499994E-002 -0.37650706735679912     
 -0.27566404132843636        8.7734588898816992E-003 -0.27121607429277500     
 -0.13604147791400187      -0.16057762006799547       0.14624611848688840     
  0.10297369366895306      -0.15205104381573642       -9.0124964120199116E-002
 -0.13593078777792922       -6.9193801193100549E-002 -0.15034271101763264     
 -0.17934919215937914      -0.39252637737687984      -0.19303208970648983     
 -0.20709389315831928      -0.34261627460624394       -6.2595666405399278E-002
  -6.9295990234398058E-002 -0.15746845840742296      -0.29264037916390701     
   3.5790232493694993E-002   8.5318464905326727E-002  0.10037795504037125     
  0.12948119205978470      -0.22477648487311266      -0.19684786288225758     
  -8.3820906169730536E-002  -9.3637759790513142E-002   8.1903680097357601E-002
   6.1223069495379735E-002  0.14013883043523220        7.8687349170065618E-002
  0.10161615154757349       0.16216614565267665       0.39158129493044352     
   3.9718186267968948E-002  -2.4694169547289528E-002   3.9046582442486932E-002
  0.22862927153912482       0.25538520640548523      -0.10889821431088674     
  -1.5563129942889959E-002 -0.26222640076854248       0.78730888049552028     
   2.4421414232791053E-002 -0.24201948274092022      -0.33292307863019571     
   1.5050354783698844E-002  0.17900842740983910        7.4532780799646772E-002
  0.19354642569342403        7.7458413466194101E-002 -0.23753659819326178     
  0.30106780258108018       0.39904369736731427       -7.5143279913547814E-002
 -0.15644803289264109      -0.36426334854324571      -0.18339812700479721     
  0.18250252704607983        4.0067413751751435E-002 -0.24483012019174849     
 -0.11802170708357086      -0.20406306794552767       0.14538114525841353     
   2.5015150092403338E-002 -0.29142450858982433       0.22102474494119442     
  0.30804160106056633       -1.5707772636921250E-002  0.30721805693928411     
  -3.9231746633640249E-002  0.16146041932082092       0.21305622544377961     
  -1.4398925798732003       -1.3880707437895718       0.65785533635808346     
  0.11124540688304409       0.27667476906359001       0.22790033767471951     
  0.20208790337580212       -7.8460060088614003E-002  -6.4871288077306480E-002
 -0.38967338506061133       0.12999199300201109        2.0767765849303982E-002
  -7.2467903420266599E-002 -0.34181861017448800      -0.12692716115951988     
 -0.42010409354827577      -0.14431079052287693       -4.7257738918829320E-003
  0.14380644330518697       -5.6412010316270730E-002  0.10572907721689961     
   7.3025185859915229E-002   1.2333694639321130E-003   7.4621743343350588E-002
  0.25850322754569627       0.43330455444231508       -9.0480252957487864E-002
 -0.12747917959716368      -0.17428039628268013       0.30686757708956813     
   1.6652575042546244E-002  0.30448170639399186      -0.30832817499225940     
  0.11655800460378482       -2.7563892354062976E-002 -0.11354258227416512     
 -0.29178619291707614       0.14776483107090288       0.11360417291173928     
   8.4455723496494980E-002  0.13111120390427128       0.19458511135756199     
   7.2879543637425562E-002  -3.4631971720558291E-002   7.5426103299886318E-002
 -0.18498054405471448        3.4573241387227250E-003  0.30828996199983888     
  0.12745794702375868       0.23488117975457701        8.0542220057006383E-002
  0.12857406971593577       0.11355933353688245       0.16613621384560948     
  0.26996066390472717      -0.25125837725393968        1.3046807429363962E-002
  -7.3131745265069645E-002  0.14935085846100626       0.24108944528722864     
   1.0750584243974393E-002   5.4509416919532171E-002  0.22311890104544685     
   7.1075541187612737E-002 -0.33317142738842320      -0.21222188795881858     
 -0.20162261444395135        6.5435587943301357E-002  0.13532792937897400     
   2.3348905661935773E-002 -0.30277388864695037       0.12902953108670773     
   2.1997976446313704E-002  0.16960164215383064        7.1220286091857807E-002
  -2.9453915846984539E-002  0.18675737361256287       0.19582672249324121     
  0.14567018661675094        4.9603465875162470E-002 -0.29879629728649837     
   8.6153739436095569E-002  -4.6499636979059372E-002   6.4038900329966314E-002
 -0.16486198541221556        2.0282483824023707E-002  0.25904286965126333     
  0.21531998247791462       0.37457422236435123        1.4874465887662549E-002
 -0.13964457068874025       -2.9405849198286767E-002  0.16725507284174027     
   8.4791198434970724E-002  -4.6736922228900737E-003   7.7184036328839120E-002
 -0.46158996818944314       -4.8649982295496681E-003 -0.20808919987685945     
 -0.12931674846802790       0.18365973837396105       0.37487755899414510     
 -0.27642191206467798      -0.19274750955616926        4.4227990773538194E-002
  0.15496919144998714       0.78619840946234010      -0.12197820517398911     
 -0.34117493248049308      -0.24971067973528951       -1.3064618639769852E-002
 -0.10814617823530213       0.15016717316546099       -9.2597241134073000E-002
  -9.1248011713326790E-002  0.10223915865377702       -5.4386287102527735E-002
  0.30872141766534450        7.7284639464705429E-002  0.14258176364386965     
  -3.3985439848666130E-002  0.31571997786106748       0.13002381631318993     
 -0.13100061443950020      -0.18577258365799731       0.11071107561132405     
   9.6282026479925537E-002  -1.7364615400507849E-002   9.0048147829118200E-002
  -8.9432139489259814E-003 -0.26431185740934171      -0.20934132713505127     
  -6.1067944063343621E-002 -0.14200572493300340       0.14410510234631260     
  -1.9459785998101491E-002  -1.9245621639238014E-002   9.2982137468025847E-002
 -0.21235039403790315      -0.13600303119114260       0.19469070244192974     
   7.7741098437312750E-002   3.2078168549093372E-002   8.1662603454607352E-002
  -3.4406042891624002E-002  0.14449550347894122       0.19586411478293764     
  0.10483891663978581       -8.4637609394831295E-002 -0.15758208076225941     
 -0.16892841139757606      -0.15264973879837743      -0.24152136657570203     
  0.35130000980591553        2.3329945099494303E-002 -0.19609232732283888     
   2.1112941492476979E-002  0.18047020500945155       -3.9775564212815424E-002
   2.6676749979129930E-002  0.12190095841750163        7.6870201899058854E-002
  0.20391440457308030       0.10306548055290961      -0.24048107768412946     
 -0.29161071007108436      -0.69639202723275717       0.19672628712538129     
  -9.9524162399762403E-002  0.11764305510496394       0.16320409609225459     
 -0.10170827128388499       -2.7684404419706061E-002  0.25638213717836295     
 -0.44976825331827552       -4.5785352875840339E-002   3.1264947922202184E-002
 -0.40493117324289368       -7.0265008258046699E-002   5.4987670011566049E-002
   5.8998955796167860E-002  -5.4575385008906872E-002  -3.0577899050196408E-003
  0.21869941528028358       -7.1125329301001350E-002  0.26045935978867019     
 -0.24190303727042942       0.35320334075772253       -1.1406881302955682E-002
  0.24043238577980461        6.3203895118787795E-002  0.12821643363114230     
  0.25667723852839702      -0.17321025288024072       0.19314751522581119     
  0.14354699771296831       0.26707507179405288       0.16868855853928202     
   8.7088208026632891E-002  -9.5141003124765117E-002   9.6541572366297471E-002
  0.38698228787183014       0.22634824221977554       0.14139727473137723     
  -1.6005174581562122E-002   8.6802192571215922E-002  -6.9508478098347898E-002
  0.19957004133899092       0.21361228344014038      -0.37428124485432868     
  0.13042315197413873        2.6553701109602885E-002   7.0418866830303711E-002
  0.15264536819556215      -0.15740049757032273      -0.12740440133822531     
   4.5463736117977382E-002  0.11438067478068356        7.5483442756814026E-002
  -3.3060461259879569E-002  0.29710071882985184      -0.14347907531888543     
  0.23865698075148381       -9.6090423759019022E-002   2.5167653476448761E-002
   4.2891542443599412E-002   7.7363789023569135E-002   3.3664895477985360E-002
  -1.1759028659142122E-003   4.0503809312078920E-002 -0.41313505892414643     
 -0.21001597401288730      -0.38770859798171481       0.14453770896579157     
 -0.18843744072837895      -0.16488360028170687       0.30275066469286999     
   3.5624952526585346E-002   3.4323321764847300E-002   9.9878592330241989E-002
 -0.31519454912577310      -0.13268096649795869        2.1803309619444168E-003
  0.18643063220952355        2.2355320567477011E-002  0.13510633822392187     
   3.6112162229210674E-002   1.7751876262532759E-002   6.7688022522574484E-002
 -0.43305532218063886        9.4731164110202354E-002   2.8162305523422398E-002
 -0.16337752838449798       0.31894217760829557       0.12747110820470808     
 -0.19469230241404689        8.4061487469154858E-002  0.11283191490967470     
 -0.31813668425517866      -0.33806061319755015       -1.1939086147368846E-002
  0.27002407020031843       -1.9440971158852000E-003 -0.28543675228329851     
 -0.38195794610425887       0.22268893235687690      -0.16771560578220387     
  -5.2263663177044187E-002 -0.31229308878934875      -0.17667389696509167     
  0.23480952265019472      -0.20405888614371762       0.19083111439762457     
  0.11871002574056576       0.15188066311666551        7.9259620362571337E-002
  -2.0177806678538739E-002 -0.12865397932191508       0.15509052299291251     
   5.8197871523229458E-002  0.14136398335837627        3.6705267662065971E-002
  0.12802417713476516       0.16977266632227503       0.14992135227490752     
   3.2446099360384041E-002 -0.18433814723639771      -0.16649738693809926     
  0.16676283826412922      -0.26022724155181270       -9.7292741503270941E-002
 -0.22020019864489146       -5.8008314971442529E-002  0.34689403088960180     
  -2.2501172361689525E-002  -5.4679265826692143E-002  0.12861079101419201     
 -0.12296748726375925      -0.38622039102971223      -0.18572249514311454     
  0.12846320305160946        8.8601059412203573E-002   1.7531615273793804E-002
 -0.15414374141115095       0.21744243553890341      -0.30303096052639361     
  0.23202605304581170       0.10830309122074203      -0.35656979140966760     
  0.16116030760535338        7.5093538398088355E-002  -6.9756075866279433E-003
   1.3185369750276583E-002  0.29156577560635349       -8.0974357295448912E-002
  -7.5175760995765062E-002 -0.20777422770840226       0.15948003507872799     
  0.12475562405433269        4.1655968414566431E-002 -0.14544433165116394     
  0.19775151444393557        3.0163956474036187E-002  0.11257894510338415     
 -0.12634518761158897      -0.30802495889837089      -0.23076295160599011     
 -0.13687519509979146       0.95980471866804773       0.23726543328338012     
  0.15613671267493651      -0.14408543461367748      -0.17726891117944865     
  -7.7975174760839761E-002  0.17341811616886965      -0.13052805631081413     
  0.16322828671237297      -0.25782371482106214       -9.4118751895160946E-002
   4.0274728722654980E-002  -7.3332642923028116E-002  0.11171768400781230     
   3.3867992898992422E-002  0.36516839107903692      -0.19423215403883676     
  -4.5885063201448008E-002 -0.30460951233764910      -0.18600728265211197     
 -0.31660400591084464        2.1314924656889740E-002 -0.27588588376269191     
 -0.13149127117999301      -0.23932945836622799       0.13714920742006881     
  -7.8792082054181700E-002  0.20148967779161797      -0.15221453057777373     
   8.5463390503930647E-002  -4.5301450360828929E-002   7.1391125320021759E-002
   2.4865297386720348E-002 -0.30851911437982582       0.21570516515115420     
 -0.17896782169006331       0.11269827233908246       0.12312513538749202     
  0.12601900390932372        6.6922035961027401E-002  0.19788104257942338     
 -0.12952852931874514      -0.25946633303701588      -0.36269390057685552     
  -5.7013622282901813E-002  0.20091904232799943      -0.20901864528138009     
 -0.53216975206533024      -0.16391624718550182       0.23452288234876711     
 -0.28842523982198393        9.7306635553803880E-002  0.21101085678157921     
 -0.36287867213402270       -8.6721189719964259E-002   3.2241528940992234E-002
 -0.13180824947896388      -0.32470403391358821       0.28208048952842851     
   7.2569350026440022E-002   1.7953419391023469      -0.69121984705533090     
  -4.7108059107501536E-002  0.11507567671496892       0.16000443391140387     
 -0.32088646607813892      -0.18823297245893947        2.0317315738795316E-002
  0.15776261676850833       -7.5633033082796605E-002  -9.5305071555038617E-002
  0.30699802193000270      -0.26332082706221693        6.6458326425772049E-003
  0.31663957317776925       -9.7090498121840882E-002  0.10569223664297564     
  -9.1890974308258724E-002  0.21889221130120626      -0.13087200675184193     
   7.6357079372329981E-002 -0.14053102983034518      -0.13070846428465788     
   8.7806200098799234E-002 -0.35181129653397480      -0.44870939715386471     
  0.12983900665041531       -2.1698814754600067E-002   8.7732697282697863E-002
  0.22471083994938895        3.3413468941061883E-002 -0.36979355410682002     
  0.19828444219579919      -0.12292615087412427       -2.3512703084910883E-002
  0.16074450651760591       0.25041836819648222       0.16800313206704307     
  -5.7645602075783410E-003   4.9969632613995757E-002  0.35420880004887412     
  0.13473591886137673        5.5168993432253816E-002 -0.30732441853310344     
 -0.17029566271132854        6.2574015944063144E-002  0.18544054835401369     
  0.11053254579031370      -0.10025166070628119       -5.4271923652814025E-002
  0.17267992494277504        8.3075365486291547E-002   1.1619270903813893E-002
   5.8072176214044161E-002  -5.6153302772918245E-002 -0.49266292457329730     
  0.15794181916434175        2.6360147736803057E-002 -0.19714014011017061     
   7.1805668806626437E-003 -0.31840308273401119       0.22724906200229980     
   5.5160493302037941E-002   4.0168183670303753E-002   3.5056147512288291E-002
 -0.16448303642107376       0.20492523771945362      -0.16227876883461520     
 -0.38656695822524234       0.15379581420780303       0.11117308885237963     
  0.31530032109948047        3.7207310948403891E-003 -0.12163854167508659     
 -0.19531221067957469      -0.13486533313361965       0.20628607296677409     
  0.14813895475694047       0.11580677739524213       0.13574314585388836     
 -0.12642267553588257      -0.28084839911457438       0.14880033189704156     
   5.9103831415193864E-003 -0.30218298346480943       0.22634174067610446     
  0.19256420223954218        8.6491892857008854E-002   4.8103434131026940E-002
   8.7032068260221959E-002   2.3807849723952626E-002  0.10166182045968050     
  0.11544971514272424       -5.9942976263601469E-002  0.11258329792835856     
 -0.33001859994364241       0.18298373310306007        7.6543396807739889E-002
 -0.17411353900048046       0.24646032045888203      -0.11942444156849982     
 -0.12444285695665851      -0.13625921343596328      -0.26281375949685393     
 -0.11254402497719666      -0.33460416389607339        1.1720687599960410E-002
 -0.11930203871757024      -0.10862155805181534       0.37353684439967605     
 -0.15354974758471299      -0.26619960677800897        9.3461799952415256E-002
 -0.35641712064868059       -5.0590094295840986E-002 -0.31992204833849025     
  0.24772256040970037        7.0117647394968563E-002   2.1980182863954093E-002
  0.16656087359053368      -0.16816220355289052      -0.12634327363529807     
   4.2446749022495185E-002  -3.6930112056345298E-002   4.0512460967061840E-002
   5.0627720499217960E-003 -0.14170688187807035       0.13415421369232305     
  0.24988498277832011       0.24088895846746808      -0.11269605209649916     
  0.15158756706608006       -4.6002711185006324E-002 -0.13087688806197206     
  0.14803217089121765       -8.8287915179788276E-002  -5.4908291807078353E-002
 -0.17594367050417020      -0.26136804162563348       0.14956160491011172     
  -3.5738262241666548E-002  0.26241016423571895      -0.29076353950875045     
 -0.25480678211998881        5.2116432765981401E-002  0.13247707252914828     
  -3.4266876702358062E-002 -0.20045314274595022        5.5121393586756847E-003
  -9.7223024120842855E-003  -4.0894312896228607E-002   4.3734870895279818E-002
 -0.15708851101386534       0.23059205727429943      -0.18081355990162973     
   3.3980467637027792E-002   2.5128646788099430E-002   8.1317998640910424E-002
   9.8079298054705263E-002  -1.3924456649699810E-002   4.6343185727817780E-002
   6.1512039975313917E-002  0.15417141478419508        4.1986859978785623E-002
   1.8583305183577904E-002  -4.6684199589324439E-003  0.13269540091206999     
   4.0171089987580504E-002  -2.7347946515369318E-002   8.4756543898396167E-002
   3.9568009247147123E-002   1.5510577715829440E-002   2.6997838936021226E-002
  0.23801628323406288       -5.4342720299936691E-002 -0.19167556917626816     
 -0.10407140556759045      -0.19466598913162847       0.17608349714117416     
  0.10061519363285522      -0.22439379283671163       -6.8092365780043393E-002
 -0.13915194780611617      -0.30729637161978451      -0.16359630581284959     
   2.1095772524898131E-002   4.0598584817004096E-002   8.1071079248399361E-002
 -0.13729985860997942      -0.38757116541163456      -0.14378702088434178     
   4.2427109164314615E-002   3.4505524672517267E-002  0.20500759812480809     
 -0.18313689022714033       0.23348292846527408      -0.16135795065959016     
  0.14639865311926142       0.15877605202635284       0.19412610390400287     
   3.8560630706150019E-002   5.6511644005543163E-002   4.1675014845271002E-002
  -9.7280556708463639E-003  0.25355585167852196       0.17399972022398671     
   9.2012095168945124E-002  -3.3818673116162455E-002   8.6160205743872231E-002
 -0.20819733574038987      -0.16662844481249894       0.12667783991759068     
  -9.3653255261947635E-002 -0.13980524324237018       0.12938630677202859     
  0.34457129555388877       -1.0623009264802632E-002  0.13607213198013426     
  0.14831063170942835      -0.11472870729500642       0.38214570938905673     
 -0.11980171657496901      -0.31633796020645838       -1.3647439700286900E-002
   6.6153116886197627E-002 -0.59946652146376911      -0.27004029603454549     
 -0.36410347008922850      -0.11179033772936234        7.0424228795400862E-002
  -3.0807241651440085E-002  0.21445346765095233      -0.21371817371618357     
 -0.32348314538206913       0.12972897503416236       -6.4872127244961650E-002
   3.9737247191477712E-002  0.10855234754779670       -5.8417205937063017E-002
 -0.14078123214494576       -9.1422019058917975E-002 -0.30501103408850833     
   6.3761554708250720E-002  -6.4712721301643669E-002  -1.6099524261546226E-002
  -2.1392968267195511E-002  0.24941654306292704      -0.37932081607155321     
  0.20037229649566218       0.12064858629426682       0.10498040477992202     
  0.27611955011741096       -5.3793664636099255E-002 -0.30118544078275900     
  -2.1765130343487222E-002   5.3965812101065672E-002   3.2091936480503812E-002
 -0.14536603370225459      -0.21876709728416310      -0.31581121418033775     
   2.6322538916810035E-003 -0.42008063760743086       -7.3320362793170821E-002
  0.13503146644143740       0.15535126916646683       0.14940236034424365     
  0.11205676749239663        4.2588953783925174E-002   6.5761895443275459E-002
 -0.17508938551815731        7.3508433297797701E-002 -0.15634756469100386     
 -0.49617418515552159      -0.27090963468560431        4.6605959273976788E-002
   2.0619050474190943E-002 -0.18166819542108636      -0.12199357128374208     
  0.32471855004746919        7.5435965766930693E-002   6.6758895774386304E-002
  -7.4252609472950482E-002 -0.37944743102699069       -2.1205865868586159E-002
 -0.12052710911006147      -0.18244124747455018       0.10798767752469961     
 -0.20351807195869559       0.28822513544683476      -0.17431284099941233     
  0.17076168861633614       0.12053593827416906        7.6507125613848481E-002
  -1.7064934863293555E-002 -0.17478468348909332      -0.15430608350170599     
  0.40333580460208907       0.48701005293832061        2.6462487341164138E-002
  -5.6733204204510557E-002   7.0560356856297010E-002  0.10625558829133419     
 -0.14098673344661455      -0.17925515141365522      -0.19347004327230100     
   1.1308964893357139E-002  0.26868309284211861      -0.17620477089473313     
 -0.10883280346218328       0.20340760911355754      -0.17279082460336800     
  0.11755167607901110      -0.25853511216936892      -0.19803624607622455     
  0.11354326289919957        1.5482732401723313E-002 -0.34345752988287631     
 -0.17070685798227148        5.2915435066423176E-002  0.13876501552623341     
   5.6169681945079313E-002  0.12193413167118573      -0.12197065808957919     
 -0.28137327151464597      -0.18971080309809166        4.1360775450507675E-002
 -0.19529447970092842      -0.12515231838696189       0.19035840487425365     
  -5.7105826953634732E-002  0.31506884760427478        9.6536751457210065E-002
   5.9559969805468377E-002  -4.7295418077124438E-002 -0.48289743777040028     
   5.2795149975807330E-002  0.11732901332112938        2.9677412446381609E-002
  0.18150008625691172       0.30423143766528848        3.9666924197423903E-002
   9.5182428445882733E-002   6.6931509783433568E-002  0.17983024685133900     
  0.10990183502185075        5.4357987325070259E-002  0.22947621280247912     
  0.19769826939297955      -0.20164795344221376       0.18168354035960066     
  0.22192289269472051        9.4165109164859886E-002   6.2505187996582653E-002
  -3.3909989140701084E-002 -0.12323411631062745      -0.28450040204242194     
 -0.27813200677233962      -0.28351072878197225        2.1813379808620536E-002
  0.17863611749022187        9.7201387220487323E-002  0.23025286356185157     
 -0.22492143511469617        7.3136636186682494E-002   9.4929339698782131E-002
  -2.4129569391843381E-002  0.17337049769279919       0.18177743352848699     
  0.25994698798842736        5.1887639701210839E-002  0.14550340300093675     
 -0.27449887594900318       0.11225734029088638       0.12579865360575251     
   3.2823935692579735E-002  -9.6533592592907055E-003   5.1847364107262123E-002
   6.9970372763608332E-002  -4.5105428693011734E-002  -5.7940156592074200E-003
 -0.14414821465764122      -0.39524764110346811      -0.14812670246208820     
   4.6071156315335926E-002   7.4106460496780560E-002  0.30106347090493607     
   8.5679621978893727E-002 -0.11911874153742978      -0.32095246490211676     
  0.13171528025458923        8.5605222467706077E-002   2.3053332164253405E-002
 -0.54692887548719804       0.13019226621732982        1.2578884825302941     
   1.1742020776102460       0.82978494706175898       -9.5110450966669813E-002
  0.20310793450949649       -9.8233237150173944E-002  -3.8636000767522140E-002
   6.3493515564861285E-003 -0.44407184542950789      -0.76308122810268531     
  0.35950675569960605      -0.56164131267695760      -0.38789477587957116     
  -1.4052962510730096        2.2733356432025458       0.75876857524740804     
   3.8397634801616759E-002 -0.10640580223075982        3.9921359141427734E-002
 -0.12472010596165717       0.11466663926395525       0.15586853809859558     
  0.14402891630446307      -0.11477490858010572      -0.10711094368610712     
  0.12284112743183742        9.5384679327735658E-002 -0.32811634499461995     
   8.2597631965075594E-002   6.7102279281105511E-003  0.14627344743869433     
   2.7233808117272790E-002  0.12898936575646944        5.4510367973780928E-002
   5.8805328044964716E-002   2.9760081497448028E-002   5.9616171485040836E-002
  -4.6736575079701368E-003  0.20331628227648968       0.18073321121630886     
 -0.17491555450495905       -1.6574488851821792E-002   8.6765654776463960E-002
  -3.5208860397383572E-002   5.7043852933531848E-002  0.27100719076950713     
 -0.33685163760958425      -0.24416236576145672      -0.46038274313592531     
  -6.7812391070901631E-002   8.4390164427987691E-002  0.19341704877795499     
 -0.30557451338106384       0.15157504619515766        1.5948543591653062E-002
   9.5331176771362686E-002   2.7838346695897381E-002   7.8475050687513967E-002
 -0.11430265413983197      -0.18787462170253288       0.14114062958120929     
  -5.6913469318803603E-002 -0.18239796372577335       0.14968332318411032     
  -4.1594752901825734E-003  0.34065237547699107      -0.10678163200309834     
  -5.7372185865290005E-002  0.19797792512642348       0.24466110887986992     
 -0.19192456612501035      -0.10974067974956592       0.21294530166183837     
  -8.0730443123129630E-002  -6.6352817165610839E-002 -0.26905876082346830     
 -0.31145994572479713      -0.24015891251552593        6.6050425889706263E-002
 -0.13290924720233094       0.19241063040458545      -0.12548551230806096     
  0.13935280543551376        5.3277081090213695E-002  -2.4352083433918804E-003
   6.5807213919742563E-002   1.1534980209116748E-002   2.1011573894612813E-002
  0.11789621101292086       -5.0152372341379779E-002  -9.4077220409416080E-003
   8.4908649111429896E-002  0.12214564777014066       0.11126185876468334     
 -0.13049571503168475      -0.20372544050782182        8.7532764889529338E-002
   9.6671282785671636E-002  -2.1029104784181650E-002   5.9569899262655289E-002
  -6.2546473114434911E-002 -0.20833032577785057       0.13820490417022055     
 -0.10743778874099924       0.10055203305656056       0.14935417597888828     
   8.1112293443759642E-002  -3.8948611506312084E-002   6.7066833202648779E-002
  0.13291438499449801      -0.28453547422786285        6.6133708077697889E-002
  0.25062686122704064       0.10785035452504797       0.12206222165295047     
  -7.4040230700834764E-002 -0.16690596081681811        9.6954613711264126E-002
  0.15824671159337347      -0.35006558125967963       -6.8939129886530365E-002
  0.19254782896278300        7.5913019151081687E-002  0.27650385284303580     
 -0.10934878639160978       0.16437454392572506      -0.16553561556189142     
 -0.31152652036553841        6.4338859874375431E-002  -1.0394125749658711E-002
  0.32503239566194847        7.5000788702242444E-002  -2.1651332123411499E-002
 -0.12802500191088420        6.5558979441904350E-002  0.20736545502180515     
   1.9229278197203433E-002   2.5615751706822586E-002   4.5521483226330893E-002
   7.5446679591947849E-003 -0.29364258986725389       0.10510862985853861     
  -2.1390450472400374E-002  0.34364892962476706      -0.17757941873819066     
  0.12722799821817077      -0.37198873203987526        3.1919147374120840E-002
  0.10474717466322361       0.39204766709809252        5.2988722535446328E-003
 -0.18849200796343224       0.17615626106806906      -0.21128267147442820     
 -0.37650402544299150       0.18595362946620622       -6.8483169195197799E-002
 -0.36195758461935362       0.18298224587551939       0.24427991787457115     
  -1.2758311233009733E-002  -1.8220511995705978E-002  0.27331853913298665     
   3.5909205629244559E-002   2.4406704858335498E-002   3.3222919573401580E-002
   4.7251105856095980E-002  0.16267537167328663        1.3315438222071058E-002
 -0.13507415500039974       0.19611471457617943      -0.12298799108687219     
   9.0060931261291610E-002 -0.12259656938852795       -8.3233550333967066E-002
 -0.14170017740931345      -0.23801195773255340       0.17890070967814092     
  0.13285574288052443      -0.32262204672319017       -3.2777656915973306E-002
  0.48954238266530664       -1.8277563507159498      -0.99483365684755842     
  0.43397292070805255       -4.5267012789060965E-002  0.13657818565454125     
  -2.3887976013218730E-002 -0.26005407536850533      -0.39034397821184330     
  0.13391724642526309       -6.0215700290321167E-002 -0.13971424631633603     
  0.31406534336170427        5.5378386515661127E-002  0.15503528275980569     
 -0.35771473636180473       0.15427959633959651        2.7766072258334048E-002
  0.22458907685827545        1.1659418236347488E-002 -0.18573908741775313     
   2.8883568880278696E-002  0.20700913856389311      -0.28482430864959801     
  0.24547071356538444       0.10554405928093011       0.31817123090312172     
   4.9282326012039711E-002  0.18499294354687298       0.10098482724154445     
  -5.9998897273704152E-002   6.4113768264152049E-002  -5.1973383688121632E-003
 -0.11494316015737890       0.15388519168369638       0.17582073196641046     
  0.27521608714818813       0.10586526597533255       -2.9448743843972700E-002
  0.27855871780938579       0.15192612755669699       0.13614475035943996     
   2.1176866851937620E-002   3.9495808565643754E-002   4.0269816540481916E-002
  -4.4062625802118172E-002 -0.27903749219065482       -8.5533039595525120E-002
 -0.22933937506291302       -8.3511020026453470E-002  0.20837268162135605     
 -0.39154477811358046      -0.23665553250941301       0.11578290951615453     
  0.14848086744738506        8.9784605809392348E-002  0.43977952464086623     
  -1.7955864863023516E-002   1.7435279362994806E-002   5.7336297696729370E-002
  0.11727747097852030        2.0206336057874044E-002 -0.31990558260930851     
 -0.27446126286551065      -0.12148889914006843       0.16287061090988897     
 -0.10244711190040773      -0.18508283132150891       0.32846324605542471     
   8.6840317190966784E-002  0.18088162586987835       0.27759293322875245     
  -4.8983220805660296E-002  0.16433419257363041       0.11834881861280895     
   8.8289174715146662E-002   4.6389007488910797E-002   8.6879182270875155E-002
  -5.6395091999775333E-002 -0.31456275664537670      -0.24988232853197503     
  0.11384785249148742       0.23234498204163065      -0.42159132781475195     
   6.8184693590218837E-002  -9.0012504215299972E-004  0.14735457621899947     
  0.22200956435137620      -0.28471607758862161       0.24105414372975215     
  0.25662299864037591       0.21105012429438638        7.9884314806655934E-002
  0.37712076773577219      -0.15165733759501046       0.14144377441105527     
   4.6269858622587673E-002 -0.34875046240113111        4.6937586325687342E-002
 -0.33231011089918006       0.19517515756732529        5.3493280275579383E-002
 -0.11808166588161295       0.20566683308371256      -0.13288269502972971     
  0.11496624469398814       -8.6730542362456545E-002  -9.7073336792701456E-002
 -0.36691171922844046       0.20387795834058639        2.9722237603314529E-002
  -5.5088900686043486E-003 -0.33715099200328935       0.21476706240884938     
  0.10418976534362422       -7.7606316705351513E-004   9.2903629860382628E-002
 -0.15329322106347149       0.23482990881688712      -0.10646203059574424     
 -0.43938038391304102        9.7509727071854346E-002   1.1945326668905829E-002
  0.18485326595302431       0.13607970700413233        7.8770475221537600E-002
  0.11037477660836639       -8.2829169498806615E-002 -0.10310494894535605     
  0.33712320888734248        7.8099348721738293E-002  -4.9581778659853672E-002
  -8.5757908431725149E-002 -0.23067389557157367        7.5983039745277023E-002
 -0.11451993262475200       0.13389899843218417       0.15732893075362148     
  -8.8888261560424009E-002  0.15095683804764901       -6.1693689905843958E-002
  0.13344059529869234        3.5746091260295584E-002 -0.25752547505528994     
   2.1862501444258674E-002  -4.9698053344690123E-002   9.0630534140831526E-002
 -0.38537065837968776      -0.15248897061809119        1.0723651846384650     
   2.1137982544190501E-002 -0.46637148924383692       -1.5119398196347451E-002
   9.1903824644128385E-002 -0.12921146394465530      -0.22544606851342108     
  0.29932963099712662        7.7347556047438232E-002  0.15350995506022494     
   6.4173440443159438E-002 -0.22751971916011354       -9.9930305329214403E-002
   3.5650439271506733E-002   9.6899111988346553E-002   8.8453852623160439E-002
  -4.5490348935081429E-002  0.36683307343573146       0.14066137111535201     
   7.6999889350294282E-002  0.16800080894073097        6.8656646523823861E-002
  0.34687828866892867       -3.1808650139950327E-003 -0.10123232334405456     
  0.18465614173991368      -0.34457601500236784       -5.2824388875359361E-002
  -1.0230311792193532       0.94488660032206984       -1.1752938825726871     
 -0.32146174191611837       -1.1907525973915015E-002  0.11133014706857068     
  0.13443186558510609      -0.17408887676099638        5.6070200117526107E-002
 -0.11556086136019125      -0.18624851673025739        9.9542211389559349E-002
  0.10643845380589870        3.9027627778650820E-002 -0.23568627394093547     
  0.18252489064986621      -0.17019198999275079       0.25591627115759202     
  0.11474505217780735        4.3007136422194746E-002  -4.0140721514443312E-002
  -6.3470756726953029E-002  0.35748071470990178        4.9729340444345509E-002
  0.10768597941253473       0.10658996899784177       0.12138419027083980     
  -4.7069565173084790E-002  0.28447955693110377        5.9082675713390750E-002
  0.15610715533061045      -0.30412103760281833       -3.1352729316977294E-002
  0.10756361449137894      -0.10483027530003648      -0.12648472452273907     
  -7.7190808283182380E-002  0.16015505394621768       0.22957667319475780     
 -0.11383899776233886       0.16610013587224337      -0.16445126989814046     
 -0.16248359172642443       0.13418010104022965       0.18134135827112810     
 -0.15704778145236231       0.35606595007047104      -0.40176958433569959     
  0.19457157776176920        4.9017576125457311E-002 -0.20624660601580802     
   8.7639021414465224E-002  -7.4183108837644271E-002 -0.20768277205809149     
 -0.29395219099556252       0.13670964949896944        6.8556577278960473E-002
   2.0523909906583298E-002  0.28584567159175034       -7.6830453961383438E-002
 -0.19349136001241121       0.32151850798957687        5.3503194507573973E-002
  -3.9337114214520026E-002  0.24444916896152821      -0.15227865283116412     
  0.22840587583269367       0.18314588104521148       0.14917650728541665     
  0.35394163470046286       0.10637935147305227       -5.1895740079362700E-002
  -5.0118073304052782E-002  0.22837939736649376       -6.5624013951656235E-002
  0.10364714560287840       0.13099901461343783       -6.5165776118496874E-002
  0.22841746366583562        2.1085524920641977E-002 -0.29048235457068494     
 -0.33316258391696857       -5.2125785449538553E-002  0.18336937086477911     
 -0.13554348485571946      -0.19141995571756623      -0.27828804809641461     
  0.17453672759405728        9.9946416758688733E-003 -0.17680674914444217     
  0.15617971658065638        7.2255866836677271E-002 -0.17835780821892658     
   1.9853155796667132E-002   5.9378965303807946E-003   7.1449975640130767E-002
  0.17387442311641421      -0.28504634490480574        1.7025271302698382E-002
   5.7831796118934957E-002   1.0840160428794482E-002   4.0380953915984633E-002
 -0.20930070301457485      -0.11890902382723176       0.18218010877436402     
  0.27915455965246372      -0.12685253144305003        2.3025884077558299E-003
   9.5593845235222935E-002  -9.1923491951734146E-003  -1.4045201686941336E-002
  0.19853842354063503        5.4314642945354923E-002 -0.19071480926238948     
  0.29708990785227918        3.5436514547053467E-002  0.16191204790005204     
 -0.23930460832235648       -6.4710623049308649E-002  0.22573003656934759     
  -4.1312655197965314E-002  0.12996857663652603       0.16133946133996849     
  0.70228667688743052       -2.3218536628812831       0.94213264945643493     
   6.2647140705953161E-002  -4.6442491537543821E-003 -0.44165727536908900     
   8.0804248406694493E-002  0.13245859479739117       0.16536877016418114     
 -0.31187095749736082      -0.36422275861381082       0.19063779649450080     
   9.5682694020449530E-002   2.5574116763731246E-002   9.9947792979469027E-002
  0.17962970711546478        7.2057594573966530E-002   3.6366243089618722E-002
   4.0077510027118297E-002  0.24097409398641306       -2.1406566658169476E-002
  -1.5907511158123677E-002  0.31345652748240571      -0.16943276418899239     
 -0.35266953518678024       0.12977162867199532      -0.31387377198736577     
   5.9705961890146181E-002  0.12857391393487774        7.7283314383082224E-002
  -1.5668719964722192E-002 -0.32761911781363190        2.6798728970501274E-002
   6.2300238533435401E-002  -7.8941018856278550E-002  0.13673825266040876     
   6.4336315485240408E-002 -0.28949195589418264       0.12295498809205735     
  0.14432062810921409        4.4901434076468676E-002 -0.30289712843971750     
 -0.34483579679966403       0.16658703885339021       -2.6819155894215452E-002
  0.39684707492339555       -8.0721771534132708E-002  0.13404719724966152     
   5.2955959698778671E-002   6.7519851826188762E-002   6.1006950762151825E-002
   2.5118762426416742E-002  0.29877262254746978       -9.3772921901608769E-002
  -3.1620456036615258E-002 -0.30318268869011467      -0.21768085538412657     
 -0.11418889596536572       0.13481671912846199       0.18523390599500481     
 -0.16898679007536524       0.14223063016330789      -0.10972891391708027     
   2.4651790705582169E-002  0.17540571233166824        6.5994958478640384E-002
 -0.53072017908145375       0.40932476740590545       0.18371252671892790     
  0.25110384120767348       0.14463153297004422       0.26861476557382635     
  0.10913932724939458        1.4818239355373687E-002   7.6602439819317261E-002
  0.12867254253172666      -0.13448611382350453      -0.14898309232129814     
  0.10021242318573831       0.25008157359460909        4.2138431280391062E-002
 -0.10727732720101643      -0.15790920751788931      -0.22123898574270787     
  -4.9625811373003471E-003  0.14926066397629653       0.12605034805197385     
  0.26695266439040033        6.9803439331006467E-002  0.12180498511199142     
  0.21716339215684793      -0.20808739364437279       0.19294762486377312     
  -8.1815438987588029E-002  0.18776326082714517       -8.5394345011842593E-002
   5.2550470074771483E-002  0.25439750121224819      -0.14884331145797550     
 -0.18277269093709489      -0.16062528362716497      -0.41776406749966166     
  -2.2371653156309326E-004 -0.30246303947937503       0.16009687342160234     
   3.8547376761339444E-002   4.1889153982921257E-002   9.3629032593294498E-002
  0.28882610367514627        6.9065416574453350E-002   3.1107273290766003E-002
 -0.29996592931096666       0.12987808230304460      -0.29829665865939708     
 -0.12592927244070967       0.21744729722771003      -0.15558842630888020     
  -4.1974917467302510E-002  -5.1662771764455151        7.0418629137843469E-002
  0.16000888944381075        4.8120015181259072E-002  -1.3426863039857436E-002
   8.4430323485197273E-002  0.15886164556275070       0.13380522802869380     
  0.13327873969378240        1.0458063756037495E-002 -0.17149852022317683     
  -8.7103871134641183E-003   9.2856605195565836E-002   5.5521155870172700E-002
  -5.9619854110275199E-002 -0.10527838107056912       0.14038250018674855     
   4.8370208877611044E-002  0.23325145863332097       -8.3456177280482796E-002
  0.53250351937567220        5.6487786807072164E-002  0.13464678641246014     
 -0.25990786588702625       0.37264006413053347       -7.6889535174176682E-002
   1.3070473333118544E-002  0.13112077026001506        7.1313009230959082E-002
 -0.11194332412934534      -0.32871009338374368        1.0646493533681971E-003
 -0.39495280693628293       -8.8470726395385502E-002   5.1095662070241681E-002
 -0.40333902430474039        5.2608730599548278E-002 -0.26580463395344989     
 -0.12604094771105176      -0.30570570053691892       0.20353151884443724     
  0.13081369161299614      -0.35041349605120681       -4.3589479482261037E-002
   8.1844906893517991E-002  -3.6595582679212278E-002   2.3517739121360445E-002
  0.29849819639070885      -0.12558651535893819       0.20532193509479696     
  0.11847352691623919       -3.1508034032921448E-002 -0.22026277351557638     
  -1.4971804013168282E-002  0.19766213447608802       0.22984456629335520     
  0.12969781496357932      -0.34497672338732216        8.0091675069766194E-002
 -0.37404752671670055      -0.12128271867817708        2.6339340450293285E-002
 -0.34236051953218916       0.13158026781270030       -5.8514083209869693E-002
   9.1412526476728068E-002 -0.17794635484895879      -0.15376501964697623     
   2.8629380962641698E-002 -0.15939859386593760      -0.11380291237097133     
  0.16611746473829131      -0.14324719440151162      -0.15540972449954044     
  -1.9851979355192655E-002 -0.31774099183559401      -0.22633771649550863     
   7.0875555796142561E-002   7.4531169123630128E-002 -0.12161991316105958     
  -6.5945754950598082E-002 -0.28562056308031331      -0.21224115236763852     
 -0.13179478845490047       0.11345646888488081       0.15589463905895928     
  0.30789163385383872      -0.10648926981220991       0.11495572126502038     
  0.14173331081873994       -2.5306535708235472E-002 -0.16554761959096578     
   7.4270363317746571E-002 -0.22130547007841211       -8.1534298733242569E-002
  0.15822183469951639      -0.25631594583166228       -9.7719484200714191E-002
 -0.10135278746833465       -9.7355696678898485E-002   9.0076155451558365E-002
 -0.32914057138864378       0.14353012749220698       0.25758541040168220     
 -0.60443696220666598       0.43454571712548362      -0.24861358145048862     
 -0.21672598249258443       -9.0531125762085038E-002  0.20531651470676912     
  0.17233863690806478       -2.6720546370629303E-002 -0.10833862573697386     
   7.4935719116142302E-002   1.0300865362412754E-002   6.3091932653937519E-002
 -0.23520317381499287       0.10340671863040235        2.1407795716582440E-002
  -5.7859286281406325E-002 -0.32802650572325293        5.1197204675293940E-003
   2.3023671205544806E-002  -9.1084903408543957E-002 -0.12333020671628005     
 -0.28775587169538880      -0.10696618254889642       0.16709989870761791     
   3.4031474135875657E-002 -0.19893228650569331      -0.11603945361526702     
 -0.39640420905333662       -7.9197337067607718E-002 -0.32506110301357388     
  0.11444334173066112       -5.8061759993807652E-002   9.3976466422259514E-002
  -1.9026912269693285E-002 -0.25453861561954616      -0.37188550859004688     
  0.33099387454579393        1.0194535124441597E-002 -0.11588657720632321     
   2.0678011491593422E-002 -0.58947589519780597        1.3437641981473638     
 -0.11642590158518085      -0.11219240113394507       0.14815689514422745     
  -6.7899872624698307E-002 -0.33952158131647009      -0.17559614989429775     
 -0.43098560411006803       -6.6910062852116162E-002 -0.30175859482489820     
 -0.46186683343685325      -0.29734575660365048       -2.9992878765626011E-002
  0.26421498987232800        3.3832045856219711E-002 -0.11616629100225509     
 -0.39972775477654121        3.3542336943647451E-002   8.7548714685173459E-002
  -2.7190943792955453E-002   1.6888588259208089E-002 -0.36785803862846178     
  0.19243288261263547       -9.5899166068444813E-002 -0.43247327910896505     
 -0.32481554686931990      -0.17911279114758957       0.17816018595080199     
 -0.41850668371913963      -0.10217815836541011        7.1088293927849995E-003
 -0.12323954562025997      -0.23492900434619432        4.1232697476522938E-002
 -0.25852586669016075       0.10375442244428734      -0.35831600328999541     
  0.23395354146002456       -4.6887293060835285E-002  0.31126961023628785     
 -0.10400975832663867       0.23709759018327936        8.1616260365829946E-002
  0.50269119583820876       -8.6149608792701199E-002   1.9879046690346185     
  0.11833846038491137       0.22219714708674984       0.19965174354303317     
   4.1206910631995872E-002  -1.9524712338517772E-002   8.7824333818235609E-002
 -0.33478932262684752       0.30660231290904477       0.20154724844579702     
 -0.19703851495429398        3.7855922338316611E-002  0.14231224272602075     
  0.37630338065482988       0.44925989684258399      -0.10148512072953762     
  -6.3753094009201011E-002  0.15710359788670952       -9.4879030070127074E-002
   5.0938670429412185E-002 -0.43313675456316469       0.16152146021976665     
 -0.28838071268856341        6.0741650707373820E-002  -2.6525395841259777E-002
  -6.8017623752883352E-002  0.16472994250507905      -0.10238903772107402     
  0.11710226752503075        6.1943538853884039E-002  0.16334220521602716     
  0.16494041140989710       0.12837755563436262        8.1737003639215378E-002
   3.2006323837756659E-002 -0.23948327823866719       -9.5026213438394028E-002
 -0.19366899049414713      -0.14992695945386145       -4.2479807656090413E-002
 -0.26159075130360654       0.12140414890638827       0.11074461332150889     
  0.32735096732168856       -3.5787656637913140E-002 -0.18270214418086431     
   7.5479816952201545E-002 -0.37056587326782076       0.22749758613359378     
 -0.12763407736115973       0.10227322594559454       -9.8218109151265498E-002
   1.2911606420131155E-002 -0.10519489847022573      -0.11477239348916655     
   2.7660420341637810E-002  0.39302028639023212      -0.32875231774882097     
 -0.11918917747212344      -0.30330709339634720       0.11904603117957800     
   5.0822175540534781E-002  0.31373978840896227      -0.16965220265268288     
  -1.5451872985009750E-003 -0.26718971541461700        2.5998772570100782E-002
   5.9253310919808365E-002 -0.15282120768982463      -0.28440940044212237     
  0.21262047971813763        9.5507243727600888E-002  0.15628843531185210     
  0.16036326534921258      -0.29910261289991869       -1.6257103813546947E-002
  -4.2988873274134469E-002  -9.5669795903748411E-002  0.12978089583812982     
  0.29473976405395536        2.0947719590719408E-003 -0.28253026444037899     
 -0.24524869604967553      -0.22850388990643100        7.2416336686574836E-002
  0.11095114412926460       -3.9426193800197767E-002   5.2907822042281803E-002
 -0.11323069681286101      -0.19829870721046575       0.12989591259595606     
 -0.26509337358103630        1.3139585175953119      -0.75570133526743577     
  -5.7071007515009875E-002  0.22483137540726186      -0.11394581165847548     
   7.3830332076761873E-002 -0.21098627440150200       -6.2317452519706371E-002
  0.22725711549839867       0.13052815067997486       0.13168002957584601     
  0.43679163295763890      -0.35825929189458572       0.21861476903017391     
 -0.19140272624702220      -0.31869493927750731       0.11668806633000844     
   4.6307916482322270E-002  0.46025934132087293       -7.1264088316394698E-003
  0.28530674748363039        2.3523075259368580E-002  0.34064410692637054     
 -0.18948686776270193      -0.23547520345463741        6.4435600481700550E-002
 -0.17983325163378261       0.32491558588034902        1.4086441333731946E-002
 -0.18480847180102009       0.36897682868619996       0.12205930516631504     
 -0.24044361943874676      -0.29003193733399768       0.27982773401630578     
  -6.7074901509774187E-002  0.16365540315489679       0.23971653722670144     
  -7.0494575796312187E-002  0.22008522040894057       -9.7484570104709012E-002
  0.32191635464056367        6.7907788113885370E-003 -0.10937503878480459     
  0.11987048649260267        3.6653468369218699E-002 -0.21271431178478112     
  0.44014770020462429       -3.9521879767138494E-002  0.13324608400271029     
   8.5662011589480461E-002   1.0819360303206353      -0.39365658876577919     
   6.5684535267854963E-002   5.0879954268335165E-002 -0.20742759765085866     
  -8.4996601176495542E-003 -0.31071519111857382       -9.9087641600651727E-002
 -0.13579515304040146        2.3174478373396770E-002  0.13917234220144631     
 -0.46831578026746590       0.54431718887057989      -0.20487894923740113     
 -0.30223982816933670       0.15523239444237061        2.5742390250972656E-002
 -0.36160371819553866        4.7672698084972140E-002 -0.23787940167963637     
 -0.12120865765961515       0.15644905527520747      -0.13908955938512518     
 -0.26274494255036313       -2.1099639449651836E-002 -0.25627081650277866     
  -3.4788746263232535E-002 -0.18018990956224742        6.0004748836630734E-002
  0.13516000911815029       -6.3855253297593728E-002  0.31389971549043799     
  0.13621503622937220       0.15976298680913467      -0.41872776738848755     
 -0.13084760394250891       0.14596805065072890      -0.14608039972787232     
 -0.28305388965153938       -4.3583997584286181E-002  0.22266431864702008     
   9.9134752535142839E-003 -0.38472826487265432       -5.5525593109670882E-002
  -8.8022877774063313E-002   1.7696626734383727E-002 -0.31986558810695975     
  -5.8392960505728467E-002  0.27316372330380140      -0.17625336338227221     
  0.25122635956803940       0.11814575861970929       0.19389715608103517     
   9.9910517222403003E-002  0.17393824467052452       0.31807892537793669     
  -6.5343614889218832E-002  0.19844114903340429      -0.15404612824403485     
  0.10454036852430976       -2.4970133493932900E-002   6.9377739575945729E-002
 -0.11840421252531247        8.0998622013758376E-002   6.3338389833756975E-002
  0.22988420772422810       0.25420695749783545      -0.11439609194496790     
  -9.8860842862975001E-002 -0.17610812078232876       0.26204726505202786     
  0.19976392082651720       -7.6170504287486382E-002  -6.8471534016634777E-002
 -0.37668373166846775       0.15805461302677221        1.4874913314442698E-002
 -0.31500510838871476       0.23263115919310709       -6.1508001268059845E-002
 -0.21189586282503162       0.24274667662299410      -0.17833660003203777     
 -0.53014226772001904        2.5274339671280712      -0.79976481272502864     
 -0.11505912520062306      -0.39256642004072617      -0.60064496840849058     
   4.1571092177926837E-002  -1.7698749603698508E-002  -1.9087002215762384E-003
  0.10255016819264447      -0.11090075588997783       -8.9133321572149510E-002
 -0.11574558948123741      -0.14505362192791732       0.12538001774799662     
  0.21384818002929548       0.16163143667490257       0.25971135678437429     
   8.1315101217590766E-002 -0.15565277992318760      -0.28517485948598037     
 -0.12723496136057269       0.17170444676629462      -0.13908165195919459     
 -0.15455052630242755       0.10761140328002156       0.11603375335353606     
 -0.21433056117400234      -0.13209739221957265       0.21278260060798032     
  0.40438707435264581       -3.1504131050705708E-002  0.13794134825189669     
 -0.20328588185844568       0.22739062902497584      -0.25649893135574020     
   4.1463334309413943E-002  -4.5405241818560906E-002   8.1323678100433824E-002
 -0.32429208906195872       0.17918945267141087        6.5972862404300017E-002
 -0.10243736051743005      -0.20016526116772990       0.11363096668142436     
   5.2576258875776896E-002 -0.30780444360975939       0.50611209537545154     
   7.3814092930309202E-002 -0.17647235537834099      -0.28976089128192711     
   9.1956831023039823E-002  0.34071917420135411      -0.27259215468647008     
   4.1457756141596858E-003 -0.29312995837696154       0.22917052623441558     
   2.8661337684093496E-002   3.5063851984052347E-002  0.14939508045312086     
 -0.18396897150422167        8.5157436238413486E-002  0.14628965445751177     
 -0.28313827346536291        6.0362389318532973E-002 -0.32605979882503378     
   9.9238523454271726E-002   2.3703135286956709E-002   5.1798242839866462E-002
   2.8404355986789302E-002   8.7804630601375777E-002  -2.8347934582984631E-002
  -4.9288122032518117E-002  0.31637953786405398       0.10691326561493147     
  0.14508208273156478       -3.2497438738558225E-002 -0.10015850771356974     
  0.15115783027659818       0.25013430358661320       0.18799617901826526     
  0.17945127392841673       0.10886448826540129        3.5379008462019627E-002
  -5.6250202128498190E-002  0.26342538469076382       0.13308884132451201     
 -0.22931132432223772        7.7484427116152388E-002   9.3375001458592316E-002
  0.41250493412529937       -1.4177206696803830        1.2009661709464758     
  0.18242641369409543      -0.16731882403946602       0.12986843190027320     
  0.22762214229075955       0.13355742733243797       0.10509403099072466     
 -0.10721824774652304       0.31740968922123780       0.16006848744075847     
  0.49568394895382323        8.0280897656313549E-002 -0.20780579402954766     
  -6.1390834335756865E-002  -6.5016843285532464E-002  0.11431366689216829     
 -0.51367204311602155       -1.9002493819963979       0.78056135516168368     
  0.28525191947410161       0.19543397784291094       0.18949668960822799     
   1.9323850518761905E-002 -0.14747899111090465      -0.10653894683512115     
  0.17683853048426865        5.8628486617643347E-003  -2.2132902694510681E-002
  0.38006151765136731        1.3858480217909289E-002  0.14604448170320852     
  0.13712443000750357       -1.2302551330317681E-002 -0.14510311927462458     
 -0.23551347905124875        1.2913181635887973E-002  0.27187993225422702     
   2.8396592148893954E-002  0.31870099756707093      -0.15686025023718425     
 -0.10331048178776875      -0.28548096092434294      -0.18007124312350681     
 -0.12877496770113045      -0.37045578888751024      -0.16647302416255172     
 -0.16798280471067553      -0.11629585359594589       0.13254735704135098     
  0.10408742665923353        7.4087540183773185E-002  0.21122643347308229     
 -0.36311501018965747       0.20067811772582872       -8.1600443958064983E-002
 -0.15854448826203843        6.9726051830087801E-002  -6.5607047016254499E-002
  -4.7787620259729373E-002 -0.10487711430312184       0.21715445994930080     
 -0.13870120545176146       0.19080123928478704      -0.14534882899198129     
   4.8713722239307082E-002  0.23880669625610701       -4.1338261929428815E-003
   9.5878412535118196E-002  -7.7735738329642867E-002 -0.13858185887329338     
  0.38842949453319631      -0.14077772262569585       -9.8549989847047784E-002
   8.4968208319198699E-002  -9.3345186326614080E-002 -0.12309616456043267     
 -0.36803080754764589      -0.24106963349405902        2.2090455044134972E-002
 -0.17310644298527456        4.4512235954918850E-002  -7.8808881461738992E-002
  0.11813558088673928        5.7746609445944426       0.41179840942817891     
  0.17625153994526629       -6.6092308516078835E-002   2.6282090065382856E-002
 -0.20777223031865802      -0.11267885680423176       0.21808868432108766     
 -0.35338861847754738       0.13939327967660628        3.0485765077185426E-002
  0.28005231853694201        7.5324559637334615E-002   3.5038534636624562E-002
   7.5958552637162211E-002  -3.5299587370426159E-003   6.3576702252823511E-002
  0.10552098469821761        5.9576634157701307E-002  0.15706464690506872     
 -0.26606837697361341      -0.21835911156642285        4.4784604374547246E-002
 -0.35775866521703448       0.20121372002964882        2.5420132620430233E-002
