  -8.7523974064822846E-002  -7.0918166221184048E-002   1.7592079323923347E-002
  -2.8922113898409218E-002 -0.29162528144255978      -0.21709373191081346     
 -0.18766288245833776       -3.8300094192919271E-002 -0.22895696587683659     
 -0.11991818647979274       -1.2083789581670869E-003  -9.8646106539609826E-002
   9.7458580123878563E-002  -1.6547923811234960E-002  -2.2394498181064280E-002
   8.7672904351552700E-003  0.12244650661537147       -4.1219163648100479E-002
  -5.2425321903146473       -2.8464066940057577       -3.9554044787453302     
 -0.28885153317854384       0.19298655614891522       -1.0383762211085772     
 -0.19339272210767450       -5.3356971521580483E-002 -0.15085854835948120     
   6.7707368020305134       -6.6789700758499357        6.9815962709691739     
   4.4627919625967287E-002  -5.2754592417035423E-002  -2.4219158768905107E-002
  0.10665905342601691        4.9116476224658104E-002   2.3976699660580086E-003
   3.6759743092434642       -5.8661029958294622        5.0370512324050063     
 -0.19228772310333103       0.32910352564518586      -0.19829981913247546     
 -0.26287275003213129       0.35291012405047978        9.6747629628756673E-002
   6.1509495920128181        2.3543149990596897        6.3919839985863671     
  -2.3387725793922023       -2.5638540311782436      -0.73417772837034978     
  -1.7693482652474173       0.19114055880645156       -2.2897136729009260     
  -1.0198878864685634        1.3329988107443729       -4.5342918693736465     
   4.1763417586430895       0.62618748667931545        5.4711578442100564     
 -0.56396806738020711        3.2995170002942942        2.4998988547521215     
  -1.1712455089219356      -0.66020214707836322        1.4027840443410942     
  0.39243710592652331      -0.40397798854373507      -0.49137038727223464     
  -14.623743321658431        10.627748894960151       -3.6130127142092303     
   1.8490270680041578      -0.62174814948679946        2.6099338222610013     
  0.22429642537735034        5.8985461315431011E-002 -0.10429936516135306     
  -6.7799899044569234E-002   9.7710063388180557E-002 -0.12878908339996548     
  -6.5514604138169577E-002   7.0608932602443233E-002 -0.29228227769706333     
   2.2344388759842624       -5.8403851804386075      -0.24314367927923758     
   4.0239587869459782E-003   4.2253742146569365E-002 -0.20080304653928444     
  0.79806496440545671      -0.74359784313420130        1.2557860004714787     
  -4.4592347245983543E-002   9.4635971171706759E-002  -3.1661122774652925E-002
  -3.5360855882671189       -34.562181570940730       -22.662846263757608     
  0.17095033769890933       -4.0347362356969112E-002  0.18205446109482204     
  -1.7442823168531539E-002 -0.40923581664696951        7.5084892066265313E-002
 -0.93745529091487623        1.7812856253581701       0.40745440374963660     
  -2.7125804716492938E-002  0.36141630487839510        8.2593418968195609E-002
  -8.7696412080305264E-002 -0.16685337811817502      -0.22156334005594616     
 -0.12406105929121622       -1.3753422561264677E-002 -0.10703444172611296     
  0.19811226591108641        9.8006889587565219E-002  -1.6617019093958272E-002
 -0.18307570391760034      -0.20137108747928631      -0.13742938114616626     
  0.27391613572296525      -0.18612017108835510      -0.36859016861726884     
 -0.13328675970803766        3.9932206531412412E-002 -0.21724711310273281     
 -0.63228692547143872       -1.1056407079967219      -0.87818355264453740     
  0.22925664834597415        6.8848217885545654E-002 -0.17376764794709268     
 -0.31790162600866922      -0.51289792909231480      -0.68813668804032047     
  -4.5381161166720817E-003   5.6999880306419844E-002 -0.18980149319536915     
  -7.1752290262863547E-002 -0.43152562032517394      -0.32488120661148723     
 -0.22390310759455465        1.2056662764192150E-002 -0.14178415934823846     
   6.3093217558425865       -4.7309731192912441        4.4622212901706861     
   2.9079901695921537E-002 -0.19880841849681111      -0.27822080988411502     
  -1.4204356196452259        4.1531684661025947       0.74359032611061993     
   4.4646810793171836E-002 -0.11534135018268910        2.0103269385118385E-002
  0.81535745462210962        1.6218406203596825       0.10640131979514730     
  0.22389642508170571        5.5196822157325930E-002 -0.19109448861106346     
  -1.4244390232201646E-002 -0.17706977896035050       -6.0902855516065890E-002
 -0.31826296544319177        7.5658891025889685E-002  -7.7391126818783407E-002
   1.1661239489964665        5.3022715453063745       -2.8900484349999327     
   7.4853430379505495E-002  -2.4758746437969506E-002  -8.8065164532635951E-002
 -0.18578350178151173       -4.7379013201855891E-002  -7.9777897484643645E-002
  -3.7901285052531652E-002   2.8386429720640358E-004  -6.8125987312613087E-002
 -0.23859230971848444      -0.59386963175162277      -0.19216923841948277     
 -0.15490878119120916       0.27942239236976929      -0.15058617219129061     
  -1.9186595147978531        1.8062222788108895       -8.1164865586416307E-002
  0.11572683276560156        1.7423534774607861      -0.69890939049548384     
 -0.11694842057168632       0.12787141731433169      -0.11228393301828182     
 -0.14357510016320496        2.4016427412261794E-002   7.6514884833205843E-002
  -3.6239412818732331E-002 -0.13481925071804632       -1.4539551778190576E-002
 -0.32151175043803937        6.7035753536486289E-002   7.7976900188676757E-002
  -4.5868156218141154       -1.8850965710938310       0.42764972436916432     
 -0.18927880258000362       -12.043272738463276        4.6321437165816715     
  -2.7685702311164080E-002  -8.3758855653652861E-002 -0.15139712627189386     
   3.7524418790959153       -6.4165801081024414       -3.7410360128543720     
  -8.0881017258908686E-002  0.11249879700799333       -7.0807183827950218E-002
  -1.1066826173878067E-002 -0.12536851707718014      -0.12792157491199904     
  -2.8989160632756673E-003 -0.12860070624283246      -0.11465635666957678     
  -9.5092470945107067E-003   6.2042926914259153E-002 -0.33822363798547123     
   5.8668571254279683E-002   5.8880922981872502E-002 -0.36132329916770639     
 -0.35603508214315110       0.40143862945533881      -0.23971862180042020     
 -0.22478927993786835       -1.4207650645420624E-002 -0.57319677140896641     
  -1.3796905464925475       -3.2115996058822565       -1.0258718010493784     
  -2.2487919048866152       -1.1316447549793931        1.9889294498939381     
  0.14566156518604856      -0.54244117900587085      -0.23057937929372807     
 -0.12684737100131199      -0.24077129988172924      -0.46890747136960076     
  0.57644340831496632       -1.4417989552902502      -0.17107560619751308     
   1.9978678050420537       -1.0512487788257563       -6.3489689498374799     
   2.9660492997215746       -7.1664691239719955       -1.2446714554609060     
 -0.12579458972519633        5.8525264297404442E-002  -8.9672471896973652E-002
  -1.2869880446094806       -5.0084598678035386       0.67819726437323757     
  -3.4753597758187831       -1.6494289215082190       -4.0222811297348766     
  -1.6734172864160433      -0.43057488900074553       0.60480212820441426     
  -7.0723493284722605E-002  -5.5485720341777019E-002  -1.8064077655853817E-002
   5.6928688943813532E-002  -8.8731271653602339E-003 -0.27833401203752856     
 -0.10216561715706485       0.13712933873629968      -0.12922883760760823     
 -0.23390644992042184       0.15593010764234691       -4.1918644715452660E-002
 -0.17095444928210490      -0.25973268769490404      -0.19198971177615620     
 -0.17044937568284566       0.13115473803684488      -0.14532848979690768     
  -6.9850883990658350E-002 -0.30153767343833993      -0.10682223920468692     
  0.40341752797904468        4.9187548312096681        4.8367131804463179     
 -0.15498841987247305        7.3151125095157143E-002  -7.2666420450042679E-002
   1.9826032990961500       -3.7296476829636789        1.7969297170581757     
 -0.11948245263979627       -8.7550329571941851E-002 -0.23788706061195952     
   2.0322372606755370       -2.0310286267641322       -1.2778418526341753     
 -0.64064422188824344       0.79711496797967607       0.33623701076391599     
 -0.11182172790059609        4.2705025398170116E-002 -0.15151739508106979     
  -2.0007376069833143        2.8100348219952305        1.1648881787958911     
  0.34952868141596488      -0.44092719915342238       0.29100007954924495     
   1.0042033233814132        1.0219358904786933       -1.4635130553251210     
   8.1659261536333516E-002  -1.6487483435291793E-002 -0.11576555380397319     
   1.7333927458618776        4.3065996313094788       -1.4912853117176601     
  -1.1085835631471910       0.16480531011480429      -0.34225665252158632     
 -0.16166570072043651       0.47105725864923587       0.67564394277363093     
  -9.1748681095803600E-002   1.2945834804376737E-002 -0.19073829493376473     
  -3.3131228476681902      -0.22486473320026529       -1.8695679136087533     
  0.51167243981453203      -0.30117069464660440      -0.25524442228763283     
 -0.19037528456509287        9.7760232581343934E-002 -0.13887410496153502     
  0.55041044310351961       -1.5352693982032066        3.1268943254700203     
  0.14279872342554686       -9.0637046711863081E-002  -4.5458431728496854E-002
  0.27241390711094404       0.50647235206802699       0.32077525070264412     
   3.5708909997246545       -2.1374391619985138        6.3608319691231747     
 -0.20752322662955555      -0.17488642159824025        8.6731052129352629E-002
   9.6698682251290441E-002  0.15126475542477075      -0.57596864682650439     
   6.8297984211057525E-002   7.3254848406467371E-002 -0.23470370582324496     
 -0.32829488599859569      -0.13149050267534435       0.49669024245897037     
  -7.4221875539958573        7.4073138955839068        10.349976905201357     
  0.13046461995334799       -6.5122768211664753E-002   4.0525906409174910E-002
  -1.4208297315631069       -1.9895393548564697       -1.6110775952059877     
  0.11206364225000637      -0.36450899011430404      -0.23049138429928562     
   1.6784920038211129        4.4292544285116975       -1.8415509946898236     
 -0.31725194541681384      -0.23181970888062245      -0.37273637121728703     
  -1.1953012240895222        5.0581453539680297      -0.86046256911176477     
  -1.2294642651869196        4.4401726650728950       0.67956692751220327     
 -0.27521400947701530       -3.1150767795135614E-003 -0.12153890318206659     
   6.8344646709006147        2.7492253394512387       -2.7855029874697421     
 -0.12032012088367931        2.1483127374663829E-002 -0.24001795036858450     
 -0.26772584439767400      -0.76060831791474426       0.32490178072719034     
 -0.15940305218433662       -4.8932239521253355E-002 -0.14163057811670504     
   6.7358614034836632        2.3675629439543018       -2.9138783087864231     
   2.7550378859536595E-002  -2.8737987179492355E-002 -0.16380132302020511     
  -4.6895165455296789E-002  -9.0635285336244820E-002  -5.4352688375248912E-002
 -0.35444833775589851        4.4382516860885957E-002 -0.23213012690154855     
 -0.22885335495331274       0.15424278439224703        9.0730675703562750E-003
  -2.8551306122459189E-003 -0.26464491607072460       -5.7903869854931893E-002
   2.7069699313912243E-002 -0.29143219281817306       -8.0520282947242297E-002
   3.2420424456342682       -7.8473504270374717        2.7103323690718235     
   1.6698138110535037E-002  -2.8165987723287135E-002 -0.26936658424700438     
   2.9191216920822431       -2.6566414799615652       -4.9540700726973173     
 -0.10822482353549515        7.5705653476452417E-002 -0.15234490762676481     
 -0.89555043435043069        1.8238384837138593       0.41448465442616472     
  -6.5377301378715744       0.44328851105097361        7.2832248420789050     
   7.0505786766059397E-002  0.32214469521890327      -0.13503642492428203     
  -1.1037459643753518        2.9591550499625163       -4.5611313226283459     
   3.0679848753769830E-002 -0.15960102415791902      -0.23692557212133616     
 -0.19079452175810963      -0.35259944419090139      -0.41388299382698879     
 -0.15895768139611505       0.36971905657412801       -8.9377014590976602E-003
   5.3613347829852778       -9.4425809462766616E-002   3.7941751444921401     
   4.0231130711557081E-002  0.29736810249838896       -9.3273021770638218E-002
 -0.69056198427836057       -5.9899125283491568        3.1424406735152566     
  -2.5933803370144806        7.6552463223641798        6.9904981701283084     
  0.36321257561747461      -0.17317414331436407      -0.18351812344995833     
  0.16314503630525384      -0.26205963189187403      -0.13625581594660502     
   5.3136519309650678      -0.99165978658316933        3.8598883947586953     
   1.6614794257778478       -2.5001880796747296       -2.7938900344330042     
  0.21946805656465626       -2.8158758643638460      -0.26767896780622724     
  -4.5145889624067098E-002   2.9488109000568370E-002 -0.14481911310365178     
  0.31322184314312057        4.9295266488351773E-002 -0.21410197364340675     
  0.20114664620800843      -0.50395262876006941      -0.53771359091991611     
   1.9012799932687182E-003 -0.29818759339932405        2.8239090099092836E-002
   2.1995059366071879E-002   1.1712126482630949E-002  -9.6959640982339237E-002
   3.6884998992055197E-002 -0.10180947187972431       -3.8899135406536389E-002
   3.4385175084624087       -6.0365508868269027        5.1873839595368993     
  -8.4102163242825365E-002  0.17871907617466948       -2.0730406246180617E-002
  -3.9264183266351806       0.60962750076268901        5.0214743730847644     
  -1.3779093070829782        3.9908894317258574      -0.77397344365047893     
 -0.17429193036844010       0.40485276555390959       0.21898970871288900     
 -0.23798688901277554       -5.6405875648387581E-002  0.16684192906025727     
   2.7662850732428763E-002 -0.11841317814423272       -5.4262852690816391E-002
  0.16472078005908150      -0.10775164348895842      -0.14325926692169794     
  -11.234102529996647      -0.30748685975381801        2.5858288995670407     
  -3.6742489799372217E-002  -5.4398325011631221E-002 -0.14683721963991239     
  -6.4652713522692057E-002  -6.1164185093253151E-002  -9.9875830462738888E-002
 -0.27543792915793192       -2.4508284941443064E-002  -9.0805871111253170E-002
 -0.80381746458262793        6.4779564210147328E-002 -0.81803704773784003     
  -2.4947212915428507E-002 -0.22074454995926396        5.3567909983621737E-002
  0.12347538279063944        8.3542890989192542E-002 -0.15334643409951201     
 -0.24817376249875697       -1.3235056026347802E-003 -0.13279417954910197     
   1.6222764540210202        3.9352690939828423        5.9947967151245303     
  -7.4152598773869538E-002   1.0438840988788998E-002 -0.21494879415522122     
   3.0592430398910642        4.6343330886702310        5.2261111936172169     
  0.31941142432952169      -0.15630489579171372      -0.55376052451444657     
 -0.15307234646235951        1.6652379771023844E-002   2.0268361633107371E-002
  0.62277955400680940        5.7443341337424556       -1.6100558582025681     
 -0.10660768050294955       0.60239948183822700       0.24816736009927703     
  -6.5915523793292533E-002  -9.4647938993987130E-002   2.3647852753802566E-002
  -9.3965923965610140E-002 -0.15548040656441192       -1.9194111781378344E-002
  0.24769040141492799        9.6826157649344852E-002 -0.60441901389220043     
 -0.17979016317375859       -3.4540045832027206       -9.1834788497732980E-002
   7.3525478215058782E-002  -9.9338164004173876E-002 -0.25822040981753835     
 -0.51173218495347839       -1.7434965141028111        2.1584441073725924     
   15.979163840829418        3.1655574024483228       -45.974470440985534     
  0.25207470080821370        6.6534138754150662        2.3216278672890693     
  0.16879395189197144       0.76561238233469453      -0.36931750994292195     
 -0.14750831019434582      -0.94632507579987446       0.13582781695111665     
  0.58558130503200212        2.3376499980911207        1.6865313459475502     
   2.9072038145539225       -3.7403060066093521        2.6323493022728073     
   8.0033659743417945E-002   5.6260536069317767E-002  -7.0447045779758244E-002
   1.6152628105652496      -0.98460442096779510        1.1485567800474790     
 -0.21339554963311300        8.0553417028028901E-002 -0.35265168150375464     
 -0.10693871622282988       -2.6919054476018368E-002 -0.19354035700979866     
   7.4379406193874745E-002 -0.23169997263372144      -0.11090997192787899     
   2.3054930662410711        1.1795945922219879       -1.7331175060175561     
  -14.696484848886369        12.006101485184569       -6.8968959915229444     
 -0.22550322828845967       -1.4656565990732660      -0.29065275311970462     
 -0.40914384309406987      -0.25192602903068273        6.5429309092792612E-002
  -3.1939742054403468E-002  0.10878763544889725      -0.15500726541393642     
  -2.7364768653713001       -4.5648713934631555        5.5863796677055069     
  -1.2020052691155945       0.58530180321207870      -0.98378167273706330     
 -0.17671471867429370        3.2181116421520953E-002 -0.13018148294660786     
   6.4704899153327278E-002 -0.28941946840373906      -0.34856943707374938     
   3.6213655233933491       -4.1590110832507339        1.1108403278448247     
   1.0113155186246028       -3.9671017032604281       -1.1196580032920098     
   4.2158864466351895        1.6735524442883687       -3.6265615443012758     
 -0.23121242511393691      -0.40107291487875502      -0.42422111326606354     
 -0.27633699782396698        3.8160191298377652E-002   5.7569049563330692E-002
  -3.7092443892250344       -4.1763290238628255       -7.9720522045571789     
   5.2985654855717587E-002 -0.12463419866250768       -7.3462200574925779E-002
   1.2873819649126945       -3.9514016411323385       -1.8488086654533755     
   6.0778685262142612E-002   7.7155616435006624E-002  -3.6358031955481325E-002
 -0.45796719551699822       -1.3247198489909785E-002  -5.5795812711042732E-002
   9.9137324363468671E-002  0.37131486697530985       -1.6659274960817982E-002
  -4.3337479386718725E-002 -0.22731463761476198      -0.32296529970813115     
   7.5776297236798296E-002  0.22865849093434171       0.14944311597006410     
   2.9740538872138003        7.7790596828180467        1.5397574709839346     
  -1.6755473100391442E-002  0.55186622637982330       0.11326887815213518     
   5.7241138736618096       -1.6682098149203384       -2.6560294801601403     
  0.14663890899169985       -6.6778325433252378E-002  -3.4608040965072299E-002
  -9.5797804787225244E-002  -4.4889092588317581E-002 -0.18300268919727131     
  -1.8034675685099661E-002  0.14023660718572556      -0.11901061493412614     
  -3.4361868316683822E-002 -0.17030346129764157       -7.4271113322255222E-002
 -0.11883047032721128       -1.2695374295592044E-003  0.10290534940477793     
 -0.10861690661066907        6.0290914027076203E-002 -0.19384758750878164     
   6.2812756580658047E-002 -0.33267046647718024      -0.18978956779796688     
   2.8493818192014065E-002   2.9597127721153424        2.0994515951673995     
  -2.8939867839541224E-003   4.7641507770193455E-003  -3.1297839367001590E-002
 -0.90582187486545629       0.28420543646400398      -0.79544645650267554     
  0.80623372788585401       -1.8097378836570166       -1.2267511222878513     
 -0.24887490381025834      -0.20894456405387191      -0.26698448390692836     
 -0.13014557582758243        2.0858520993055095E-002   4.6085341231535730E-002
   4.0305910766760836E-002   7.3307409674130380E-002 -0.81220000147986471     
 -0.28877471415323164      -0.39086072400273225      -0.10495469512333738     
   3.0411152065707762E-002   2.1013816275342202E-002 -0.13005464371337797     
 -0.36854594471712859      -0.36921883420941565      -0.27159172363476858     
  -5.1150607457601721E-002  0.15179285979678259      -0.13193176332720319     
 -0.12874011474855268       -4.6736693447303940E-002  -3.5459905588069204E-002
  0.12169356509960239       0.19441983046127392      -0.21872802311241865     
   2.3469005715817403E-002  -7.0188799903053531E-002 -0.25006573524581227     
  -22.105230024871528       -21.738724503231449       -37.675171462614834     
  -1.3691084878091324       -6.5503080440536525        4.1421343883721180     
 -0.31130698935730705       -1.1821564112949086      -0.38922201423449215     
   1.8511180898372451E-002 -0.18377222529280698       -9.4690029282618965E-002
   4.5954247208934443E-002 -0.40347036063339498       0.43581663021889255     
   5.3894656883820291       -2.1423857613220005        1.5808994080661183     
   6.6769994350306991E-002 -0.22942686064964229      -0.17497760876883506     
  0.16775829311131624       0.46084900403191492       0.19135121713142103     
 -0.10039900406454610       -2.0097042136042104E-002 -0.21657280342189414     
  0.18795610534278340        3.3201220518200434       -1.3132082023330216     
  -3.5328116129485550E-003 -0.44501111540375066      -0.24335527692238773     
   1.3672028899284818        2.6972407607635098       -3.1106933698048738     
  -5.6042949331150838E-002 -0.49858770349746795        1.1923451395483592E-002
   5.5694888579761605E-002   2.3414835096106968E-002 -0.17667012981033553     
  0.56668449756030159        3.6522290480297146       -6.9973135675106599     
  -1.3673066469114565       0.78890987800673140       0.93560158192554821     
   5.0239151510025462E-002   8.1970831923619918E-003  -7.9249850256807572E-002
 -0.37767214768891400       0.22276522211895919        3.5644833551274693E-002
  0.59966513895560292       0.14024344722927415      -0.41080593238472590     
 -0.11689834949443331        1.2096148907195025E-002  -8.3912924022624388E-002
   3.6005126969960188        2.6620509327216753       -3.2334592848314694     
  0.88233106803579009       -3.5437472770032921      -0.29468725671732043     
 -0.73149847503470478       -1.2759274959559408      -0.61079086778221214     
 -0.24331334712005842        4.1282896293587945E-002  -6.8583332332959088E-002
  -2.6786819742082817       -3.5773700367254282      -0.88325920916111678     
  0.28111738711706014       -6.2389521826087667E-002   8.5157674165958624E-002
  0.57345640683715726      -0.24281332396458311      -0.24818130598532648     
  -3.4631761561300510E-002  -5.3301567244060578E-002   3.0302140669084730E-002
   4.2909001285998366E-002 -0.10915052210501792       -8.2101524191752553E-002
 -0.12703044009492592       -1.9988684207888272E-002 -0.19576759625102874     
 -0.10522351653021615      -0.48919095510488420      -0.98660389424352446     
  -5.5466334301525019E-002 -0.17599625555595322      -0.14330868581653672     
  -1.0411830673203761        1.8351313897210186        1.0636972379675387     
   6.5477546853856028        1.6372217903159122E-002   2.6238486598868191     
   5.9622753142731160       -5.4160198011702905        2.1497809282412339     
  -2.7615055811090358E-002 -0.15043259952518165      -0.17656367453128599     
  -1.5666393991472264E-003   5.6445231823605710E-002 -0.13105729550046477     
   3.0464783867352190        3.6414197949457336      -0.61201701441125189     
   1.3801778478299059E-002   7.4428903145216845E-003  0.21748046888128017     
  -1.0454389462937457E-002  -9.3771729977012094E-002 -0.19120736042005612     
   2.2426498481077188       -1.9870166644345773       -1.9346661811292578     
  -3.7941850144591798        2.8833697577621331        3.0919621917107118     
  -3.8667359599003137E-002  -6.1099726487268385E-002 -0.13794846971708552     
  0.10289056510990623       -3.6883638926553608E-002 -0.23263016595952207     
 -0.33184547346494148      -0.20418544159319260      -0.25722659299662781     
   5.8725241941218323E-002  -5.2998476542490556        3.1705806578956626     
 -0.18409377884407169      -0.11676609568388813       -5.6436495160839532E-002
  -8.6894082037896989E-002  -7.4055950593768433E-002  -2.0420494409809739E-002
  -9.6972680869221700E-002 -0.35530990263947826      -0.13714214380118295     
  0.14944665926796563       -6.2825288834414697E-002   2.6118025362051159E-002
  0.12764957368345109        3.1476383143468040E-002 -0.17957631334012303     
   8.4879401057230055       -2.0878953833078628       -2.0970575462259387     
  -4.3392846512901526       0.67547489795020543        1.0672168849468207     
  -8.0493573376932193E-002   4.6192434109370614E-002 -0.17952220124280124     
   1.4742312161244382       -6.0738736368193784       -2.0736945238792766     
   1.7137335803638371E-002 -0.25387463205452426       0.41505233867685593     
   1.4140279204633113       -1.6242234531371946        4.6492373640415723     
 -0.18820716413658034       0.21985514143150087       -3.7811840288020010E-002
   6.0854234311463785E-003  -2.0676593047697346E-002   2.1538994745150464E-002
 -0.46841715714656501        7.8343674361906759       -9.9202753482035846E-002
  -2.4873083020629165        3.1430759054263504      -0.77691959774416686     
  -3.4646063683892780      -0.63926275544090894        2.6759087859306598     
   4.8266726562885074       -2.7253101205798997        4.0142260761525508     
 -0.41594879621413944       -1.9803734181644828      -0.23931673071628182     
  -7.1882207456653274E-002 -0.12825722258888092        1.0587636949724484E-004
   3.9391082957782396E-002   2.4240177290628787E-002   1.0636446694219476E-002
   2.9787487344923771        6.5098570204127615        1.4803225210442164     
   1.3780008278775018        6.9529486014119577       -2.6645129739471827     
 -0.99978428585567547        2.1114074172619044      -0.23244039738965910     
   1.5882547147396526      -0.76269405562321524      -0.58390810171308483     
 -0.30264472877535553       0.10782283267839619       -7.7095392010711902E-002
   13.932092673348938       -13.957167380046926        8.8265114911797262     
  -4.0373828889734377E-002 -0.21625261541809448      -0.18755569338990263     
  -3.2539375171691938       -3.9778023198980592       -3.0635453756801820     
  -3.5976745069691458E-002  0.28923050588583626        3.7577513404003053E-002
  -1.6720478751146355       -5.2474596241339011       -1.1999299011334350     
 -0.29148370135782758       -1.3153644860601417       -1.2836486875386757     
  -3.9953847063324610        5.8134924239657781        6.3303445021939488     
  -2.0053359253913435E-002  -1.3626355491193455E-002  -7.7118417498068026E-002
   1.3905410779616108E-002  -7.2959836934199884E-002  -7.8329727828127596E-002
  -4.1694728869652042       -6.4977799248142842      -0.62125034930019229     
  -2.7619583748368948        6.1912730588642173        3.2507273753603441     
   3.8181330230468470E-002 -0.12961662486270392        1.9934507015149823E-002
  -2.3362959081607055        7.5179974878795977E-002  -3.9353964233464289     
   1.4192835518851337        3.4158288743248946        1.2622629268060004     
  -3.0431087151356802       -1.5264038385398926       -2.3336333144786416     
   9.5000594714868616E-003  -9.9937212132333142E-002 -0.22070777413495085     
  -13.182159554887622       -11.584790006218592        1.8058432434395748     
  -6.4341928149022021       -9.0888707789357159       0.50580802350011722     
 -0.36634000548926249        1.2451394877265158      -0.12610065498760875     
   2.8998212427236352       -1.7661792037988058       -2.1029419509268243     
  -1.5573306694926041        4.1375450648775391        1.5859950769922193     
   6.9400922317002962       0.39048503412757951       -5.3156312077852901     
   9.3511744585548756E-002   6.7683427829874715E-002  -7.6381141359482235E-002
  -6.2883141578562535E-002  -8.8443037279172840E-002 -0.15798289563252876     
 -0.53015584528307014       -3.3176311663900857       0.48788042682387839     
   5.0910223841654924E-002 -0.18125002118416622      -0.17101456350125899     
  0.69153409717848902       -8.6190018570702485        2.3900254564919785     
  0.13565591792928119      -0.29000522326155082      -0.21649713707466120     
  0.49315801468432763       -4.7618587925007603      -0.42320089673465844     
   1.4709064079097157E-002 -0.14085834614941467      -0.15492848237080561     
  -1.0381367357398386E-002  -4.0191545443355840E-002  0.11500066509317063     
 -0.15676038717683768       -3.8105153723665297E-002  -4.2334539821292157E-002
 -0.37581883260800469       0.23428597626474310      -0.14020347303713332     
 -0.14592185759383908       0.22305400889617288      -0.29850400121037873     
  0.71309616947378940      -0.18583233219700737      -0.21875468708548321     
 -0.20204628930341528       0.10234639495368997       -6.9475687917123857E-002
 -0.10833016196657538        6.5770968732073457E-002 -0.15660441451260174     
 -0.64896766081902901        2.9394623417979583E-002   2.3070814587383657     
   1.7044897306368572       -2.2949692151067742       -6.8988346103103275     
  0.33205946129021152      -0.14236704424600016      -0.37435331763897123     
  -8.4024853743452518E-002 -0.47760044773956672       -9.9190469032227294E-002
  0.12874378616564022       0.18151328720899926       0.13398397453117064     
  -9.1296029597566039E-002  0.43934826996614251      -0.19738142629068128     
  0.24919045251313224      -0.12475542966256932      -0.28113615988798601     
   24.151990362418196       -3.7766636275758176       -11.852868698080378     
  -2.6162670366674687       -4.6740431436955943       -1.2892404507633575     
  -2.0244484493782942E-002 -0.16056668226745677      -0.20104340799656661     
  -9.0064298385845537E-002 -0.13839096474000820      -0.10071520366343978     
   6.1797816190568033       -1.0032715766498319        4.0922980837839944     
   3.7668125746218495        1.7070682010647531       -4.7859880138628572     
   3.1363254547299961        2.1296332101706716       -3.9016547741965426     
  -7.2076211345355204E-002  -2.5224229659100175E-002  -3.0509024495323701E-002
   4.1455965382282196        4.1200671337611370       -4.8890024500063021     
  -1.3113767008556667       -2.4479117021554506      -0.14735046950672223     
 -0.10072966158910213       0.20811515753062612      -0.17451576998315529     
  0.18739392354616347        1.2129054669484315E-003 -0.26061656230861874     
  -1.4420069299083163E-002  -1.9668248414346386E-002 -0.18576043600751407     
 -0.21149413792237276        9.6082177320458317E-002  0.76293987490921056     
  -8.6505300401748045E-002  -8.5123310222859239E-002 -0.23670856577846988     
   6.1830239542939083        2.9063767557234086E-002   5.8106126278620556     
   9.4484330642220591E-003  0.10185452781998022       -3.8241583915356571E-002
 -0.50193109716208550       0.65979322850393529       0.32374619251195269     
   8.8181235563252497E-002  0.48792199046213325        1.4040701646898184     
  -2.3546523764052272        25.788933974709966        15.424211554608055     
  -6.7976983927057644E-002  -2.2221159401917264E-002   1.4279895430167937E-002
  -1.5969992550390224        9.2035863428090947E-002  -5.9526935330895547     
  -1.9910069006619069        4.3462825797757683       0.99902539895835696     
  -3.6450616448802236        2.1404462483996762        2.0897093395521500     
 -0.32079709347561136        4.6695884287021129E-002 -0.11262395923744335     
  -6.3616565496160737E-002 -0.10478035774835910       -7.0053421691143591E-002
 -0.24358235367479358       -4.8798509682657934E-002  -8.9218550840501759E-002
  -9.1372644437910928       -5.1952557970070670       0.94689534778847995     
 -0.31306727732997036       -2.2821795949968086E-002   1.6034786278127107E-002
 -0.77775468313135943      -0.13801214605088363      -0.18057382607440595     
   7.4137003722645574        1.7235236789212804       -4.1412169098175005     
   7.2409274090919187        1.3372060932484002       -4.8861326131887850     
  0.36165841514950003      -0.52570802898226598      -0.16611669874455504     
 -0.25779707517378120        3.8216335968138497E-003  -4.3652815763282442E-002
   5.6028844839299294       -7.0873870117216438       0.92256957352626001     
  -3.9342197092440988E-002   1.2114281715786079E-002   4.5327495538943718E-002
  -6.6363877164856859       -1.2284989313116192       -2.0599153610080072     
   9.7059304500753257E-003  -3.5246419573685073E-002  -3.3411941806541272E-002
 -0.16619655923682200       -1.3650866456927062      -0.34681036648432451     
  -1.7399297792492623       -3.8134293203613985       -3.6837863943683025     
 -0.15566683754856270      -0.39022179822547826      -0.36178045753507998     
  -4.2607921417223222       -4.7117038610905357        7.9888568831329270     
  -3.3169386184042022E-003 -0.17416529838300210      -0.18007048599289921     
 -0.74386413255241512        1.9764148315892522       -1.5296527447212738     
   4.9474499678296494E-003   9.2790108504721247E-002  -7.2095140077177600E-002
 -0.12658772126322318      -0.46424414673533521      -0.27875760245000464     
  -6.4652231564632592      -0.68020009133873949       0.13803705980630163     
 -0.10028329745838999       -2.1712509445669962E-003  -1.3363115489177010E-002
  -3.8366695240286086       -1.7052013715846361        6.2523320201706927     
 -0.37096206838064705        1.7936278338305836        1.3971624035392407     
  -7.3733879715285278E-002  0.16399822672062889       -7.9102267543644078E-002
   24.108772415428291        27.786767513533473        38.162664003583394     
   1.2326549980757284       -2.8430500589964596       -1.9981175476194206     
  0.14243588488336781      -0.11392536425561064       0.15531987484183610     
  -4.5034046768929175E-003 -0.22599791065909486       -4.4009222558829331E-002
   2.1559491300675431       -4.3410391505512154       -1.3618449509541000     
  0.35372857560152560      -0.19274771734151028       0.38537436216107024     
  -9.3252793480891688E-002 -0.17336464139856095       -6.4649613212097043E-002
   1.9560401426595835        8.0284244313201096       0.42524619318641455     
  -2.8888719431046028       0.27229377334550470        3.2885578642170179     
   3.1929004437941133       -7.2306278008434006        4.5521923333502086     
  -4.0345940621396821        4.9310893567637937       0.29549932035477960     
   8.5965501823980342E-002   8.8898234253745573E-002 -0.16978607660951128     
 -0.61406757254588562       0.82181154523836708      -0.37987056979662415     
 -0.12666494969147918      -0.16126122954242547       -3.5591623754171187E-002
 -0.18101337233759579        9.0578021567195091E-003  -3.6538757114732943E-002
   5.5044093223613588E-002  -7.4165050373993457E-002  -9.1281317430699144E-002
 -0.10773778235389736       -2.8169027613954487E-002 -0.16833082127194959     
  -7.0387137122421228E-002  -9.2244305917637215E-002   4.6191310821953593E-003
   2.7752844691616247       0.99550061506850107       -3.4860259545783316     
  0.22749140964767883      -0.25373921606494521      -0.26828482794835440     
  -1.2412858402661078        5.1636050356652206        3.3917120246702130     
 -0.11429860272389485       -9.3600972813034228E-002  -7.2055790641143272E-002
  -1.6553137068311490       -2.2849265598483042      -0.13959436402956441     
  -6.5324438086303260       0.38466701698843891        5.4867055131676530     
 -0.23460800505884757        1.1472851740756966      -0.59563729699929091     
 -0.11037658356211763       0.24722369307228836       0.54353922002458221     
 -0.23528650950853158       0.15885135292483268      -0.22993994262371756     
 -0.20289454942803262        9.1718789868064851E-002 -0.19865869775721004     
  -6.6808859345790408E-002 -0.15536606356457233        1.9919202094504651E-002
   1.2172628248193249       0.87076120394926793        4.0187185251280715     
   2.4382176571089609        5.2071738452007352       -2.6880486534899419     
 -0.17562667159155981       0.20323054426675904      -0.29204840387414172     
  0.49655384570659694       -2.7532829086261188      -0.65825517245413789     
  -7.9834056051969568E-002  0.23526940261575416      -0.39057177258718057     
  0.14216026198071566       -6.5501089331947482E-002  -4.7489460405677267E-002
 -0.61199693802167243       -3.1342783064518587        3.9587587292830171     
  -4.5444362044904353E-002  0.55712456125983589      -0.25483535624195741     
   5.5703414284236699       -1.1422512612633902        4.8473045293230905     
  -4.8044742727398095E-002 -0.18046144426974708        2.5317532099411927E-002
 -0.19134451050866544       -6.6909716237900749E-002  -5.4376634719894373E-002
 -0.57265723448011463       -3.8162786970233649        1.8255701504341177     
  -4.7380647720114029E-002 -0.10136293691043881      -0.21309571209718550     
  -1.8148939222836606E-002  -3.0093730180401700E-002  0.13833574904856327     
  0.10796304318727169       0.21769136945942819       0.10900558333681098     
   1.0432571746779866        7.2701063211077344        5.0800199565816246     
   7.8892408781321699E-002 -0.15964603309263678      -0.23028532096037430     
   1.4276908655780971        2.3172003424567311      -0.42649148267771642     
  0.79206234938625808       -1.7856905590579129      -0.57376041139601452     
   6.7236650605014745        2.1604578268329715       -3.3476054727931035     
   1.6384681043455898        6.3502799878805130       -2.7200056919348348     
  -1.2603694514615928        8.1793524822513977       -6.4497143871998661     
 -0.12367292884439539       -6.5535214037233905E-002   5.0205925007748890E-002
   4.1797415748765214        4.0800216178934816       -4.9307568910138597     
  0.13194123892444243       0.58228059815654010      -0.40009118668558852     
  -2.8669988293308890        4.3852803756488408        2.4381662907040589     
  -4.3263430658567074E-002  -7.7599884361773244E-002  0.42785749354894415     
 -0.17325562808046782       0.20772510674355160      -0.13295396654020450     
  0.15068094599130194      -0.61005546270234468       0.12704248269851573     
  -2.2359837488417087        3.9276148743629706        1.7265774644328011     
  0.22934951792109889      -0.20494126644890054      -0.17889356185444780     
  -5.3732391672107802      -0.80530628560421469        3.6483718154275011     
   3.3611712792012319E-002   4.7605824195994422E-003 -0.18441403117172608     
   4.6314072583700197E-002  -4.3642117969579279E-002 -0.12696995550467668     
 -0.53135588062877648       -1.8777529798723522       -6.1621876952989210     
  -3.1165654915343808       0.76206415738642641        1.2442771117281839     
 -0.14701470463468971       -8.4599665885751074E-002  -7.0643691978613352E-002
   3.8768745596684223E-002  -9.6801127803095105E-002  -3.8053726989198617E-003
 -0.33143837570498064       0.20298368585436000        9.5107444698909097E-002
  -2.1989219004247897        2.6891491874456088        4.2332492241195112     
   1.2805583619677686E-002   6.5823521738305302E-002 -0.13130457998129044     
   2.2527618776455635E-002 -0.18951254825376371       -9.3873499699709595E-002
  -7.0601886006534859E-002  -6.3885856967217408E-002  -4.7157525613235149E-002
 -0.29651564751187004       0.10064157343763845      -0.31373939845501220     
   4.7951047942498644      -0.86416884353913348        2.7438353901989219     
 -0.24745826641946778        3.4214948053228618E-002 -0.20575410328799082     
 -0.22193715964830293      -0.16070998755788946      -0.12470711902582979     
  -4.5904948999056755E-002  0.48958554981194019      -0.15739178004416374     
 -0.21248821990432629       -3.2173859194293594E-002  -1.0783916245945598E-002
   1.7377613280111652        3.9864966941146034      -0.96243970465628836     
   3.6084988123023489        1.6096009771025723       -1.2716608818724331     
  -4.3481628530622908E-002  -8.5132030748893330E-003 -0.11096356209726355     
 -0.35777005610214735        8.7353048359583796E-002  0.12208866666290144     
   2.7112609246743959       -4.2071545450262722        1.4969614589032143     
   9.5587125369492862E-002   6.8539019873344223E-002   7.4136348955988161E-003
  -1.0065399442820553        1.9449216285014801      -0.14654165906161154     
 -0.99147850836442564        3.3251272399132690       -1.4742356049027467     
   1.0061228684345249        5.0344231589545005       -1.5305922550834878     
   7.2317345504874161E-002  0.10190747338038277       -2.3521078292499942E-002
   4.1631526072600318       -2.0934752339332463        7.5557476818758955     
   3.2384554477248806E-002  -3.6169802587112242E-002 -0.12437935913896518     
  -3.1000799367736930E-002  0.10496156201892894      -0.12946535096371814     
 -0.14016292277869646      -0.16133495025178171       -7.5108399092383107E-002
   12.119956460599536       0.36659373649012067        4.0584199727373607     
  -5.7709650890262726E-002 -0.17095338666582577       -9.0013595614654496E-002
  -1.6749678339197906E-002  -6.3422563947621580E-003  -8.6026503214085601E-002
  -7.9294029217201439E-002  0.19474286746557051       -7.2293157010444309E-002
  -6.6280670896925145E-002  0.14272966414011351      -0.15327658237242522     
  0.95239077949903361       -4.8986434086794173       -1.1017025701855938     
 -0.21093367106960487      -0.23771774244661545       -5.9480047508241304E-002
  -4.8151550329645486E-002   7.3794780962384593E-002  -2.0922387038887841E-002
  0.16663432191288585      -0.22427580613483736       -4.8146005764654484E-002
  0.96844201691468590       0.99619269734823224       0.80796796009872018     
   2.8675243758742211E-002 -0.11728444603106257      -0.10799958214617622     
   9.5968292026714815E-003 -0.17935196129607145      -0.16883978942387426     
  -5.5104584840825188        1.2988453484277991        1.1998454794880595     
 -0.12923905645955019        9.9228057388775267E-003  -7.3227019173096847E-002
   5.5004172282235677       -3.1113335016873358       -7.4992103096355009     
  -4.0721947840530808        1.3312915696976058E-002   4.6718125084615245     
  0.33830504015278690        1.2601840359469232E-002 -0.51138439326253993     
  0.36032978606196286      -0.73078046636687510      -0.17506556089088676     
 -0.96331131422673077        2.5109450765453962        1.6781940014456895     
   2.6094319536943775        6.2706429077660317        1.1424535690141668     
 -0.24571261494342106       -1.1108077953524018E-002 -0.20549937233923674     
  -2.0114672529260593        4.9925542618478458        2.2230982577512362     
  0.13256193243734590       -2.0412136880414850E-004 -0.11753704650795228     
  0.75742704517315806       0.41857582923781483       0.23138583818343073     
 -0.27712829876431216      -0.12086435356403637      -0.16073972587871724     
 -0.20297952919044354        7.6198023993691369E-002  -9.3618689231712196E-002
 -0.28008311559685822        6.0466257363455782E-002 -0.18996524955070429     
  -7.0822347126313356E-002  -9.8817713116592348E-002  -3.3434169107308752E-002
  -2.2708010521970845       0.83700992067195124        1.4813232569768926     
 -0.27474475990033409      -0.40776899628224672        4.1586602944330281E-002
 -0.11236239350918915        9.6804018243739132E-002  0.10539326982633936     
  -3.9870106446372966        2.2663757379382017       -3.5725516730220570     
   2.3506034026800045        5.0487708284360187       -1.0937172508394775     
  -1.1983447658203878       0.90453397718777695      -0.68563771151282860     
   2.9265181439322232       -3.1343479286916143       -2.0223054906178755     
  -4.7419100288345117E-002  0.38720962089517547      -0.23339631842957914     
   4.7755588638522859       0.16699585849043014        3.4852774594095908     
  -5.3521458046932764E-002  -4.6561828507434622E-002  -2.3035631931816101E-002
  0.22179794707252914      -0.31750746500103838        3.2117055204805927     
 -0.21872061394234732       0.29227269396683964      -0.17954303069173222     
 -0.66239718250186452       -8.7046161149569610        7.3304446454276020     
  0.29170753536352573      -0.59225364017034443      -0.30265205467328454     
  -3.2359176051647593      -0.63009764680593927        3.4804890972961893     
  -3.4743899869619526      -0.59367561823583326       -2.8246876098789677     
  -1.3678833780583213        4.4565646013161926        2.7740196156328354     
   1.2306489329270593        6.2235733206544683       0.19256467148800621     
  -4.4402176138770261E-002  -9.2746268005115332E-002 -0.12537165005094719     
 -0.10172755748715330       -2.7710088082783687E-002 -0.13180399090959727     
 -0.50012179565751302        3.1100255642544615E-003 -0.37707919302499898     
 -0.57222552285226169      -0.35934510424012633        1.9991624623792080E-002
  0.14503505510089826       0.24589374435530992      -0.23504155458944206     
   4.8429620637557902E-002  0.13237539695137809      -0.12403532856452165     
   1.5383892569340074        6.9504229640819046       -2.6221835926561639     
 -0.25819957199389765       -3.5163419522145106E-002 -0.25744716899831388     
  -2.5968287085129522       -4.9560799134851319        1.3903086678459462     
  -1.9963334859323432       0.11140673155380318        4.0279940012376413E-002
  -4.8813913164627571        1.4132906535226870       -1.8504486630574062     
 -0.53924428844993377      -0.34576548241374550       -6.0732453562558568E-002
  -2.6603757233634409E-002  -6.8101088647219296E-002 -0.10842863081127199     
  -2.9090478676113039        4.6235868106536193        3.9243837246996334     
  0.51511070660115454       -2.7354334136814500      -0.71736466611724248     
  -9.3724073129052482E-002  -3.9198393310350022E-002  -7.8695839937212034E-002
 -0.32214714204947292       -1.2533075353766415E-002  -8.7471570209970456E-002
  -5.1957810233630521      -0.93429853036272958        3.6476240426303912     
 -0.14371169702301109      -0.19938269738427683       -4.2290149426306843E-002
 -0.17641945439539225        1.5950949185501364E-003  -8.8452205223073704E-002
  0.51099332444290635        3.5589787394353753       -2.3687887548396009     
 -0.83666309039257492      -0.62571499078536930       -9.5504779044001301E-002
  -1.0868787078350999      -0.31175499577341143       -1.7845175607547690     
  -2.3912785047904355       0.73885212917736354        8.7909268735391812     
  -7.6657205983496804E-002  -7.7206278708764953E-002 -0.11743986292961928     
  -2.3341884868349276        3.1297827262489954E-002  0.40944816062770423     
  0.13214204132696503       0.30650785338725905       -9.7034180017354268E-002
   4.6322746243061340E-002  -1.7342533604371206E-002  -7.2863964449199875E-002
 -0.14827894564763769        2.2583210653254124E-002 -0.15238931630873909     
  -4.3945852164714416E-002   4.5908667925992894E-002  -5.5144670579156327E-002
  0.15035590147156583       0.17452156612580805       -6.4087493430788040E-002
   1.0545680823941317        5.2869534700526728       -3.0275416527585675     
  0.56449458880810177      -0.24677488543342130       0.23173895847416628     
 -0.20634569168159977       -1.3977125068587649E-002  -1.6551023078841334E-003
  -6.6651993574140950E-002  -7.4106812257310931E-002 -0.18987494093461749     
 -0.11860364990342109        3.2845782971780015E-002 -0.17325131155949883     
   4.6476430172046994E-002   3.7501697595749804E-002 -0.41364864255709316     
 -0.21938752697632152       -4.9790276449776266E-002   7.8501159630462530E-002
 -0.12806487941190345       -5.5649382473624977E-002  -1.6964132825978997E-002
   3.0176825676277450        6.4757117399823843        1.5690216147050091     
   7.5563503661680255E-003   7.9765379728411592E-002  -3.3097447414554185E-002
   8.1205754294007990E-002 -0.10455105818634858      -0.59444497491523551     
 -0.13900307061077824        2.1219419419543521E-002   7.5382014410269288E-002
  -3.6579462473924123       -1.3094645465943098        4.5827306276707205     
   4.0752833153157271        7.3448147605385099       -1.3145888499042544     
  -6.3817791582172628E-002 -0.23640657009621119       0.13491154728399118     
 -0.49469701416697204      -0.70426274787944987       0.89548868303168161     
 -0.18533349091869444        1.9704977203357843       0.23863600699696480     
  -4.1339698682246979        10.864756773467404        5.1648130604679547     
 -0.28342510009595107      -0.13985974149047795       -9.6620115841664023E-002
 -0.11310662006576022      -0.26365384385622059        2.3117345623444883E-002
  -7.7438876347934602E-002   9.5094688736738778E-002   8.3728605394500170E-003
  -3.9928250233047566       0.90372168294860589        2.7670599210656555     
  0.11474108034912324      -0.10102805755686041      -0.51283979231572885     
 -0.13329156902832470       -8.9743495148892946E-002  -9.9075604840107134E-002
   7.8181303004162608E-002  -3.0573615638157781E-003  -1.2329616173723933E-002
 -0.10093731619255922        2.9499471750625346E-002  -6.2781102920399665E-002
  0.60833487428918698       0.19799909058207696       0.33871986889930017     
 -0.12443626510043235       -9.9828877683548423E-002  -3.7310305700069157E-002
   1.2242825185701265       0.22640147747899311        4.0470601837441258     
 -0.21461535409817475       -3.7506432636192591E-002 -0.14075615878916825     
   1.9527708591918929        10.949243068243860        35.757637786211063     
  -6.7605267029602970E-002   3.6592439812878109E-002 -0.10079830832813033     
  0.21193627422934241      -0.11593205114518747       0.18823292987044610     
 -0.12556178097597706       0.14161249359230466        8.7100697566128524E-002
  0.61128392253397312       0.47680377856704131      -0.45335113541283012     
   1.1059342876524100E-002 -0.28901394370775785      -0.16005636035393703     
   9.5205010620798802        6.6650737396618691       -8.1055698364426032     
  -3.4060933272932012       0.15053813612577163        1.7030480561522945     
  0.60432106579362088        3.3268591125270817       -2.0899192590878335     
  -1.0531222185510607       -5.0685482266854223       0.41851980831762936     
 -0.14662972095337387       -7.6828106495602816E-002 -0.20154431138549100     
  -6.9057139479988955E-002 -0.37238161020271510       0.13445142740875907     
 -0.25890887200617502       -11.459072836515379        6.1474600443341716     
 -0.17013893510553105        6.5449728481171671E-002   7.4417354464003285E-002
 -0.21921761126904030       0.17841375240126081      -0.68966123956949066     
  -4.5779672826114629E-002   7.6441284176418378E-002 -0.29623688045382407     
  -8.0430594207933375        12.310861615179498       -12.788267363392036     
 -0.10657900160936630       0.13606623786000918       -8.0886364105805075E-002
  0.25322416360320454        1.2927691928931506       0.38744299685952571     
   3.0282650580366020        1.7258933366502152       -2.2691757372795696     
  -3.7972873519977648E-002   1.8899197071980241E-002  -5.3457643081192822E-002
  -7.9140803973177951E-002 -0.29786010598304286      -0.12188309365493999     
 -0.22350592798603336      -0.37363361646269605        8.6348198891623693E-002
  -2.6289763270047315       -1.9088726327507270       -3.5922093482683448     
   1.1587231533231526      -0.76346245861313966        9.3952376612735186E-002
 -0.31957136138906406       -2.0950265802941033       -1.5101013206227174     
 -0.16462809923805757       -5.3996804154279238E-002 -0.12049030098290348     
   3.2132313632314211E-002   6.5113940599808739E-002  -6.1081574074260646E-002
   8.7118924547965101E-004  0.17909395157677591      -0.14422693595400718     
   3.5106910824738151E-002 -0.21052539423896341       -9.0479482585641952E-002
 -0.29123041971013230      -0.67116067759948683      -0.70224084039420076     
   1.7066323486077175        3.3157450194070450       -2.7199449656174979     
 -0.93280667217098623       -6.5562691374112356      -0.57354667723094410     
 -0.37505974002762144       0.21757614345721346       0.35209290822495587     
   6.5186922308646453       -1.2244030916686264       -3.0559797258020573     
   5.2681751937036259       -2.0496257496362915       -2.7161559633090708     
   4.5960513112666398E-002 -0.22906957484162299       -9.7791819366926783E-002
   9.7076891370439036       -7.1762605384554128       0.92340605274238441     
 -0.80361739319636927      -0.43989190993908900        6.0265175853844916E-002
   1.6651384559567488       -25.743446048315292       -38.146581952533019     
   9.9655089798749680E-002   3.7493738410974378E-002 -0.23360119707048982     
 -0.17608339765708622       0.23506092220155572      -0.18740401012678159     
  -2.7295688097725930        2.8352899171671924        1.4412432651721812     
   5.8010473036694261       -10.206870402485206       -3.7568743442564951     
  -11.695135342745754       -2.7199632206116320       -8.0778077527927952     
  -1.5964669557456879        9.1050148339546180        8.5025896710966524     
  -6.0857771091952902E-002 -0.12510389621838275      -0.16975301837216572     
 -0.46901295789149644       0.24504585861361650       0.23910225729581386     
   3.9262952513097797       -1.5855336757370209       -2.1305226575686302     
  -4.9918071114051141        3.3785936679054771       -17.752958328691577     
   3.6811396235134750       -1.0128654326891571        1.4294862358417626     
 -0.17489580115589579       0.18087709005834196      -0.26611842533658675     
 -0.14035225989590816      -0.15341718779066899       -1.3401447078077829E-002
  -2.9539479933930028        1.4556468928880957      -0.57207773146348939     
 -0.93082416269998147       0.32324407673211847       0.82086511100697379     
 -0.25651558451199452        1.2514255389159082E-002   9.8177396390983926E-002
 -0.20411043713843691       -5.7590494684126567E-002 -0.20778060409735011     
 -0.19670504565714989        8.7848180497568845E-002   8.8016497736195465E-002
   1.8357128083162894E-002   9.4024768713883794E-002 -0.28164246410720889     
   1.2965832997884901        4.1519193194129924       -3.7030589731578862     
   4.4724810558451136      -0.80395356934346374      -0.66008199836027892     
   3.0631068058383230E-002  -3.4305126717096086       -7.1596444234543055     
 -0.19484146251340317        5.0424323014491318E-002   4.1539920916107715E-003
  -2.4773109816819932      -0.29918304131706491       0.53534958952118283     
   2.8320361157808178        3.0261200388773153        1.7244396214895708     
   1.7660622023881409        1.6492152129512305      -0.24638426303297620     
  -1.5938703090640749E-003 -0.31670681878436369      -0.25500020838874171     
 -0.25629441303741568       -6.5547604026503087E-002 -0.10652865240197401     
 -0.10023458572105981       -6.7675754874925192E-002 -0.12178162578130181     
   1.9209552869657158        3.3381660453503730        4.1639197356975837     
  -4.4862149568996710       -2.9677845395384566        7.2881900350006337     
  -7.0795117750831082E-002  0.37102585171218239       0.26527401835681336     
  -4.1459710714921449        3.3224784405912287       -2.2441999619282131     
 -0.86409226512116677       0.48877613881362564      -0.14564237727574367     
  -7.6688185953667105       -1.9738806897481980       -2.8886310489541835     
  -7.9024203059900877E-002 -0.28253069397272168      -0.24235374749182265     
   6.1972049401817477       -3.9099363932531142       -2.6441871279719704     
 -0.15090750696197100       -6.4441623197281112E-002 -0.27975459651397949     
  -6.9453815741241015E-002  -8.8933886327740658E-002  -8.8501207261926108E-003
   5.3001035616506105       -1.9337547993253548       -2.9313206022407337     
  0.13986901225253348        2.9850701617676334       0.42366316120315439     
 -0.12325261928406198       -6.9792667445648937E-002 -0.10762478832137322     
   1.4911175499824176       -5.2361137642982003        2.8501103243479586     
   4.1667771348201121       -2.9509120604500922       -3.4349218548533411     
  -6.2808004747221910E-002 -0.11462391368654862        4.2140249569747532E-002
  -1.1262262149181523       -4.9622552590472857       -1.7243684002904098     
 -0.12814484204497378       -6.0946658463735554E-003 -0.17915349670712352     
  -3.9258990143434622        3.8791344870973643       -8.6347385546022402     
 -0.13206022475446905       -4.1663572586932582E-002  -9.7267845350329368E-002
 -0.10765704083354649       -5.6302893662946232E-002   8.6593241648567770E-002
  0.13423166792562774        6.6895261851013660E-002  0.26653557465315919     
  0.29102337150734386      -0.91604364696551976      -0.24706216182169613     
  -13.984750491512560        2.6619436570259807        40.292978560926223     
  -4.2174716160156276        4.4424232114825362       -2.0016444832976745     
 -0.21346361071153713       -6.8231888992038192E-002 -0.24883594780312127     
   10.215312923277402        1.8635431637647299        15.858729059099135     
  -1.2993042880077879      -0.70641237124540812       0.89502411592324704     
  -8.7648625751605272E-002  0.11791077864667432      -0.15496649005868185     
  0.11872582037084049        6.8381571690280349E-002  -2.1584958603601833E-002
 -0.13407700025200142       -6.7819788394900618E-002  -9.9607984859694826E-002
  -1.1978797386279556      -0.31864615757266473        1.3396686638835926     
  0.18090161065793683       0.99941311048394832      -0.37658641380246138     
  -6.9828875958207677        6.0357624551165561       -9.3943530323950348     
   1.1654479887832878       -1.8986099305654309       -2.3189302571543293     
  -7.0956537477871798E-003 -0.24196564637761886      -0.12569045977102405     
  0.54097397232395927       -1.0284028992353775       0.17715636117499964     
  -9.4230427174290629E-002 -0.30421244071932851      -0.10891747691437635     
 -0.24030388797496022        1.2976212091266214E-002 -0.27396495875747123     
 -0.11870136493454621        3.6948201502301235E-002 -0.17168564170202719     
  0.40950811220013394      -0.60670722776403385      -0.64004284994124772     
 -0.10915333715895224      -0.31564205767354975      -0.12555965781240971     
  -4.7543441199858073E-002  0.20267674751749543      -0.20538408554982457     
   4.6393756823355191E-002 -0.60376036508303454       -5.9501328588898152E-002
  -4.0045560760214059E-002   2.1584777694236876E-002 -0.10398433789103251     
   5.6069774086933873E-002  0.24338472129179486       0.18372281571367177     
 -0.22633109251234082      -0.23417664595499371      -0.48717151813318565     
   1.5477273656478245E-002  0.26626295508295866        9.3437825736257848E-002
 -0.97385285120240905       -4.6303722650638228        1.6698176939784526     
  -4.0918408868764349E-002   2.4784311555864365E-002  0.23529805139967241     
  -3.4719721902526590        7.9247840712416695E-002   1.6704794142425869     
  0.99002415189443560       -3.4225352280626087       -2.6619409220026129     
  -1.4765604852589445E-002  -7.7605503862057237E-002  -9.3127028700358758E-002
   3.2078075163536170       -8.5583379316483494      -0.71485749586977176     
  -3.3023596623700997       -2.0576793715990767       0.12182178820234213     
  -9.9895732254160777E-002  -7.3898058299030234E-002  -5.5784650663745328E-002
 -0.36401693698932747        1.5837998381120696E-002   9.7766091247664569E-002
  0.25644011651338328       0.19499380479899700        9.1699481339297020E-002
  0.32470770915929942      -0.61092332500378188      -0.44539511238886753     
  -5.7277255913093779        3.6013339473206534        2.7853224345569876     
   4.7867759323995331        1.2626412390560269       -4.2091435462253388     
  0.32329681051316417        6.5576310712299248        3.9722170295563761     
 -0.13015312552405447      -0.12881027115217808      -0.15653899908197258     
 -0.15085835882759413      -0.21378782351714046      -0.39537017191707519     
  -3.2350165472653036        3.8199309220572411       -2.4135847611147776     
 -0.15491629141676749       0.10436802077259802       -2.2952982615644997E-002
  -4.2669830724733640E-002 -0.10726979696381625      -0.20589800202035283     
  0.21632912873730042        1.9086175146918358       -1.8891603681243254     
  -5.8874547122782053       -2.4041204521841166       -1.5258680308032024     
  -1.6563834197495717       0.13139277729891183        1.3408367324017103     
 -0.17928891245811499       0.17199452176567689      -0.18574480224222104     
 -0.14451717597239738      -0.15380606078322659      -0.22991011524047611     
  0.24811898566447077      -0.43055337874981858      -0.27118863881214439     
   3.9756344776564478E-002   6.8725822659705504E-002 -0.10125839688300868     
   3.1130398440241556       -15.366170160764838        4.3038337066769019     
  -2.6893587196615494       -2.8907748061661671        2.1491663408069002     
   2.0835840677572928       -5.7423354741082884       -3.6200479594683479     
 -0.62206822143635565       0.30978753956020283       -2.5545001499999151E-002
  -8.6047052407493857E-002   6.3946558297883274E-002 -0.22594567873178464     
   6.6159257416825448E-002   4.9582077662662961E-002 -0.11615643586110294     
  -13.382839459397724       -6.4655031626633779       -10.406648898130285     
   4.1730171925479925E-002   1.7015417835866894E-002   4.5687356834996008E-002
   6.1900991488036814       -2.3748951200757999        5.8176351376548663     
   5.8158719991745177E-003  -6.4423402718717701E-002 -0.23491910264401164     
   2.6561278887707807        2.3602778497991439       -4.5811665410923830     
  -5.7664900042127702E-002 -0.63709630803838424      -0.30828969044643356     
  0.31357598224970995      -0.81042666508012540      -0.39351132932168531     
 -0.15582784080177711       -2.4165527615244931        1.6432086054755159     
   2.5445848371238653       -1.0537258473907727      -0.81204925521226756     
  -4.6907194699469574        1.7894658993662678       -3.4226710999042935     
  -6.5078081373918550        11.398688407821352       -5.7196926132598547     
  0.15843389182245801       0.15958273150856925       0.20508220447263723     
   5.4038550059149220        7.4180836066002431        7.6915361425046447     
  -3.5660013851844884E-002  -5.4097925961720264E-002 -0.18694622997198285     
 -0.20435185531597283        4.6030069334046936E-002 -0.34649140655940663     
  -2.8208484744849466E-002   4.6222890878565195E-002  -2.6374715668074679E-002
   1.4956714244226685       0.77732812748649172      -0.22180776939470723     
  -2.1618498058534306E-002  0.55105912981528615        2.1743135747134263     
  -9.7999029922777037E-002   5.5500223467662164E-003 -0.22724755676156527     
 -0.26216330862301612        5.9568862988279507E-002  -4.0682000951640471E-002
 -0.20432341163958259       -5.7751151070991264E-003 -0.21728134164778468     
  0.29952559973202181      -0.11717154466713645       0.42742920514870408     
 -0.15444668229983907       0.37599724163816811       0.21969011512023803     
   8.5094232812319051E-002   5.1824748275738505E-002  -5.4906712513833569E-002
  -2.0837825759746669       0.66785559767060587       -2.4400184528544977     
  -5.0002887493638001E-002   1.2432671506445021E-002  -7.5067402576799669E-002
   1.3124125856889759       -2.1530736799973571       0.59326023827582797     
  0.59674191271887156        3.1965417731633332        6.4875385428953836     
 -0.70386535948934204        3.2456898837702424       0.84791351401460202     
  -3.3379348033724425      -0.68612713927787572        3.5158256934336896     
   1.5709261901496294E-003   2.1479414706934871E-002  0.23987286467745814     
   2.6600490850927980       -2.8087416585363019        3.7092616927465540     
   4.4888886325025679       -7.4626534955481505        1.3393327939092947     
 -0.56602151745608964       -34.225020591166398       -1.7327490544417385     
 -0.42737179745523179      -0.25254709712743673      -0.14741559917643215     
  -7.7082762621289699E-002   2.5957490870684718E-002   6.3863053302443809E-002
  -9.6297794787118002E-002  0.10653890201759746       -9.0360452607592234E-002
 -0.35572482454292675        7.9135154576137817E-002  0.10793165531965869     
   5.8682693764599905E-002  -2.7388262926664766E-002  -8.0411873039599763E-002
 -0.21962836684755443       -9.5197903324189981E-002 -0.11073391975107306     
  0.18802417396375140      -0.94380120299845616       0.51417990202118669     
   4.5340438688119162       -7.5741083921208094       -1.0490604110502799     
  -6.8566168680864154E-002  -9.0165697000313696E-002 -0.17628686448489986     
   1.3236559565962711        2.0626509338527050       -2.0461911245600337     
  0.37183017537589275       0.82536740157966848      -0.72947322319808139     
   4.8135700295025279       -1.6659031119110779        6.4137104380988790     
 -0.12109490748408283       -1.2506976352736814        4.8406335926909405E-002
  -2.1544791836219876        1.8608674261494378        1.4545907073420070     
   1.9285933365301764       -3.9432481839163773       -1.2739224278019554     
  -8.3133568013009612E-002 -0.19244920021330864       -3.9118057994471767E-002
  0.14730763803700311       -1.0317518447404707E-002 -0.25047193359071651     
 -0.13633024451420853      -0.13469889197054022       -1.5995936283752718E-003
  -4.8006993484055966        3.2381863664069575        2.5252583139997609     
   2.4450704154103793        2.3511791325677707       -2.2307993049919075     
   4.3033763947195771      -0.93636633068013808        2.7151670312467662     
  -4.9768443872570720E-002 -0.12478114958686126      -0.21716109449765508     
  -3.6123546979493035E-002  0.18261586601547702      -0.15092601254593355     
  0.16579756140615623       -4.7852669842286408E-002  -3.8886223416678231E-002
  0.31463008611616566        3.1379344279024761       -1.5705979246942696     
  -6.0069626031804296E-002 -0.22056468164607465      -0.25223066023812857     
 -0.59171938033254412        3.4091906220458887        5.0339288202782493     
 -0.10153333521909672       -8.7635712269127780E-002   4.1144421658512662E-003
  0.28780956089559306      -0.11665727280904428      -0.11704091148716479     
  0.14683034814539744      -0.27232124168199806      -0.10571481766910777     
  -2.0747584755779522       -2.3349964873967597       0.10429142989719342     
 -0.54561395927526091      -0.18373189829551742       -5.1949057062510219E-002
  0.24422886053821333       0.36870015387320082       0.54357289221559368     
   4.9994831501266956       -2.5453409885703167       -1.3900619678902901     
 -0.36174358544253921        7.1550008742540083E-002 -0.45994831468454500     
  0.29699723892795937        8.5541735847528430E-002 -0.12542038008980291     
 -0.12574986928431681        2.4011913589359703E-002 -0.21819747110846011     
 -0.10364321137858616       -2.4267767604217314E-002  -5.1249815889398793E-003
  0.29974981596003059      -0.10254829987821504      -0.33182662388414075     
  0.16312977312158880        2.9719240454887661       -1.5607955261528788     
  -8.6432033725514473E-002  -5.7602720924958745E-002 -0.16544057563537956     
   1.5064215052619623        3.9764671828524594        1.8746259456442369     
  -3.8698230532411912       -1.0497953458690439       0.25695878713973125     
   6.9144159424970155      -0.66567749025124390        4.2762244477319404     
  0.25226527262207105        2.6050436649519924E-002  -9.9264796297780525E-002
  -1.1762599483103902        7.2852825598242354        5.4931513172015096     
 -0.19308679743741716       -3.5192004950242745E-002   1.5293136237149327E-002
   1.4573013507176222      -0.85744049928704624        5.7039297517038765     
  0.12623847058917362      -0.26134933948838746      -0.36084436307173196     
   1.6327422747254159        3.9559083128849459       0.76089799133419800     
   5.3644964641583028       0.21801356634009345        5.5223565299190085     
   4.0361021241131576        2.5986157801341219      -0.93327407847602539     
  -2.5017389189759487E-002  0.20034512475622901      -0.15940653992101128     
  0.78238821016034032       -1.7912609690235295      -0.66198922285923922     
  -3.4374069527585989      -0.33854173161864715        2.6563523460499261     
  -4.2405978044869084        1.0657248232707137        6.4954670482765478     
   2.5676589882745273        3.1579424796551221       -2.8481883444512888     
   3.0752880161469722        1.5442045856562945       -3.7933558303196153     
  0.17575592886855967      -0.11223430415283320      -0.35936197797390890     
   5.0435632061736406       -4.1637286619344325        3.6980763719423519     
  -7.6503054649578912       -4.5994688198209053       -9.0555676928756288     
   2.8691108726408174       -1.3433846570641519        3.2565558682164739     
   3.7610949027954246        1.6461347123102467E-002   14.908072816357622     
   5.8769715472566913E-003 -0.13686390932392062      -0.23123288687136737     
   4.6572535409563770E-002  -7.9775021112135705E-002  -5.0068686367664653E-003
   1.1618269867640538       -4.8344898169666397       -5.5362609226303263     
 -0.11790341843016962       -7.7579021243086285E-002 -0.12606778205694213     
 -0.50660969592965166       -3.4511629527473242       0.60086772385782150     
 -0.31862520748122042       -8.7955621710053347E-003  -3.9205982640465993E-002
  0.64337693738406510        6.3994068291926309       -3.2708854302648231     
   9.8062350376594085E-003  -5.0798360444284194E-002  0.17856005428898225     
 -0.16647989130976421       0.12101996241107812      -0.26356969302078076     
  -9.0823337910327803E-002  0.10327142799151137       -9.9962622683035032E-002
  -1.8552840500030063E-002 -0.11490136162416795      -0.11126663497001588     
  -9.9480578738282283E-002   5.6048161394716224E-002  -8.3220934245496397E-002
 -0.33585372988993967       0.20305960248805563       -4.2342910095741391E-002
 -0.49583784814965920       -3.5495567035781219       -1.6872075393130139     
  -3.6870503499877207        2.0810105317540977        2.1872613112953090     
  -2.5889093664724490        7.2630037588484635       -2.0666095474682566     
  -4.0068068659305678E-002   2.3781661681466622E-002  -2.1595872526718306E-002
 -0.15816494801974021        3.8647131026523264E-002   1.1258582697658427E-002
  -2.8458203910716247       -3.9101073184014763        2.9756048423232526     
   9.7214541243059685E-002  0.23947353105413571      -0.31498739670280812     
 -0.11573929467094787       0.18757487492669667      -0.14566773320216378     
  -1.4253755691304959        1.8630683335264018        4.0019878229437342     
 -0.19303819522506011       0.21218830077032194      -0.32082173678695064     
 -0.37046646187341842       -7.3784307319095258E-002  -5.7664682311791483E-002
   2.1527281046484630       0.43122411925501303       -1.3223299703375209     
   8.6211214847361925E-002  -5.5559001416377117E-002 -0.21065685609207332     
  -2.8959546949859534       0.27446103756781215        3.2660438825948677     
  0.58491106779721702      -0.79032558377792705       -6.6231189871460205E-002
  -5.2419481941888654E-002  -1.4999867709962229      -0.25586538936338588     
  -4.8108012738263005E-002 -0.18731411763289824      -0.33619087123407393     
   5.2308261345740714        35.074838476570960       -14.528336539874635     
  0.38027943111198975      -0.44637787078066421      -0.96900650551621392     
  -3.3988243328570777      -0.63090046846637071        2.8507155930720494     
 -0.11098918953084411       -6.2230381866890130E-002 -0.14140600894400943     
  -5.0056561409594682        1.2859044469563219       -2.9826981312036307     
  0.80988001959262756        2.6897124280174149       -2.0378709067284864     
  0.20996797289808919       -6.8219246820294881       0.41362159828071454     
  -3.7553259966834371       0.44069434157188886        1.1475804355194135     
 -0.14090522503055758       -6.3015262662661498E-002 -0.26958423492582567     
  0.15014921733782327       -3.7860874292086377       0.99618074080238206     
   1.0750405163761367       -6.8735797977682358      -0.14781204240204351     
   3.4086610774391572        3.4273443088088893       -5.8517899557343789     
  -1.8870449545603648E-004   5.9113967556133851E-002 -0.10884235218730348     
   4.1436046274885473E-002 -0.13446135896020431      -0.13162002469701711     
 -0.12668474234903909      -0.31069023467435702      -0.20046973744539842     
  -1.2637783120285764       -1.9785539099906047      -0.17256292460334396     
  -6.7484700116495011       -3.0693603091128185       -3.5177913262773708     
   3.4995880283522180        7.3806436966063336       -4.1358915440815425     
   3.9869493458987680E-002 -0.13858962929841107       0.20279096464647772     
  0.68055121146063680       0.16562610471280537      -0.21007510570425850     
  -2.0218988687644286       0.15580608090321002        1.9852422725344492     
  0.39643333338982550      -0.66877234893837167       0.44036256380171901     
 -0.31935650559522982       0.63445246403426214       0.45962776899871843     
   6.6021697105062582      -0.70931956203161783        8.8589311825542083     
 -0.15743611236873820       0.21667134255487214      -0.22496210806128400     
   2.9307407451518372       -3.5749407595676490        3.1548267224353257     
  -3.0447840489992134E-002  0.11343279271055945      -0.31956984420707035     
  -4.0517719010859219       0.92414732979717107       -1.6882511773449813     
  -4.2887902495377057       -4.3638702162748801        6.2027735858925919     
 -0.13869590226112469        3.6457653344508081E-002 -0.16445498357354335     
  0.45909902628766375      -0.53426849364519047      -0.27404579030735599     
  0.98724958251944639        1.7212372732831225      -0.94202731820264041     
  -1.4732800707315930       -2.4359422448156347        3.0193556367285566     
  -6.0865742811742035E-002 -0.14658451510708614      -0.10318735072189610     
   1.3826257278778693E-003   9.0272587032204407E-002   2.7420729499081763E-002
 -0.17342919004171653      -0.15449139888937610       0.30555679886224385     
   4.4481939271230386       -6.4698689421002351      -0.28497497174576741     
 -0.15483269091795498        5.7657011408041130E-003 -0.16689784883737829     
  -5.4745173091373125E-002  0.30840546079411874      -0.28848698380809346     
  -9.1415232090407444E-002   4.4032795131522015E-002 -0.11286577084974914     
   6.9141237064489366E-002 -0.12813004720346030        9.6553637451832250E-002
  -6.8586675893943835E-002   5.4190973285116288E-002   2.9216719402245246E-002
   4.0223151766084131       -1.9611473950601330       -1.9101324395883792     
  0.61460261027590468       -5.0543592944082167       0.47893001938271523     
  0.29685907170359216      -0.33382184374727097      -0.20717546794669797     
  -4.3598802376416872        14.130764481508210       -6.2596072432499836     
  -2.1150693473088542        1.2748034360161686        1.9908659719970718     
 -0.29012969313480930       0.49043805816316371       -9.4510174186117929E-002
 -0.10422296657686937      -0.20702726007085118      -0.10343870653834220     
 -0.11161391327669019       -5.5487680520049799E-002   3.2838465611754956E-002
 -0.24378983487403602       0.73033991354885919      -0.87589941852105757     
  -1.0283905629583312        5.5420605547629895        1.5006573989449501     
 -0.56839397879352038      -0.40657634538055426      -0.17857895914059282     
 -0.11461175284542469        8.7053687915728872E-002 -0.15919044610695421     
 -0.24324983013351681       0.10472653531352825      -0.26740166063453175     
  -1.8490362881029281       -1.9072879505734721       -1.4768602869056346     
  0.50648098322602020       -6.0053777712691181      -0.95578320791565763     
   3.9273432209288357       -5.8808401502012337        13.877389755037317     
   4.5912805364348008       -5.1553112719062266       -2.0734411234908321     
  0.15902234681598457       0.48720938567770022      -0.60683084597948533     
  0.27414445580908692        2.8165351359392701       -4.5372875640978023     
  -2.8802372826224731      -0.28140895543429273        1.8812344007964148     
  0.47341113017227876       -5.2112246095219517        3.0970378321262513     
   2.3062024025248764        4.0982723520520539      -0.82094230019281378     
  -6.3432419992984657E-002 -0.24240218041675532      -0.10734463313428913     
  -1.5065830909147493        1.3869783670252260      -0.17389655473925025     
   2.6012282527038573       -3.1707530777874746        6.9516986293456560     
  0.11833318366197189      -0.14071718663324140      -0.17469492653458929     
  -7.3892023357875813E-002   3.5786441452039498E-002  -1.3908290820044291E-002
  -4.7539243473879410E-003  -4.1240471678682132E-002  0.13009038264941569     
 -0.10713005490197296        2.5149422560718233E-002   2.5269844387653166E-002
  -7.2745669920718653E-002  0.56319980165506922      -0.31851074523951289     
   8.2439355906451559E-002   5.9131480919192389E-002  0.31080972770228610     
 -0.10331837590579467      -0.21455061645478729      -0.29743237635654346     
  0.14423340733130063      -0.47590504524279514      -0.52145414337244755     
  0.59791591833313595       -9.4803294640754139        3.9399859290572206     
 -0.21174096646679394        7.6713114591948087E-002   9.6178941326551970E-002
  -1.2722765050453323E-002  -7.3007500773207015E-002 -0.22474781555708129     
  -3.5125322487101482       -2.9953554427753097       -2.8493236465081844     
  0.55362771589465287       0.13402072346843341      -0.47167046521445183     
  0.47875275993317862       0.19720674288286844      -0.16336216171648929     
 -0.21859266856340037       -33.794423093232098        18.331946475376668     
   4.3435748239320268E-002  0.22314456082291570       0.17686913761162901     
  -1.2798627578835082      -0.37020913738184830       0.42830280727123804     
   9.9400543694683208E-002  -7.3783369933318618E-002  -9.1912205754102985E-002
  -2.8798616077119212       -1.8615418902349201       -2.7123472310715084     
  -3.7353498209018912        2.3499640850142254        1.1433468117042955     
   2.9130300181179098        1.8795600612808254      -0.53049924030384243     
 -0.18168623389485589       -1.8994189068296793E-002   6.5164700191307781E-002
  -1.5684423671399577        4.0229313899614096       0.97163318060088288     
  -2.3120500163719968        5.5903188312722474        2.3566856521545096     
 -0.30522863574521641       -2.6941567674725841E-002  -4.8579317249520131E-002
  0.14386981059123052        2.3938454834844455E-002 -0.15236211497029592     
   4.1106986840028865       -1.9220287134896614       -2.5193202166728250     
 -0.29470044418146291      -0.11954626246622736       0.22175454217189483     
 -0.23160570286421106      -0.16535503007556146        4.6786629555404989E-002
  0.26805083854576323      -0.11262197735313308      -0.12445539370344856     
 -0.10864389472006342       0.18390797284230137       -7.6948887592579562E-002
  -2.4650219576234331        14.448817102289931        7.3848141029605827     
   1.7354775553577258E-003 -0.82647668488202086        3.3354023508314255E-002
 -0.65447510333142345      -0.99255918152944744       -1.1440507646026823     
   4.6255672020980931        4.7717485456610955       -5.6897488852041969     
  -8.3179291787861005E-003  0.10729625492800005       -9.4978162587304571E-002
  0.43447930207368468        33.508035625542533       0.42117433172586982     
  -6.3292398279773225E-003  -5.9909540839717591E-002  -2.5398570119295028E-002
  0.49797585216235835       -4.0478473397878342E-002 -0.28259049744040249     
   3.9207899093720706       -4.3804521015480038       -1.5327351496825330     
  -8.3758870472972605E-002   1.8444492969042985E-002 -0.15576469346232424     
   3.9148567099815867       -4.2414631614542371        1.7220815410287180     
 -0.29421057743550838      -0.54190268394325491       0.54348708476781227     
   1.4041871146562759        2.4105530653589899       -1.9549265674998402     
   2.9094964954651465       -2.3092502959427730       -4.2740993638302740     
