   2.3374911568171466E-002 -0.19759467775130990      -0.11498344137244428     
   3.4830935299509119E-002  -8.8849889843747712E-002  -3.8281423648539509E-002
  -8.4486465568592725E-002  -8.4592467347725131E-002 -0.13000440590001569     
  -1.0015086261946712E-002  -8.7885144800547058E-002 -0.15913833219540593     
 -0.24130115060094876      -0.13584781704940649       -8.7056045201441723E-002
 -0.10533555757714474       0.10578300091570675        4.4942747626076501E-002
 -0.88839425747771816      -0.55805205567038163      -0.56075663629247396     
  0.12312459500216512       0.35470576926736752      -0.66459958275222741     
   1.2265439798853930E-002   9.0061835338652918E-002  -6.3523742875824935E-002
   2.2701543030452314       -2.1825527738434367        2.5025986949098620     
  -2.2697050814763729E-002   9.9178383944951279E-002  -5.8682573931740513E-002
  -2.0152873035074945E-002  0.16629355394771470      -0.15499003196134717     
  0.57447412531415576      -0.95462629535041399       0.93129295676983270     
  -4.8881254159610837E-002 -0.17560888124985588       -7.8335628237257759E-002
   2.9801868554603685E-003   5.5285598748497949E-002  -5.0311006569927250E-002
  0.97758961815303325       0.39967360557093951        1.0387547069947418     
 -0.61379951039975855      -0.77646481089382891      -0.22941747377422492     
 -0.12869439232628774       -9.2236347609751274E-002 -0.17771631102802035     
 -0.18416433846412547       0.19871471808968899      -0.66297820607893054     
  0.65993475833972526       0.14162007288622491       0.87213034727511629     
   4.1067371576320622E-002  0.66360036429408220       0.67690211917151022     
 -0.25859202554129262      -0.44967683603025277       0.54291369296312841     
  -3.2218973034503162E-002  0.66258815638269841      -0.16804974561869163     
  -2.8940504290917173        2.1126196178690404      -0.69226326576193076     
 -0.24695369671741060      -0.23163942002780247      -0.16036306619439109     
 -0.13133019469529092      -0.21641788376103108       -7.6652682133103375E-002
  -6.4638748594553458E-002 -0.15822243563516913       -2.0392986041531348E-003
  -4.4938644668004277E-002  -9.0630643908443081E-002  -7.9174797273239089E-002
  0.21135541806454186      -0.95470225005434228       -3.3961688703303357E-002
  -3.1378210801997375E-002   4.7324263108920628E-002 -0.13727548518460894     
  0.32799293002153795      -0.21761422972127270       0.55716117336425985     
   4.1855329612379734E-003   6.0238007873290915E-002  -5.7255435813165258E-002
 -0.56165019330918664       -5.7883050198879573       -3.7819884009471476     
  -3.7379480079825680E-002  -5.8871574029461761E-003   5.3160076871583993E-002
  -7.9387932499278585E-002  -3.1299594762277706E-002  -3.8999130344541007E-002
  -8.6622392897752143E-002   2.1523548776443656E-002 -0.10524168065070992     
  0.37459604097766064      -0.50189417562547911      -0.30541690566903845     
   8.5063804003911808E-002 -0.25548354912396398       -3.3186358936739907E-002
  -8.6384757372770987E-002  -3.7267717304035948E-002  -7.3037495067307265E-002
   1.3318516327359902E-002 -0.13138626551953425       -3.8526648892049965E-002
  0.15663601509493966        1.4046100779410178E-002   1.7237012020188295E-002
  0.58571516947445246      -0.31601509123447941      -0.34034145474514033     
  0.10664742826772733       -2.3037030362848043E-002 -0.18699240152348368     
 -0.57918925055655124      -0.32803683888493207      -0.49078441165129699     
  -8.8116165269081032E-002   8.7737275841885051E-002  -8.6213472103846583E-002
 -0.20493424335160904      -0.70220509786669627        7.4748901994248565E-002
 -0.15947270573269443       0.12809763904526014       0.11686899497273848     
   9.7598219476958112E-002 -0.35288303731333381       0.13985979621326319     
  -5.8549810702862373E-002   6.8153559798731278E-002  -1.2338159408954072E-003
   1.0334085898807135      -0.76796881432234188       0.77483920013293950     
 -0.22882587753854486      -0.10830324286507138        1.9006128564659643E-002
 -0.22407368340173212       0.96098923247795476       0.28755808537932620     
  -9.8666823995202144E-002  -5.0285399427010796E-002 -0.12548177736770724     
  0.81679940564966014       0.56681950785581636      -0.79009005114331299     
   7.9308881905825787E-002   5.9968362576457331E-002  0.13751150217847397     
 -0.41062984598779312      -0.47622162878220020      -0.16234385994884210     
   4.4983458630802733E-002  -5.4737245245265083E-003  -5.4047834767160713E-002
  0.17770923311839645        1.0748336865988479      -0.57279720079580854     
  -2.7333386995523023E-002  -4.0936719205169031E-002  -5.2520038988048509E-002
  -2.7111529619401605E-002   4.7257333319169939E-002 -0.14580744302132004     
  -6.5959999652720092E-002   7.0305529546668522E-002   5.1603232760264817E-003
   3.1838753121901528E-002 -0.16896981341737205      -0.13460810781905813     
 -0.17596871715077422        7.5351037524054504E-002  -2.3952198686533074E-002
 -0.29659844225755744       0.26620040376957466       0.12841603282288849     
   9.9300889837235881E-002  0.80544561198881537       -7.8586738720447719E-002
 -0.23637417443851005       -9.4833167070761268E-002  0.13428957002541667     
  -5.5542575066604156E-002   2.2446390272119685E-002 -0.16866158565574219     
 -0.10834567918431218       -8.4255502851182079E-002  -4.7498658000386419E-002
  -1.7849464195164026E-002  0.16477208776100707        1.2289818878875144E-002
 -0.94572246930373149      -0.48907355568158317       0.24756842531320764     
 -0.25104265802923792       -2.7631528068537059        1.1640784606436470     
  -5.7398122862648178E-002 -0.29211620501711666       -5.8297483408410622E-002
  0.66783327974586182       -1.0507731815982244      -0.63229746244371721     
 -0.15815390023961950      -0.14741499372787134      -0.14766964814446834     
 -0.39458760205465432       0.19705210037495965       0.22580784188881203     
 -0.18734972306844669       -2.3030370302518699E-002   3.1116007677136712E-003
 -0.29843644129506341        8.3391030909121894E-002   5.2824751473963746E-002
 -0.19727923055961108        4.1532851201307050E-002   9.8543471070915170E-002
   1.9628434962906272E-002  0.41638561316949541       0.11301122883244853     
  -7.1997722606075107E-002   9.0346019360349000E-002 -0.10646422493029335     
 -0.40657855374181073      -0.87967453868988066       -3.0893094374520966E-002
 -0.22989244811416992      -0.43465780475447191       0.24320608444850800     
  0.13328836668300215      -0.22335471238255064       -3.3712714821072284E-002
 -0.12858496035413525      -0.66750362258925167       -3.0738377540586292E-002
  0.36472920091184147      -0.69036192805295471       0.20689513164167903     
  0.84014370738750033        1.3388479248185892E-002  -1.8782178963901819     
  0.56305296635854096       -1.3854841817537729      -0.26101517601613899     
 -0.19217226772659260      -0.11483249785285339        4.0201326308130295E-003
 -0.17215625289255199       -1.0972784768540140       0.22507036950989998     
 -0.79227909770197835      -0.41272710481272162      -0.63636960083900462     
  -7.0395635267051088E-002  -1.6854349823979712E-002  -7.2257073427238458E-002
 -0.22193310166901264        2.8179070630143094E-002   7.7601576951068882E-002
 -0.16769098796917359      -0.14408978379352028       -9.5782474987175237E-002
 -0.22941218345702563       -2.3623891975840906E-002   4.0092593932684391E-002
 -0.15738312055327830       -2.4072573426943706E-003  -6.5582963964105595E-002
 -0.12781546164033997       -3.6900517408164336E-002  -6.2026223257835980E-002
 -0.19120390365629999        8.9114009855629284E-002 -0.18253608472498392     
  0.12350668655656587      -0.22269709237895402      -0.11288183692481908     
  0.14315164846384548       0.85277254150335180       0.91614389504435956     
  -4.9646725118677452E-002   5.1791114069865377E-002  -2.5000000009191260E-002
  0.47395669595339973      -0.71974786869225882       0.48912545857717032     
  -6.3251523919268665E-002 -0.14875041286509152      -0.13042140566533447     
  0.62523163898736656      -0.49607413493434843      -0.35722418221623625     
  -2.1178648507563038E-002  0.65920305474395846       -1.7145151947011158E-002
 -0.20259210495638841       -8.4208709121664990E-002   9.9212239806430978E-003
 -0.47087641153958082       0.73956805930812808       0.44235832572272588     
   4.8378349186042023E-002  0.69764005305299925      -0.18047179829327192     
  -7.2360403013334088E-002  0.15051130702765322       -9.3771508675442854E-003
 -0.32029529816367180        7.6844386845726694E-003 -0.10903469164244159     
  0.36592693941414600       0.97134388761256907      -0.43063871864093894     
  -5.1334972834430968E-002 -0.29784463460823879      -0.42723550436391561     
  -4.6670662434747753E-002  -2.3250414554255364E-002 -0.17999219243446923     
  -1.6459971264519341E-002   2.5024173093777498E-003  -5.9612521607432314E-002
 -0.82266912947035420       -3.0376279915830293E-002 -0.59466571246676192     
  0.21889153108334089       0.50857517354945991      -0.32365065326700632     
  0.44752446661242201      -0.43789031316480675       0.21724503486858285     
  0.23323053471508495      -0.36465493333474480       0.88623206666485910     
  -8.4758100963315763E-002   2.2956733442071504E-003  0.12189805397173145     
  0.32070484093421370      -0.53119226631227601       0.17194562582915660     
  0.63106021350037478      -0.27597982743448690        1.1950590787211395     
  -2.3486029856019493E-002   6.9109773432331614E-002  -9.5627294093037524E-002
 -0.15516952051209124        7.6766478627593296E-002  0.19885546068021931     
  -6.6795201902429602E-002   6.9439633944954234E-003  -6.2774072613687670E-002
 -0.33290519948860370      -0.16945203009851079       -8.9392558798917998E-002
  -1.4307775610090938        1.4887925106424404        2.1428434101561162     
  -8.2403899617544529E-003 -0.14819040350383272      -0.39136255415779225     
 -0.45171912326003422      -0.53410027352894851      -0.50995959157956183     
 -0.43403177944261473       0.21673727757982797        5.9944976622097711E-002
  0.44676617953907988       0.97790869470835484      -0.28212462030882990     
 -0.17468103701525328        6.7751224000350135E-002 -0.12269171837219833     
 -0.24474207653476177        1.1415252481863478      -0.14725785893859492     
 -0.19621590692736307        1.0317251092156139       0.21796241270652084     
  -9.4373465461019129E-002   3.4458672638772413E-002   9.2986298904711093E-003
   1.1946125386330502       0.41656489247650053      -0.39998778553772896     
  -1.2329099394377159E-002   9.9543411776564963E-002 -0.13804647688673047     
  0.23151191009208949       0.51857761829671245      -0.21283828075499553     
 -0.14996929381650353        4.9201686853720075E-002 -0.10092349395230471     
   1.2211752464048653       0.45373084364172028      -0.40065395948086258     
  -7.2571246844443743E-002   7.3349478351927525E-002   1.3816965853778659E-003
   5.4869689028288121E-002   8.6859463269425646E-002   3.4013287376547094E-003
 -0.13455798549565168        1.1817040506672333E-002   1.2330587440505941E-002
 -0.19459145938671338      -0.15845742017436665       -2.3904785857120428E-002
  -7.2173878251035856E-002  -8.4166870996029097E-002  -4.5459221433609719E-002
  -8.1156614776700886E-002  0.18245100524316005       -5.1347425387245495E-002
  0.59180677729042974       -1.3391132730162871       0.46598155875750075     
 -0.11591496642189605      -0.17058907649632699      -0.17467287119749700     
  0.62699997778811067      -0.49599589393840032      -0.97848288439452691     
  -4.3483345473782402E-002  -6.7961978197989922E-002  0.12856342408629043     
 -0.21103786995420756       0.60381649633477907       0.47877179942259002     
  -1.1206395265091120        1.7746594026182415E-002   1.3528455321113895     
  0.29671478443125715      -0.34677620823672511       0.16223677372400575     
 -0.27022113261410680       0.63576695938854333      -0.89606145189039332     
  -7.7955368099304187E-002  0.17285305698315620       -7.9970114148518474E-003
 -0.31090544377836304        4.0777802982974926E-002  0.22574266123634928     
   2.0505500653119190E-003  0.12752311746962802       -1.5116735972264402E-002
  0.81936331436010179        2.9159518820928503E-004  0.61356074341407829     
 -0.19313616337825695        9.7479421178957637E-002  0.10494444757559505     
 -0.12030148183313788       -1.1288714664531074       0.67863653495988530     
 -0.42149786716155030        1.3129941566357475        1.2067999151335154     
 -0.14715517811394924       -7.3342722846506184E-002   3.9177212879488825E-002
 -0.28330569885876133       0.22993184243481890       0.29608247938046628     
  0.93715651480698581      -0.21139991334275315       0.71518256889922771     
  0.47454487142482926      -0.63814512811257040      -0.70329666245053357     
  0.15960137720532888      -0.93673726913534350       -1.2548384246860698E-002
 -0.31422757618892022      -0.17881049124405651      -0.24980365164678928     
  0.13782167214970720        4.7205211658813015E-002   5.2759703294348856E-002
  0.54240875217186058      -0.19096080148335293      -0.42505309585573120     
   8.3689457053370442E-002   7.4191416369149263E-002  -8.4256376345825654E-002
  -5.4479446187913845E-002 -0.13198156999692565       -2.8845538762348091E-002
  -3.8565555987956017E-002 -0.18249570928638426       -4.5496955782986029E-002
  0.61312725536289392      -0.88729686774812266       0.87723872640256184     
 -0.27475324751984409       0.13367688147737858       -7.7677799991568569E-002
 -0.78466991454086676       0.11387852884876191        1.0242602744012586     
 -0.22346971410788855       0.94323084104884414      -0.29843510987858524     
   5.7003445749258766E-002  0.44174299829918018      -0.36368151280925098     
  -8.6585156615550996E-002  0.46438153034964175      -0.17815606229923966     
 -0.15618273566942467       -1.5532428416245496E-002  -6.9995926665464628E-003
 -0.14769210491841514      -0.15460735002357520       0.15512366278016815     
   3.6750926207260178E-002  -5.1244013393382477E-002  -2.3687319790228038E-002
 -0.25743008456695993      -0.25217064222457769        6.2594437362743005E-002
  -4.1765692534978451E-002   4.2972357474821473E-003  -7.6936194492062501E-002
 -0.27490916162382933      -0.18322140093602157      -0.17755255535524817     
  0.22923942274706338      -0.16337504083592655       0.21528462795670356     
 -0.11400431659695352        4.7325254203700769E-004  -7.1126929915278109E-002
 -0.23167189872868038       -8.7129663681456476E-004  0.11120991081967706     
 -0.13714503171099579       -3.2181527023608769E-002   9.1942259918687298E-003
  0.30662400123848577       0.58242411505351521       0.97589501553359737     
 -0.12153967190285263       -6.1557420474694521E-002  -6.0671582101827201E-002
  0.47509650707992679       0.72575562912312375       0.84364283982246668     
  0.17495200488267065        2.8095499602704851E-002 -0.24136040339780099     
   4.0403951443016999E-002  -2.0707628990897880E-002 -0.19208704825769857     
  -1.8644923610570123E-002   1.1205804346596802      -0.26339783312081183     
  -6.5675145055895209E-002  0.31063128045961985      -0.44310418496291282     
   2.6359239855554436E-002 -0.12467742880498017       -5.8054467835233811E-002
  0.14294174353235811       0.17277530166275210        4.9545283137713433E-002
  0.38985557577428903       0.23002833678955387       0.27828630774049357     
  0.11239201977643859      -0.88556024806630951       0.14911261608297563     
 -0.13410576138122549       -2.8486853071266992E-003 -0.17201099226644551     
  -6.8668831148781417E-002 -0.40402255178431223       0.44120234911579376     
   3.3626910870025370       0.51621016698198918       -9.7124367458158396     
   4.5785540301710531E-002   1.2343684367140124       0.41532385986169407     
 -0.34168759836662504      -0.36227452146219391      -0.39919679806291175     
  -7.9340738120094151E-002 -0.59767050118018716       0.24927577490417233     
  0.16710113807236382       0.61884554177308126       0.28791361804780152     
  0.59414588171607963      -0.59957236687700488       0.58545450075031680     
  -4.9683835627562685E-002   2.9396564673827008E-002 -0.12550543905231823     
 -0.23713295933247183        6.3050656691212778E-002 -0.47339671308500886     
   7.4730196554407685E-002  -5.5513945776144977E-002 -0.19989706796943577     
  -6.7154857177877947E-002  -3.5944342321006691E-002  -1.4198363205094241E-002
  -3.8989990604203717E-002 -0.14453130433722050       -9.0397304878415009E-003
  0.67774930248190690       0.45010451670219875      -0.32201677915646615     
  -1.0074548228642508       0.54413976948316900      -0.12239288492200648     
  0.20273892015908460      -0.70387937074823603      -0.10453276973265598     
  -1.6440407768495199E-003   1.5662860134693268E-002 -0.20329751499777710     
 -0.15532015308732361        4.0524583127730690E-002   6.3017560339989148E-002
 -0.43577401496046286      -0.75522440722153028       0.98588785423867153     
 -0.21180500591645754       0.41266453955194971      -0.38420115271225036     
  -5.5552893844048712E-002  -3.9898089457437225E-002 -0.10913500710376974     
   2.5533223614887201E-002   9.6004003175444913E-002  -5.0966136450309410E-002
  0.69349790849873583      -0.84238208319247998       0.35332979129780445     
  0.30732147819149869      -0.99846368349719983      -0.19961450128169436     
  0.88872426398994031       0.30329657783490377      -0.63673591370852178     
 -0.15766074123193544       0.18010968856668266       0.26299973385476488     
 -0.28604926527438002      -0.25645582282501012        5.0936045537480386E-002
 -0.62833420029279707      -0.65280727833401475       -1.3812109703457374     
  -7.9599261197908153E-002 -0.13328789324653786      -0.11760975381624598     
  0.90875006948997350       -1.0550517783174542      -0.56495972531467742     
 -0.26464290844636718       -5.2560023448303045E-002 -0.13864534915188298     
 -0.17876855511865136      -0.28353314682361019      -0.15915655646603138     
 -0.47112231729962073       0.20303570852132294       -4.7513586573701728E-002
 -0.11508919014306986      -0.15269838233360650       -4.6621944724629188E-002
 -0.25376018568564207        2.4526447112037702E-002   5.6108454395943828E-002
  0.55640436708679664        1.3293438951704017       0.30414263094092314     
  -3.7773172971703156E-002 -0.20269213335205100        1.8564175557222500E-002
   1.0603870555734769      -0.30957741219905793      -0.53287657531032229     
 -0.17908104892269155      -0.23534588299713893       -6.6529813504634633E-002
  -1.6682214142506684E-002 -0.16952549183866347      -0.13186165166887429     
  -6.2243592829422170E-002  -1.7964080048541962E-002  -4.7230264540766509E-002
   4.9832102427410450E-002 -0.20486398294922925      -0.11364722250472142     
  -3.8251122229002399E-002   8.2375042341178317E-002  -4.1643503791524483E-002
  -2.4898972238152302E-002   5.6769691492944460E-002  0.10252921739381515     
 -0.13015727464937804        3.5935797433063972E-002  -6.4536754998575419E-002
   7.5817466669988523E-002 -0.18052676788880520      -0.19755812181749235     
   2.6817727440697397E-003   1.1964064895037586E-002  -2.5496404964267413E-002
  -6.6262185615287780E-002 -0.15069524892835459       -8.1405265265111992E-002
  0.48819974067977701      -0.58714642528305305      -0.34523594206636549     
 -0.10047914432741877       0.11284467057787458       -6.6846492118828774E-002
  -1.3552144702058243E-002  0.17884113103683366       -3.9160217910427259E-002
  -2.5413688715410956E-002  0.49028662898637904       0.28453593393625159     
 -0.20298620162094602      -0.18084345157954190       -6.0115755766387037E-002
  -5.9389964052761327E-002   7.3374113553641623E-002  -3.6724664763929583E-002
  0.18777061859969527       0.25316507594432563       -1.0633110749197205E-002
  -6.9957789996083666E-002   3.8248138319925760E-002  -7.8280907714789710E-002
  -3.8796525391496854E-002 -0.19136064732731067        1.0046734104579876E-002
  -3.4464536140128801E-002  -8.0949852370219080E-002  -4.8982691344601995E-002
  -4.0561924115622899E-002  -3.2049641085443371E-002 -0.22350992783399279     
  -3.3134774170084178       -3.2276058844928981       -5.6150455525959337     
 -0.23513545818966053       -1.2235159296552369       0.72989568577285036     
  -7.5768550575714425E-002 -0.56199040467366979      -0.33425735216898661     
 -0.24447532102706293       0.10338977400499018       -3.5279841666490876E-002
 -0.11617193747401268       0.12316428498387948      -0.65410119765633079     
   1.0401564563381189      -0.38490741454894406       0.34752465494117563     
  -6.4343459494099739E-002   1.2165445550046949E-003 -0.19419077418758787     
   1.5428028505101408E-002 -0.66025909881678191       -7.5269928745520086E-003
 -0.20081809168345632       -4.5369218659779928E-002  -9.4031701099432929E-003
  0.14291652430037927       0.81517478635322926      -0.42408269966947948     
   5.8846820160014419E-003  0.18774109141931475       -9.0447360324755879E-002
  0.43263216782237846       0.66364791767534959      -0.73184000969374530     
 -0.15032186909406753       -2.1447449900919069E-002 -0.11834578095365211     
  -8.5370042648983957E-002  -4.0583726344896875E-003  -3.8200115006115060E-002
  -4.1119089919401761E-002  0.88835905442567498       -2.2066596462953334     
 -0.33070711300647682       0.21844590496658062       0.65829395523971113     
 -0.37173866596625638      -0.17708431459380183       0.17727319697015320     
   2.6386657221103921E-002 -0.30624224500825359       -6.5082130243210801E-002
 -0.10072061779243104        9.4401921504455893E-002  -3.7858443634307799E-002
 -0.12620417717740606       -5.2676230336223803E-002   2.2404476034416861E-002
  0.80352355093359606       0.56376844196961684      -0.54954333294983515     
  0.22998798786012065       -1.0988508938492390       -4.8651325385323213E-002
 -0.30004933651328225       0.17538450004665951       -2.0445947520494584E-002
  -7.4405184244224626E-002  -6.9877300618842980E-002  -8.5104458960622603E-002
 -0.67905053638644275      -0.71651935613725903      -0.20698451546857005     
   2.5732609875196412E-002   2.5734003896361726E-002   2.6803939739489160E-002
   4.7970426585341723E-002  0.29176504001330911       0.48938428875451245     
  -2.1833250360487312E-002  -3.2722811541383262E-002 -0.27401334824274809     
 -0.16209482068019551      -0.26525781161426970       -9.6832400914425479E-002
 -0.14727091690041524       -2.4679941380782892E-002  -5.4704379883094019E-002
  0.20815035905527235      -0.63555096055520277       0.62110440352118257     
  -9.2697123651166030E-002   6.9044603075612637E-002   5.2639105280963806E-002
 -0.58202206540187551       0.46407400970296575       0.29953377599929359     
   1.1564902832612769       -8.4325842901331674E-002  0.37181467577036859     
  0.98490431236007925      -0.82547120374825544       0.41788162193766476     
  -3.4635246722701178E-002   9.8969119227435773E-002 -0.11932638550193779     
  -4.5648875121225695E-002  -3.9839158514590967E-002 -0.14773617159411878     
  0.75570364114225397       0.76339337813780950       -8.1014182687749722E-002
  -9.7913950692917084E-002 -0.27893033607671663      -0.46947296215049683     
   4.4436712126669609E-002   9.3966145507825796E-002  -3.5368197170281418E-002
  0.65438643155870735      -0.47684232134591187      -0.53005582992898392     
 -0.64145239729529935       0.60314762255833743       0.49649183348051118     
  -2.7269292064005739E-002  -8.9077915204247085E-002  -7.7132788818071781E-003
   2.8967247509061263E-002  0.20628372507245329      -0.28235073324936105     
  -3.3241140286696044E-002  -2.4063494242414434E-002 -0.13927842521263883     
  0.11849213413335785      -0.94543615171125017       0.69737064652867142     
 -0.16516862285736228      -0.11363698436085740        6.8839756113307421E-002
 -0.14898678155744496        4.1622675350693951E-002  -1.7743871080630840E-002
  0.38397732566200860      -0.23827699166223218       -2.1714832414828539E-002
   1.8912039486277479E-002  0.10829610661092992        4.3109363341738864E-002
  -9.8560252312779151E-002  -2.7357474734650736E-002  -4.7000311970259889E-002
   1.4123126604268916      -0.33918722784243138      -0.28994553543153401     
  -1.0224769555361513       0.17819204367957206       0.23432689285461428     
 -0.21952360271679089        9.3618634980988769E-002  -3.7867414843357185E-002
   4.8193449989976385E-002  -2.0337926700744453      -0.15195561941542063     
 -0.23030650400298400      -0.28835212220639572      -0.45960861722486962     
  0.32249937399639050      -0.29651414305696644        1.0302011108965501     
 -0.11136197109732310       -5.5324933204418787E-002   2.7083174963245114E-002
 -0.21277390138715074      -0.16804874717559809       0.19193691807476890     
  -4.1182270410426002E-003   1.3648880744181797        3.0918610699323244E-002
 -0.60360327058731778       0.64130808671563944      -0.27249745546749238     
 -0.67827179555412864      -0.18747842073963178       0.70037935372363291     
  0.87691024286523533      -0.41890460933042029       0.70549218887569431     
  0.29541002780940606      -0.63244054651182180       -6.0117427537046068E-002
 -0.28125706411022344      -0.15355108652877747        1.4904234700217945E-002
 -0.35008987398483726       -2.6004879301623075E-002 -0.11642251024565418     
  0.60244856184608531        1.1844344567262113       0.29264618846704771     
  0.30156171921126035        1.3116639112725506      -0.38742322927110412     
 -0.12888873790676120       0.74885819453487157       0.26992299738234360     
  -6.6319698878548994E-002 -0.12984181589999452       -3.3080418254708865E-002
  -6.4498061965539116E-002 -0.22706311370436366        3.3151203958736872E-002
  0.57646340378003513      -0.88516907796915145       0.74096708583215420     
  -9.4769210740295512E-002   6.0517406560712077E-003   9.2193928921112771E-003
 -0.63002027271369687      -0.80990419172917594      -0.72506270487259683     
  -2.8586959931147123E-002 -0.37780878054801398      -0.14910951379875298     
 -0.39331738908398223       -1.1429906394484299      -0.18133052517050074     
  -3.7371940101858875E-002  0.23717725296188427       0.35560725938516347     
 -0.68024596256974290        1.0084888098623346        1.1453148334389780     
  -4.7718450801315343E-002  -4.7955713515388167E-002  -7.9192745014998275E-002
 -0.18495877273219982       0.34431367933286589        4.4285595825546135E-002
 -0.73829657089814493       -1.0868120292141645       -5.4799357258063640E-002
 -0.37013966327551656        1.0825385404912629       0.62197746556080657     
   4.3400048466157679E-002 -0.15276242000323254        3.4037563849039762E-002
 -0.38220554248772332       0.17387677061322393      -0.90986998626011373     
  0.44291871821732920       0.83404845974722142       0.15519485920775128     
 -0.74388254117404284      -0.27265055313602521      -0.65321525782847822     
  -4.7945431591313044E-002 -0.11859742020209932       -4.9684693175435564E-002
  -3.8056863052950680       -3.4432861702826569       0.89220880263062707     
  -1.1204956101372010       -1.6525788679722662        7.8675171289366672E-002
  -9.7646019996721373E-002 -0.20662020773027434      -0.27216883952369803     
  0.76805353112063091      -0.35982141785443844      -0.34684501492527875     
 -0.31136558615531568       0.96903221911557391       0.42156261041076259     
   1.2169859426705920       0.10028480611233508      -0.82492875130484811     
   9.0357758278603040E-002 -0.25206301526732772        4.3474005634374993E-002
  0.16231652573937205      -0.36755138824342315      -0.13048463742576777     
 -0.26173638317858522      -0.59110350816556434       0.12652232986846837     
  -3.4663735420381703E-002  0.18324551164404021        3.3729146370504559E-002
  0.11339508187983290       -1.5014479442766240       0.51749108077006756     
 -0.17346430656430667      -0.31065700125943813       0.14955573731717325     
  0.27078772961827097       -1.0179457313460325      -0.12763630741190540     
   3.2022314318413923E-002  0.31108779270966358       -1.5040528301874778E-002
  -6.0708783068688113E-002 -0.10993986059663459       -6.3099907214060585E-002
 -0.12403752160324144       -2.9021985944739252E-002  -3.3240985931877916E-003
 -0.39058303552622103      -0.29155026019613001      -0.13677378018619046     
  -2.5002045529079697E-002  0.41702056339864629       0.17610245412799219     
 -0.40200374964995894       0.22301860708797938       -2.5046955097581605E-002
 -0.27964635123990667        6.5582481896099942E-002 -0.10226028107373174     
  -4.6986500045351584E-002 -0.13378726782653599       -3.6217810557494637E-002
 -0.10472197528712564       0.43878500792831682       0.26587040563174008     
  0.41577087230288384      -0.41932130033720988       -1.3266697854936906     
  -5.5615610073165726E-002  -8.2140848831312160E-002  -7.2684343053141448E-002
  -5.1098568087245652E-002  0.50481947102277203      -0.13598804600179648     
   1.3498360519585959E-002  -6.4392498276401394E-002  -6.0564625084275174E-002
 -0.23049606563892044       0.28911189987046954       0.35721049923569975     
  -2.1155328408236605E-002  -5.4448350227753559E-002  -4.4086550383324430E-002
   4.0996404029960027      -0.61946907329857570       -2.0003345235991912     
 -0.55140853164601589       -1.0254356920442669      -0.25474168032071620     
  -3.2668750700968717E-002   8.4610227895944388E-003 -0.13133232988173416     
  -6.4895399553101613E-002  0.71502369520179032       -1.3945411370974874E-002
   1.0261845259652851      -0.13928803651429073       0.63667100618285744     
  0.69335076423863407       0.24431449804611013      -0.96003278825750527     
  0.74521199262166571       0.45648183403988313      -0.76832497103358610     
   7.9650290571160645E-002  0.19858133943815387        1.5912111899993614E-002
  0.79917349071369825       0.74614452468825831      -0.80619891406427857     
  -2.8540691683411494E-002 -0.81877017942119446       0.25389035655060144     
   4.3330303478991840E-002 -0.17029109441371779       -9.6656595249387092E-002
  0.13367973202272362        7.2571416742656880E-002  -8.0478537058923022E-002
  -5.5765671229874768E-002  0.12416277155150840       0.15751325916150100     
 -0.15456796390171451      -0.21176678067557500       0.34558977084568088     
   2.0622687868307548E-002 -0.27542250303999666       0.15466043224481424     
   1.1066369530469935        7.3777130401996696E-002   1.0678090530351818     
  -8.0210948263961176E-002   4.6920135565030309E-002  -5.9865626121675800E-002
   6.7705638230156059E-002  0.26759313585400762      -0.13659710600341901     
 -0.13855907689333652       -1.1321387648636617E-002   4.8431274283477870E-002
 -0.36665660506861558        4.3277855195381010        2.6031848098405050     
  -2.0292810294293452E-002  -3.5976188766974074E-002  -7.2890991327336591E-002
 -0.30450529937697979        1.2555153291465605E-003  -1.1490957622301681     
 -0.30038210350689831       0.93765564736099716       0.31888750243817776     
 -0.86679362145071315       0.46966774086561863       0.56054321306381460     
   1.5256076054411143E-002  -5.8246324032879007E-002  -2.7639459627896011E-002
 -0.12345833680247985       -5.4788329893612854E-002 -0.11778369911325440     
   1.4129669118829100E-002   2.5662197346195455E-002 -0.15823970805175683     
  -2.1285739860650161       -1.6541486379768076       0.36125530845137060     
  -6.6496866397540974E-002   9.4419719068004546E-002  -2.5671787880523721E-002
 -0.16057328767499773      -0.18238222068285107       -8.8348263953471007E-002
   1.3422339814132587       0.28724823531713600      -0.63345631163675786     
   1.2569212541798223       0.22926070955649278      -0.74747139699332854     
 -0.43373389094484133      -0.20572907872505200       -4.0486490520632142E-002
   7.9698671022341086E-002   4.3336530664242014E-002  -2.6114999241486293E-002
  0.99994418401833851       -1.2089649135968725       0.19259277268598712     
 -0.16380059352722784      -0.10072360076372114       -2.7622888534596206E-002
  -1.3226785071877196      -0.12122419872448191      -0.43984163555248335     
 -0.12784512938102213       0.16172119790856118        9.8916602675203094E-002
 -0.11288747132963699      -0.62883107791937287       0.22073379549399569     
 -0.44425014276982316      -0.72218270340192192      -0.67650838674647740     
 -0.12182947512097962       -2.4928900848033519E-002  0.11846155729258584     
 -0.67164051199423114      -0.73627960663343062        1.3018871714129217     
  -4.1449360423015884E-002 -0.47838981970293665       0.16161954017323624     
   1.0568025399488335E-002 -0.32030547643780111      -0.13430023650631456     
  -7.3412823312679440E-002  -4.6129237417762231E-002   1.9927895856883832E-002
 -0.25911040756047682      -0.48314463844065036       0.31886103836618734     
 -0.63234081181906832      -0.13927275711721329        6.1400139602346034E-002
 -0.16854505442639606       -5.2497005781149436E-002  -2.7909539923939027E-002
 -0.54176305897740062      -0.27826683733768781        1.1064791733591666     
 -0.39447426562280485        5.3501113016565127E-002  0.86645047544384979     
  0.33067713210490862       0.55880235614716112      -0.23863959543727534     
   3.5836881638232438        4.1627338326727914        5.7031993242582057     
  0.52416856185684346      -0.58572023709139953      -0.41524266824844108     
  -7.4607397793930857E-002  -8.8787728965010956E-002 -0.10527997315449365     
   1.4501402711448815E-002 -0.14668574520994304      -0.17951883861568160     
  0.60141275180725540      -0.83940568600307364      -0.22802088696973868     
 -0.28622094275762355      -0.25120286463022179      -0.47517676792674074     
 -0.12443014452887100      -0.13142117901468325       0.23195191320259934     
  0.40573810665892146        1.3370415036038259        7.9135619027541473E-002
 -0.59099785308221875        5.2029962467119155E-002  0.84047588643052240     
  0.58875180670770344       -1.1499746629271301       0.75856900992054976     
 -0.67960167111342862       0.95441217740361406       0.13808373101779142     
 -0.12242770723375934      -0.11133963823402741       -3.6230326800610765E-002
  -6.4383581934777348E-002  -7.9177335186834383E-002   1.2631725562647387E-002
 -0.17400756966897901       -3.4483780064916501E-002  0.21072934846750457     
  -2.9987885897222333E-002 -0.10687310401063475       -7.5029018012831711E-002
   1.4712568583891048E-003  0.32932668935063109       0.20485701968884343     
  -1.4679099379532061E-002 -0.12740960004192947       -4.0681347434558743E-002
  -8.4257791633487469E-002  -7.1640209669154784E-002  -5.9938655180272832E-002
  0.65105851920810276       0.18962673749155878      -0.81763182491306430     
 -0.56913841117962194      -0.15365221707122201       0.20554883007502628     
 -0.15905216824134930       0.99825024342415136       0.68750890165022538     
  -5.7232795357447810E-002  -3.0617958854915982E-002 -0.14970780986206267     
 -0.31350083647137011      -0.75467018058355395       0.11778031346606020     
  -1.1564749415829136        2.7199456692734578E-002   1.0092826785962452     
   7.1817860641775616E-002   8.9957977803264200E-002  -4.9476490974629138E-003
  0.35049895662033009      -0.47990700535830105       0.21074951990845042     
  -4.1465145546599705E-002 -0.12456234398640501       0.13842417713239935     
 -0.13836187972974270        3.1630208605109809E-002   4.2225320616449881E-002
 -0.14353934240599481       -1.4410405808088765E-002   5.1632369687847166E-002
  0.27516571054140998       0.44386947112743236       0.63115678241586137     
  0.41641084956794278        1.9503447520505175      -0.36854592193477842     
 -0.13088920398028733      -0.15258588044488136      -0.17630658399641849     
  0.13382117494249926      -0.90343636779227809       -5.4936693648039131E-002
  -5.0643839814073832E-002  -8.7467877535355232E-002 -0.19177264390390142     
  -3.5227050758123900E-002   6.8472264651360804E-002 -0.12737394345232922     
 -0.10948565546059244      -0.69668760770835569       0.89904394058851556     
 -0.12504519970662789       0.28434260237261738       0.10896846747736479     
  0.97871651157188722      -0.14434326524419397       0.86996171550114809     
  -5.6891349863874814E-003 -0.17254685705991044      -0.16602781354784130     
   1.3466109605822583E-002  -2.7711450272316963E-002   2.4368177500879537E-002
  -3.1138932514202678E-002 -0.69659738733269094       0.38564575783388394     
   1.3618989533465352E-002   9.0734277298421304E-002   2.8747835825330442E-002
  -9.7328754759320207E-002  0.12706689553337031        3.0290596709155470E-002
 -0.11578647173986376       -3.7358590431664819E-002  -3.5543700163387287E-002
  0.22327883548394337        1.1854268184524965       0.91664127509543158     
  -8.4621843206563727E-002   3.0141296302255139E-002   3.6871056795571136E-002
 -0.32733642865638463       0.73374716683368291       0.26942683225797454     
  0.57947956706628156      -0.52507131612716806       -9.0355226934787300E-002
   1.2196871602842665       0.39867419657839037      -0.54216435762245963     
  0.34882725128820241        1.2084163097170189      -0.54076502811318894     
 -0.19563020368176115        3.1121906380831610       -1.8667451053615491     
  -6.8365193328928348E-002 -0.11309952023793712       -4.2508085592065689E-002
  0.81911441957378306       0.75338594725289731      -0.75523502645323937     
  0.21604397353317473      -0.46668340799370539      -0.38966793644859238     
 -0.63445894112922818       0.95363375074636392       0.49264595824119567     
  -4.7527641058293588E-002  -5.3735055370701591E-002   8.4761378423727995E-002
 -0.16251240801387051       0.23612019776433790       -4.2780757579342112E-002
   3.3252380652693758E-002  -9.8165039777836596E-002  -1.2464672528173916E-002
 -0.23581332700089794       0.46348274116872612       0.43335567197562636     
  -7.5641865803621436E-002   8.8698436492219715E-002  -5.7512194896153432E-003
  -1.0399222909571135      -0.17034774952427537       0.73756508650602925     
 -0.12081355715137528      -0.15149197088933122      -0.14539542958268403     
 -0.13043999598351891       -3.9991863905706176E-003   1.4018554660366068E-002
  -3.9087653581859907E-002 -0.36399858737017821       -1.3360914250352858     
 -0.71816074386630924       0.15621074980175986       0.58883920528897582     
 -0.17229360067042659       -4.0922618852523934E-002  0.11266080346374283     
  -3.2794294268475264E-002  -1.7538581325414880E-002 -0.12785825666792627     
  0.23162540813582100       0.11696011206089109       -8.0479686725413363E-002
 -0.32010084243218406       0.35669469018029287       0.78422592767809607     
   1.4584690791619464E-002 -0.15118171800074370       -4.9508940881587249E-002
   1.2794299705056231E-002  0.12234129406140033       -3.0811453004414794E-002
  -6.0799667823971726E-002  -5.9808836682052197E-002  -5.7308528073041938E-002
 -0.23371706630124056       -1.8576476075041173E-002 -0.15120301352534671     
   1.0010906072043677      -0.14570723411442774       0.45238725437473304     
  -6.2113724034428407E-002 -0.12770137302393414       -1.5659524689955316E-002
 -0.23858130307602296      -0.11394224155582021       -8.8338717047099363E-002
  -5.6234929019961279E-002  -6.5751477757114721E-002   1.7778973495119520E-003
  -3.5436243784466651E-003 -0.17662330665020193      -0.14008254567274525     
  0.46180952914664647       0.96589490149421742      -0.26414773408282782     
  0.82960310662516445       0.33695933093953417      -0.21446446299335581     
   3.9954615902798715E-004  0.10449863436193335      -0.13822053440684942     
 -0.16695482602080938       0.40530255997471076      -0.22169730140691316     
  0.66696917028977754      -0.82538453245136367       0.26767962049408522     
   8.9009108409245974E-002   8.4016821796377331E-002  -4.9389632395155744E-002
 -0.24515989442575015       0.76567902435719892        9.5065026865406882E-002
 -0.23316358418335775       0.92232206132546968      -0.38192892711142468     
  0.25397856392068707       0.83583140361750496      -0.44760646254359249     
  -2.4120309955771690E-002 -0.17442477522840277        3.4033892903643385E-002
  0.69801429690047245      -0.27140315119862629        1.2194594055931594     
  -6.1693074164586532E-002   4.5936871546729527E-002   3.2482307693315282E-002
  -3.0446637743719029E-002 -0.26161538072274709      -0.12966491889215759     
 -0.15957205209230252       0.11023544409048699        1.1818301709491524E-003
   2.2512360067909705        7.0893677387449828E-003  0.83940554265531109     
 -0.46306374954353940        4.1369535544577965E-002  -6.1002213349366799E-002
 -0.10513168236468938      -0.14994564773677987       -7.4583672970397641E-002
 -0.17187255122821832       -3.0909821278105480E-002   1.2330741237551009E-002
  -9.2681521679149434E-002  -7.3538243970578912E-002  -1.9107767031188754E-002
  0.27146054546718623       -1.0752046755070235       -6.1521489358397886E-002
 -0.18211514467411566       -5.5583482865834047E-002   4.4557209983840333E-003
   6.8593527036348384E-002 -0.18885548241591343      -0.10156594633343212     
 -0.16047154783576650       -7.2365224638342732E-002   7.3248765546098230E-002
  -6.3988666433745178E-002 -0.48981472459343933       -9.3921958783957371E-002
  -7.1554410615178296E-002  -6.2964973285531287E-002  -1.1938753942380137E-002
 -0.11009465699142450        5.3690681804730481E-002  -1.7123898463527520E-002
  -4.8435685980709985E-002  -9.5988387666688546E-002 -0.12135548678732604     
 -0.20680728208114629       -1.4844050700782992E-002  -9.3109233700095814E-002
   1.2501282063789776      -0.66479064263130716       -1.5331835058054679     
 -0.16268593584000712       -2.0966756752746309E-002  -1.5740137531569682E-002
   5.1599114406851769E-002  0.40919651470773083       -7.3953111778132553E-003
 -0.14367319311832347       0.43364537248449592      -0.49441220205205977     
  -9.5146277755968595E-002 -0.15774792231399143      -0.26878707463427731     
  0.50750838148660060        1.1369801321397515       0.22126760097313108     
   2.6097360643788561E-002  0.12612386006662937        5.5632621831482272E-002
 -0.36344383986161999        1.0358568332354769       0.47232791502176774     
  -4.0199104313964354E-002 -0.16181627542521596      -0.11040945943065661     
 -0.11859634233445059      -0.59134840816511092       -3.4143253350107150E-002
  -3.5060240812182092E-002 -0.11280240146788945       -4.5638249861427449E-002
  -9.9758085041071962E-002  -5.1945083825762690E-002  -4.2602002379718173E-002
  0.38643715447872828       -6.9541096745759465E-002  0.39490936328019083     
  -9.6182490162386808E-002 -0.65751090677251733      -0.25743528743923116     
  -1.0055793622827800        7.8910903430027837E-002  0.57777190984641480     
  -3.8189078306709055E-002 -0.23055058390715094       -4.5939940126869486E-002
  -8.4716386595360890E-002  -8.5824875240831072E-002   3.6841338242809950E-003
 -0.75253133965561891       0.47855372822914966      -0.80283993853571578     
  0.56195483377396938        1.0476775885520200      -0.14301085640136030     
  0.30763771049986249      -0.21668913050307667       0.22444528145272821     
  0.65858500425555289      -0.48705643663412485      -0.41164727107334409     
  -7.3970359896254043E-002  -8.3484115707890202E-002 -0.16422278481572242     
  0.93084818444519313        5.5751820304506858E-002  0.64756270854672437     
  -5.9603543135646017E-002 -0.11790309373894760        5.6325858545048589E-002
  0.12610812742189201       -2.8469603565588815E-002  0.83710551502708996     
 -0.12216808251350658        7.8768439547386646E-003   6.5902142182996101E-002
  -8.9678679263003866E-002  -1.3760576760955090        1.2527172872837096     
  0.24366940716694668       0.29878048454875755       -2.1925873074403635E-002
 -0.71852286302245050      -0.13213911602196979       0.84321136939417873     
 -0.84287367182182160       -5.9098276207420697E-002 -0.74170138607439584     
 -0.16877893438508423       0.83911991157589572       0.66801487086394451     
  0.23092701089510462        1.2421547031993474        8.9945680108871218E-002
  -8.9430588304694497E-002  -4.0685400606654203E-002  -7.8857502148400260E-002
  -7.7573769169539800E-002  -5.9148887370408187E-002  -5.0304827298503114E-003
  0.11792196079884357       0.56736131219564478        9.8721193446298539E-002
  -8.5415567914861115E-002   5.4540332022357307E-002 -0.20786922238645680     
 -0.11170940430477203       -2.0188912524339166E-002   4.7931783427234576E-003
 -0.15160723459425196        6.5900979579590263E-002   1.9864428959363821E-003
  0.31031598945982031        1.3882750522882852      -0.46393802988308874     
  -5.1264578942874936E-002  -5.5309239777791515E-002  0.16644961492046084     
 -0.41911449359951625       -1.0403882231542054       0.35899511056490446     
 -0.88509452218491835       -8.6797667924274194E-002  0.17631890037642289     
  -1.0301235167879814       0.44972621378224464      -0.26639154236545221     
 -0.22995523389728945       -1.0459925114189847E-002   9.9176946611569505E-002
 -0.11593381903310143      -0.15785249381869268      -0.10999682369485712     
 -0.49274710720620346       0.86495511300820094       0.82630185589437510     
  0.15067348013108878      -0.87720314233923979       -8.4113221880543348E-002
  -9.3979072594184296E-002  0.21292614261385331       0.12395786607449880     
  -7.0012040233268680E-002  -6.6120495062429174E-002 -0.12958301214550033     
 -0.95841334813117462      -0.21042288664011127       0.86097991447876765     
  -7.2781755839088760E-002   4.9127172466063747E-002  -1.5422899796335836E-002
 -0.10999003167414773       -7.6451766481063027E-002   9.9027815777245759E-003
  0.21213209822167567       0.77348258279107818      -0.51243593808960242     
 -0.12336929305345726       -3.8509620897380838E-002   2.3927688931472683E-002
 -0.26902397505278136      -0.26231463331954080      -0.79820557057478836     
 -0.33824794878155856       0.10917063399133924        1.4102336299873595     
 -0.12885790790622234       -6.7247217241747648E-002 -0.11604566562973308     
 -0.45322115574975130      -0.51880365288967289        1.3167596223615682E-002
  -1.2260700104493646E-002 -0.16907651688345429       -6.0855383424957894E-002
 -0.25636382061709678        2.9891967927010599E-002   9.1746332278460435E-002
  -8.1112787600844637E-003 -0.11763000982597231       -1.5425154519982734E-003
  0.50913529657118395       0.25191171443509713        9.9615360423312441E-002
 -0.20724055134163688       -5.7618346823974841E-002 -0.13187087808078179     
  0.27340780896107536        1.0704394868294593      -0.50608568343644189     
  0.28661005396575839       0.40658087732794679        3.2127580259751112E-002
   4.6137329973882396E-002   9.2153194375766079E-002  -7.1069857048606661E-002
 -0.22047752892535730        3.9108104130591181E-002   3.8960492906981725E-002
  -6.4793678671428073E-002  -7.1954708576897591E-002  -7.2700941463191476E-002
  -4.5112652884830601E-002  0.17097951751459839        2.9084391969556821E-002
   2.7609438093893292E-002 -0.52502572088237087      -0.19147022574676151     
  -8.7682548646801861E-002  0.14871680901305026      -0.11350374801258861     
  0.57149045190307557        1.1212248264040721       0.37008722577277775     
  -6.0109556835140583E-002  0.11661656345604869      -0.13340820667900724     
 -0.12091324941133030       0.42310983513731942       0.10191888601210741     
  -4.8869772191979452E-002   2.3148592297196163E-002  -4.7438699781860584E-002
  -1.2228499345222097      -0.16562563262380750        2.0167351179133988     
   1.8022556582872942        2.1869200654973588      -0.34586243312602799     
  -8.7878677526533430E-002 -0.33623589481224753      -0.24455900616241252     
  -4.8816976488722255E-002 -0.19835268524651978      -0.62096054294325997     
  0.65304319385047060        7.7100286552852115E-002 -0.49688000586379216     
  -1.9616174920292040        4.0146857414390764        1.6498612171805582     
 -0.29404673709360707      -0.34701914674444018      -0.11089624693939182     
 -0.23655618248168050        1.6132011568866567E-002  0.14732497808353157     
  -6.9197166280340811E-002 -0.13424714347428210       -1.7172054456328027E-002
 -0.87736970013701587       0.16071626241782497       0.72928343396467843     
  -3.8311697428434405E-002 -0.16028856853362083       -7.3815730493113213E-002
 -0.10152167430473800       -5.6581659662682908E-002 -0.17446183090694611     
 -0.13715871194557175       -6.9946372479391727E-002  -9.7409552653908701E-002
 -0.13763805077433539        7.2911072435412047E-002  0.10446717007053498     
  0.12216640368635988        6.1354353129649770E-002 -0.44119851091420104     
 -0.20929593605442290       -3.4483816728784714E-002   4.3362462105339936E-002
  0.23855649533803255       0.11902057987273747       0.54804952033288457     
 -0.15458501538085845      -0.16377014418474972      -0.15099358778840696     
  0.35349700251411065        1.7120657356071700        5.6674760712729517     
  -1.2515750697425398E-002  -7.4253743097304092E-002  -6.2450502721046540E-002
   1.9357632621491663E-002 -0.12742438147314239        7.7562329205345559E-002
   2.8316891693352886E-002 -0.18686426807591250       0.10859332974235687     
  0.35621080688404994      -0.51184719516215826       0.19117714411777950     
 -0.16273202224029371        5.3592090436459690E-003  -2.7366756703386882E-002
   1.7096391826796276        1.1343273681717392       -1.4106902001815695     
 -0.75652208333279702       0.15687646596155816       0.60734452761495406     
  0.35897137268083468       0.83118716961510264      -0.43690155619844379     
 -0.19823319383458704       -1.1577488629616064       0.22013907121473414     
  -3.6937302707022723E-002  -1.9130846113474764E-002  -7.8896839774831626E-002
   2.4346315271852780E-002 -0.38063145754741123       -5.0399969842013087E-002
   2.8741744636461800E-002  -2.2174193465530978        1.2722933316602705     
  -6.5316423345391228E-002  -5.2629549532269740E-002  -4.7235751079290116E-002
 -0.33816538323382528      -0.16699551341097413      -0.50420609225421220     
   1.5022795370202723E-002 -0.14516147514583122      -0.10286173626835596     
  -1.4270282415296269        2.1524178167483368       -2.2012110419168804     
   5.8490033541789860E-002   5.7196744852936826E-002  -4.3533464520279855E-002
  -9.5733544706908535E-002 -0.40795257642146121       0.14373806721992469     
  0.55304311558283326       0.56419870561605623      -0.44596108012311636     
  -5.8234367020946150E-002  -3.5545951856222509E-002  -2.7962178899770245E-003
 -0.25116703809941993        5.4504576014730653E-002   9.3240969881895286E-002
  0.11146941441257463       0.55327124048277632       -8.4980299413119312E-002
 -0.47034155152145779      -0.24380591367240018      -0.65315632923928724     
  0.68623722875974347      -0.24021219255310780       0.25049549098901402     
  0.19685584453325120      -0.64509995141406684      -0.47412449336374679     
 -0.11474965976443895       -4.9550468700144526E-002  -6.0545599195191459E-002
 -0.21211590301398317        6.5984019099910654E-002  -7.8135591620374381E-002
 -0.11229004939696595       -2.5983168564798060E-002  -1.6230317160877555E-002
   8.7006578063723569E-002  0.16441884422924616      -0.18415269478069496     
   8.7754926016340426E-002 -0.34079773766046462      -0.11105303537159934     
  0.21677994514780671       0.70677634435117731      -0.42848457875528095     
 -0.20645973542823071       -1.3366016944010390       -9.9186049840590831E-002
  -7.6080719623899437E-002   7.4755395615591441E-002  -2.5168472427492674E-002
   1.1365826807527468      -0.22399630575888144      -0.38334952441225556     
   1.0644655438134030      -0.31557436535249384      -0.54512379831665292     
  -5.2665355976838205E-002  -5.4260838059577619E-002 -0.12828250395705224     
   1.9940835204322811       -1.4730753511561476       0.21482404257214890     
  -5.7301789692928033E-002  0.47513817046332479      -0.27241139019267474     
  0.30835351541193901       -4.0527907751304095       -5.9471539614625826     
 -0.18183453325991866       -5.4752750633784819E-002  -2.3718707939607613E-002
 -0.21128134224371861       -4.6583910187929935E-002  0.16321419108099577     
 -0.67306366562994169       0.75650476493871788       0.34773397886288959     
   1.5662655246107393       -3.5334530494971363       -1.5604172402585699     
  -1.9030279632918279      -0.38496086818160069       -1.2743692092942371     
 -0.22581337634490534        1.4175646074753250        1.3649909257840893     
   4.6238609740744839E-003 -0.35087924860970754       -9.2821499442744232E-002
 -0.10353076979632481        7.4260177467123920E-002  -7.7798175257277682E-002
  0.88719487904277017      -0.28076642416157949      -0.40155219407071902     
 -0.50133009683528196       0.37282767113411880       -1.8852270742101727     
  0.68526657180225448      -0.26393806164266836       0.44820808151485059     
 -0.20477849622385569      -0.15907073084594936        1.5332943218412082E-002
 -0.11483693492940615       -8.2796325397921811E-002 -0.15315151435063262     
 -0.77991230649647036       0.31295985957835837      -0.23996765033291992     
  -6.8623250498273988E-002  -1.5037434412072212E-002  -9.2170989546251511E-002
 -0.14308186215731389       0.46720004703309448      -0.20299628527625529     
 -0.11394641808810707       0.11807848574685988       0.31470373218811065     
   2.1251894512515933E-002   2.4207653559757000E-002  -2.9743974029225930E-003
   6.7530426690328341E-002  -8.2461431543935787E-002  -8.0233726361788431E-003
  0.35371223226406823       0.87702379228358829      -0.84690471712529780     
  0.75235007774435436        6.0097178903288827E-002 -0.11622106765147881     
  -2.7307997513595750E-002 -0.55731869941280332       -1.2825580973726423     
   6.1153241528735525E-002  -2.7455639667489755E-002   1.4825185418561940E-002
 -0.79770248598852334      -0.11704980706694608       0.36646500905036783     
  0.69088891102462580       0.57768388310973695       0.32363014040992949     
  0.64317000602112984       0.53915274977605965      -0.12356954482171684     
  -9.4600489998200782E-002  -4.7516487390541609E-002   3.6476061733140254E-002
 -0.13579831627300201      -0.10405743099239044       0.11272997654044693     
  -1.5890377392701820E-002 -0.16951558006363057      -0.12436138684910363     
  0.39401787451117770       0.62175650002642102       0.82253762361086202     
 -0.67391785636526558      -0.49256751772565210        1.2003220875861285     
 -0.13649874395165132       0.25314450822024609      -0.40180780840619018     
 -0.84566458418480039       0.72214962355222112      -0.47232898717805522     
  0.17290321980769094       0.33705977447624497        3.9873550761668312E-002
  -1.4280147841632305      -0.29760337923122371      -0.50488527077973888     
  -4.8626866376851763E-002 -0.14066737550546199      -0.20097732678945252     
   1.2181502996109139      -0.72928056261516394      -0.47582336473205544     
 -0.10785201823248536       0.15970146252763839       -2.3952039234524304E-002
  -5.4346508226352494E-002   7.5634855094098716E-002  -7.1742971802844530E-002
   1.0402218072922940      -0.39777000208638336      -0.46995639208205131     
   7.8377333993394971E-002  0.87978111793113589        7.0039187179302645E-002
  -8.8373364009758856E-002  -4.5999082554582384E-002   2.8928640304987280E-002
  0.33125803207421778      -0.99753204644977300       0.58965644193016131     
  0.89369042174565272      -0.52802799987792182      -0.57055994859837400     
 -0.10968382843031080       0.26050335361313459       -7.1221991625785132E-003
 -0.20020417010851155        4.6857376759080666E-002   3.3808282717848213E-002
  -5.0872272764183143E-002  -4.4846195458995618E-002  -9.3385481652144706E-002
 -0.64856196437274394       0.73633811757502410       -1.4908862157938860     
  -9.7294134287888953E-002  -6.3073373688361981E-002  -5.9020427180285044E-002
 -0.13058754418722737        6.3237461799766317E-002   8.3729435431329394E-002
 -0.28272265174289107       0.10228961158019916      -0.22541340441890470     
 -0.16168462424745619      -0.41837073813639114       0.11315402201437878     
  -3.1082330418340178       0.41059515950365483        8.9253265041419603     
 -0.66192367687710407       0.86812569960517305      -0.29370393242232445     
   4.9104294358454231E-002 -0.15580433939393473       -1.6084433654115250E-002
   4.5192778816529153E-002   1.3892560601788837E-002 -0.10989546107218459     
   4.0455429294304533E-002 -0.32293328516754261       -4.4636238591178448E-002
  -5.8906761493486302E-002  -8.4336365007295827E-002  -3.9533748973773319E-002
 -0.15158648421898360       0.13177148486151830       -4.4666706756418054E-002
  -2.1795001170375420E-002  -5.6689726505335943E-002 -0.19031244771695913     
 -0.43622310365603767       -2.8094706981543146E-002  0.71433194557179847     
  -7.5556162685456632E-002  0.33828719186230843       0.19463280884524861     
  -2.2350491101128869        1.9811707929858644       -2.8449794080245097     
  0.46814661557197301      -0.38990715409701471      -0.66183061238172580     
 -0.26288466534456201      -0.17272300458725412      -0.17329744996868549     
  0.30041375388356156       0.37467055357134166      -0.16605620037348950     
   4.8317495590077350E-002 -0.15311010042332091      -0.10262167792989868     
  -3.2184016464483108E-002  0.26062776391457165        3.7467774563480084E-002
   1.4185191559919676E-003  0.12903820984254244      -0.51836520330863745     
  -6.0483525099492959E-002 -0.11516132009347682       -9.8441021319947683E-002
  -6.7067570325519646E-002  -7.9145828824114042E-002  -3.9488996379482305E-002
  0.15317750166372934       -2.2100326790822338E-004 -0.45809278349903476     
   1.0144331350598682E-002  0.64602562095562732      -0.19987601116928960     
 -0.11080357245995920      -0.10267171817525150        6.5084531002162369E-002
 -0.24532410750799527       0.20481062519902235       -8.9882285711771051E-002
 -0.21884703914325912        8.9392995473290063E-002 -0.20695609639307677     
 -0.17896349593429231       0.10448892494405659       -5.6336228054858398E-002
  -8.2364683319962381E-005 -0.64094868249162817       0.43155040818000995     
  -6.5220450919268952E-002 -0.18679082687121459       -3.1943991326268448E-002
   9.3718198087669374E-002  -1.8436145593964455E-002 -0.39908574723037910     
  0.38371321934278868      -0.79233640161495966      -0.62596963952243367     
 -0.17402201504992731        6.1288451714918125E-002 -0.14720383293395922     
  0.62486863820766203       -1.5489705617053295      -0.12905664528071437     
 -0.76242667583845047      -0.60492819724529601       0.13923678145501123     
  -3.4759442041263529E-002 -0.13094477255291515      -0.15763169445841990     
   9.1216804003161372E-002 -0.10111363224740855        6.6800760730132570E-003
 -0.13640115161419075       0.13960341519721248       0.12252088055498443     
  0.18904109284760406       0.38078830792064527       -9.8449064108052722E-002
  -1.0568954983870751       0.58922696439354805       0.57231675015929151     
  0.99694929865787796       0.24251910737939461      -0.81851295035820526     
  0.15133448052177575        1.2027748113973107       0.78881570418278013     
  -9.4862959750320774E-002 -0.11090029476817913        1.8447360698795271E-002
  -7.4318470580118631E-002  -8.8253292007228062E-002 -0.22248566438562567     
   3.9924388953261489E-002  -6.7660168625963496E-002  -5.6995930872452347E-002
   9.6932051447525952E-002  0.32518743818707530       0.39741733564056575     
  -4.6336978574450689E-002 -0.36994638412653491       -4.1205967562265855E-002
  0.18859358520711894       0.55323486218575069      -0.68107452541858104     
  -1.2772006219060983      -0.40016785850816150      -0.27162780828154121     
 -0.61527314115766096        7.0382418888035259E-002  0.49333321202062386     
 -0.12478275748262956      -0.16916028744911640      -0.17367213410318630     
 -0.17614603368944645      -0.34550389781296376        8.3835164717501076E-002
 -0.13437267625538610       0.68766957836377895      -0.10314117424459446     
  -4.0821955652484747E-002 -0.16894102666628380       -7.8917017466697978E-002
   1.1899989545168086       -4.9509158739848962        1.6215204292713699     
 -0.53735025879945875      -0.57729951478669006       0.64512807264041583     
  0.68828212484956008       -1.2920500516581381      -0.67556779269533707     
  0.25571857659278996       0.13735316594914626       -8.0183057370619273E-002
 -0.11829171405929119      -0.15446577301889064       -5.5200865276957750E-002
  -5.2476394180622402E-002  -3.4847544759785645E-002  -1.2242033148483857E-002
   8.0817406516139556E-002  0.21542975915723253      -0.23795231583109150     
 -0.17251999261494416        9.1745600399882790E-002  -7.7329140432576340E-002
  0.98169952600048493      -0.36765649807340417       0.94217525934996726     
  -3.2151459983388038E-002 -0.13612638899270194       -8.8491954442919060E-002
  0.56390205503587587       0.58380785626873943      -0.87715146433369007     
 -0.27581869831415168      -0.48733131746430303        7.5682017251460093E-002
  0.28652912788629348        6.6296829325887499E-002 -0.23012451975817189     
 -0.20715792074246031      -0.19602304434388373       0.62524218179982405     
  0.79053038311910062      -0.25243942514089324       -7.4061768844503370E-002
 -0.96876440679147757       0.38560069180911583      -0.68683800879473778     
  -1.1708358904970018        2.2168053549336957       -1.0178014835016516     
 -0.15557007146741653        2.2874805637445011E-002 -0.10968418967287225     
  0.91179329402319598        1.2528211216704572        1.3109600078294399     
 -0.10995199390697159        3.1228610115476750E-002  -5.0396836042046866E-002
  -3.8682062553989795E-002  0.10621531629128621        8.5165075870082554E-002
  -4.7708090400561044E-002 -0.18863046456888871       -9.2893772246716896E-002
 -0.13720057359541385      -0.33093072109231331      -0.10408487454343010     
   4.3278149944833949E-002  -7.5663723994391502E-003  0.38474713794241300     
  -1.7020078668423706E-002  -6.5721758462290961E-002   1.1257947362701144E-002
 -0.13513999985894154      -0.36771996082760755       0.12028637990667271     
 -0.17135953746275279       -1.7516295896054329E-002  0.12422292453772570     
  -5.2213882073224215E-002  0.61598553342351969       0.15987725364522395     
  -3.6398326679707063E-002 -0.19527589055107492       -3.0157206518680015E-002
 -0.14006010462936086        6.1532676497784919E-003   2.0277847255455290E-002
 -0.62596373635079094       0.30078383017169585      -0.70045908149781611     
   5.0506091935453037E-002  0.13629430404556106       0.10288710074072924     
  0.42553887905870230      -0.62583093593562245       0.40345234068360952     
  0.14335171300316471       0.50922747274472435        1.1251094319585038     
   1.1097071487481958E-002  -8.8087227225476759E-003  -3.4619234787974913E-002
 -0.71720838799697462      -0.16513572908826440       0.80364316060313323     
 -0.15164612640135128        4.8006671175207107E-002   9.7476420663218794E-003
  0.51962260117034098      -0.48706062549133899       0.77274587117546689     
  0.87291302606277921       -1.3329805775826895       0.31897989122786413     
 -0.14673577728529361       -10.983431887470285      -0.29029794818646193     
  -9.1327456879182894E-002  -5.3415900958489013E-002  -2.1187335757065679E-002
 -0.24290146691275785       -3.4244905528169507E-002   1.0052516230699887E-002
   4.2979053354235922E-002 -0.10533149243492358        4.7046329397844918E-003
 -0.11009163391806295       -8.3281921671625847E-002  -8.3231402285297393E-002
 -0.17036320343643360       -1.5998389603060246E-002  -1.1309570980240612E-002
  -3.2897448354078200E-002  -5.7507648414067004E-002   1.5238858069190672E-004
  -5.3332783871412222E-003  0.27501613810483616      -0.25055963297821188     
  0.80516873069777029       -1.2915900845277850      -0.14337953065250095     
 -0.41717115808923871       0.31941347256264496      -0.15603124435295448     
  0.44489739519222732       0.66592203339479217      -0.47555717315046347     
  0.51010813685166934       0.38071674458961846      -0.26660290497765410     
  0.80787255342157216      -0.23615926957372366        1.0533220736820788     
  0.25089244826964557       0.29333267125550350       -1.1664663008951659E-002
 -0.57834619000200183       0.61127471526009214       0.44098023653502505     
  0.43390492668491931      -0.91220504894006049      -0.32117612677869850     
  -5.7641033800512574E-002  -1.8402065939447182E-002  -4.1627764422455797E-002
  -2.0143516322683984E-002 -0.13440983601045520      -0.27884774524639411     
  -5.2413248299672151E-002   8.0424010111823152E-002  -4.9076133163042171E-002
 -0.90718347762031404       0.70953993860861342       0.39640257512454713     
  0.67615834921405293       0.45554225198782611      -0.45244556474154685     
  0.89010681061847441      -0.19120355719573470       0.52722188889465116     
   1.1158240981266557E-003 -0.10592961065436463       -3.2375392177816432E-003
 -0.15613056008372411      -0.15673534638764075      -0.10629736515280377     
  0.14371811010580987        5.9903478348248256E-003 -0.19447873109211583     
   9.2718557947281302E-002  0.90983664109221429      -0.25014662978826468     
 -0.20537912034210787       -5.6748268763157611E-002   3.9456639553148390E-002
  -5.1544900492388197E-002  0.69596226886965951        1.0335757754377668     
   8.5686896570091306E-002  0.21229422911933166        7.9344575072263623E-003
  -1.5547302602079089E-003  0.20127727445674237      -0.15226145931340576     
   3.1005564856081021E-002 -0.16268953768020450      -0.22772362064399959     
 -0.60145430028851454      -0.58100631359376453       0.34253335738623958     
  -8.7236715418823399E-002   1.7440534429837388E-002  0.34131063731744116     
 -0.57232644172585700      -0.18979179234163690      -0.37508998015057604     
  0.95989966877770316      -0.49386181221714637      -0.26175331219245307     
 -0.34706231518786640       0.14182160640761429        6.7663549150447574E-002
 -0.14889834418558542       -2.8786966615551048E-002   4.5304950726733011E-002
 -0.17357091715334580        2.7982653133932788E-002 -0.13841993067484334     
  -2.0111949729535429E-002  -5.7849037040875538E-002  -8.4016259161466822E-002
 -0.18659665909396647       -1.1044065457433434E-002  0.10754871599852378     
  -7.6476046815422503E-003  0.85788415014570407      -0.45120985321961071     
   5.5956271752061269E-002 -0.20540257226483905        6.0705705502463155E-003
  0.47781307966771763       0.74200124339935125       0.32613199301782692     
  -1.0190089250554479       -9.7738118219808920E-002  0.17442028775244761     
   1.1042591052753670       -2.1105991686576432E-002  0.68507602066989803     
  -3.6633757603665280E-002 -0.13026224999646599       -5.5039016487194031E-002
 -0.14961036084616494        1.2068788095844403       0.99431781536618180     
 -0.17219073625066983       -3.9145285765917880E-002  0.20206877250169289     
  0.32137029021926422      -0.66547811936427348        2.3093190574985454     
 -0.17768706277366503       -8.6601044474603567E-002   4.1301884335656076E-002
  0.38644213974517438       0.90799291217035139       0.27437546987847472     
  0.83276460665248497        5.2234805001366014E-002  0.85731950798443246     
  0.66800604441776057       0.43415134807167249      -0.10952267594383006     
  -8.8107973545297119E-002 -0.19570234040042397      -0.12263149283660087     
  0.56931249550703944      -0.52492704255955014      -0.13332822851299486     
 -0.63800108567150293       -7.7931102038975145E-002  0.76315911872096232     
 -0.68771858929343210       0.21197603879877633        1.1480442015264394     
  0.62999988718288458       0.69262798106890022      -0.61371526405526955     
  0.70008109574564426       0.30062281847084021      -0.70492281462845741     
 -0.39981902689694421       0.40042644145498513      -0.13123252268974428     
  0.88130738906027395      -0.68040473691966485       0.70682394915715241     
  -1.3022751792394438      -0.72584301301810994       -1.5561843593522031     
 -0.12315774279077582       -9.5783915822765506E-002 -0.17480675541326560     
   1.1613431335928233       -6.5703604981187491E-002   4.5973588970147210     
 -0.10840806223436841       -5.7101786136606377E-003  -4.5142743158675419E-002
 -0.15547493223084285      -0.11057251457819012      -0.12154877951307537     
  0.30033107422901112      -0.78613538928226812      -0.86722508140555510     
  -1.0261143989753571E-002  0.14518277250139358       -5.8380808631388363E-003
 -0.25187890536039459      -0.59863610804725120       0.13873862281883129     
 -0.11534746843843198        6.3817018721719590E-002 -0.13781586906171500     
   5.6167198190953990E-002   1.1852803096716498      -0.59626953215814471     
 -0.24052879239988612       -3.9928670676262337E-002  0.12824837943630923     
  -9.2468999993600889E-003   3.4862892871640599E-004   3.2648993315173749E-002
   1.0221287008450528E-002 -0.10334407037173914       -8.2504192674710958E-003
 -0.20111419054905857      -0.14539438773575034        8.6831916378004182E-003
  -5.4709490680694840E-002   1.4974612264962260E-002 -0.13722775086433509     
 -0.19276478359220187       0.36901805576780217      -0.43610587874096307     
   3.9141348350850057E-002 -0.88279374817169887      -0.49503767354133432     
 -0.87559472793741933       0.47297549181311077       0.51624905206668403     
 -0.42976148457138930        1.2178857888197323      -0.37684731941613769     
 -0.17750246322369267       0.15963528652014811        9.0989606341617679E-002
  -3.9598607946937738E-002   3.8960544353523453E-002   2.0485896629624366E-002
 -0.38342897425360306      -0.68223075485383500       0.56223014089218359     
 -0.14269042136032847      -0.13181673585809831       -6.5531772558301310E-002
 -0.25649237366554767        3.2963957145307782E-002  -1.3604244860035159E-004
 -0.23280550816890536       0.46917904294146012       0.81057998825413402     
 -0.16128403896891408       0.37703996083944841       0.31393052993665305     
 -0.15048411091931624      -0.15333274263338198        2.7171628205629936E-002
  0.69246746399533343       0.29070533964870243      -0.26823013932625950     
   2.7376001574497894E-002  0.17252775638506357       -1.3340273121361861E-002
 -0.64736239176381716        6.3894912909243498E-002  0.92389050767092340     
 -0.12161385483301394       0.62432394137589620      -0.27677407677589511     
  0.13947861425349614      -0.73757968707403065      -0.12697811327159739     
 -0.18093781201206463      -0.33457734301610653        8.0573629343041173E-002
  0.83480724153244235        8.0749121978134202       -3.5142338187926336     
  0.54803850697096479      -0.27647536115667309      -0.23195835740060577     
   4.8426443820610886E-003  -3.4011786430458317E-002 -0.12814824770962391     
  -5.6888367649503425E-002  -2.6586292343233585E-003  -5.4468030731036628E-002
 -0.73600465793417569       0.28401352071236191      -0.41335489144200838     
  0.29262150035754075       0.72679149733113735      -0.58327654959826325     
   7.9067786550199443E-003  -1.3087921534097189        8.4824980424332369E-002
 -0.94593042244672987       0.14671653997255599       0.10921495607435391     
  -9.5964219711529158E-002  0.15162335223143730      -0.59421835363042985     
  0.17571692676147616      -0.96477822886856057       0.32067180386308808     
  0.27515396803847553       -1.3385140899254930       -6.9218206970573237E-002
  0.61778084968242652       0.62075031858047436       -1.0619923985395756     
 -0.32043359754765161        6.1375313922425068E-002  -6.1992879269305738E-002
  -8.1029327477276050E-002   1.3436244894808018E-002   2.7781543122380400E-002
  -3.5469686956362108E-002   5.5831656178641387E-002  -5.1763078076583882E-002
   3.8375292308310757E-002  -7.3218933115375556E-002   3.7270900588505892E-002
  -1.2798397694988191      -0.51727312107877643      -0.63171164709773908     
  0.79180994382385694        2.4100319545172697       -1.1747512229725297     
 -0.12696701662017859        6.4695761665660864E-002 -0.24318297121037083     
   2.2039072139260183E-002  0.24938588860193983      -0.26371624593697413     
 -0.55725963621517260        9.8283953170610838E-002  0.61834185598966362     
  0.12855831646114821      -0.22190754235530050        8.6847537497699592E-002
  0.46240982673263764      -0.14166239462200769      -0.37775348556260518     
   1.0832343962898965       -7.0012542132896927E-002   1.4351059587693775     
   2.1702062408929201E-002 -0.36583132325506873      -0.29319371006047401     
  0.60140185951410319      -0.60322080559284807       0.60892275956629283     
 -0.24593319203432892        1.8870295679902682E-002   4.6054890525065034E-002
 -0.95744243064651979       0.27112760523746293      -0.48027909366289079     
 -0.69468001432971338      -0.70772580412380504        1.0810415840525691     
 -0.15740695287124057        1.8761582696147267E-002 -0.13085016423922857     
  0.21560505993011941       0.52809940633202090      -0.30219029441779721     
  0.16369676845051473       0.51423989628251821      -0.11079196715144637     
 -0.22484871901496015      -0.50414957766977331       0.84647901080251720     
  -7.2500416109371885E-002   4.9020731594544002E-002  0.10304672960063224     
   2.3229371455553097E-003  0.12939684944296118      -0.19058336949606916     
 -0.43113623044519855      -0.42183922341977076      -0.35275005053415542     
  0.75445199963729115       -1.0851953124149862        3.6584504465177865E-002
 -0.17542901209939532        4.7774191957732533E-002  -2.4123977015155125E-002
 -0.22100887901171232        4.6038518706591508E-002  0.23154735784653610     
  -8.9787138833570077E-002  -5.6635750514516220E-002 -0.10723461739638755     
 -0.26619169850347346      -0.15039927060203950       -6.8390053241346338E-002
  -8.2446413880177552E-002  -9.4456135867042323E-002   2.5891460619730786E-002
  0.90221250624806715      -0.39055522006492799      -0.35114974376827091     
  0.28346359163389806       -1.0517097000430313       0.16607632688863869     
  0.33435561430490840      -0.14053131150796636       0.20833962421747784     
  -1.3008086405901236        4.8680835977357306       -1.8990708248029946     
  -5.8723784792368401E-002  0.13314086222687088       0.25226410286812634     
   1.9470773016792588E-002 -0.18470290687996932      -0.11663284809010872     
 -0.18177283351409379       -4.9802117670172986E-002  -3.3732527661805636E-002
   1.4444950813001635E-002 -0.22640443508430488       -5.2140464327315880E-002
   5.3768109092778765E-002   5.1629319241928297E-002  -6.6855486841328141E-003
 -0.23836163225554330        1.1406096590136152       0.36009216962754514     
  -1.9394818416464555E-002 -0.58571690002893706       -1.0332068980521721E-002
  -7.5523643633501045E-002   2.1037592030059851E-002   1.6373459672071679E-002
 -0.15139864239583664       -8.8591990237387203E-002   7.9296846243437150E-002
 -0.67172976719223221      -0.47892350255025945      -0.44713148349756238     
  0.17132308905271143       -1.2216004129939571       -4.2623871293343010E-002
  0.42019480034693424      -0.58169778435363162        1.3774877092362909     
  0.96041311476523472      -0.97854132575925745      -0.35379608351298897     
 -0.22785334122609707      -0.21787196382681140      -0.61420714293555956     
  -1.3371882871746727E-002  0.40798941003994427      -0.72581943442897245     
 -0.74656192186455173        2.5695243067538800E-002  0.62540767711435230     
   5.3865489588865424E-002  -1.0029179942684676       0.63701726983810636     
  0.46990104359867524       0.97375670297692185      -0.16734423917639690     
 -0.18088919497560868       -1.6591460359798492E-002  -9.6795993726544356E-003
 -0.59110181893128200       0.34732205131621741      -0.12698248686872662     
  0.44293142221963194      -0.47303499332143423        1.1614333324224921     
 -0.13233125137060625       -5.6902103626034851E-002  -2.8152807464282014E-002
  -2.4834642670909877E-002  -5.0948326138428590E-002  -5.6745876118416666E-002
 -0.21095712059298929        3.5161630106550032E-002  0.14799830876429332     
 -0.11187201804814133       -9.7142039013140558E-002  -7.6687019223932062E-002
  0.20645761504616442        8.5656361278698787E-002   6.7115324810498755E-002
   7.9288799044952493E-002   9.8954347033355081E-002   4.4753006045677966E-002
 -0.12456397559190605       0.16141530403362531       0.24898575332100362     
 -0.13495786654860781      -0.36985702830422573      -0.21726871287902666     
  0.45769953593856810       -3.0714496289144453        1.7735958720403178     
  -8.0738615769733360E-002  -3.4599121219955259E-002  -7.8507773496222552E-002
 -0.13683928481363028       -8.3075827881375158E-002   1.2630078484954493E-002
 -0.64935631965072760      -0.74432589144980477      -0.62163746401597630     
  0.33135714775671438       0.47227870513977255      -0.22357291105797406     
 -0.52848180811869838       -3.3666551828408026E-002  0.47519108487384604     
 -0.45514966090429176       -8.2863454933827310        4.2946378712817124     
  -7.2325618431893696E-002   1.7117206059857719E-002  -3.1579466760451744E-002
   2.2948612470296122E-002 -0.11082625167987069      -0.11080476961435298     
  -6.4436900771600913E-002   5.4650489949797279E-002  -4.6550468630896956E-003
 -0.74574221429581478      -0.42000311089803671      -0.69938150619529349     
  0.28705842444472246       -9.0680150008406471E-002 -0.10472768612459217     
  0.84275399806497442       0.35160084922913970       -9.1666995590474309E-002
  -6.6332728094067844E-002  -1.3803383951835366E-002 -0.11520323338401449     
 -0.34966686103118311       0.91886799406700592       0.33292165170455068     
 -0.32054802419717504        1.1164372577414841       0.48146465314437353     
 -0.17097040161410437       -4.0292704884618412E-002   5.0712532481846637E-002
  -5.3506259582787805E-002 -0.10730124524271341        5.9166567397114078E-003
  0.91325349214473905      -0.32872935657960217      -0.47758097985700998     
 -0.24707839719409566       0.22588236184657462      -0.38025168780689628     
   3.1503953633305409E-002   3.1178604288386948E-002   1.5058076651218702E-002
 -0.10513687404738702      -0.20127050974869315      -0.15851946690091392     
 -0.26378529521636368        4.1749421896516051E-002  -6.7875464802332596E-003
 -0.45924647817803377        2.6138597708569988        1.3669276018322360     
 -0.40830076353194106       0.58680902084616071       -3.2887516143959544E-002
 -0.61810521594337497      -0.41642818128987014      -0.29083221459728403     
  0.85610875654856089       0.80961440594637135      -0.91137758199430741     
  -5.3720422724764599E-002  0.14057547389558125        4.4970052433887603E-002
  0.18158602328421905        11.326245055731500       0.41392305171869770     
 -0.14640855162495628        2.4525005683795776E-002  -7.8677190931952704E-002
  -1.8160505105866986E-002  0.56594371816615707        7.5132796185022666E-002
  0.81831751342108394      -0.80819522783812281      -0.24004351516849901     
 -0.14999361301781453        1.8533320715799880E-002   9.0911510488234232E-003
  -9.8442311815699790E-002  -5.7321668334942205E-002  -4.8629779551068487E-002
 -0.27318234078886128      -0.51771004672878085       0.29905322251434857     
  0.44702659521054167       0.55915830328038596      -0.49668336122450218     
  0.69267540187803189      -0.49139189965756336      -0.79637774431618014     
