 -0.15920147781458011        3.4706729030980071E-002  -3.6378504577619208E-002
 -0.19511257937710647      -0.16501585256278489       -9.4178382230523230E-002
  -9.2295278602326961E-002  -5.0262787585011341E-002   2.8892501162117591E-002
 -0.17374617340571502       -2.2003218154111378E-002   7.4649247072803571E-002
  -2.7830642102082710E-003  -7.7611567615963814E-003  -3.2333623888780062E-002
  -6.9919897823940161E-002 -0.15052568829465793       -3.0151889390436545E-002
  -1.1923135041813868      -0.71925867585634307      -0.79501389526777588     
  0.10948585156413514       0.39001608459447024      -0.79814237073715610     
 -0.17383073107814914       -2.4766373585171621E-002 -0.11739840423394937     
   2.5627280849786374       -2.4743991467971074        2.7940026195412959     
 -0.17366686920564250        4.3363696618075494E-002  -2.5326182768851239E-002
 -0.11889691584243617        3.5328717714336023E-002   5.8976402152274052E-002
  0.76631704902126474       -1.2853133860659918        1.2127775722533503     
   3.2152658555220110E-003   3.4529373208455602E-002   4.4626393137622448E-002
 -0.18601033530553049      -0.13829457854020402       -4.5372347817689986E-002
   1.3214152785008533       0.53107844347911493        1.3945067730112219     
 -0.75744637043317375      -0.93257951230094971      -0.27345320300948150     
  -5.6985636396729537E-002  -3.4657769565469114E-002   3.9939056308376845E-002
 -0.24841803450250816       0.28829631630302904      -0.96666141278733264     
  0.89892641283977381       0.17791151419106879        1.1876463835068389     
   5.8363347337933580E-003  0.86284377189416850       0.82598012874783644     
 -0.34956794942911684      -0.50239719658095539       0.67223419370127757     
  -5.2767155912775060E-002  0.76062032499521481      -0.13571516821654955     
  -3.6516228038952629        2.6627189041633477      -0.88072871287213061     
 -0.15915597424618358       -5.5979552367379073E-002 -0.13168397335649781     
  -1.0903081834670123E-002 -0.13880348625532657       -9.8690653920816163E-002
  -5.5871606974575695E-002  -5.7376835211086073E-002 -0.11050416518692918     
 -0.24717016227466312      -0.13354242587443801       -5.5280984832534859E-002
  0.36212289267072895       -1.3030039694714945       -4.2576798292532539E-002
 -0.16970515266870861      -0.11043837650552339        5.5406055440670919E-002
  0.40410266981750181      -0.27650152474123663       0.67288657006548214     
 -0.12829545461775471        8.7495281873113482E-003  -5.5004087073974042E-002
 -0.75291882994373971       -7.6389682550119868       -4.9963428827759930     
 -0.19527228315908196      -0.10908702099493510      -0.16595075137013188     
   3.5383732916459416E-002 -0.17219946006744125      -0.23579031819059143     
 -0.16405757999570403        3.9169184376592135E-002   5.7298706756568644E-003
  0.40857291111485217      -0.58567272043379215      -0.36783701689571163     
   6.1905736746513569E-003 -0.13151482073746507       -8.5329313737727373E-003
  -5.2000017847017396E-002 -0.10858755522157641       -6.6947513406184767E-002
 -0.17739752874111606        2.1778180740096461E-002  -4.4520535412246945E-002
  -1.6054150034229435E-002   2.8194366240469473E-002  -6.8700082289887467E-003
  0.68914354381056342      -0.33997997929775153      -0.39219466598412378     
 -0.14231890736296077       -3.4611265957598870E-002  -1.5892949355777605E-002
 -0.65537971445963883      -0.43372412659862436      -0.58627287074812340     
  -2.6368971587275390E-002 -0.22739772878404244       -8.9652287633976036E-002
 -0.26583991837315762      -0.82063084375968320        2.9170581569870884E-004
 -0.13032436443846734       0.14695382271257534      -0.10067941117185399     
   3.2674449637593556E-002 -0.30852252061314173        7.0965213873815644E-002
 -0.15108924618509298      -0.14633589228573143       -7.6802434382633664E-002
   1.3865900098235699       -1.0317319211094724        1.0216586411931863     
  -3.1898920707341766E-002   8.5397925220443399E-002  -8.5221943117696111E-002
 -0.30548055651445155        1.2033844057316683       0.32495607803723014     
  -9.6986756601382951E-002  -4.3745013588713084E-002   2.5658446263474931E-002
  0.85765663096274292       0.67327371998231744      -0.75282705361234803     
  -8.9787069548094386E-002   5.8382880300061231E-002  -3.5964296868589804E-002
 -0.42301313860612494      -0.55361655440775748      -0.18099352988681852     
 -0.23872586891487482       -8.0623052718338140E-002  -3.8016132384358012E-002
  0.25166940439357194        1.3677706603895192      -0.75029680161185985     
 -0.20290870907290642       -3.7298444771761100E-002  -9.0419276699861800E-002
  -9.6919971016796627E-002  -5.3357826135092719E-003   2.3124491840828983E-002
  -7.7010989859546020E-002 -0.20324537291332700      -0.10119983064283104     
   1.7266549831438507E-002 -0.16959885223491786      -0.16252556125028469     
 -0.21907566016734339        6.5983752614663188E-002  0.11607698433577646     
 -0.48050228692633273       0.44947094781865160       0.14114289440768368     
  0.11859824650229006       0.94865102501739540      -0.12958263998169156     
  -7.7197136842394209E-002  -1.5848895179351924E-002  -7.8252169781935804E-002
 -0.11797167113935324        3.3629910405492180E-002   7.0675724681959831E-002
   7.8121262758506400E-003 -0.23035199943968315       -6.9210685153678883E-002
 -0.17379434830632468       -6.8577562790244559E-002  -6.5162182221403020E-002
  -1.2185006505567824      -0.59706147289695677       0.26781856377365187     
 -0.24758116692768387       -3.3669115918207173        1.3897750986061213     
  -5.3273380248020391E-002 -0.14485354788252325      -0.13228790091939416     
  0.87825896474046394       -1.4120169304112706      -0.84363989188961686     
  -1.1340806033468384E-002 -0.16637833735364230      -0.20644059640582998     
 -0.40797124144513008       0.17801288562219647       0.22592109124285414     
 -0.25713271723148479        1.1692963854455665E-002   9.2207962754753389E-002
 -0.19440244488394831        7.5414738731423694E-002  -2.2871582268323330E-002
 -0.15594826597532821       0.15628364249952531        3.7017813782216601E-003
  -5.2055465892831644E-002  0.39863798369966441        5.9880947875741920E-002
 -0.11177494940489527      -0.18716551002967591       -3.8736464007572052E-002
 -0.49282172004612035       -1.0835392811905438      -0.10254770401681004     
 -0.41032827915038278      -0.52695760331964669       0.41492381795584421     
   1.0458172511834922E-002 -0.16310586478129535        1.5889719152936063E-002
 -0.15108660932856222      -0.79186170706861381      -0.11210535068843115     
  0.42914905827788918      -0.81261214129192383       0.20460042440825552     
  0.92146991324176353       -5.5766544624279768E-002  -2.1825579352218005     
  0.72624512084503601       -1.7771051124385575      -0.32877110149551619     
  -3.1211322764186152E-002  -9.6771418857045377E-003  -9.7176627854683020E-002
 -0.23586460499732725       -1.3845616673263683       0.24806522196518949     
 -0.99631972487007259      -0.50418235556828761      -0.88464657318401996     
  -5.8880529413907916E-002 -0.22123981158018727       -8.9510268616342120E-002
  -6.4463717246732843E-003  -7.5473691612439567E-002 -0.13556695498517046     
   7.9048624298030928E-003   1.7065284656457954E-002  -5.4331722047552482E-002
 -0.19100457079646185       -6.4283607946206051E-002  -3.6955796603557863E-002
  -6.1237493286593642E-002  -9.3957373892086166E-002  -1.3448901137495122E-002
   5.8977355458788031E-002 -0.15314345284018144        3.9526891670482622E-002
 -0.23670917977651690        5.2629783690376228E-002 -0.10782163638393616     
  -4.3788679696485068E-002 -0.12482777459373311      -0.19466868239114277     
  0.16402031635972358        1.1302302099823667        1.1867851131191800     
  -8.9952228663264161E-002  0.18211565579565767       -5.8356858581572676E-002
  0.59009327312225801      -0.94143070918627514       0.59397155973653004     
 -0.22226633190554165       -6.5311023523896686E-002   7.3417199205448895E-003
  0.76024804153214820      -0.62521753124005408      -0.43323314762280146     
  -7.7094547593657525E-002  0.78616669985254684        4.7282055474237077E-002
  -1.4999333773253944E-002  -5.2482869685732583E-002 -0.10920451641427205     
 -0.59415808775582102       0.91096374542192238       0.50990177383829371     
   1.2514306809763395E-002  0.78145047328149231      -0.25791424967935306     
  -4.1769901183685079E-002  0.26061176778941353       -8.3006546686622426E-002
  -9.5315154737471486E-002  -6.5344036735259306E-002 -0.15238700460114732     
  0.46779917709034979        1.2167805664780689      -0.51389242108792921     
   2.9352314499022335E-002 -0.29784817173758910      -0.44453770260382236     
 -0.15799421127977986        9.1495548751978961E-002 -0.17528686440854888     
 -0.22169883475792193      -0.10158272011051596       -4.1733764972104459E-002
  -1.0289666467903651       -4.2768117584532410E-002 -0.70456300698066165     
  0.19817289808003064       0.60429537122729060      -0.34697839371793260     
  0.53372305828898836      -0.50620575358345232       0.21252739380750654     
  0.26459878148570937      -0.45544706349927533        1.0723684219805636     
 -0.22900562029523866       -5.6396536103078397E-002  -9.3674343563473816E-002
  0.33204484377250493      -0.63048037089187081       0.15018748899355946     
  0.82667275016185271      -0.39957068640446375        1.5437526537762116     
   4.0860685696084961E-002   1.5891002581734207E-002 -0.11685654578575702     
  -4.6264886158436283E-002  0.10216062117389242       0.12083236151973693     
  -6.5212786631789518E-002 -0.15149459312266106       -2.8923641702411181E-002
 -0.33577774721332287      -0.14114706958432324       -3.6307001488528633E-002
  -1.8188935501523007        1.8724520724112022        2.6751434083718864     
   1.5347374418434714E-002 -0.11248305974170660      -0.33341624297412981     
 -0.54751890171693351      -0.67848540720740791      -0.62697096622077986     
 -0.41922392832706662       0.19876878835701337        8.7130836768931311E-002
  0.54742410907759986        1.2375142585944052      -0.39415255453815251     
 -0.15204147581943464       0.17045985239800657      -0.13918709292626916     
 -0.31419346836229251        1.4294549032750732      -0.19772881489206448     
 -0.26437499660571956        1.2962514349620946       0.24923510796715720     
  -8.1056758814289864E-002   3.4327737798091479E-002  -9.9539824293178817E-003
   1.5941228223645232       0.57095131155617562      -0.57018827830670737     
  -3.1507184862718841E-002   3.4864585483968862E-002   7.3141969645662594E-002
  0.25087330675931779       0.54716289949906116      -0.26678850134082416     
  -5.7077560575445961E-002   1.9343690062027429E-002 -0.11121520983785993     
   1.5788209269418521       0.58813853789052473      -0.54999142039207494     
  -9.5285903287934987E-002 -0.15062406820383278       -8.9683206115302075E-002
  -9.3080629070556906E-002  -4.3379925033765754E-002 -0.11032523112066005     
 -0.15711130959386765      -0.20257318687940523       -7.6007649090951396E-002
  -1.7478422887983170E-002   2.6650743023290055E-002  -6.4060629279181755E-002
 -0.13062747720114870        7.0982284177076013E-002  -3.5895047607256987E-002
   1.6657389539958614E-002   9.7389390040285281E-002 -0.17448660422368845     
  0.76967351900096370       -1.7740150430463872       0.61699380282368133     
 -0.16016372993042757        7.3583525046492002E-002   2.1438572963093424E-002
  0.78838092335232235      -0.64571779805093621       -1.2595290193963331     
 -0.16247624311271872        4.8539661983596511E-003 -0.10806922731812844     
 -0.27164352935732411       0.74753908479233344       0.51802464457197495     
  -1.4789827589662856        4.5927265426381293E-002   1.7469758931285986     
  0.29699167244913721      -0.36212049794295353        8.3239753257103088E-002
 -0.33180471608099649       0.80522615806049636       -1.1617845850789668     
   4.1912142925141525E-002  -2.5157879990452169E-002  -6.7812560887466067E-002
 -0.32554616909301803       -4.4462675399137980E-002   6.8993921598984098E-002
 -0.11638991256095085      -0.16053995745941438      -0.11328022243355047     
   1.1308141968111596       -7.7104828783792125E-003  0.83428820381193991     
  -7.1718522654082517E-002  -7.2285245749860352E-002 -0.13490187927057687     
 -0.15979533788165121       -1.4641423840336492       0.85130529336826977     
 -0.56426280867366707        1.7303353001832513        1.5880968017003163     
   1.7032244611597323E-002  -7.3901927387244690E-003 -0.15931886394803260     
 -0.28940573337446857       0.23706770262122887       0.29584837942255088     
   1.2355223687479475      -0.26673803969185017       0.93194890932915386     
  0.57148051523775023      -0.78342968948882497      -0.87204101339231899     
  0.17311927818239051       -1.1221452435121591       -1.8318236030482823E-002
 -0.18867206903952258      -0.23597022580424051      -0.21435121822436667     
  -4.3932838697059079E-002   6.0858229596126447E-002  -2.2082589526643867E-002
  0.60420026005280436      -0.25548985748891506      -0.51783069219941447     
  -3.5625045790878863E-002  -7.0585257129676490E-002 -0.14379460212440676     
 -0.10879408419040415      -0.18116327814097946        1.7459669853075933E-002
  -9.6901255812245082E-002   1.9888861504811013E-002  -3.8940810782026367E-002
  0.81904114210273227       -1.2269773828877162        1.1641501381383759     
  -9.0095496356018670E-002  -1.7809698443657488E-002  -6.2299236775464936E-002
  -1.0028410672669705       0.14912120632182124        1.3054823313022996     
 -0.31167937778524524        1.1832680891231528      -0.33829776435444936     
   4.4801042985727527E-002  0.43639390246375981      -0.38437402233033052     
 -0.12538011777857788       0.51437480311069206      -0.15604968832207652     
  -8.5859460231804990E-002  -6.3087613890171576E-002  -4.6764007083588535E-002
 -0.17884071515062860       -5.1878760400223697E-002  -1.3490987433960192E-002
 -0.55999243170564506       -5.7020305908333707E-002   5.4087546537124401E-002
 -0.13375653227322273      -0.22036016841316453       -9.6950333585016618E-002
 -0.14881877584588327       -1.0552991865238814E-002  -9.8906456468772583E-003
 -0.22998114665993843      -0.34387426162227475      -0.24277877791391719     
  0.16025837756161290      -0.37256341769577567       0.15419218756421879     
 -0.11829081972535828        1.6611409753994076E-002   3.6993739704006677E-002
 -0.27873639581449283       -4.6562862260082917E-002  0.15024438093665987     
 -0.15853211549770743       -3.4824478380860398E-002  -9.3518293768273947E-002
  0.39874943516902306       0.80895159577431985        1.3191832984267371     
 -0.10011023640417711       -5.4976792238110778E-002  -1.1343084280351908E-002
  0.65278533838818886       0.99037127031982664        1.1412347726147940     
  -7.7729218767295521E-003  -1.9297436226841099E-002 -0.12315364484386530     
 -0.16441508145730097      -0.11780145812017233       -5.1518964524440575E-002
   2.2758620148726393E-002   1.4512544809757639      -0.35624966169524569     
  -5.5682903581124606E-002  0.35125713048257667      -0.44612011557159387     
  -3.4800264513614385E-002  -4.4304980062417121E-002   6.8397309141441848E-002
   4.8334764192927412E-002   6.8148471638685898E-002  -2.0230041375324723E-002
  0.40820162473384874       0.23050002347092091       0.38275713634091008     
   9.6436292757505898E-002  -1.1095950128688830       0.14631455822659795     
  -5.6414903037708422E-002   7.1173390175615719E-002   4.9265580739254494E-002
  -9.1640247696805677E-002 -0.53220818132486447       0.62006944734812863     
   4.1739655555592634       0.68656811171416199       -12.044128668864619     
   6.1931720447976249E-002   1.6067508203433132       0.54705608647052273     
 -0.38067964755369887      -0.40331432983038962      -0.41375021316044491     
  -8.1604472323841229E-002 -0.73122498140194303       0.30909580638814599     
  0.21691484406256481       0.77916744229541213       0.41550227427224901     
  0.76282372392230080      -0.82178122698298239       0.72780814347661948     
 -0.12819484355638361       -7.7813573404828279E-002   2.9194956517629680E-002
 -0.31758893842436009        8.8419013827189211E-002 -0.47874658276264903     
  0.18496030393704135      -0.13369402064200461       -2.5472079268900501E-002
 -0.14229945183685025      -0.12090056033078614      -0.14844862321750532     
 -0.19926880998366689       0.14196912093409342       -8.5458179791142244E-002
  0.82884514638937790       0.51825086128672004      -0.43262743518679864     
  -1.8960479475915331        1.2872371547506720      -0.56054112940335332     
  0.19726943017378337      -0.83995579300274315      -0.13811476170659387     
  -1.1328253815293343E-002   5.6843720249486890E-003 -0.21670438287014682     
  -7.0099171508453920E-002  -9.2714370464021770E-002 -0.10934388926371982     
 -0.59046722092501969       -1.0135311832155840        1.2999072918712364     
 -0.33997537906958919       0.50020454755744814      -0.50276109262729574     
 -0.11194716908778457        7.2805640716403691E-002 -0.12369294932533255     
   5.4722271256250683E-002  -3.1606012265734007E-002 -0.15161157386896837     
  0.90823622062689158       -1.0767312003658855       0.41235896182199822     
  0.36859498298647608       -1.2299203717235148      -0.27414237537385922     
   1.1294784638842581       0.39831453139286621      -0.84437961316347654     
 -0.12599990645819942       0.16701674147229409       0.26711843213022191     
 -0.34472235781890592      -0.10145475464685003        3.8928220543207374E-002
 -0.83258446366897998      -0.88637227055815826       -1.8197357942936068     
 -0.11273233370470835        4.7741197185466329E-002   4.9758936556211997E-002
  0.95050027278379712       -1.2666466416265170      -0.66268815644768098     
 -0.20928572504636841        4.2537796313824004E-002 -0.15850740354596735     
  -5.5375752670419963E-002  -7.1910822875412797E-002  -8.1396100812173730E-002
 -0.40433155867994364       0.18945380685959431       -7.0057629101702240E-002
  -7.1838557067710092E-003  0.12054660741289744       -3.7462047474629834E-002
 -0.19644797851316792       -4.1655865010983339E-002   3.9476306765694656E-002
  0.72065408957837873        1.7640702631096044       0.38913616298271897     
 -0.14298100473125375        3.9016714823065360E-002  -9.7388184164708069E-002
   1.3920803034258049      -0.39565221509183024      -0.67990206665502761     
  -8.2657564219110385E-002   5.5000398924762786E-002  -6.8830108954637204E-002
  -7.1461278177264886E-002  -3.8939862526766469E-002  -9.4962693025888254E-003
  -6.1760272307804773E-002  0.10575150063679799       -9.4300498166347710E-002
  -6.9964917434963247E-002 -0.16277599211070709      -0.12355377102493403     
  -4.8625753187874932E-002  -3.2787331077887782E-002   4.2480119721665627E-002
 -0.17301381296667173       -9.2782544739352851E-002  -9.3443946783736548E-002
 -0.17575851709390261       0.13818503359406531       -7.7646567521454712E-002
  -3.7949596357228513E-002  -7.9271949500919023E-002  -7.9933918430100837E-002
  -9.7576756088402911E-002  -5.5236348781884576E-002  -6.7053151604766215E-002
  -2.7859252431112397E-002  -9.4891190980433346E-002 -0.16346492231718376     
  0.54980502744986715      -0.71707260757470925      -0.43453474805766212     
 -0.14387375026332080       -2.9342224770618222E-002  -4.8297104227921911E-002
 -0.18891031849177919       -8.1941577766665857E-002  -4.3641790070767517E-002
  -4.3376659140197220E-002  0.41666357375615798       0.40515598561034816     
  -7.6517115722100196E-002 -0.21366871959004172      -0.14027158356150965     
  -5.4606766307482936E-002   6.2663091736129869E-002   4.3169323934614715E-002
  0.18144192160963793       0.21864691142763823      -0.16193733629727453     
 -0.10979358158370624      -0.29576454374161021       -8.7237748819495767E-002
 -0.14787416381169222      -0.18980504209136834        4.9459491566664918E-002
 -0.23359547425947028       -3.7960806814620385E-002   6.9411412650528248E-002
  -9.9692464111175438E-002  -2.5438270564498430E-002 -0.18531955991421120     
  -4.5219167149796187       -4.4180036743774886       -7.6767574250508641     
 -0.31296275543247787       -1.5850259415205530       0.96286496460447624     
 -0.10023561099705595      -0.71908810059518868      -0.40219302431076664     
 -0.15437654963960071       0.10205773835497589       -1.6281027394328809E-002
 -0.13441874287071215       0.13338666560339763      -0.70013177765449164     
   1.3458812456223752      -0.50631945026899161       0.43357423157336733     
  -6.9834541047583465E-002 -0.19168899321743879       -2.6682827433266509E-002
   6.8524514010978163E-003 -0.72722756021585921       -6.0262141694853319E-002
  -4.9904307598757011E-002  -2.3428485623232270E-002  -4.1844559767741221E-002
  0.16171486591514253        1.0207540878379178      -0.49573485955505375     
  -8.5249144668281318E-002  -7.8825162437782786E-002  -6.3670133196598588E-002
  0.50860247051015284       0.81737275484316219      -0.91797694832166032     
   5.5465071266507668E-002   2.4393726851482675E-003  0.12373334154381360     
 -0.13916854468835929        3.1470276113097030E-002  -3.8987230391415072E-002
  -1.3726158705675497E-003   1.0718886750335521       -2.5274464711564555     
 -0.43827801642050612       0.28377423684504977       0.74729854485446390     
 -0.31552203983113275      -0.12731040856087672       0.10749699792211892     
 -0.10110927394258910      -0.29826323094756502        6.4716424762760724E-002
  -2.4402475191830600E-002  0.20138860918171383      -0.16684587050816382     
  -7.8700915147449244E-002   5.1283339805752809E-002  -9.0239368603860184E-002
   1.0113492470401690       0.71559329922451098      -0.73687120993793098     
  0.28372717518994095       -1.3014294999417664       -5.7929437199069615E-002
 -0.15623618220856983       0.13560235434446088       -3.9912719958942064E-002
  -8.4890883727281125E-002  0.10114787814809642       -3.2864609362315708E-002
 -0.84559213035272529      -0.93910884446421794      -0.25799823711513903     
 -0.21412492322945803       -7.5086026875064077E-002  -7.4120867146507258E-002
   1.1776856163479441E-002  0.30518583379882619       0.54413824532071775     
 -0.13394645108025652       -1.4430444741849749E-002  -4.4219961612602332E-002
 -0.10648611837780862      -0.11590478927281746       -4.0150699529300449E-002
  -8.9803524353604641E-002  -5.3197311806551288E-002  -1.4677274200612727E-002
  0.18850206106458683      -0.53326215641816166       0.64483644374654137     
 -0.10407734194266602       -6.3529295015711237E-002 -0.10388755408469670     
 -0.65469270601838092       0.60248773700666458       0.38473169653186612     
   1.5268770302320112       -7.6223436214180484E-002  0.52233994224979419     
   1.3215338463345085       -1.1323407173286673       0.53525213993373655     
 -0.13329602977300470      -0.14949065713745530       -1.5185474675419171E-002
 -0.14184685042484871       -6.8403598823447737E-002   4.4093628052526063E-002
  0.93150465214079736       0.97323430015931167      -0.11454424963758482     
 -0.11095345663020767      -0.32151989387386237      -0.63415111542309965     
 -0.14952408108919543        9.4451656614287546E-002  -3.4399964902266426E-002
  0.79152981324285132      -0.59516691477304995      -0.65180964208219017     
 -0.86784899430522700       0.77070739936845878       0.68653550236888494     
 -0.18450393381224953       -9.1437154687111638E-003  -7.1618754679699012E-002
  -3.0237856006632029E-002  0.18312471319496007      -0.18779863497162841     
 -0.21000262776175199      -0.14350087178445059      -0.23354866195678470     
  0.11406378983940885       -1.2445647811760636       0.88402690579134646     
  -3.7727511813480684E-002   1.5729198219502662E-002 -0.15698804075810283     
  -6.1820760882737136E-002  -4.7794217115243356E-002  -4.2732214727816867E-002
  0.45062934763090262      -0.29369017765558553       -2.5296135162128763E-002
  -8.1143980701794099E-002  -6.9944366399192354E-002  -5.9161730062277554E-002
 -0.14470883528903214      -0.11969353030877773      -0.17291616431476486     
   1.8856030794717633      -0.45494255546885015      -0.40872887940420716     
  -1.2831958977111400       0.21969664718791462       0.29986788575677892     
 -0.11264194265168007        6.6538691856555088E-002   1.2340542406147334E-002
  0.14202890767959436       -2.3139479585279972      -0.27999552116073484     
 -0.27349401963069447      -0.31914602609019938      -0.42969841791630514     
  0.40210777819944721      -0.38883745351902332        1.2933086490273218     
  -8.6684359299717142E-002   1.7131516318270104E-002 -0.15506410009425642     
 -0.15792399949647021      -0.15092743135759409       0.14525835799001729     
  -3.4808475605844352E-002   1.8049508578830131        2.3239298035329887E-002
 -0.75820029803281863       0.84184441170378177      -0.31802442190676555     
 -0.89114398817763052      -0.23369405741840729       0.85685517868426642     
   1.1484026881346434      -0.57590437096492764       0.93273414578351643     
  0.27925421569728864      -0.81148389948325195       -5.9187068228532716E-002
  -6.3161156613094099E-002  -9.6644491491373954E-003  -1.6536377621720430E-002
 -0.27440781157901539        4.1759640572164129E-002  -9.5734512974883397E-003
  0.77161118054481459        1.5507101947226793       0.37011591114888537     
  0.37168442818479536        1.6947628860462884      -0.53414468508638646     
 -0.19819028555656376       0.91562006914010441       0.26590259997420651     
 -0.10026380480799593        8.8821777153441500E-003  -3.9058798507187152E-002
  -8.5249136730045583E-002  -1.8539017194568169E-002  -5.1060567892333063E-002
   1.4405338280244260       -1.7311540885457994        1.2651403550488409     
  -4.3113218109851414E-002 -0.22927076834162610      -0.15524030252700347     
 -0.81576549620293326       -1.0386866135670234      -0.89601753268850060     
  -6.1007943175001599E-002 -0.28110556346329835      -0.10528589802217564     
 -0.48641109484895928       -1.4411391936936548      -0.25355401968025382     
  -5.5878686277188408E-002  0.32394632874651663        9.8850680034500898E-002
 -0.90008849113052702        1.3269806714512309        1.4906103523878929     
 -0.13884680275319816       -6.8750982601732463E-003  -1.7372333387655786E-002
 -0.14182559678002071       0.28342268313599556       -8.7838948027480504E-002
 -0.97418528487752498       -1.4568230403618647       -9.1963414634439064E-002
 -0.53315114265327812        1.4336009176831879       0.80600721893547866     
  -4.1178200325220231E-002 -0.15170867548452305        1.6578436657105466E-002
 -0.52737003793461834       0.17338714985339032       -1.1484029627493073     
  0.52898364775479600        1.0315226695680924       0.23865173755103578     
 -0.93085357907324817      -0.36471184375531251      -0.79116641370091212     
 -0.13672356146387254        1.0331264271064540E-002  -7.1308861530517048E-002
  -4.4108514667828640       -3.9688534778810847       0.95153811044061620     
  -1.4694642966674489       -2.1413956477662035       0.10703562757384508     
  -9.1611013706432889E-002 -0.12532261242772375       -6.2382019733816955E-002
  0.94418223675786017      -0.46405499889791535      -0.47833603002594194     
 -0.39869879255017382        1.2052363821977401       0.51735954911540538     
   1.6007309212112835       0.11795514395450366       -1.1256569951300901     
   1.9084373679141783E-002 -0.29487130567331610       -5.7508151415437789E-002
   8.5124480314690623E-002 -0.31230088336682066      -0.21924152614776124     
 -0.30656925883263736      -0.85420166504952166       0.18694605959866947     
 -0.15602384433955460      -0.11524933593324277       -6.3234959014378103E-002
  0.15207380572974619       -1.9771591622844888       0.64435208842812741     
 -0.23146542013988813      -0.23043868580378687        9.9435762820899415E-002
  0.28780668377577523       -1.2991558956406466      -0.15450439245225459     
  -1.9581923470004963E-002  0.27532332228203354       -8.7262318877845177E-002
 -0.15429425730787483       -3.9935027237152289E-002  -8.2509783284175464E-002
 -0.23719380153379188       -9.5922984836987996E-002  -4.2398718102468036E-002
 -0.31983686093951724      -0.23232775132459804      -0.14365104157832573     
  -7.4685356394252236E-002  0.44756319092495056       0.12430349129347114     
 -0.56199797109769956       0.29247861085234322       -1.5316206760603739E-002
 -0.10561866400274759       -5.7735228057514257E-002  -7.5424430491767766E-002
 -0.14256779076468282       -1.0699571397363907E-002  -5.3385284849063935E-002
 -0.15020156788102826       0.46134902098690478       0.48883037793443407     
  0.50506996103548985      -0.54610464411581439       -1.7064124878019391     
  -8.2048254874314913E-002  0.11833550130121445       -4.1269774225067911E-002
  -1.4133394638643455E-002  0.59730054970520385      -0.15640360834107728     
  -6.7231615509941792E-002 -0.10812437381182406       -8.6225581227023923E-002
 -0.26702453394054104       0.31867205931840276       0.28908080866708530     
 -0.20495796718304596       -9.8768475573949480E-002 -0.12658661942031579     
   5.3907707273261449      -0.82268930300021481       -2.6346176205830774     
 -0.70274117435427585       -1.2925920130109514      -0.33003150648944851     
 -0.15341446421025046      -0.10807347670583524        3.3614641764684854E-003
  -6.8215483340259744E-002  0.83421190149759883       -4.5646955243143703E-002
   1.3798905816478606      -0.19767640376000237       0.86905807529560331     
  0.90842069802017689       0.34307512055928113       -1.2317467670833464     
  0.92050153062972129       0.57741079339062285      -0.99361472614368385     
 -0.11127143907937517      -0.14160319537869157       -1.6338966859422228E-002
   1.0171925900469991       0.97872474804043463       -1.0927756267423112     
 -0.12443485420566207      -0.99616238561346704       0.24420910278372848     
  -4.2958897179457584E-002 -0.19913118232383725      -0.17325746144907642     
  -7.2457752711064249E-002   6.2465887336241005E-002  -5.9005519423419701E-002
 -0.10006698144586351        4.3274811357545462E-002   1.0469125340505848E-002
 -0.15772323369282445      -0.20113587306748079       0.37294650292054954     
  -6.2623208158046464E-002 -0.21216340317272589        8.7613856586987969E-003
   1.4471256029496944        7.3180364803575884E-002   1.3860231151425983     
 -0.12907257965522004       -8.9369344178019408E-002  -6.3423155061555700E-002
  -6.1742272457350179E-002  0.13977474711843840       -7.6114608367095063E-002
  -4.1066291968741127E-002 -0.21796206775484342       -6.6563456939245383E-002
 -0.49451917400825196        5.7090089156395480        3.4283790295716541     
 -0.14133580521620787      -0.19099486670870072       -8.3637235399563678E-002
 -0.39465428467432390        7.9624663326512170E-003  -1.4904431383551366     
 -0.42929652702850263        1.2028248110402064       0.36812337371932108     
  -1.0859672510028677       0.58377965209948313       0.68759588631988633     
 -0.23085085555066032       -5.9685023087434244E-002 -0.17644523855548325     
 -0.10779360673649849       -2.9293460483568415E-002   2.3098257520204269E-002
 -0.10950819799528130      -0.19897507345941165       -2.2589692898111302E-002
  -2.5874947540600606       -1.8874234551659779       0.40045977182346632     
  -5.3441001540067541E-002 -0.16386894857578455       -9.5323840550168945E-002
   4.7679136806177084E-003   4.2942642183492266E-002  -6.3496338082147760E-002
   1.7518120040837657       0.38351610262417246      -0.86521801341049642     
   1.6581904855843153       0.30342733265374988       -1.0243852609560424     
 -0.34799009254924262      -0.17958157924185553      -0.10229377074636313     
 -0.19017976877801823        1.6024021452685985E-002  -8.4363439312058947E-002
   1.3095395002762640       -1.5997249119505932       0.24188637775550462     
  -7.4215068535578535E-002 -0.14098499523065261        1.6330005688964533E-002
  -1.6897488849550828      -0.19415829908302426      -0.55139596967384374     
 -0.13083998821061596        2.1311734963685013E-002  -3.5012628754594224E-002
 -0.12576106740756388      -0.79029300372701594       0.21457385935412598     
 -0.53914727380354277      -0.94806267793415655      -0.89743885063316575     
  -8.1338657298947084E-002  -5.3643112178011210E-002 -0.12418139907123180     
 -0.90826133870576031      -0.99940200818599578        1.7456853588566428     
  -3.6999413823567272E-002 -0.52456025655757410       0.15861106230724126     
  -1.9213566899466447E-002 -0.23366998853475485       -3.6150940019810916E-002
 -0.15086395296363267        2.7571750614560755E-002  -9.7763123291256346E-002
 -0.30683582366209655      -0.53486814628812029       0.31013091898823614     
  -1.0581122208233280      -0.18172514377600657        6.6640433565714460E-002
 -0.14728186417539776        2.4434940938107896E-002   6.0064428491269820E-002
 -0.76256345496658740      -0.37528851823799075        1.4595833290435620     
 -0.40524675510245250       0.19059889007007649       0.96482139982108894     
  0.33895856377877387       0.63752985093260384      -0.26145760994050798     
   4.9034711658262209        5.6817656537923629        7.7903539713899850     
  0.59865758579401973      -0.77032601807937984      -0.54790105364220221     
   3.6833319154452281E-002 -0.13834923806728930       0.12148730401453989     
  -1.5812669587660130E-002 -0.25811750206138295      -0.22398202448179713     
  0.72824380797072319       -1.0963959000298573      -0.30756272365236098     
 -0.17937024021743631      -0.41074444964693996      -0.49925959682297094     
  -7.3545315981044218E-002 -0.13023658748856876       0.14002698741734607     
  0.51197875196433063        1.7888510807231841       0.10290731181074669     
 -0.75794736227855386        7.1515936039026798E-002   1.0249141609242158     
  0.76336857004416014       -1.5553392921137268        1.0127351553769663     
 -0.91541007194580792        1.2355569889019520       0.15000159544227795     
  0.10771891404149070       -4.9180688786480055E-002  -3.0812589852374588E-003
  -6.9995427337505814E-002  -5.5112618027329557E-002  -3.6126975236246417E-002
 -0.14652284565915849        4.6844949905205865E-003  -7.5753808980888571E-002
  -9.5521241532375220E-002  -4.4404429113118378E-002   1.8220528832310956E-002
  -4.1741002145231985E-002  0.29943303478692829       0.17680340294913446     
 -0.20799344116168283        5.5083968033678203E-002  -3.3042752557486260E-002
   4.7078153869221290E-002   8.8238246541001847E-003 -0.14574237781879795     
  0.81012289174310192       0.24326662028581267       -1.0194426252588169     
 -0.62068947462246571      -0.13309769933277096       0.21281161600907830     
 -0.22989723404934612        1.2901210132994763       0.88079420038583178     
 -0.10694008419044650       -8.4163450286405775E-002   2.6154403377958955E-002
 -0.43868968166358874      -0.91993033073388386       0.11136446162980562     
  -1.5178379499060000        5.1267102534430745E-002   1.3106196923986830     
 -0.20837889140533472      -0.12257845035491610      -0.11919826966836305     
  0.36494403020123239      -0.55980438566265955       0.20307868196557258     
   6.9955482917606990E-002  -2.0629542336846385E-002   8.3337393463255124E-002
  -7.8013775126727053E-002  -5.9406315989342498E-002 -0.10856101751644680     
  -1.6402041373965889E-002  -5.2581228774261538E-002 -0.16546202655834275     
  0.35309074477034597       0.48794738092507522       0.88793844767038066     
  0.55528539516862274        2.1791108411012359      -0.52249007145773108     
 -0.14154074868520899      -0.32280499114741795      -0.19342827973475038     
  0.16836031546769992       -1.0888969478935706      -0.13089708417574342     
  -8.3206109932572742E-002  -6.3532371385395081E-002  -7.0880251608109145E-003
  -8.5543660320334822E-002   6.1397702582410632E-002  -1.7547639118617703E-002
 -0.14337277559716446      -0.87295393550637468        1.1257185000373044     
 -0.17096421814691498       0.13498215128149166       -5.9774209331228869E-003
   1.2900646855205240      -0.21059557767963955        1.1424140482995548     
 -0.11802741463069115        8.4652337587500480E-004  -5.1114488560550141E-002
 -0.17280891030815534      -0.13119628719419985       -1.9327644148461068E-002
  -6.5383651113805841E-002 -0.93854721008969111       0.50109617554239383     
 -0.20323880215604895      -0.12869120165478279      -0.11589607443111802     
  -3.0816223931503482E-003  -5.4515804254052717E-002  -5.1511779275076705E-002
   1.0617630150472367E-002 -0.18028634232078389        2.6589194888772438E-002
  0.28068039620568597        1.5909743643397125        1.1966186810679809     
  -5.4554566107364241E-002  -4.4000750539992646E-002   1.5825388701938607E-002
 -0.20376999791979397       0.90332548676992375       0.23529789350922034     
  0.63794661709084000      -0.65120031333095219      -0.13476709699113829     
   1.5924390726808646       0.51754517034598002      -0.73117481415077901     
  0.44097733147349238        1.5615999340476934      -0.69278261565123589     
 -0.26443912785785595        3.4440021509502512       -2.1653235190998323     
 -0.15307575384725991       -3.2268591984636157E-002 -0.10873581900705720     
   1.0619470659559778       0.97794204288255793       -1.0257831951933896     
  0.22694999788456688      -0.57680526295730017      -0.41227606470469585     
 -0.79632246127039374        1.1985432232073769       0.63215779509800041     
 -0.14084966588533274        9.9891555310422001E-002 -0.23427174911897766     
 -0.12257544046038328       0.24340232420539171        6.3403574526518305E-002
  0.11856298008475258      -0.12633478170111337        8.0448349271161970E-002
 -0.38339003124727622       0.72438966337164357       0.55009378420183530     
 -0.18884187478677419       -3.8191853950042765E-002   4.9760692956716021E-002
  -1.3473708444638415      -0.21321160240517734       0.93826777643175019     
  -5.6979527591115256E-002   4.5702364764382372E-002   2.5811349747578996E-002
  -7.9859804110048602E-002 -0.15958277844283636      -0.10251510816328248     
  -7.1585684769208069E-002 -0.46750136813291954       -1.6729261186392228     
 -0.91600284253941300       0.20726415193929876       0.66683647945882496     
 -0.17963482029869268       -1.6579881879947474E-002   3.0474099540976324E-002
 -0.15139702453570419       -7.4818566582673926E-002  -9.7245265805753593E-004
  0.16581158259911283       0.10005971360660734       -1.9864369736986600E-002
 -0.45468737677341414       0.52310857347166873        1.0401699168124636     
 -0.23578215555254126      -0.11163511457992947        3.1413156691264620E-002
 -0.15513337857641757      -0.16244552576908186       -3.8924334783870876E-002
 -0.11137589861793640       -1.9084168960488191E-002  -2.6655424737601900E-002
 -0.31657563311762665       -4.9138044467121944E-002 -0.14526189235984527     
   1.2737345560341204      -0.19335680299637445       0.60846780218295093     
  -6.4098383491022717E-002  -4.1475992348758393E-002  -2.4962968875278629E-002
  -1.7710432845768440E-002  -8.8277255405428287E-002  -6.8589711009136536E-002
   2.4759221733111122E-002 -0.11014768800639085      -0.19256325245068706     
 -0.20835811520080419        1.1024803673422231E-002   3.8521649070637813E-002
  0.56128883316531586        1.1896602594996102      -0.31212901764759993     
   1.0519177400929429       0.43178824713827652      -0.29095372516636298     
 -0.12808274102934972       -1.3615457547926523E-002  -5.9366514415285640E-003
 -0.13115944968685120       0.33581295933719285      -0.16788794990236561     
  0.81656829290304001       -1.0676303903243098       0.35540507603581484     
   6.5509356581775868E-002  -1.4059806986653031E-002   3.9338202158626136E-002
 -0.32759089411036080       0.91628839919433269        8.2425532993153500E-002
 -0.29579833340103540        1.1203594548242621      -0.47462606180179279     
  0.30979764903131846        1.1444397723166810      -0.52935368545954464     
 -0.10776665390893538        9.8567982710114355E-003 -0.11819102463755404     
  0.93047500257943094      -0.39148017128212459        1.6457340343964815     
 -0.19350294197994852       -6.8252821322558901E-002 -0.13152658477646745     
  -6.6183442904745773E-002  -2.8493482071759984E-002  -9.1497466448837717E-003
 -0.10959141749822339       -6.9590375076724192E-002  -9.5991852081167214E-002
   2.8935437016207457        3.0596325443278199E-002   1.0491117229885625     
 -0.35660939887198689        5.9926741828584207E-002 -0.10887875253945907     
  -9.3139098236688658E-002  0.13747354769554315       -1.3934645726704846E-002
 -0.16057452495789268       -5.6694476945864762E-002  -5.8207174321541544E-002
  -1.9069421595273091E-002 -0.14156739639328569       -9.7418527403450264E-002
  0.33160054846328352       -1.3681243309666231      -0.13922541793310433     
  -3.2827265838625538E-002   9.8584337655618692E-002  -7.1127192769195477E-002
 -0.11770526253361799       -7.9574148023372190E-002  -2.0653858314196874E-002
  -5.8053997927941976E-002   5.5141158527795914E-002 -0.22527123792135439     
 -0.15962126868780313      -0.44310019378547727      -0.14749841168311772     
 -0.14578382045416380       -4.6358903887451140E-002 -0.10962237082623418     
  -5.7345520634225287E-002 -0.18449462169934905      -0.11722658189469143     
 -0.19330919631863516        5.3692931698076533E-002   4.7259034148863226E-002
 -0.22654315996600449       -9.4067234304779465E-002   3.7271248879358114E-002
   1.5315084131190504      -0.82603055029361661       -1.9266125271550747     
  -7.2449403996104542E-002  -5.8099403882770496E-002  -5.1236701479538918E-002
   9.3221571215438614E-002  0.34101191502380240       -8.1279319835397823E-002
 -0.18366895515546974       0.46118763255463874      -0.52539547361014916     
  -5.7165219059502531E-002 -0.14192165593934924      -0.17134104740160616     
  0.65136764166727024        1.4867558393119362       0.28295351319279166     
 -0.11718428012886334      -0.11054334271171200      -0.10624306636869740     
 -0.48090115681347451        1.3157217759297724       0.59983459284446694     
  -6.0361067685349205E-002  -2.6129725235298547E-003 -0.18077619763402722     
 -0.19247292410204631      -0.61340568550360097       -7.1302426563374627E-002
 -0.16592872045633197        3.9813564264243761E-002  -6.6167285203054968E-002
  -9.1360069192257684E-002  -4.1344101944418031E-002  -4.4530709594102137E-002
  0.41040988229606334       -2.7261379278261104E-002  0.50848270267894002     
  -9.4342087414279047E-002 -0.79236710359294238      -0.25357719888609281     
  -1.1319420536115938       0.14901538749939097       0.65195704964512613     
   4.2123514799457328E-002  -6.7103362534503400E-002 -0.15666929998667686     
   2.8653249612466971E-003   4.7544386052578970E-002 -0.20987354728585661     
 -0.98140265655419467       0.60892749991689465       -1.0046233529783966     
  0.69676854082080741        1.3356722422035312      -0.20535697750736542     
  0.26106605661633153       -1.9261748539044769E-002  0.31086180450734513     
  0.83912042585795099      -0.68461194376174950      -0.53391181069809157     
 -0.12903125257625378        6.9030596824443277E-002  0.13034922874310911     
   1.1995118281682258        7.5631177103654523E-002  0.84307001874624277     
 -0.15630840933269383        9.0931240078416901E-003 -0.11739643842147178     
  0.14142997215358474       -4.8852560582894611E-002   1.0438409728231146     
 -0.12819203817489583       -1.8587553636742235E-002  -6.6821431253902372E-002
 -0.12697343451720017       -1.8562943553617537        1.6525422441375461     
  0.21562513998022484       0.32603731347676712       -8.6361758624548101E-003
 -0.91788875421551286      -0.18375131606716905        1.0497419900660676     
  -1.0465220886373354       -9.5209062461483071E-002 -0.90727542645909909     
 -0.24926506608208687        1.0958393204864023       0.82634977849508051     
  0.30090120466055970        1.5893305335217507        9.9492706192439828E-002
  -7.7512183639983273E-002 -0.13746304685291358        9.1409533196096765E-002
 -0.14037930513410377        2.7852547778079426E-002  -7.4448777363364083E-002
   5.1326718996408331E-002  0.68567486507309172        5.6274923370760829E-002
  0.13643070902594495        5.6727213852760527E-002   9.2050144146989549E-003
 -0.34239668728129158       -2.2637944436348992E-002  -1.5822838313755132E-002
 -0.16371555341705085      -0.11029721809106791       -8.4995643487843553E-002
  0.39742549926286114        1.7753687981533866      -0.61452212440749199     
  -3.7123667744683800E-002   5.9063712585640922E-002   5.3799122258583770E-002
 -0.57452452109669661       -1.3222850834925290       0.43710446127017466     
  -1.0379880022713077       -7.2286713240871131E-002  0.17735766082630919     
  -1.3132946386532947       0.52602891922406037      -0.37719558714007850     
 -0.23754717574578055      -0.25064488953847275      -0.12756736001479926     
  -9.8385191734944519E-002  -4.7463303193803798E-002  -3.9373340291509427E-002
 -0.65878125773686314        1.1237104640461166        1.0447196572863178     
  0.19561938217861169       -1.0557253040486150      -0.11567563300521945     
  -4.3997715278611189E-002  0.16941554921198579       0.10374387111505767     
  -1.5077186235238781E-002 -0.19434678722533719      -0.12505913477788372     
  -1.2498477946270083      -0.26533378094187265        1.0622780601531725     
 -0.10132152678220567       -9.2966865339273813E-002 -0.16699216050192722     
 -0.12300596096748570       -5.5206205541126563E-003  -9.4801615863953831E-002
  0.23373850825297904       0.99231477067979412      -0.66469408124145613     
 -0.33113260302252023      -0.14021372935284182       0.11350837151802140     
 -0.35050661938193645      -0.28278865995415825      -0.94356864669503426     
 -0.47318169381198738       0.15123562021322384        1.9026607029024127     
  -2.2150332177546816E-002   3.1686585182893023E-002   1.9794725991204045E-002
 -0.66635142721264906      -0.53046157329836785        5.6263435617021768E-002
 -0.13249558151991050        6.5467610907866715E-003  -1.9553295835293440E-002
  -6.8926389266132371E-002  -7.6076822581596260E-002 -0.14156088886296925     
 -0.18093027344542720      -0.17451573989097449       -9.9653941615183955E-002
  0.60134576101545745       0.30523118541851513       0.14846358008197361     
 -0.29524357355020719        1.3154294375022371E-002 -0.12048337637132529     
  0.32347779157192191        1.3739424272473792      -0.67281110922672660     
  0.28539627223484221       0.48738065223956240       -3.0418435112926127E-002
 -0.25305299028386763       -7.8992427621616429E-002  -1.5132069728213935E-002
   4.5833216325561608E-002 -0.14523863044519755       -9.2289630885790619E-002
 -0.14695514141993418        3.3818130342045137E-002 -0.11093591757739395     
  -4.3960303781225049E-002   6.8856365597042141E-002  -5.8579629410217667E-002
  -4.7791049918761722E-002 -0.55785899289425045      -0.21807455148832799     
  -7.3902134656356533E-002  -2.8143141180641512E-002 -0.11391512187481503     
  0.74084031556838570        1.4787848657912559       0.46436672726277867     
  -7.1654754128517489E-002  -6.6225491327101232E-002  -4.9310845981946148E-002
 -0.12226431362062208       0.39902813582171209       -9.9612682649423516E-003
  -9.1991878126321522E-002   5.1853859383796264E-003  -4.8761264264969073E-002
  -1.3883628909359162      -0.24123982627658833        2.1965945864448653     
   1.9549392667590340        2.5268885100280016      -0.40909786561186473     
 -0.15085727328119033      -0.33303359035631352      -0.18133891117135667     
  -6.6772906910419594E-002  -9.7165351481279888E-002 -0.47872955930189637     
  0.66477590911999729       0.25548318412394855      -0.47188218760174333     
  -2.1028204790643681        4.4588240714052931        1.8775494848890912     
 -0.25451962414305357      -0.25288835081519795      -0.11811749765367431     
  -5.2228105136769946E-002  -4.9686450401930392E-002  -6.9278513339286710E-002
 -0.11606079401862410       0.12802786346755968       -7.1135984657665075E-002
  -1.1092848330124498       0.21728081145060893       0.88662179519551010     
  -9.8581603372289911E-002 -0.10534818937535886       -5.8627252637360712E-003
  -5.0530178192139771E-002  -5.7602503147063014E-002   6.2800981044454779E-003
  -1.4765308710628545E-002  -9.9858441045004395E-002  -3.7504695868107528E-002
 -0.10458685722362532        1.8228631231376743E-002 -0.14917264908937033     
  0.10368268350178290        4.5201457903509157E-002 -0.59449411339806002     
   2.0653157205439525E-002  -4.5647900851845141E-002 -0.14214688809073986     
  0.32418810199943254       0.13303225094200560       0.82333335901584526     
 -0.18720778613610650      -0.15818452936031729      -0.10835162242593818     
  0.45641710949935066        2.3062542701323139        7.6030371236915473     
 -0.16327872988939998       -6.2294604805005517E-003  -4.9692888798480724E-002
  0.10767788219695819      -0.14278139325607506       -2.3615459624033816E-002
  0.14991154951671723      -0.27924483630149888       0.11786259983032132     
  0.36871700789917117      -0.55505154355576725       0.19965780720312959     
  -6.1822952064015294E-002   5.2222494168656354E-002 -0.16325942467866350     
   2.2173465899191447        1.4935193130826632       -1.8453559095833285     
 -0.97345273745895189       0.16050437797550862       0.71146886231213868     
  0.39389759827892140        1.0315367723915774      -0.56156716818419461     
 -0.27747867237938267       -1.4478156035918328       0.25498189691025408     
 -0.10787963832207570      -0.12849609783551685        8.2014836471378440E-003
  -6.0977574015245929E-002 -0.24146198299700777       -7.4181335949193069E-003
   1.0202999874915969E-002  -2.8186664137256097        1.5904546084527544     
 -0.21284851109850522        1.5161575387127238E-002 -0.22028229595254942     
 -0.43724083857069485      -0.25988224225543477      -0.51107897019431958     
 -0.21459026401371553        8.4711646225569315E-002   7.3199527232833649E-003
  -1.8540742509420503        2.8084787169790553       -2.8847462001972444     
 -0.12878641931525486      -0.12329789391728338       -9.5434547807500436E-002
 -0.15281770731698530      -0.37476259180772259        8.1951179271155139E-002
  0.75480906957518357       0.66928813014187849      -0.58552718618655397     
   7.1712618279396054E-002   2.0988037759511163E-002  -4.1759320255566112E-002
 -0.10521772889387307        6.1966342592891618E-002  -4.0935148496150861E-002
  0.12788884553650004       0.56939750429094760      -0.10728770475731361     
 -0.63511531258637544      -0.36738121543676994      -0.88750232467002510     
  0.79704781721653273      -0.29847677733639866       0.26721556322549750     
  0.17447164164745105      -0.79902219080687642      -0.59129605692277110     
  -8.8437993337856513E-002  -1.4477645738168218E-002  -3.1358937766344727E-002
   7.1117082830031379E-003   3.0019070335020080E-002  -1.2818404880423307E-002
 -0.12584422073082074        1.5964155069436801E-003  -1.2742040895462544E-002
  -7.0894449331899007E-002  -1.0792876478845078E-002  -5.0161028905483879E-002
  -6.2018415250255116E-002 -0.23797555684516952      -0.16619425851408456     
  0.33427991334801183       0.90832827879954714      -0.59989525416242773     
 -0.25849160736510424       -1.7015014284170498      -0.13227304678492890     
   2.9610304864204209E-002   6.6774026097454739E-002  -4.5661085330501745E-003
   1.5089488694212743      -0.28906101122940803      -0.56245252408322910     
   1.3573880541856138      -0.42647056407504602      -0.69968383019661018     
 -0.13019669022557007       -6.4167911479157888E-002   5.0830370235837891E-002
   2.4976068366702164       -1.8446987199481903       0.26123269338384320     
  -8.2695355656956585E-003  0.50254517014293087      -0.32619733408174545     
  0.39564952598064906       -5.4477075825443650       -8.0178939465884795     
  -2.9337096456340112E-002  -2.3460919661176621E-002  -6.9712604057509064E-002
 -0.15023860930205526       -1.8019025834548424E-002   5.1176992997491177E-003
 -0.83623658212269714       0.92149447488193570       0.43204342307713728     
   1.8410099179716084       -3.9669972671772582       -1.7034612541881116     
  -2.5400259363377344      -0.53652133082262476       -1.7167906004261175     
 -0.31452242606894004        1.9197090762283342        1.8319834128170118     
  -1.6526678112390177E-002 -0.21762412445300269       -7.1636449516189291E-002
   6.1246678180173847E-002 -0.14428031375246031       -9.1744533194128244E-002
   1.1169138311973561      -0.36471693229494806      -0.52530594183642065     
 -0.79174847594321696       0.56754842209614509       -2.9126722631064492     
  0.91469101200735736      -0.32083794130409449       0.53050096308816530     
   3.4843116392970844E-003   5.4465790383508170E-002  -6.5894706110622286E-002
  -7.9951861872073926E-002  -4.5766780641050088E-002   4.3429306014997497E-002
 -0.97760540651132855       0.41393443521985879      -0.27490053255583857     
 -0.11332752869489608       -6.9118641503150766E-002   1.1240508263849329E-002
  -7.0089181071227510E-002  0.50230414422026592      -0.22624595062327915     
 -0.25991546202519306       0.11146568178076599       0.37314846383205974     
 -0.12504362660967250        4.0732558677954479E-002 -0.13775331964650520     
  -7.3048063369394248E-002   2.5115979849570428E-002  -6.9681912840886456E-002
  0.42231021140746616        1.1099878092826356       -1.0546643048835882     
   1.0379054678639812        4.8689146267985699E-003 -0.15330504493191066     
  -2.3235834261635682E-002 -0.75196171031144177       -1.6819819475388829     
   7.3865828031487946E-002   1.4697469632040959E-002  -2.1051141716651008E-002
 -0.97344747268907605      -0.13972556071914319       0.40617570467074704     
  0.85728580770000029       0.75639171974613328       0.42993422333409104     
  0.76549418580081752       0.64894765214538885      -0.12973480145436714     
  -5.0413552222191217E-002  0.12524943930497576      -0.16206005512660149     
  -8.7610486338015575E-002   5.9886819237423679E-002 -0.17547888338742268     
  -7.7624642603440167E-002   4.2098782596982198E-003  -5.1298882171687703E-002
  0.50460464888836110       0.81120338468074893        1.0586115322764575     
 -0.92744466267086612      -0.65744994011824354        1.6083756153218602     
 -0.12890497356793032       0.24763347298061963      -0.34838294381094803     
  -1.0820985169855486       0.91009509194050764      -0.59998045450620130     
  0.15460918937391238       0.39488663310222771        6.9328324724289861E-002
  -1.8502113273143017      -0.40963275026462287      -0.66533692457535332     
  -3.7024648905987133E-002 -0.10609039284224193      -0.12164820318768409     
   1.5571256860597682      -0.94390995771401331      -0.62172924911042393     
  -7.7003595692034304E-003  -1.0429913131947608E-002   6.9421148535505517E-002
  -7.9810685155743882E-002  -9.8619933102100391E-002  -4.4194892447028317E-002
   1.3401004158187522      -0.51596448261109451      -0.64270610132077211     
   9.3073279982461593E-002   1.0745473405132266       0.10479634228399701     
  -9.0434020848886201E-002  -5.2025877399927763E-002 -0.12636035718346561     
  0.41554263388767249       -1.2936001788114364       0.75113786388744741     
   1.1274822188980635      -0.69831277709494755      -0.77265744860280960     
 -0.16233639990277560        7.2917390850861283E-002   2.8066233835738530E-002
 -0.12017844939151762        6.3957405589391669E-002  -2.5784889646135810E-002
  -7.2967594499287400E-002  -5.4178412225451547E-003   8.1435836263080666E-002
 -0.86456554287032050       0.94451017353067224       -1.9627636767648131     
  -8.6415909983980424E-002  -4.8508965378242806E-002  -3.3274828846912664E-002
  -2.1643507440903469E-002   1.1426302422989721E-002  -3.4611554898366786E-002
 -0.11705394650714100        2.8364514518434646E-002 -0.21302897035421969     
 -0.11027448865292268      -0.38623524389544062        7.7915169359050560E-002
  -3.8076501567701744       0.55536939222496229        10.942502449098168     
 -0.91088403019544051        1.1231730377837157      -0.41280979783904709     
 -0.19248258812190519        6.4757955629998363E-003  -6.1656846006880026E-002
   4.2374247255110332E-002  -9.1692960949981590E-003 -0.16837890337847322     
  -4.4519501749591128E-002 -0.24951275622515381        5.1855312294539137E-002
 -0.17285106728059677        4.4078847634424725E-002  -1.6203886887660151E-002
 -0.10168047169268965       -5.1811066334549266E-002  -3.7942427338753922E-002
  -4.2692710537422837E-002  -4.1431240200332467E-002 -0.12240141373062628     
 -0.51913638775980953       -5.4534245967030597E-002  0.82846709240396066     
  -6.9350117298279210E-002  0.25010907126089449       0.13887831247329321     
  -2.5431047895295156        2.2444281715826615       -3.2698051255513922     
  0.54117328112155194      -0.51103837358563153      -0.81491027223650769     
 -0.20079046610506837      -0.12142448282150570      -0.10992924856390972     
  0.25553213563946547       0.40212877904924949      -0.21558944516818193     
 -0.13307276432027773      -0.13782122515176168        6.1916184122664232E-002
  -2.6867796723591381E-002   1.9592907350774399E-002   2.7320216544477957E-002
   3.7353261713266625E-002  0.14616155040157969      -0.60983515793720422     
 -0.20210709691351064       0.19907105835617703        2.1321616724233397E-002
 -0.18778099574144433        2.5509248973153015E-002 -0.14686744403670585     
  0.11308372104000025       0.11761738357578576      -0.47468341143511611     
   2.3818273992543808E-002  0.71465430591846280      -0.25616578454519845     
  -9.0418253178014552E-002  -4.1071496118695185E-002 -0.10217915968439721     
 -0.15779950259115896        8.2890935869532140E-002 -0.15331262023610651     
 -0.10627019241816604       -7.0748455636821944E-003  -2.6917768840721217E-002
   1.0283075371545141E-002 -0.13635479536783751       -3.8527565686081670E-002
  -6.8270268559201180E-002 -0.94289159537095923       0.54886154334006443     
 -0.13360381580358105        6.6868916801798017E-002  -3.4420497003821958E-002
  0.11739297559609146       -3.1284686463857521E-002 -0.38689337015263264     
  0.43533494308949428      -0.99417944771178601      -0.78561129774657978     
 -0.13560845673274480        4.8630430360560098E-003  -7.2658640717813985E-002
  0.79801797477398306       -2.0176545423081289      -0.16759508090824113     
 -0.97079252305044395      -0.72996150531333659       0.14541523151195868     
  -5.1815273702671111E-002 -0.10609737169068605       -9.6100700444283982E-002
  -5.3413294492582079E-002 -0.16117660797975095       -1.0939471332056167E-002
 -0.15560657005804746       -3.6347036601618241E-003  -2.1707544377045106E-002
  0.15280522301931565       0.40587050231297395       -7.0988203904752772E-002
  -1.3792955630937849       0.79531769351187354       0.72606941318276141     
   1.2622201591865643       0.31132828519752626       -1.0536007297877810     
  0.16536096884690307        1.5644647845878943        1.0046725617738517     
 -0.13174635766778378       0.11254806723155929       -8.7175306259111879E-002
 -0.17226829840053501        5.9651562069138929E-002   1.4825672365750817E-002
 -0.10714739442418098        8.3168324216997533E-002  -8.8757202578934893E-002
   5.8605055837436575E-002  0.34036764277842391       0.42522452760501678     
  -8.5077335817744654E-002 -0.20745576789056239      -0.14296422497956754     
  0.20182232910804113       0.67969456508648274      -0.80945085153845420     
  -1.6005028758899984      -0.53882796777525499      -0.35701839070313007     
 -0.73883045488239241        8.3236640206907853E-002  0.60106121432655946     
  -8.2138988692839421E-002 -0.11174978013225900        4.3935518514895966E-002
 -0.10004804277306532      -0.20037898869025458        5.9743960980362824E-002
 -0.19065521585753845       0.78717186068308964       -8.2340351888785732E-002
 -0.10363375797662443       -6.8960077544323206E-002   1.5543569909843699E-002
   1.3144460795597814       -5.6234779035651421        1.7949881604123437     
 -0.70088767741858959      -0.75155294754519819       0.76971230898921916     
  0.78552831816057511       -1.5974117277977549      -0.87693193606871978     
  0.42615817378111359       0.13644566975744515       -7.8750897711925102E-002
  -1.5296234072365417E-003   9.7801213935574838E-002   7.8257496247009805E-004
 -0.21026068248303631        4.8023252499198851E-002  -4.3639216142595583E-002
   1.4748491082277460E-002  0.14461288109509177      -0.14393022624103879     
 -0.18248529673441927        3.5693309688746309E-002   5.4251872954312524E-002
   1.3308351505518354      -0.50228011603084133        1.2689769948255125     
 -0.17128718738769486        5.1180255986684894E-002   5.7134504354888248E-003
  0.71154384784755909       0.71126712660618141       -1.1419296873009750     
 -0.29534353853355388      -0.50867658042173280        2.8907627040050489E-002
  0.19595805851108752       -9.9689450071725211E-003 -0.22530186587481565     
 -0.21639337058191530      -0.37978031502356913       0.75712217027634476     
  0.96152015283604231      -0.31794907276008300      -0.12509477650518935     
  -1.2342637365917968       0.48694908156413175      -0.88248131182164324     
  -1.5170761854840620        2.8132614230930777       -1.3228127758533255     
   1.6082603328507319E-002 -0.10138818162728221        4.7200076808729619E-002
   1.2056569281406631        1.6553823425451737        1.7279153797760936     
  -9.2713914154714777E-002  -9.9515679123729009E-002  -2.0776092081756445E-002
   5.2850571680376560E-002  -1.1565631314775806E-002  -2.2201324947283704E-002
 -0.13433338290375013        8.9108496078248809E-003  -4.8267914804929923E-002
  0.15070363408921089      -0.35712352739141168      -0.15412983326673202     
   6.0397928761343811E-002   4.1935755314899244E-002  0.60599027110396009     
 -0.19106925522420570       -8.4647409885138317E-002 -0.10301139504123896     
  -5.1625711903600602E-002 -0.33240599677719990       0.11466731538430933     
  -6.5058949190214835E-002  -7.8959081161286471E-002 -0.16330761753913869     
 -0.10268915257493541       0.69629580017247117       0.12877885297210306     
 -0.12204771307464006        5.4043454686323864E-002  -5.3249030166385554E-002
  -5.9221222995187374E-002 -0.13977692548419679      -0.14725569665066401     
 -0.75623949322503525       0.34254052674141533      -0.85731876680918828     
   9.3045033959738468E-002   8.0126034929972778E-002  0.12273499417783530     
  0.52029349742185538      -0.76688705854655170       0.44568971903445914     
  0.17577438953186325       0.69012449688982691        1.4922475517703386     
 -0.11770173139125296       -8.6501462359037801E-003  -4.2332263331373451E-002
 -0.89608104614996242      -0.19851426047322268        1.0134220529158164     
 -0.17107191256998269      -0.11899279393972956      -0.14492317886985065     
  0.67292195829231027      -0.64890276557212734       0.98698357776603085     
   1.1154922504492562       -1.7423332506841911       0.38908023525081659     
 -0.17367724485941649       -12.478324463101199      -0.38304093740515344     
 -0.19062252295069687       -1.2081833174827101E-003  -6.6070479038516178E-002
  -3.4748485404453994E-002  -6.3517001538727316E-002 -0.10533128518438326     
 -0.16818014183968477       -2.8089897890975747E-002  -6.2987356969997035E-002
  -1.9411964023479691E-002 -0.10724598531003234       -4.6760096021513750E-002
   1.4651019361306493E-002  -5.0853572156772900E-002  -6.0867132285656572E-002
  -7.7024328071788023E-002 -0.14049251602852522      -0.10318702147122373     
 -0.26323064094245757       0.17832460911864270      -0.26123250601135933     
   1.0570615480120578       -1.7120266458163109      -0.20391979792394965     
 -0.45239129345532625       0.32964130567070399      -0.16079806996142987     
  0.52545946951910472       0.79335018539431557      -0.60762923480328002     
  0.57600793009716811       0.47334118300052669      -0.34098535484969883     
   1.0771994667121993      -0.33057814075302072        1.4140392429368611     
  0.15113554058411083       0.26139922972648083       -5.5311253592837575E-002
 -0.71456204723430428       0.72468751132189602       0.53618714424216063     
  0.54908011024169245       -1.1413619812385079      -0.39609184151285276     
  -2.9657514690933105E-002 -0.17771244225368399       -6.4834014932368305E-003
   5.2851155165459365E-002 -0.12956745028471048       -9.5867204847385826E-002
  -8.5260566071053548E-002 -0.18777164216070960       -5.8635920312261482E-002
  -1.1815713510282999       0.89021846200691768       0.54374604634460189     
  0.82219441103554014       0.59045616911282950      -0.58562478268921858     
   1.1317313232010247      -0.24413824686967867       0.68348237321788408     
 -0.22850694565210461        6.7310659680585513E-002 -0.10784301780857379     
   4.5508603071880337E-002  -2.6887111305890637E-002  -2.7385245709666259E-002
   7.9362999401824466E-002   2.6911176584402868E-002  -7.9786483321157342E-002
  0.10405032379495467        1.1100814561311176      -0.34907649141890179     
  -8.8086016436142486E-002   3.8742750396214297E-002 -0.10394423188895612     
  -8.6747332843941288E-002  0.88406568753819148        1.3148144776060218     
   4.5390451940709904E-002  0.12594140508402052      -0.12695891144465082     
 -0.11724966539572115       0.12743578906295258       -7.5360329813018503E-002
 -0.11131376514986742       -9.3005110613317316E-002   1.0268479549124231E-002
 -0.74117722966376642      -0.73952514617771814       0.34828094756966144     
 -0.12896161230908568       -4.1324911535782750E-002  0.19866570405988593     
 -0.65949738983225714      -0.21854350536501635      -0.46414398447489480     
   1.2505186858684556      -0.63941413813064762      -0.33664408171602944     
  -7.5552507331228286E-002  -5.0132346719915427E-002   7.3546965761645169E-002
 -0.15067928674114475      -0.17490426022347727       -2.8695007415926503E-002
  -9.7346793516949991E-003  -5.3739731460061585E-002  -1.3646185436279022E-002
 -0.11505564328382867        6.9081595240052238E-002  -1.8100240986513561E-003
  -5.3325709325844427E-002  -3.8380585235862720E-002 -0.11584955425717654     
  -3.2415715161133300E-003   1.0392521822782026      -0.55224378702530652     
  -3.0349015872740800E-002  -1.9325820355703717E-002  -3.5970422010601832E-003
  0.56440382173089076       0.97881429046094859       0.44671364695310523     
  -1.2533966672411911      -0.16882241912989165       0.18826850815829030     
   1.4996564835176140       -6.0143946801943932E-002  0.92670055424662023     
 -0.15029937626738898        1.3879071040247444E-002  -3.0878241700582523E-002
 -0.21677901089489829        1.6112427401378151        1.2952541827637292     
  -9.2450287519638574E-002  -2.9968147717044730E-002 -0.11490741198142307     
  0.39693111226362260      -0.68037233770548033        2.5425790218488742     
   3.4271215602742273E-002 -0.11642429053893806      -0.15093540725229496     
  0.48376372356181158        1.1417760595334348       0.31746771839486948     
   1.1385947929723179        6.6533454306780995E-002   1.1739305769113175     
  0.92373136369388820       0.59656313828794649      -0.16419620475663865     
 -0.14490927747198465        1.9812776355110310E-002   2.9163937251793812E-002
  0.65645657302549465      -0.67407207125344870      -0.17168065123266596     
 -0.84783649004186123       -9.5992106807395589E-002  0.92027232416736737     
 -0.92628672261657508       0.27142904162668136        1.5132081490241966     
  0.77734403609498925       0.87550432234675457      -0.77719779698060787     
  0.87689284296599812       0.38848391830386664      -0.92795569360415897     
 -0.45501312142933964       0.35555363939527618      -0.12399966570974519     
   1.1642571002097164      -0.91544869711414345       0.91076084905779875     
  -1.7167950061669695      -0.97868213222214240       -2.0463466206557492     
  -6.7389691101382140E-002  -2.8207977949983008E-002   6.3559880333273130E-003
   1.3294285432938047       -6.0367541021694990E-002   5.2635987431860807     
  -7.3136925768591654E-002 -0.13576650455846256       -2.4524582825903692E-002
 -0.14214281431364750      -0.34029642902836904       -8.4198450451988469E-003
  0.36131145888526744       -1.0638916546218871       -1.1888291517683152     
   3.4834684795859765E-002  -5.0610377291745369E-002  -9.2430080867830278E-002
 -0.28775430044130407      -0.83894832083604831       0.18975478794590289     
 -0.13574290882340906       0.19300930703843405      -0.12310600118461502     
   9.2545229612199173E-002   1.5452564981800643      -0.78215320639020602     
 -0.16418811943135336        6.7963718351755409E-002  0.13338542159721167     
 -0.21829144918369978      -0.12919968622988132      -0.13427954998338773     
 -0.16908593242502343        3.8468502322166879E-003  -8.6600093925709706E-002
 -0.17025637214634354       -8.8502244643953384E-002   5.7230815041203770E-003
 -0.12428648892263959      -0.19215361589952337        6.1680119936617976E-002
 -0.25078984777454882       0.36975188872618397      -0.46990938356690443     
   3.4263537143683163E-003  -1.1005110479336691      -0.59896487826466949     
  -1.0781743445620322       0.60390836928345393       0.63380527923931829     
 -0.57683023363553831        1.6284805593917726      -0.49221198979156433     
  -4.8945831623554731E-002   2.6892048095392487E-004  -9.5485498270184762E-003
 -0.20679071201038166        1.3478349211728864E-002 -0.10035091125224574     
 -0.55845748075362611      -0.91778128627602629       0.74197697063960832     
 -0.31457740992722039      -0.18627478067262782       -5.2615910961079024E-002
 -0.19164883203046851       -9.6265901298553738E-003   3.3277905771013104E-002
 -0.31377089399712954       0.57587335583728161        1.0533980166822334     
 -0.18213076933784525       0.39426474299447645       0.25941944829355856     
 -0.11772343776358146      -0.17359333427225399        6.1138734804159611E-004
  0.84645820941722005       0.31306601777652138      -0.35678660201216872     
  -5.6601894995516572E-002  0.20660368403927373       -3.1470742412190195E-002
 -0.81336582907131516        8.1976391895867071E-002   1.1244950641332208     
 -0.17376595586573265       0.68180663434402966      -0.31308072142892818     
  0.15313700914866707      -0.89719341164598232      -0.15058356927150934     
 -0.10912012049436533      -0.26745911478532247        5.7156246087039952E-002
   1.1175360421014733        9.8114127679546623       -4.2226023780162842     
  0.62885470012726341      -0.32478802030116072      -0.33651907665712633     
 -0.29149540354621978       -2.6910357834155567E-002  0.16984400402381275     
 -0.12537033563151406       -3.0098666420270766E-002  -3.3147084967012505E-002
  -1.0446345025041246       0.36133311757640463      -0.60087638099866003     
  0.33999889221415575       0.88456069417798022      -0.71393361919775766     
   2.0537254207624391E-002  -1.6928214260213486       0.10996995390960189     
  -1.1770102036757197       0.17352845662857977       0.18471858240916242     
 -0.16347893011865300       0.11340241403296226      -0.64899341984837067     
  0.18278551974091606       -1.1892723890520518       0.38420057234903876     
  0.33308441186295906       -1.7233142299598472       -7.4349580971240628E-002
  0.80743079353446456       0.81136498615757457       -1.3906029235738748     
  -8.6090340833392398E-002  -4.0852050384879962E-002  -6.0821692506521613E-002
 -0.12970166052495707      -0.10250355154957272      -0.10709042644718714     
 -0.15257798715284460      -0.10815468684115943      -0.17032105943430778     
 -0.14044215607831903       -9.6975497406634747E-002   3.2848736360479296E-002
  -1.6505004589534937      -0.68985620656376923      -0.82700138579155014     
  0.96980523500768834        2.7385682472288915       -1.3696099679510523     
  -1.8642595562315945E-002  -7.4690357048052478E-002  -4.7477057171765882E-002
  -1.0434443479541759E-002   8.6789835494238576E-002 -0.19705513518402504     
 -0.68772789954782088       0.11123623715978484       0.76157333655415616     
  0.26277612480478318      -0.34519205127878677       0.21131382930629569     
  0.49086026513573261      -0.16604221664868454      -0.43374036177210373     
   1.4458921671796796      -0.11118343860046385        1.9230929111122510     
  -2.7010001638706461E-002 -0.28396435998436120      -0.28030819369318827     
  0.77069365017638303      -0.80977240686943930       0.80141680867932408     
  -4.4946957470225014E-002   3.0093548109939403E-002   2.6233440873674029E-003
  -1.1974381763826123       0.32268682947404320      -0.57404550964899115     
 -0.93531349526760732      -0.95282454531100624        1.4245098007319401     
  -5.5128532901844898E-002   3.4599584659134985E-002   4.3925960092060373E-002
  0.16411446626992682       0.62635709966885145      -0.32452570675972348     
  0.26840772873379182       0.67737486101955646      -0.18090586189122104     
 -0.31527940917558461      -0.65009114353297492        1.0249240291493236     
  -8.7679631786718185E-002  -5.5838966781542938E-002  -6.1619678382144175E-002
 -0.11083833724348863       0.12930538975988035      -0.20229556120381875     
 -0.50045936845409955      -0.44872079838214396      -0.35521515722193570     
   1.0068511409145027       -1.4489522811407802        1.6864013847263506E-002
 -0.11298753369746828       -5.7301233287762451E-003   6.6523046190744853E-002
 -0.11964061936470531        2.4160445490779545E-003  0.10330198311810587     
  -1.7895742563610742E-003   4.3040367659846056E-002   4.5478899688484918E-002
 -0.21124295924079500      -0.16518741128242942      -0.18724924811447502     
 -0.11115870298430633       0.10995729134071337      -0.11718461800515957     
   1.1378741315980014      -0.50673042939169066      -0.45747478196576169     
  0.31488704559101971       -1.3470002484721990       0.19693810476441936     
  0.29393253401653130      -0.14415606126010957       0.14471190037045509     
  -1.4981591196541972        5.4665736586725826       -2.1805103395242478     
 -0.22595811101265728       0.26027419933305423       0.46182530052904164     
  -5.8944288542208199E-002 -0.10275536599453210      -0.13568497864683327     
  -2.5910164393939058E-002  -8.6647716214027504E-003  -6.2404666293868739E-002
  -3.9183163523060234E-002  -5.1758437003259501E-002 -0.16463825199525339     
  0.11496220071708965       0.11668035352990677       -7.8864283903185922E-002
 -0.29138705325434794        1.4567819286015329       0.44215924330703305     
  -7.1728563317040139E-002 -0.60766329613366443       -7.0292815631608122E-002
  -7.6793378828388589E-002 -0.12304096258719260      -0.13201635813049190     
 -0.12226603824241614       0.10124325141623966        9.9897869520628610E-002
 -0.79700255667640896      -0.61024294328066331      -0.54559386808446142     
  0.19476088114098972       -1.5633705082557710      -0.10546506093500158     
  0.64848894943197888      -0.92600836803703090        2.1905998083804787     
   1.2122586476383446       -1.2636301426175394      -0.47064563506033597     
 -0.29803561605361362      -0.30667626063709902      -0.65743888315403243     
   6.7195884306455716E-003  0.58499801591755662       -1.0122872742952285     
 -0.92603456851030563        1.3484930460198059E-003  0.73969765067544035     
   8.6841214806706549E-002  -1.3018569606145605       0.80614668812199408     
  0.61176866200634683        1.2041905882226986      -0.20573101503716343     
   8.4779230795372751E-002  -1.2074281313796202E-002 -0.12764611660106934     
 -0.72974188701119458       0.47547979547745878      -0.14204054018860870     
  0.58748984464811416      -0.65397094008066303        1.5523446756930637     
   5.8308287330062361E-003  -3.6824030246305914E-002  -5.8250032641694094E-002
 -0.15305691473819771        7.3212386648995541E-004   2.4777883144002647E-002
 -0.24351600593931433       -7.0567192109277949E-002  0.10427149973322039     
  -8.1833999420041784E-002   8.4848957557833213E-002  -8.8504094744010914E-003
  0.14642967762843920        6.5057634660726574E-002  -1.9069823217766887E-002
 -0.17381725671999615       -4.8473772800931708E-003   6.0905010659013610E-002
  -3.6497183314208183E-002   8.6187941034417043E-002  0.27107174736664480     
 -0.30801928630207798      -0.45278557334635283      -0.21036826314326501     
  0.46800476045947575       -3.4900137604930479        1.9164712707642437     
 -0.14272628683581851       -6.5773030650743691E-002  -7.8625755796047053E-002
  -2.6303241576029888E-002 -0.12089286359351790      -0.11101939379808290     
 -0.85748021053589984      -0.91209695614061492      -0.78483122049659859     
  0.18860152847401751       0.50496475574142019      -0.18744000123858012     
 -0.60393812381857082       -6.2185756183622612E-002  0.50846100089986801     
 -0.43994061075302032       -9.9268698261447703        5.1974483865807901     
  0.11139156338478746       -5.8154418622752557E-002  -8.2061217845086354E-002
 -0.18075371678395372       -3.9582707474384485E-002   6.8630093646620094E-002
 -0.21242885995521840       -9.7828165566543779E-002  -4.3683335279449613E-002
 -0.91029451324991117      -0.53478410605940896      -0.85987703430024798     
  0.29025397561362215      -0.10788065390189759      -0.17071137714799320     
   1.0212219052893965       0.46754392592344379      -0.11653043682914040     
 -0.27879403113024387        6.9823021913322202E-003 -0.12460325701434950     
 -0.44587953504859396        1.1436545440610448       0.38797338126644348     
 -0.45725171800674830        1.4363446877215533       0.61382593361271698     
 -0.26633495412520386      -0.16505912703807440        6.6236777870467972E-002
 -0.10953374247574148       -2.9900691662963535E-002  -5.4116030806772297E-002
   1.1493369726250764      -0.44093582820819022      -0.63074589699775763     
 -0.35561761859064067       0.20955081822302013      -0.38791245501749394     
  -4.5881467600789164E-002  -2.3473323932970001E-002  -5.4856217433125770E-002
  -8.4627719022147302E-002   8.2881096948832167E-002  -2.6683635563972328E-002
  -4.6342971734763191E-002 -0.10103524692612359       -2.0888343368609882E-002
 -0.58878763923342137        3.3796445209517043        1.7564590583059141     
 -0.44576363216053744       0.67165560622051546       -5.0875272647526094E-002
 -0.68548692288247703      -0.51726564662181518      -0.39854057036342422     
   1.1116555471089036        1.0771588089770203       -1.2333178163449574     
   6.8373295910478984E-002   6.2851443827239249E-003   3.3690512917761734E-002
  0.19787523451429248        12.752956358688003       0.41442572633681057     
  -4.7356879986601409E-002  -9.8534772965268011E-002   4.6263386097841447E-002
  -8.9759122659208462E-002  0.61755539679187688       0.10043440344047033     
   1.0412794596453165       -1.0577657709018617      -0.32800898614496460     
 -0.15029791807810622       -7.3789782111577343E-002  -8.3459209838734907E-002
  -4.9509893132893633E-002  -6.4726102231443747E-002  -9.7670670306756358E-002
 -0.31023136195235801      -0.61237401753503873       0.40895619762980456     
  0.54421274777510464       0.70565908764095608      -0.61792163831663527     
  0.85488797591465271      -0.61959588795186482       -1.0442930270936950     
