  -8.9204646749082975E-002   2.7025028930309537E-003  -5.2056290649865618E-002
  -7.2453121995819256E-002 -0.25772146395817236      -0.17801889929360862     
 -0.20810761443267636       -2.7702671084183297E-002 -0.22973717739030800     
 -0.17440209526302505       -2.7396529438488203E-002 -0.16304930836635786     
   5.8541868711325051E-002   1.5246755823665904E-002  -4.3091351232334256E-002
  -1.6704293149598703E-002   9.9948400189874498E-002  -1.6454167891039928E-002
  -5.3328260465312995       -2.8937386050630338       -4.0259713305485567     
 -0.29544689121810869       0.17746739220032887       -1.0107279888518574     
 -0.23534123251202063       -4.6544686283705984E-002  -8.5074429920073538E-002
   6.8665647854556564       -6.7747744526615756        7.0769179086638694     
   6.3511860462474702E-003  -3.8400768618618950E-002  -2.5389125348634765E-002
   7.6058117124596702E-002   6.6047456826011791E-002   3.3513825327742622E-002
   3.7430482443770505       -5.9699176626375428        5.1232325224622519     
 -0.24476978294280269       0.34151092238707620      -0.17988942945346548     
 -0.26838826187925691       0.36668392857430532       0.10576571674358655     
   6.2603805766314515        2.3954781155835341        6.5052163474959883     
  -2.3693726427569799       -2.5953297076938293      -0.74320075367200811     
  -1.7939375454098587       0.19257679370205547       -2.3315508798403433     
  -1.0364702419206937        1.3552370489823868       -4.6103854752467628     
   4.2500442754758154       0.63593566974486859        5.5671383847713036     
 -0.57705228809752374        3.3511371776967440        2.5341479602357042     
  -1.1827365493689124      -0.65747385689682014        1.4062674499192132     
  0.44075255200097513      -0.41359117823076158      -0.51723691948597916     
  -14.874602236457863        10.809848784888430       -3.6755143392929019     
   1.8862151889521694      -0.63529561789057298        2.6607708139939672     
  0.22908922533835463        2.6233391242910672E-002 -0.11218389675077585     
  -9.6698204485790543E-002  0.11536177174708324      -0.10630836430077192     
  -8.5237149490980255E-002   7.1222852742009748E-002 -0.28773884045977560     
   2.2755921056947210       -5.9407142879947354      -0.24791496594094667     
   5.7302522123849980E-002  -4.3189680810719430E-002 -0.16593209587234001     
  0.79822896656221176      -0.74841813596768669        1.2549978725039348     
   1.3570482697298977E-002  0.10944852908105317       -7.6972521324390503E-002
  -3.5998147316078031       -35.178649362431813       -23.067362476207776     
  0.18935693691447433       -2.7098793234785461E-002  0.18286883635673779     
  -2.3179506084679818E-002 -0.36236514854845864        5.8596194277533570E-002
 -0.95152147480515203        1.8193921970055180       0.41403776142255272     
   1.6186722931905526E-002  0.42181614731185024        9.6682676895141734E-002
  -6.6596456123369022E-002 -0.13026471175381477      -0.17546861011864570     
  -9.8466547109350822E-002   3.1001942911529527E-002 -0.10653540941188135     
  0.24157464896922631        9.0064868433847506E-002  -2.3052791260517787E-002
  -9.1565554476446667E-002 -0.20521443771527273      -0.11822651372562225     
  0.21051458685249747      -0.16283131969069742      -0.33380562487245602     
 -0.11451574182908887        3.9707863625182846E-002 -0.22754665325535409     
 -0.61716361498624106       -1.1045289869096968      -0.87165064836849648     
  0.24252294821848766        5.7143452653903019E-002 -0.18138002363693337     
 -0.29994218667491990      -0.47260277370522574      -0.68019241631058269     
   4.4733317695606081E-002   4.2071239132031781E-003 -0.15697060927818901     
  -6.8409272600695070E-002 -0.48201166251942362      -0.35719069388016317     
 -0.20575800333006972       -4.9049725307389897E-003 -0.14073363642490438     
   6.4206250573983201       -4.8147386868175301        4.5399962929056832     
   7.0860269745922138E-003 -0.24864116301256933      -0.28380945890276421     
  -1.4451347240458969        4.2158982034686838       0.75283062779252674     
   5.8802637185964412E-003 -0.10638163515838633       -2.2863762380168256E-003
  0.80513409511951373        1.6318547668107231       0.12679986956109848     
  0.19169139727179593        6.9192284746459137E-002 -0.19735555012161171     
   7.3604960368401195E-002 -0.21975091927357385       -3.6371740220234899E-002
 -0.31539618590148544        6.7524730653710452E-002  -7.0083539070873058E-002
   1.1834658258828377        5.3901278522247580       -2.9367300158343679     
   7.7914324064691967E-002  -1.3267128508130385E-002 -0.12687822307642960     
 -0.17798637681879642       -5.9409419896609271E-002  -8.8592628839879173E-002
  -5.7993862714459415E-002  0.11843193277211375       -8.4035864379194095E-002
 -0.23753415699465541      -0.57804896921917881      -0.17618197315526582     
 -0.14345500929814653       0.25854619165538134      -0.10247342032434117     
  -1.9416522806275600        1.8274406253407844       -8.7503172091549189E-002
  0.11310091591119785        1.7444369842020122      -0.70776418072104519     
  -4.1534976494947466E-002   8.5353179041163851E-002 -0.11565578729584164     
 -0.14315130988374147        1.4576516932588440E-002   5.6797302742433671E-002
  -2.9140769988197878E-002  -2.1345938439347983E-002  -3.0907657083356153E-002
 -0.30100047871277286        4.2718473787639155E-002   6.6094799199131901E-002
  -4.6590936043695947       -1.9124353389763888       0.43047222773233257     
 -0.18789966621196028       -12.241031764722747        4.7060620982820112     
   1.0182975562280564E-002  -6.4664531788353991E-002 -0.11405102269191281     
   3.8169997202532784       -6.5293640883498130       -3.8062137962727212     
 -0.13187370808025969       0.11923558091030514      -0.12080181894950365     
  -2.8983563588795128E-002 -0.21521000893093598       -7.7660169221173914E-002
  -3.4087607645581143E-002  -5.4293195049208806E-002  -4.8574678387036753E-002
   2.7060868924685608E-002   9.5217316274070304E-002 -0.33145600881825482     
   5.8900015753767083E-002   6.2605576181991626E-002 -0.35587178332505232     
 -0.35216556236775731       0.40752596312120110      -0.23060513641768757     
 -0.22868699526061384       -1.5114599291082430E-002 -0.62461999158693349     
  -1.3967746140382671       -3.2529266281155280       -1.0452556918699909     
  -2.2847998928970537       -1.1409781888169714        2.0182570721793880     
  0.11098790693085657      -0.55717246013537569      -0.23228051332035959     
 -0.11820483629478887      -0.17795977648074987      -0.42783162847646344     
  0.56898340205168019       -1.4379825471647851      -0.18204389100927915     
   2.0215542197969500       -1.0738364062231258       -6.4417684535313802     
   3.0163345821141543       -7.2875974978882576       -1.2651962542905311     
 -0.18401910999658913        1.0195468728279138E-003 -0.12177268455165886     
  -1.3109389300468859       -5.0851554215340160       0.68906357989227995     
  -3.5289736813101658       -1.6743333910236244       -4.0904977538241623     
  -1.7784901839763454      -0.47169159728093202       0.65248290139356091     
 -0.10438259308742062       -8.9799855393555561E-002   4.2698997455183435E-002
   2.4669531962526151E-002   1.0410800420671055E-002 -0.27458533427657145     
 -0.16033972610816177       0.13879853472903644      -0.12461007455931232     
 -0.24287991873098355       0.11668073544386566       -5.8813669533275902E-002
 -0.17989283228222261      -0.26168540409751867      -0.18762925944939993     
 -0.16744312180333878       0.18549633076748193       -9.6691264971470015E-002
  -3.5714461620883417E-002 -0.30574018743602316       -7.0607428388792012E-002
  0.40851068952869468        5.0036959504209211        4.9182560156615454     
 -0.15045685153462768        6.9037926739875730E-002  -6.3400304415200531E-002
   2.0122106815780554       -3.7898443414211851        1.8220286612321464     
 -0.13356515071822461      -0.12649468299609257      -0.20289823152822514     
   2.0547279797051252       -2.0581203817775684       -1.2944181106395283     
 -0.64229189826636546       0.77046692402794004       0.32998091880672742     
  -8.9428082042773749E-002   6.1819022096459781E-003 -0.14348280497232097     
  -2.0293223831569298        2.8481063921746297        1.1772376418369617     
  0.39523010668603065      -0.45806190314467687       0.32140660433681362     
   1.0491870513364567        1.0672649068240918       -1.5206579808383758     
  0.12686665027449578       -6.4318181355505794E-002  -6.6105187917734343E-002
   1.7604920834249758        4.3736422819603060       -1.5128758733892660     
  -1.1017459120518018       0.15807639435931803      -0.35272853737868154     
 -0.15553852348698449       0.46849655415203945       0.68674536181935097     
 -0.12191402726968043        3.8981202349718663E-002 -0.15756689171772398     
  -3.3588430121567452      -0.22887059239836458       -1.8926094844203420     
  0.56696249130045728      -0.28809588807500269      -0.28296722428306281     
 -0.21303793959420439       0.17022322771832571       -7.0700550162861656E-002
  0.55549445965399580       -1.5575023337602711        3.1677422972626732     
  0.14233729829268180       -6.9115034035439116E-002   1.5788183833090011E-002
  0.29614370680036356       0.51059992298047574       0.34096290601107193     
   3.6328720946889521       -2.1767257652233325        6.4692595946998992     
 -0.21235329660660796      -0.13036162468788537       0.10857236457275971     
   8.2138438296367536E-002  0.13342784984835160      -0.57746744223123514     
   7.3762011808210570E-002   9.0494394743704534E-002 -0.27049326588444189     
 -0.32454349059501125      -0.12906435623853871       0.51332271699328447     
  -7.5501523058858027        7.5336991110594393        10.525191968057838     
   5.6834430994477360E-002  -5.6159210780877107E-002   1.3415855385370113E-002
  -1.4357262799303154       -2.0118885276140799       -1.6268903060944533     
  0.11802258948280477      -0.37617747345787145      -0.20801954276889972     
   1.7021380264078556        4.4976651743587546       -1.8723613377482975     
 -0.33780058366786375      -0.25563420823314986      -0.40795690189471112     
  -1.2144844779569532        5.1366959876232459      -0.87495135078584996     
  -1.2514835171622445        4.5060655699771637       0.68922587664715740     
 -0.30170153304956865       -2.1867672640700934E-002 -0.10393540402977802     
   6.9518881198333720        2.7975025447410191       -2.8358346515943902     
  -2.0512392137876166E-002   1.8195064774839697E-003 -0.19387977432871648     
 -0.25855443382623083      -0.75537729354471617       0.32151717682307357     
 -0.18060980897042925       -4.5680126922486672E-002 -0.19237394238396613     
   6.8523271029326471        2.4085196055639928       -2.9675299353284061     
   6.0210463745778008E-002  -6.0492961810686779E-002 -0.18151853295695686     
  -4.3877477810981537E-002 -0.15395493974046706       -6.4266715753172651E-002
 -0.31656254268389272        3.1449029978626385E-002 -0.23567066060482728     
 -0.22344243843758091        9.9366600237919947E-002   1.6928466111981986E-002
  -3.0705173904405331E-002 -0.25829990108033341       -4.7627303853726211E-002
   1.2621990856962152E-002 -0.29096754527744378       -4.6560171099531596E-002
   3.2978797675282148       -7.9846845606378176        2.7575345181733089     
  -2.8489316553690549E-002  -6.9531203819485202E-002 -0.22604877326209649     
   2.9662235231793139       -2.7012683383425102       -5.0356151590059728     
 -0.15156278603511733        6.3405148811563547E-002 -0.20007772094196119     
 -0.90598261745484243        1.8338763228508110       0.40570087736486649     
  -6.6524877321001554       0.45229069598458560        7.4086222678315696     
   8.6657529225518282E-002  0.33237196916986844      -0.16460137605803335     
  -1.1204754892231241        3.0060516843913638       -4.6353477212880456     
  -1.9639452309742657E-002 -0.22403394360902842      -0.23186215338544533     
 -0.15245204835828011      -0.34620907962357578      -0.39203826102958161     
 -0.12684602625950517       0.35683653171313301       -3.4114532711251741E-002
   5.4556968525085399       -9.6553544249015910E-002   3.8601622198602645     
   4.4169221287237943E-002  0.32760951852993070       -7.7565742418927996E-002
 -0.70231328620791322       -6.0908625197606518        3.1933058762093269     
  -2.6395223274658317        7.7899221781126133        7.1132100352290966     
  0.35803011093181325      -0.18393355871287040      -0.16568166016068145     
  0.15435224125471431      -0.25176508616239712      -0.14095235260968031     
   5.4050918377214403       -1.0077247141792383        3.9253976417158243     
   1.6835251909466349       -2.5358694650617735       -2.8330787623461338     
  0.21915661184178595       -2.8442901142822667      -0.27418180456131269     
 -0.15654843418323236        1.1099568551209242E-002 -0.12403197640779789     
  0.32830500859700712        8.7607972166201087E-002 -0.23030445333968286     
  0.16770077323823690      -0.48292115989530238      -0.50363239128355830     
  -1.3193009912200491E-002 -0.29403755256356506        5.0753633260381514E-002
   2.7813504073381155E-002  -5.7459687284929548E-002  -8.9098177405429191E-002
   1.9920567804150156E-002  -5.6594726425894068E-002  -2.7356090497466706E-002
   3.4963187198998904       -6.1452680987436965        5.2781107582513584     
  -7.0850608475183263E-002  0.11898484504352727       -3.6849613992119154E-002
  -3.9915386598400615       0.61972991670238020        5.1037468254947340     
  -1.4004465981014829        4.0494830550174781      -0.78281025541761595     
 -0.18031752626304051       0.41551777792832434       0.26304399415456992     
 -0.22201852989424450       -7.8846737092447647E-002  0.13479581891354275     
   1.8717257979014815E-002 -0.11092124217951946      -0.10727542299708415     
   9.8522131694496529E-002 -0.11153836879960063      -0.12014119358400380     
  -11.476265420072167      -0.31315333696656311        2.6432174138660183     
  -5.5670314243874315E-002  -1.3577972241491137E-002 -0.12814470881310819     
  -5.2840745212150299E-002 -0.12681037667136694       -9.3165099385653635E-002
 -0.29011586879266921       -2.0922115962585797E-002  -6.0877928087194243E-002
 -0.79636423331083173        9.8196380895628821E-002 -0.81378682966090854     
  -5.8705739771954417E-002 -0.21551184519885855        5.5449968104182790E-002
  0.13063880521806948       0.13544484914076668      -0.12747790885084806     
 -0.16501425561170741        9.5860871235441576E-003 -0.10708200313267464     
   1.6495467693967600        4.0056509718623525        6.0997544328720812     
 -0.13458084848054166        1.7675524124953067E-002 -0.24263135113180848     
   3.1132113797563901        4.7164157123929460        5.3180345333945640     
  0.30502591218852793      -0.15878734114746670      -0.52522433287073311     
 -0.12939102278503678        6.4162572631133716E-002  -3.3670886205961634E-002
  0.63640222987151740        5.8387198656251185       -1.6380319780451027     
 -0.11486227375999263       0.59901461183558036       0.25463702462513577     
  -7.8804507912676500E-002 -0.11653229670378182       -4.0931180552486110E-002
  -6.2120244410276047E-002 -0.21412693462640217        1.7516574386441650E-002
  0.29335852935623408       0.11661570545024461      -0.60726474883536097     
 -0.18608701005875122       -3.4990871279705047       -9.8092323082837329E-002
   9.2002634911221556E-002  -5.6842332371601086E-002 -0.24904839629772896     
 -0.52095606320842769       -1.7658245694422621        2.1845647132106034     
   16.249486351622966        3.2223228278075808       -46.751432580033359     
  0.25612570918209271        6.7663208558053878        2.3612564515296439     
  0.15622360675561220       0.75215327833678558      -0.37750597086638610     
 -0.14729651992971782      -0.91814718774108017       0.11705837749864394     
  0.59109131904410050        2.3665429160601188        1.7100609714950532     
   2.9539780992384426       -3.8045582681984671        2.6743099843779947     
   6.8851710200588251E-002   1.4562908869093585E-002 -0.11226274119597848     
   1.6594768884551194       -1.0096498899394677        1.1694855088934719     
 -0.16698164631691118       0.10812999488540051      -0.36762381559498392     
 -0.10199511500901542        3.6525248768159796E-002 -0.25322753271882792     
   5.9264216973496361E-002 -0.19739593624881149       -8.9053149822925254E-002
   2.3324242077541415        1.1916134543977681       -1.7590453931393382     
  -14.989177370183951        12.251201654168845       -7.0418119702113726     
 -0.23392770276518601       -1.4547210731535980      -0.28917743164891502     
 -0.39169093997278320      -0.24002623593712186        6.5865834127702638E-002
  -4.1403025689685513E-002   3.6441279315142544E-002 -0.11837316775782232     
  -2.7848878422568437       -4.6447916251780681        5.6826385764354779     
  -1.2065892615571896       0.57592266337506892      -0.98032572938199980     
  -9.1981199994514887E-002   7.8769464492841820E-004 -0.15631729574669589     
   7.6447776909201834E-002 -0.35574317350137219      -0.36122382795384217     
   3.6805543902458524       -4.2270145330551090        1.1259656242374299     
   1.0242428706758078       -4.0241738762882635       -1.1373736316296312     
   4.2833548451288808        1.7017856530809259       -3.6883212740569347     
 -0.21268183791111081      -0.36935281312982859      -0.37642092642520136     
 -0.25958488923475581        8.4070556024196066E-002   4.2728242691219165E-002
  -3.7744421270686228       -4.2508835904854481       -8.1113739119029908     
  -2.8920089168553674E-003 -0.14311117444887261      -0.10038906968171948     
   1.2930227558025573       -4.0085487172593730       -1.8734412224788228     
  0.10827288263381032        2.5829176664413409E-002  -4.9915578502783914E-002
 -0.43074853679577041       -2.4663903675941821E-002  -5.3455808480705809E-002
  0.11470470502909831       0.36072503382927740       -4.9379151182148652E-003
  -6.6822764094890005E-002 -0.21557554477416002      -0.30471598001672195     
   8.5303196756522565E-002  0.25094341948431603       0.12451361621117445     
   3.0247219673906476        7.9147714409868319        1.5655331689200074     
  -1.5708077787122698E-002  0.54153255453735683       0.11120030365406337     
   5.8198355071379382       -1.6971748765003545       -2.7003029172940378     
  0.12953861428766439       -7.4135165304053535E-002  -7.6530091262322726E-003
 -0.14314168938653243       -4.2347290375973935E-003 -0.12233970913023248     
   8.1479158003026908E-004  0.18379709540029565      -0.13113665275692121     
  -5.2583361770048569E-002 -0.18148868842784996       -8.6231858390257238E-002
 -0.15184366193797846       -3.2875258865644713E-002   6.8067542483940230E-002
 -0.10018826043079629       0.10593273946039264      -0.18050644641065272     
   6.8788321849710787E-002 -0.31383180358680524      -0.18910918655493200     
   3.3505739354794103E-002   3.0206221907260158        2.1407021468775369     
   2.6674843923548196E-003  -3.8689957396157250E-002  -7.9179693746848051E-002
 -0.92056919286304872       0.29018515824763552      -0.80822050207030238     
  0.80546312221545613       -1.8248043046290363       -1.2379558347215540     
 -0.23895390673345979      -0.16029356058416086      -0.24004400201362494     
 -0.16573696204733759        5.5520596721902467E-002   5.4793057833007537E-002
   5.6663814326113872E-002  0.12259936740944888      -0.81966047026908639     
 -0.27687561692068169      -0.43584523678915388      -0.10655016281265214     
   6.7658234456328785E-003  -3.8377442469082965E-002 -0.12881675774410922     
 -0.37220477234045496      -0.39826376077437481      -0.24492871050317822     
  -3.4899747052247271E-002  0.22972980145049210      -0.11012245536932760     
  -7.8178552888277852E-002  -9.2621791952596899E-002  -4.2785173804916268E-002
  0.11765845064829061       0.17348273198733205      -0.20324244058345850     
   5.6310032960605542E-002  -8.7849950238791750E-003 -0.25603838480039787     
  -22.507862478620797       -22.135344267984092       -38.362091511960898     
  -1.3927880542483633       -6.6619836627167333        4.2134356502908918     
 -0.31132538456381664       -1.1653056083870930      -0.37815994354816157     
   4.4019630843221708E-003 -0.17619210259446166       -6.1326161298202675E-002
   4.2886260426588461E-002 -0.39607545601255112       0.40552490258869134     
   5.4789980195118595       -2.1788363072610717        1.6063535530016650     
   2.0780178656187843E-002 -0.25561550801557276      -0.11970253830007956     
  0.16249409296558798       0.43579693761198984       0.17778829420484929     
  -4.7889107779374059E-002  -4.1597089485704328E-002 -0.15960220443840056     
  0.18661118524606760        3.3652945739213185       -1.3318866075146161     
   2.0109652799570811E-002 -0.42299753955294378      -0.24817564707899478     
   1.3848988034783807        2.7370974478818635       -3.1563579198985945     
  -6.2706480970987521E-002 -0.49443566072698758       -1.0310269113286903E-002
   8.2626953897491570E-003   7.3713215186450604E-002 -0.15955895227044503     
  0.57955801131760953        3.7103718771519056       -7.0977568309329460     
  -1.3784448768543511       0.79382849764049102       0.92822276743984489     
  0.13483667805493804        7.0260135217295655E-002  -6.0730140914268073E-002
 -0.34849717392428259       0.23419913039268270        1.3524588450544311E-002
  0.65067852032241547       0.14219219628304564      -0.42716375546656032     
  -9.5802270233173448E-002   2.8645084328522138E-002 -0.13249835417883907     
   3.6565755200803269        2.7044696456020669       -3.2886257459160015     
  0.89356175252701542       -3.5882730337537918      -0.30044966681795143     
 -0.73946319663655813       -1.2742201945992160      -0.61583018734067296     
 -0.24288481702629303        7.1781791310974882E-002  -6.8628490768038827E-002
  -2.7165894628592047       -3.6329198618630278      -0.89660310441988755     
  0.27676872962399218       -4.2991418694255039E-002   8.3209233907415289E-002
  0.56158342666815220      -0.23380431025817000      -0.22128127116981464     
  -3.2597444111936623E-002  -9.6072506416328279E-002  0.12332236447726989     
   4.4321369554969077E-002 -0.11009703147737675       -7.1452330577082460E-002
 -0.17850942986729779       -5.7500417243671519E-002 -0.18272600816747445     
  -9.2230153800713338E-002 -0.52914902447769596      -0.99409840275487960     
  -7.2661789612879168E-002 -0.16160721002512460      -0.10959537864981053     
  -1.0441697265765892        1.8542859722608633        1.0726286434600050     
   6.6601846721801783        1.8262058214351725E-002   2.6712664894678877     
   6.0668470800055152       -5.5128553872348780        2.1861252373077846     
  -2.9426469871309046E-002 -0.11417630295853207      -0.18022617780917613     
  -5.2073128857954447E-002   5.6388440907168186E-002 -0.14738893612122081     
   3.0912919718821668        3.6991972485493632      -0.62340866086572444     
   4.0834833972649247E-002  -7.4176558811573975E-003  0.28837031222391646     
  -6.2698921594516704E-002  -3.6646466927754862E-002 -0.15941343353365464     
   2.2707803880746731       -2.0153604003495476       -1.9598619968171926     
  -3.8585389014120186        2.9295633699682577        3.1444597204842388     
  -6.5309292110009742E-002 -0.11080017138357727      -0.12819225184050348     
   7.9756550919404756E-002  -2.3658249296316471E-002 -0.19482176603502482     
 -0.34614554054003144      -0.23819257565484381      -0.24049853675872609     
   5.8180474263452450E-002  -5.3900527205723945        3.2201739972874250     
 -0.21491730117727192       -7.6965405390481842E-002  -6.5549695756838749E-002
  -3.6956832532665747E-002  -2.1124996873139353E-002  -8.2263587369457589E-002
 -0.13622634383447343      -0.41470863935127394      -0.15017480141367304     
  0.15652459680954223       -6.0295692972537757E-002  -8.3699718798947893E-004
  0.12824595112930270        2.1064310752562522E-002 -0.19572452606907678     
   8.6371993348929426       -2.1249277481830386       -2.1354226430911818     
  -4.4031454659761042       0.68494203744164373        1.0833529626899128     
  -3.6690944776590927E-002  -4.8530794989962329E-003 -0.20602434436132638     
   1.5041816621928088       -6.1570195892947845       -2.1138243843435185     
   3.5342160762357071E-002 -0.24083930449312868       0.43649305162184093     
   1.4360507169118002       -1.6514781449642317        4.7223040536765239     
 -0.23505417287733255       0.24393652498675938       -1.7751962300975293E-002
  -2.6926009284256505E-002 -0.10743055986488188       -1.6811886340493361E-002
 -0.47822672495357355        7.9698656445427440      -0.10205279588325941     
  -2.5226773543667926        3.1905540060697404      -0.78598842825507087     
  -3.5178820541153688      -0.64580927194802928        2.7143687422949077     
   4.9089956234469438       -2.7735288875434327        4.0831636090980039     
 -0.43150816405878184       -1.9885958027246211      -0.24438897476187316     
  -3.6817241974431821E-002 -0.10877298776476306        3.0675622956791455E-002
   7.1892797323370325E-002   1.5292033436461315E-002   1.0578295681084971E-002
   3.0276148458107817        6.6206396703049224        1.5056478664506681     
   1.4011143311288008        7.0706186333216134       -2.7128140121972995     
  -1.0149709007129388        2.1240200504578479      -0.24454294635521184     
   1.6934864052970258      -0.82518177494729994      -0.61444022605876336     
 -0.27007851124276511        8.8698586362127907E-002 -0.11088542858685893     
   14.217832352145956       -14.236842204373529        8.9994502527318225     
  -3.1084314891654322E-002 -0.22161848713923951      -0.18701034605666941     
  -3.3075975060654468       -4.0421402360352312       -3.1109380010233911     
  -3.2647173973643431E-002  0.25744644110251913        5.0753183094148072E-002
  -1.6978227696492307       -5.3303851914662035       -1.2207605292019552     
 -0.29225305743676061       -1.3464784906642029       -1.2837539531934772     
  -4.0655487416564080        5.9152098561452986        6.4399075789232896     
  -6.5378290217930429E-002  -1.6497473849536724E-002  -7.8904754635910818E-002
  -8.6273330184840805E-002 -0.10108950885389192       -4.5901855655581858E-002
  -4.2410625266495670       -6.6108651285704241      -0.63326153269214991     
  -2.8119615303435919        6.2977964319022899        3.3052665924540974     
   3.7263037005286173E-002  -4.0677385095139518E-002  -2.0530188698156520E-003
  -2.3749606628098228        7.2491737481636759E-002  -3.9937949103513852     
   1.4368995222284855        3.4658742379445440        1.2834971149425070     
  -3.0861533629523192       -1.5510664393443330       -2.3653329729166028     
   1.3626476001072601E-003  -4.5645353715992903E-002 -0.21359755153512963     
  -13.382670940018144       -11.758881407155734        1.8253315238254764     
  -6.5470752217765922       -9.2468011264375143       0.51481774471993058     
 -0.36864915322156222        1.2403101442702100      -0.13914327798872042     
   2.9394019067267627       -1.7938714490372754       -2.1371520785832905     
  -1.5828846529120721        4.2003027952027603        1.6078138750390429     
   7.0606772229733057       0.39679465458265634       -5.4102823484921663     
  0.17268912730651498        5.6976041441133884E-002  -9.9806487011384171E-002
  -9.6647583070973708E-002 -0.10230517991677568      -0.26245850447570324     
 -0.53385364258648493       -3.3674815389274801       0.49315979523919573     
   4.5989710504509215E-002 -0.24792177977600249      -0.17791186168738488     
  0.70372923795253672       -8.7691559951313742        2.4293463215377318     
   9.0895322627554773E-002 -0.28656216851656002      -0.20512919776759939     
  0.49739039798171963       -4.8358109598674197      -0.42919703133816273     
  -3.3945660823591461E-002  -8.9181906627355839E-002 -0.12192696430255133     
  -3.7866228578377977E-003   3.6199697495755176E-002   9.9186881087899678E-002
  -9.2397410302060418E-002  -8.1815770145906033E-002  -7.1745287517593376E-002
 -0.41694694187613240       0.21926486638278198      -0.13789685443555944     
 -0.14741135359877128       0.27006988543514288      -0.32973728405840597     
  0.75089223682963879      -0.19214241724188963      -0.22633234319236312     
 -0.20259477204283366       0.12456827042938622       -3.9443269762654810E-002
  -5.5320235611948390E-002   6.4901409099652252E-002  -9.1730350059775811E-002
 -0.65832036706661179        1.7007593831010144E-002   2.3355370523421417     
   1.7312434760151914       -2.3342265188010085       -7.0151705246739660     
  0.30755638584347983      -0.13308774117515390      -0.35125074800832801     
  -6.2384396192995739E-002 -0.43119975563579765      -0.10447538493542337     
  0.14572597614091806       0.18866692717918399       0.11189379798009144     
  -7.3605895127306142E-002  0.42573703208776204      -0.19544978108732264     
  0.27163254508524215      -0.10643460947584352      -0.31237508264647934     
   24.581416267822210       -3.8442823620771782       -12.063874745537785     
  -2.6577282162005877       -4.7475000962804339       -1.3101933629084981     
   7.4289814244151240E-003 -0.16907779161467390      -0.12513833589226134     
  -6.3483108355352758E-002 -0.22580421913539522       -3.3334922505459733E-002
   6.2873992864650221       -1.0213545153637742        4.1649808905723766     
   3.8300909751530372        1.7376007580202868       -4.8644045871896600     
   3.1844480888997375        2.1632842614008885       -3.9652619917693439     
 -0.10123183376849808       -3.5776864324952813E-002 -0.14839623687432779     
   4.2173696923511708        4.1898224238622852       -4.9735827520398797     
  -1.3345063446454704       -2.4701410065193503      -0.15754093303275424     
 -0.11057262122062837       0.14089430253203938      -0.15211244291465101     
  0.16618234921529301        2.7216083760436841E-002 -0.24287976843295986     
 -0.10191540015343187        2.5876716381084568E-002 -0.18980722622605845     
 -0.21816255052874653       0.10709412454133715       0.81159081393052990     
  -4.6887299243810507E-002  -2.8900912385223063E-002 -0.26293456472285909     
   6.2898636669855534        2.7834284814457790E-002   5.9104291480301194     
   5.1228645978441505E-003  0.10283407209266736        7.6051090200572038E-003
 -0.52179749805116760       0.67310984721636846       0.34224558290510987     
   9.4353761818046625E-002  0.49097794392225841        1.4176034446215400     
  -2.3972409157905545        26.248614197055652        15.698822078113965     
  -3.8225268181600255E-004   1.2193845340994035E-002  -3.2705664534007993E-002
  -1.6236538427196447        9.3834567897561935E-002  -6.0510776267846351     
  -2.0238099313867552        4.4130114396507203        1.0126228749393953     
  -3.6985480892514877        2.1742737729295878        2.1207645935936124     
 -0.30213051379211098        5.3599620592456911E-002  -6.5403852298702519E-002
  -3.9872327019690717E-003  -7.1812083383346603E-002  -7.0843373602928028E-002
 -0.26379286389722112        2.0042123320056594E-002  -9.5054575916198522E-002
  -9.2860862551526235       -5.2702994283458322       0.95920223998640597     
 -0.32718617985044307       -8.4159826203798836E-003   9.1189327173669451E-003
 -0.75734443122269823      -0.15293968558356269      -0.18390596634875683     
   7.5413317484920270        1.7537237915429549       -4.2155314862568201     
   7.3670080854261748        1.3605524248908787       -4.9733608713257258     
  0.39585092358828466      -0.52619437055171736      -0.15638697987054156     
 -0.28614234021830570       -1.3506622212282389E-002  -2.0490736862057027E-003
   5.6997470891756823       -7.2116437920263392       0.93788488724719465     
  -7.6175731156069321E-002  -8.5469843236130830E-003   3.0064924180144639E-002
  -6.7466783013944491       -1.2518592373022892       -2.0936338623394959     
  -2.6100178667717910E-002  -5.9247365571585719E-002   2.1714824733639936E-003
 -0.16454766594055903       -1.3544165946434243      -0.36149455489965682     
  -1.7660976134354116       -3.8758804612626085       -3.7443870370041101     
 -0.13836434245750442      -0.37420468382341471      -0.36831687799479146     
  -4.3369651653737495       -4.7959612033885515        8.1304328076754171     
  -1.6170487898189090E-002  -9.0489352154997954E-002 -0.13823116950648742     
 -0.75182057921881984        2.0079248625489110       -1.5562507342989438     
  -4.0741355943468033E-002   2.7231317449490096E-002  -8.6120527150032850E-002
 -0.10503857477993817      -0.47831651810245318      -0.28670081759934279     
  -6.5848061720984843      -0.69116978565081899       0.13951867370816712     
  -6.2497861851347987E-002   1.9717312230657962E-002  -9.0328959834416883E-002
  -3.9060490442070770       -1.7350719629896487        6.3597556145064820     
 -0.36873266565334895        1.8230667074849634        1.3970429052907962     
 -0.14528892278801259       0.17341628864445474       -6.7985410061430912E-002
   24.548557981457957        28.292954937482701        38.858165804116872     
   1.2438386706692013       -2.8848985781145977       -2.0272012783286777     
  0.15422895499769587       -9.0354035350835318E-002  0.18555386045642538     
   1.5237787977914018E-002 -0.22115102593945446       -4.2053112748136431E-002
   2.1853045469235086       -4.4108477213589463       -1.3850044991645947     
  0.32603625123419538      -0.15201133690706584       0.38207315825837351     
  -8.7593309190272028E-002 -0.16152189464771821      -0.13487410404757735     
   1.9884806880023922        8.1690403432028855       0.43245896944976381     
  -2.9276578914405156       0.27461963313913940        3.3366754036386590     
   3.2478193129008126       -7.3591321850374127        4.6321440563086274     
  -4.1036963786448615        5.0128737519597815       0.29865652357107536     
   2.3558599541097590E-002  0.10157023116040560      -0.14834175243649647     
 -0.60120631392905555       0.80794179373486941      -0.37116623087079181     
 -0.14032012187630816      -0.16229047120200227       -5.2150016259276760E-002
 -0.15768657287254351       -1.2124266475726559E-002   7.2204814559773522E-003
  -2.1162550059612855E-002   1.6091397274049898E-002  -5.7195331979943115E-002
 -0.12550282421638981       -4.6428425801707064E-002 -0.16941053344381851     
  -5.2490747002661334E-002 -0.13068934250928496       -1.3633994025798840E-002
   2.8172043200053030        1.0123014198519984       -3.5386334888428208     
  0.17627860096009362      -0.23474729010147308      -0.23625508040822035     
  -1.2642003205522963        5.2495278116953807        3.4469764413893391     
 -0.14450822967936075      -0.12010359698027351       -6.3932374328980898E-002
  -1.6765074651940577       -2.3067980589506170      -0.14600679075180387     
  -6.6456118625645182       0.39217218775356755        5.5809054852302893     
 -0.24344490443815742        1.1540216299897517      -0.59943205602019722     
  -9.0952710491015262E-002  0.23460547142626592       0.55822809493207448     
 -0.20715488083688674       0.11457004258566235      -0.16778081226337105     
 -0.16503207192231156        5.2819282384380710E-002 -0.20165511746633449     
  -6.9156023761102650E-002 -0.18266935631172260        5.5835921355736375E-002
   1.2351748582227182       0.87784512792126868        4.0854507578686219     
   2.4797681276374735        5.2738213702926675       -2.7366206605923207     
 -0.19142611702895923       0.27227611796388224      -0.31352517583378825     
  0.49792313728832677       -2.7855940242913380      -0.66996380598512895     
  -6.1509785405597733E-002  0.24025776487052625      -0.38567131981072666     
   9.8814455588149122E-002  -2.7882611545828880E-002  -1.8251292123376874E-002
 -0.62243876435713341       -3.1835999506302040        4.0198864114352393     
  -3.1409116661451617E-002  0.54627398691142537      -0.24857736526277946     
   5.6666702282087256       -1.1632488709811679        4.9303226931351283     
  -4.4773852997750101E-002 -0.17286389409285915       -6.3981340999918037E-003
 -0.20231000670514043       -6.7490519256859519E-002 -0.11316307013876217     
 -0.58390644822971860       -3.8772098383415448        1.8523340365796148     
  -4.7356953069906449E-002  -7.4220348353497750E-002 -0.17362768438078027     
   1.1353120038284349E-002  -5.5948371838932549E-003  0.15562111411320101     
  0.13833896781922372       0.24839146836222095       0.12805991578155371     
   1.0602836006665932        7.3986140264098665        5.1677193018208580     
  0.12151467736103723      -0.20280884427752907      -0.19860404817471050     
   1.4602652527731255        2.3394745501417837      -0.44230089014648055     
  0.78323695512082836       -1.7968913181038211      -0.58237975622779348     
   6.8391093123618809        2.1975519089156546       -3.4064596542948244     
   1.6649841083513901        6.4571498868929735       -2.7652584047803175     
  -1.2830762346890461        8.2868023937646829       -6.5471269310891795     
 -0.12764892175072529       -8.9345235292150924E-002  0.12684750519577861     
   4.2478419647263843        4.1503290963714239       -5.0195447359282506     
  0.14324856206107556       0.58695322272061956      -0.41185798213333696     
  -2.9121959509518778        4.4553827344322263        2.4776809143492304     
  -4.4359912897968451E-002  -6.6176063329477217E-002  0.41997266508878678     
 -0.14725882786651859       0.24582193944122088       -7.3050334539745285E-002
  0.14753525536184145      -0.61449213085064813       0.11745699350045463     
  -2.2760057826033351        3.9968248969870661        1.7505972121363362     
  0.24189670281404627      -0.19617011811256810      -0.18217447101754933     
  -5.4615715216292315      -0.81906988370738099        3.7089125916439354     
   2.6842692974570918E-002  -7.6615464473418879E-004 -0.14314410215253115     
   3.2155193758473352E-002  -5.1788581090825278E-002 -0.16541112083741183     
 -0.54170695736617414       -1.9091816887288764       -6.2616894973850146     
  -3.1595182773366179       0.77305463705044919        1.2533375559074893     
 -0.18092896918238377      -0.12204013999533643       -3.7137444174640655E-002
   6.6563613996204959E-002  -7.2225711010019469E-002   2.7645397687749443E-002
 -0.32105159812490142       0.17137721004601331        4.8834998291870310E-002
  -2.2373605615789303        2.7367849886454119        4.3027210812093095     
   7.3622014061981267E-002  -3.5576388965262655E-002 -0.16701377284747718     
   7.9880406113762348E-002 -0.19411348436394751      -0.11843676714494344     
  -9.5794259179254215E-002 -0.10717980114895778        6.6896680360542622E-003
 -0.30886907035663969        8.5893494134280199E-002 -0.27275377750205948     
   4.8722282574244176      -0.87929034312836074        2.7914171962916821     
 -0.19813528011226841        5.1225484318662834E-002 -0.12747364136214862     
 -0.18442995536715648      -0.17591030077777117      -0.12537708292988112     
  -4.0459713342271462E-002  0.43622598576330052      -0.18410826389871393     
 -0.16253465168234960        7.1467241832600496E-003  -3.5173982078707630E-002
   1.7626409185692444        4.0462425059650107      -0.97687893030451645     
   3.6614529301317944        1.6346908463325975       -1.2929372673103092     
  -9.5494841596034122E-002   2.0345824515296509E-002  -2.9591826874570171E-002
 -0.33530637142539077        4.8860539177465426E-002   8.1240663281193004E-002
   2.7522774555383833       -4.2757973756067527        1.5217480184481424     
   9.8851854213078821E-002   2.0008326905524072E-002   1.7633527607252668E-002
  -1.0152649032819490        1.9568233748884765      -0.15161517372409591     
  -1.0054413288642590        3.3693266724616397       -1.4942237320793965     
   1.0212685944400322        5.1191017245724906       -1.5524508083561117     
  0.13587894002372544       0.12476230491207578       -5.5380538902181198E-002
   4.2363202692965158       -2.1320897295013390        7.6892181283618708     
  -4.7207038917836674E-002  -6.1948444064686331E-002 -0.12979244386566238     
  -1.6113626564649080E-002   5.7153715879140407E-002 -0.15631033468916786     
  -8.6957745664551916E-002 -0.14510898912823994       -8.8036000494070524E-002
   12.330346950677720       0.37423448543278393        4.1270254331369509     
 -0.15482101623738637      -0.18826613158177286      -0.14841192743257833     
   1.4657002902651572E-002  -7.5646477194720868E-002  -6.1522451127256940E-002
  -5.9131585588693955E-002  0.19909582659841460       -9.6149470870847922E-002
  -3.3408611155751999E-002  0.16791729422534132      -0.16546544038127875     
  0.96527166970658917       -4.9744385295895182       -1.1225640001102080     
 -0.24253261210428118      -0.21677217623677680       -3.8833699489681718E-002
  -6.5797565015850934E-002  -5.4844729283685927E-003  -1.2284700104887449E-002
  0.11407278684712154      -0.20200180045978228       -2.9783299927485973E-002
  0.98613250417110232        1.0034720103511934       0.82021649576112299     
   8.9758759528169915E-003 -0.10323529266765533       -5.0462617638603546E-002
   2.8182872998445567E-002 -0.22281935380543483      -0.21622690174388956     
  -5.6252982077692781        1.3249497572095588        1.2244503241629392     
  -5.7571257132845971E-002  -7.8945774977528700E-003  -7.9253234708258680E-002
   5.5903115512647137       -3.1631766216573887       -7.6255895747006015     
  -4.1698271856997193        1.4677051945078368E-002   4.7877778810953835     
  0.36511370058077774       -4.6919800473862296E-003 -0.53144392869744073     
  0.35575140175639580      -0.71597900786487545      -0.18988666955022454     
 -0.98375075815083801        2.5615203165638891        1.7075828097482879     
   2.6531903271610671        6.3778973849019742        1.1617058440369112     
 -0.23901168914721907       -8.5586007135111716E-003 -0.15343385008407417     
  -2.0453389562261410        5.0735623876627418        2.2585969815730205     
  0.16206409836094490        1.2798154048348900E-002  -7.8634442310753130E-002
  0.75522506480153062       0.40946625760362204       0.23188138169484390     
 -0.29951451596146256      -0.12531286482646872      -0.17091088901961665     
 -0.24544368736661776       0.14247395643836500       -6.8052608898412345E-002
 -0.24810445998499625        6.5481127352877127E-003 -0.26744521044167285     
  -7.2032327341937000E-002   3.0101439993308613E-002  -5.9310592864718049E-002
  -2.2901345856920163       0.84918308741770065        1.4959041361199610     
 -0.23864808681429353      -0.41886871471175752        1.1850788268515787E-002
 -0.11006620014933820        2.4092880483859318E-002   6.6097971224125932E-002
  -4.0532729905804148        2.3024517743390671       -3.6286055540064797     
   2.3862792076729629        5.1300349476754299       -1.1137702180779192     
  -1.2160328306583079       0.89874101775102455      -0.71313578401652844     
   2.9704490328056705       -3.1870449887782217       -2.0542406373618185     
  -2.5204715166650640E-002  0.36227531682718611      -0.23057116203029687     
   4.8553209172615253       0.16806135025456301        3.5442220059785301     
  -6.3442031685702144E-002  -4.7155808130843982E-002  -7.2125653579223015E-002
  0.22259414608283659      -0.32321311114565532        3.2535873643652664     
 -0.20669385863041786       0.30520633788097395      -0.19160014140084713     
 -0.67459805039930310       -8.8605137025300884        7.4595368744315484     
  0.30206991493575247      -0.55157519966236934      -0.29367840325054256     
  -3.2870810659566443      -0.63811393926842408        3.5336072093052930     
  -3.5253172549238307      -0.60466358625435512       -2.8646186514356629     
  -1.3929791167875782        4.5304772571445939        2.8159787853122720     
   1.2512272763935466        6.3265009608206073       0.19437961655670385     
  -4.4910593021337417E-002  -9.5192844543281363E-002  -9.7509319355823382E-002
  -8.6306112082291025E-002  -6.4901658387222949E-002 -0.12790888421152366     
 -0.46758457637729850       -5.1616244777740815E-002 -0.35832451025027789     
 -0.56284528724232441      -0.33714769733808508       -2.8784289684789008E-002
  0.12461999387586395       0.23730048461409550      -0.23041138249979171     
   5.0313272886285454E-002   9.1630134573565572E-002 -0.13271072078288235     
   1.5634467470428619        7.0656564600374221       -2.6671909918819758     
 -0.25553818454396143       -6.2091499058155135E-002 -0.24844879125548219     
  -2.6411833477559168       -5.0357581434818357        1.4108215973839771     
  -2.0021085172760826       0.11460428733342042        3.5915145900941754E-002
  -4.9587206344055286        1.4320501426739385       -1.8829573258022032     
 -0.54383014237718585      -0.37917176346350201       -7.5266089310539186E-002
  -2.8751152366556527E-002  -1.0669946693341349E-002 -0.10486634383399919     
  -2.9592941225279255        4.7017448775815369        3.9881747766855695     
  0.52294086333333456       -2.7597882788714405      -0.72682723767603430     
  -3.1470256561310306E-002 -0.12302360795604007       -9.1223035825684279E-002
 -0.31169160803101725        3.2040075987133564E-002  -9.2385924265193764E-002
  -5.2843681973908305      -0.94829567302800555        3.7043048036243551     
 -0.10349540008611466      -0.11105727285092366       -9.3884273936142876E-002
 -0.16647589760264686        7.0251673404440702E-003 -0.12123450395534729     
  0.51710386289370958        3.6122768023626128       -2.4035242201519726     
 -0.84130732266062291      -0.63654083926405591       -9.6133353296374846E-002
  -1.0964372542733773      -0.30981432556780597       -1.7887684347424939     
  -2.4348705132717963       0.75214704621111739        8.9468601398580461     
  -2.9463352869575819E-002  -5.1751190482873501E-002 -0.11845150719431731     
  -2.3579714149699762        4.6787603942088161E-002  0.41472733440710613     
  0.15990740079704199       0.33834566690560058      -0.11402507641429369     
  0.10755720739509092       -6.0765811503013023E-002  -9.8677653641871851E-002
  -6.4188174270638124E-002   1.7128077316756488E-002  -8.9844284726575407E-002
 -0.12706549559843350       -3.1923103446009203E-002 -0.12369830041889440     
  0.18242860406988526       0.19263470396237761       -5.8961297098730242E-002
   1.0736975046535848        5.3725063794755599       -3.0799533532904544     
  0.57403791722407371      -0.22793902535142468       0.22142242962658329     
 -0.24947655658051548       -6.0061767561646044E-002   2.5390006159675245E-002
 -0.15398229860209270       -2.6424236809945600E-002  -9.6701142607913584E-002
  -6.9131144579071255E-002   4.0656462921118276E-002  -6.1001231723487301E-002
   4.0069142794366353E-002   4.1389694458560160E-002 -0.40755146333986036     
 -0.16598344584566208       -1.5595573260547155E-002   3.4754100246161122E-002
 -0.18521107299881265       -1.9821058546767287E-002  -5.7352223169321676E-002
   3.0683375115945113        6.5885598346562073        1.5923688843220276     
   8.5995852261452777E-003  0.10909286074526353        2.0558909326016785E-003
   8.2233265285187720E-002 -0.11691331311569081      -0.55423582460989385     
 -0.10871888356017954       -1.2592600326816396E-002   7.2220683522106671E-002
  -3.7083319768720342       -1.3333764590180837        4.6349591085543400     
   4.1228400735965902        7.4537318053367496       -1.3351725698959140     
  -5.0076482105508351E-002 -0.25143565647809868       0.16576114652402313     
 -0.49523702518033036      -0.71248614166724522       0.88690451813394555     
 -0.21071485475775603        1.9929133720886651       0.25446748661664126     
  -4.1802252506515609        11.010795434968470        5.2397807310924698     
 -0.23950738629543603      -0.16306866711044565       -8.8101142474056010E-002
 -0.11308108511956705      -0.20970358532854372        3.6320968565311702E-003
  -5.3794708823141836E-002  0.14089586428408846        4.5304569597581168E-002
  -4.0548191612753515       0.91827684762793260        2.8069728874952169     
   9.9422216536927954E-002  -8.7914375529419234E-002 -0.47794380397527042     
 -0.16526175536461468      -0.11972659480575705      -0.14240675429852254     
   6.6175320323852760E-002   8.3839132145968071E-003   1.0635225960045522E-002
  -6.9224135948981858E-002   4.6712440834798204E-002 -0.10337047112660346     
  0.62984557156806675       0.20755085407263985       0.33100891378281483     
 -0.10567820963523140       -5.7603847247768000E-002  -4.3536653495226174E-002
   1.2428122595733107       0.22813058289369775        4.1153207821874753     
 -0.19828338749913563       -7.3832839682583140E-002 -0.10186657353304848     
   1.9870289279068241        11.147136841697714        36.402278550710214     
  -4.3897017046742419E-002  -4.9179008837332751E-003 -0.11042636920781444     
  0.23807548755335811      -0.13041555999568769       0.18902459539101749     
 -0.13804952533084991       0.16142711765589687        9.6267104847303095E-002
  0.64826430424826775       0.47793972245916633      -0.44896789021366706     
  -4.1492360842867615E-002 -0.27426447194542730      -0.13981646986099630     
   9.6871390603807619        6.7830950011070348       -8.2484654415695768     
  -3.4551843717094601       0.14963855080301780        1.7216651999863823     
  0.60724102170108707        3.3738686975873269       -2.1221034507254779     
  -1.0687434944308016       -5.1484353931801357       0.41952838834607598     
 -0.16059213185996274       -7.0477465305213496E-002 -0.23590982100084143     
  -6.6251281975201443E-002 -0.37580113221230593       0.13395596697055059     
 -0.26504572274760102       -11.656105138583857        6.2512379761245800     
 -0.11165185357749575        3.4386961490942322E-002  0.10050080654686266     
 -0.24577801344895714       0.16062983289969970      -0.69692300053301071     
  -4.4957554240329690E-002   4.0587629336698156E-002 -0.28407020830438101     
  -8.1845996691743448        12.528149154799179       -13.014746508726571     
  -6.5412823769475562E-002  0.13699317133805525      -0.13834276863445327     
  0.25255780484060258        1.2974921998244766       0.39304567863682788     
   3.0749985216962927        1.7476004212168703       -2.3047619808827404     
   2.8967460913539179E-002   4.5297998790750860E-002  -1.2108206633839855E-002
  -7.5172329088154563E-002 -0.30947438813909478      -0.12357713721759293     
 -0.19278713536745917      -0.32358333269277700        6.1757047638206081E-002
  -2.6718180839951327       -1.9420586462023322       -3.6492805734363549     
   1.1471917821539273      -0.76561434811558471        8.4792086296511360E-002
 -0.33089613708412452       -2.1143660719221753       -1.5230178342790748     
 -0.15799136474541645      -0.11023414561470608      -0.17524560515370602     
   7.1693936542801553E-002   5.2677612292074724E-002  -1.0345715803266025E-003
   2.6176145228257491E-002  0.19978440611616421      -0.12381946364330017     
   4.1695595151654198E-002 -0.15322376677339183      -0.12095483564108808     
 -0.29001093034178838      -0.67876862760572410      -0.70457247705282666     
   1.7354813285765816        3.3666073312548659       -2.7652148486129233     
 -0.94761274105909954       -6.6639555389080334      -0.58339286101266663     
 -0.35385355024906723       0.22898466405144138       0.35472790347162303     
   6.6305669585164893       -1.2456890549406163       -3.1120963814838190     
   5.3552211260403659       -2.0857260689225217       -2.7623526335595168     
   2.7320846183743461E-002 -0.25519264887506510      -0.12868970681117206     
   9.8718867144317546       -7.2977574892553259       0.93846216415975325     
 -0.79340622046116227      -0.42812280189906338        5.2827156661090675E-002
   1.6942049338489640       -26.208182076109789       -38.836474495052613     
   5.8302600600568320E-002   1.8480959631297422E-002 -0.19806942928260932     
 -0.14199272907226079       0.25667098383905929      -0.20146058971229483     
  -2.7687196211410603        2.8749985910087079        1.4621744217372701     
   5.8912895274526011       -10.349007635952521       -3.8036104031112328     
  -11.904012175480071       -2.7698146862017481       -8.2229645259309834     
  -1.6257487578054188        9.2687699442671239        8.6545466862411544     
  -3.5783768999158153E-002 -0.18808867486789041      -0.17203036601924201     
 -0.49145932627462868       0.27028242418824827       0.27379095104243073     
   3.9863839684719569       -1.6132497303989854       -2.1654502178518724     
  -5.0878440057919585        3.4428473537449054       -18.092218845564943     
   3.7394906505250538       -1.0276281712092921        1.4478608108999049     
 -0.21228607594593765       0.21641038397727633      -0.25265134348256296     
 -0.16681632446755768      -0.18581454271488027       -4.7283514764989147E-002
  -2.9911487309403437        1.4755171669111362      -0.57723754087622559     
 -0.96238188189267959       0.33243483206682278       0.85584061340855011     
 -0.27372823319500678        3.8223802766872310E-002  0.11317896246806997     
 -0.18978157200781315       -9.3531264358358471E-002 -0.26946672079372475     
 -0.16781393938633501        9.8799268014457362E-002  0.12916695513675261     
   2.3234475603793985E-002  0.12738090799293822      -0.27236246294056510     
   1.3156376992362893        4.2186818756103639       -3.7607631893674194     
   4.5457621028870374      -0.82214460672200962      -0.67143055525212736     
   3.1831090116189481E-002  -3.4907365277118263       -7.2826763316821017     
 -0.18982237051079329        4.3338768945636603E-002   9.4230060625018503E-003
  -2.4998802992088081      -0.30086095372638866       0.53424783022412559     
   2.8737350600224194        3.0751715523436851        1.7519245258504539     
   1.7800464223125794        1.6651600524286463      -0.24916170892762138     
   9.0459921114287752E-003 -0.36358172546003681      -0.21985783028631600     
 -0.29928406354039860       -5.5688650471474560E-002  -9.3040047089402819E-002
   1.9345839005191202E-002  -6.3363143918480608E-002 -0.11904353614623915     
   1.9519732697143315        3.3941935450863530        4.2324678655332884     
  -4.5668264960961462       -3.0201138305064914        7.4165618481545517     
  -7.6331498310438659E-002  0.37158448581314235       0.29605826387899586     
  -4.2131735416798159        3.3752521961625246       -2.2802509021176935     
 -0.90881826376483765       0.51347755274135787      -0.14417038335184576     
  -7.7997494267511538       -2.0092105267540328       -2.9387603889683316     
  -6.8525070741769056E-002 -0.27434415237561044      -0.26684738399160479     
   6.3013178386161792       -3.9766646464828019       -2.6897524681237428     
 -0.12849431932946093       -2.6949958940289905E-002 -0.25446539254630629     
  -9.3816524501930218E-002  -9.3578147314101398E-002  -6.8082784972368828E-003
   5.3878319706461744       -1.9647922889877540       -2.9804475177105241     
  0.13963069025667241        3.0199565257833116       0.42918119636869395     
 -0.12918478893613342        3.9924981427962372E-004 -0.11859803126665737     
   1.5146328796127886       -5.3236064553270053        2.8963165979190415     
   4.2337186308407766       -3.0007498681642573       -3.4937538573085947     
  -6.7742777530463316E-002  -6.0714684438627473E-002   2.6963690705488593E-002
  -1.1502345488889090       -5.0694411115952374       -1.7595307731204766     
 -0.11158877633027900        5.3726729315159281E-002 -0.19832900410793497     
  -3.9954097530954136        3.9456755313234906       -8.7861520740610981     
 -0.13223049743522602       -3.3300353908375893E-002 -0.14673887054809823     
 -0.12353686271474316       -7.3342211613291838E-002  0.17457649136452344     
  0.13375765579606086        5.4987664813893361E-002  0.29724758549053298     
  0.30601740908272640      -0.95618703128254356      -0.25658336251764552     
  -14.217786553297573        2.7101801719602636        40.965042163123833     
  -4.2908593382550650        4.5156929977250009       -2.0369746266790210     
 -0.19799520857152456       -1.8628686062658974E-002 -0.24462392363480159     
   10.465894003876057        1.9102995535135625        16.243139219829043     
  -1.3609069775309481      -0.73132278193140410       0.93909392645532741     
  -7.8483110040385204E-002  0.12541970387223345      -0.18759788162952942     
  0.20615475486101970        9.4069747134798487E-002  -8.9402844633674317E-002
 -0.11949443441059070        2.8712745989812029E-002 -0.12446511877998880     
  -1.2050574149359283      -0.32288215274488336        1.3372836106147010     
  0.18473759752011029        1.0254467949296142      -0.38842998721899780     
  -7.0841171147875013        6.1221789644473761       -9.5340161888894546     
   1.1758520417150082       -1.9260448894935236       -2.3464234259854200     
  -8.4526234483996363E-003 -0.20894473829371116      -0.15123326398778936     
  0.55636537255267571       -1.0277362968324928       0.17211786618875866     
 -0.15402402707489021      -0.27915037909327683      -0.11661074620176690     
 -0.16509605494809351        3.4647615939830116E-002 -0.20078835800978315     
  -2.3222465377970881E-002  -6.6718957405939982E-003 -0.22863151925659922     
  0.41463030675904633      -0.61027190629766170      -0.64044841157311183     
 -0.11794157364800563      -0.30915096529722824      -0.16724096289905671     
  -7.7784947020810277E-002  0.21683792267053459      -0.12187094095676210     
   5.2467439136191285E-002 -0.58686167516689869       -6.5081465036794933E-002
  -3.3166099207988131E-002   3.8003406039804274E-002  -8.5580588208101091E-002
   4.6925656462669142E-002  0.23106499218944085       0.20077956215928372     
 -0.22443599200611808      -0.23189879082772424      -0.50295126450913019     
   2.2757704972833435E-002  0.27503682974885002        7.2999652429171863E-002
 -0.99356621408347101       -4.7098227123044412        1.6928856490657260     
  -3.8499079902887749E-002   6.1534469269200667E-003  0.20093687555076012     
  -3.5520584809324038        8.3140386182446208E-002   1.7109729453291467     
   1.0012858571376355       -3.4736616418149007       -2.7009572075875021     
  -2.3087990835671052E-002  -3.0733497377713775E-002  -6.2478280506330156E-002
   3.2622547880328114       -8.7061270953735583      -0.72730094177498339     
  -3.3495658771958361       -2.0840920292655114       0.12054876960743904     
 -0.13034629544038714      -0.14704096467509517       -4.7191391208477963E-002
 -0.33703123890258424        4.5343532525146515E-002  0.10128345634040120     
  0.25474430837789930       0.18188610176652484        8.4059861508412784E-002
  0.32893698587126691      -0.57914291762357262      -0.43175158415305565     
  -5.8248761100129709        3.6641606552092303        2.8312577025076986     
   4.8648026636084047        1.2840049155852560       -4.2793474916002259     
  0.32661767777340239        6.6700059303907020        4.0388834599296661     
 -0.13494613410157447      -0.11171432888574091      -0.21783017862700602     
 -0.18462115119168493      -0.19616289195691589      -0.41330507760023810     
  -3.4128210419642100        4.0322420646092665       -2.5281339379210745     
 -0.23263999388837997       0.14341799848231535       -6.0409150730371994E-002
   1.9291960088489518E-002  -3.4633270562654257E-002 -0.21405829920677907     
  0.21525557533179018        1.9295566715389421       -1.9058717472605264     
  -5.9824406603972822       -2.4455587819672662       -1.5520291828755364     
  -1.6674207954446261       0.13120050988713131        1.3480884316579076     
 -0.17091497987582793       0.13062532610574903      -0.22605248601529757     
 -0.12588350607358917      -0.10480633812291600      -0.17667336985979001     
  0.31285441234095096      -0.47536948380619132      -0.30547302010583810     
   6.3783091373707093E-002  0.13866166503408692       -9.2171432180178536E-002
   3.1541087546790503       -15.588791024935349        4.3611293073026065     
  -2.7316404436303641       -2.9363352260928477        2.1775585079329964     
   2.1124014831340236       -5.8349178190749758       -3.6813026300866243     
 -0.62660937236883441       0.32948404100498802       -1.1998556331913339E-002
  -5.1847459622285950E-002   2.8340488213273334E-002 -0.19784015614985664     
  0.10541591076316684        6.5731872575749790E-003 -0.10253665575053100     
  -13.703658935113745       -6.6204204869026348       -10.658395587111139     
   1.0286044832201243E-003  -1.0727775663992805E-002   1.0324188861260844E-002
   6.2999065284138185       -2.4171984767409271        5.9204253326573504     
   2.7891615765862781E-002  -3.7348056306476182E-002 -0.19889237468404641     
   2.6990539447017792        2.3963724978979761       -4.6565697542827618     
  -4.1038286711729911E-002 -0.65537380048742866      -0.30721965458736156     
  0.33246726096629292      -0.87253734592870091      -0.40272881666130300     
 -0.15365212621752586       -2.4555994888670032        1.6560611448423674     
   2.5716936557818100       -1.0679227006744976      -0.82639505057340046     
  -4.7667465173102990        1.8179326719441948       -3.4784225854970261     
  -6.6217288056727419        11.594606679452124       -5.8200735409678650     
  0.16802034842395017       0.15875242249637947       0.19937314563510938     
   5.4994662983299829        7.5493899735635512        7.8273923336123019     
   4.1670171222759640E-003  -3.2941668949558696E-002 -0.22153158390809630     
 -0.22572000737212436        4.1160324581803950E-002 -0.31791399342324739     
  -4.1084109809639044E-002   8.2878409869039812E-002  -6.7061226007840896E-002
   1.5025203150555935       0.79888518187185509      -0.22138990107903095     
  -2.5246520548529838E-002  0.55985388512000356        2.1965107984951819     
 -0.10695188183634752       -4.9310164328679297E-003 -0.21683551760408851     
 -0.17296353638517509       -1.0326141298994639E-003  -2.7538262477034166E-002
 -0.16862594463402172       -8.8717122152616162E-003 -0.20522656411934398     
  0.30834194363681328       -9.4574136625110328E-002  0.44340793053542016     
 -0.15613736372751569       0.42282632672522108       0.24203643541245282     
   7.7507760937602435E-002   2.6926296051143484E-002  -1.9467569758515827E-003
  -2.1084260524431557       0.67277259051174443       -2.4693151335612620     
  -8.4317225727812334E-002  -1.1129791251700840E-003 -0.13445638841898183     
   1.3242030766135329       -2.1768139283565069       0.59241968501324205     
  0.60608379184007644        3.2530257655517563        6.5995532783589184     
 -0.72412882546966661        3.3213376971509159       0.86824368069320401     
  -3.3898322080641297      -0.69710421781012011        3.5666907845281761     
  -5.2248321525868195E-003   3.5107823420189782E-002  0.26217754550423833     
   2.7036836022461506       -2.8565794677579950        3.7685785454176410     
   4.5650640641051785       -7.5919527201191608        1.3606044463036642     
 -0.57500672033584377       -34.722912423483088       -1.7636552154709713     
 -0.45640307926550644      -0.23259892220674910      -0.14425503025532202     
 -0.11060665926507526        2.3911940419219097E-002   3.2507558936758968E-002
  -6.4564399625627419E-002   4.1252077727672740E-002 -0.14498074420444534     
 -0.30793799981103942        7.0839056888869004E-002  0.10019771617608191     
   9.1122496703593861E-002  -1.2758453704901600E-002 -0.10565935176839272     
 -0.21743280509206495      -0.13110315021797481       -9.9806040067124749E-002
  0.21491713007693811      -0.93592140445026961       0.50993483801622574     
   4.6123808071276819       -7.7065471258514764       -1.0681448967130214     
 -0.11412457939387598       -2.3069792784460412E-003  -9.2082551702497961E-002
   1.3383915946640919        2.0876981741851997       -2.0736097032928260     
  0.35139184889522074       0.81342913077074308      -0.72394842942840321     
   4.8979065047019725       -1.6961861985527773        6.5264816020798415     
 -0.10928270676629283       -1.2462980625977833        4.5657489967502046E-002
  -2.1820702552675622        1.8818922832218177        1.4711685504427063     
   1.9576929335842868       -4.0032544585207699       -1.2927201579110417     
  -2.6702998788780918E-002 -0.21577433570386251        7.3805620219038652E-003
  0.17208195467935447       -3.3568280702649146E-002 -0.20812908071245931     
 -0.14714778357947228      -0.19998252851060958        4.2456122509211582E-002
  -4.8808689701115551        3.2900372808642580        2.5692850999164270     
   2.4782562078130899        2.3881950251909942       -2.2656354686180293     
   4.3734093038048636      -0.95160530704431145        2.7597003154241371     
  -9.4371661203889207E-002 -0.10520835558443341      -0.25616540326653842     
  -8.3492680000290545E-002  0.18902109187928984      -0.18345361619122838     
  0.12462741252631110       -2.1619328020219378E-002  -2.4239294659073204E-002
  0.31908202007147329        3.1764476752411550       -1.5947650805800881     
  -2.7109724012554758E-002 -0.19980441560296702      -0.23907503185680457     
 -0.60318502588137080        3.4653908465055210        5.1162717325525264     
  -4.9507189512377890E-002  -4.9771582145041300E-002  -7.7776548971368709E-002
  0.26892648384472334      -0.11230816009709083      -0.11672230107951893     
   8.1481247064970924E-002 -0.27583276635191095       -8.1099421981200001E-002
  -2.0983699627665411       -2.3645249912074879        9.6604834375225351E-002
 -0.52811108043011457      -0.18173458952432336       -7.2766580635203595E-002
  0.25911925961073723       0.40653882104426886       0.59423894280127687     
   5.0817333471157236       -2.5873976983878917       -1.4138145514027103     
 -0.35614212235040021        7.4815680524765713E-002 -0.39423142636743308     
  0.31418150900866160       0.10554259300605359      -0.13307551384754845     
 -0.12317437341080777       -1.3373005008325521E-002 -0.16597906389526937     
  -3.3783064067569868E-002   2.2500781901448910E-002  -3.8392196340341963E-003
  0.34198470697675215      -0.11631762992931047      -0.36232260004199185     
  0.16811279196843498        3.0103824528176615       -1.5796397578955319     
  -9.3355265354637895E-002  -7.3167075345357130E-002 -0.17801772613281469     
   1.5258326735061056        4.0411440210177121        1.9046925010321620     
  -3.9230377793397251       -1.0684048728383180       0.25778552319579678     
   7.0361138475534872      -0.67967243370535912        4.3518079730386141     
  0.29750184561928594        4.1890310443452372E-002 -0.10406612703076988     
  -1.1980852288106043        7.4137730002988693        5.5880808698517122     
 -0.10760532485193779       -1.3238835102812985E-002  -1.6121386496136970E-002
   1.4810725036833754      -0.86118213614621275        5.7737644399180414     
  0.15653659869286207      -0.24028493630499678      -0.38895027510522495     
   1.6566422742781863        4.0153949653347505       0.76984830151440331     
   5.4598183705678043       0.22110527947370581        5.6202202248769249     
   4.1028775102903365        2.6418207939675633      -0.95054180018150702     
  -5.2645950101157253E-002  0.20263468301325041      -0.13715752991497293     
  0.77862479594576084       -1.8063029161147544      -0.66859467648098492     
  -3.4920790128595414      -0.34482817820038059        2.6919377058992797     
  -4.3153677788408844        1.0834812099024544        6.6073566556803485     
   2.6057242748517884        3.2070637081834752       -2.8930146963188776     
   3.1226916276590089        1.5696625786255314       -3.8557206808497129     
  0.20354264793850044      -0.13405117385585405      -0.39221091384075923     
   5.1307314874556820       -4.2368413318180913        3.7606520964340193     
  -7.7854871539543771       -4.6819615753814281       -9.2152229196323443     
   2.9317560961769797       -1.3723789141734346        3.3241228448204452     
   3.8166443680034976        1.8209609602334947E-002   15.128409148466780     
  -2.8671593864219983E-003  -9.8648950439685343E-002 -0.28650559870511133     
  0.12900229712158406       -7.6255785092361847E-002   3.4001419909861726E-002
   1.1796236779374809       -4.9189401467801890       -5.6335519720001219     
 -0.11196689000694937      -0.14937902157982536       -4.5188751009397940E-002
 -0.50923569377005551       -3.5000177985589205       0.60583059464940203     
 -0.36326128589428230       -3.1646555496194918E-002  -5.1901311866594475E-002
  0.65603874281730201        6.5077466971236300       -3.3263697973744621     
   3.2732222116985704E-002  -5.4874821923245158E-004  0.19412775195130083     
 -0.11029058788265751        6.1266444333672274E-002 -0.25845759544664021     
 -0.10352250479291258       0.13254522763860976      -0.14354351117772837     
  -4.7768362776737704E-002  -8.3489219536200324E-002  -3.4314861041630243E-002
 -0.12420893145682618       -3.2962520045703811E-002 -0.11303280723225087     
 -0.35742359111032690       0.23041351828835818       -1.2882520078945541E-002
 -0.50672674662137107       -3.5992390745329232       -1.7086164300142723     
  -3.7439333668893697        2.1120508745519615        2.2188160072134639     
  -2.6341466171723891        7.3897097066268609       -2.1020069884490415     
  -9.0500038729330795E-002  0.10737850520952011       -1.8016630282295974E-002
 -0.12929239553805019       -4.3479965110795049E-002   4.0339617193332462E-002
  -2.8961685031037039       -3.9756706292478938        3.0241598906199170     
   9.5566240381145168E-002  0.26064983818909476      -0.31424618589300446     
 -0.10062444282029810       0.20340016330059399      -0.10059023311604942     
  -1.4499656058761530        1.8906801481151096        4.0649079933184566     
 -0.20508963128366028       0.24462068215841076      -0.35602159567775460     
 -0.31813830795296744       -7.7550910478249357E-002  -6.9513617251620266E-002
   2.1726140169440766       0.43185859478751348       -1.3400311673833287     
   6.6929953534290265E-002  -7.4986368122369196E-002 -0.27900690765596203     
  -2.9480220415681750       0.27957668516149353        3.3089164196963554     
  0.60096555150119457      -0.80212923476408349       -7.2500712308694301E-002
  -6.3657176294428505E-002  -1.4896706864002915      -0.25661454788697863     
  -5.5047639248695164E-002 -0.20064079181368227      -0.36303694201661013     
   5.3250067483897148        35.653287549503538       -14.764304747983230     
  0.35322884990260006      -0.43805694839193587      -0.95868649205151946     
  -3.4654770840053848      -0.64287678891892319        2.9056759530573184     
 -0.10372080161773985       -1.0702431094986866E-002 -0.12718552093053831     
  -5.0925866783385780        1.3060899477730841       -3.0350626088824439     
  0.81865887244395952        2.7257606798419256       -2.0635091483765557     
  0.21432412874439730       -6.9360368323727117       0.42007830055884099     
  -3.8077318729617491       0.44610396756912135        1.1680208391005045     
 -0.21077346095798727      -0.12274240248725719      -0.23639791678610902     
  0.14840675221595415       -3.8394396023270621        1.0075848934006284     
   1.0913607771096552       -6.9882487597595606      -0.14956053474941314     
   3.4670470552122237        3.4860600130655932       -5.9517198191879359     
  -3.0222748627943732E-002   6.5355087271903159E-002  -4.9166229617114775E-002
   4.4637431426284860E-002 -0.10416155666199467      -0.16130059935044611     
  -9.8319777136315192E-002 -0.29425374694096751      -0.14714685083831278     
  -1.2912471056524268       -2.0115101481081061      -0.17585213519039511     
  -6.8630836269077911       -3.1228661712904948       -3.5783384978376191     
   3.5568487990926929        7.4855842952717078       -4.1985414209571150     
   2.3746814519662193E-002 -0.14438469474474569       0.19853762527368043     
  0.68392437117380733       0.16181855459249608      -0.20150994651963061     
  -2.0465566329668379       0.15583562330147613        2.0050224169385631     
  0.37877639753909870      -0.65453756203389823       0.42242834661523310     
 -0.30931919462974228       0.64114126652936287       0.45548952143748200     
   6.7194498304705039      -0.72299207632921059        9.0166572385571087     
 -0.17790166389316220       0.24865500917884736      -0.27890427691239600     
   2.9780742846122878       -3.6362560820108123        3.2057915716118752     
  -4.5170268578872623E-002   9.3271385408239496E-002 -0.34450405510797250     
  -4.1118846752270199       0.93663767845793777       -1.7116823317499792     
  -4.3645892063198515       -4.4409452273869379        6.3107126494265424     
 -0.12047258095315634       -1.7767933965783134E-002 -0.17950575745690531     
  0.49515710906761101      -0.53753417066678966      -0.29299063900273753     
  0.99614249194589966        1.7331975388403711      -0.95481542794697083     
  -1.4981379059813329       -2.4737123298087584        3.0601180458452286     
  -3.8312741084914288E-002 -0.15920373145386735      -0.10578161633838672     
   5.0982386058059145E-002  0.12560476116596492        4.5011143589002968E-002
 -0.15391059280373579      -0.14004017300663241       0.31357264514696198     
   4.5254142795896311       -6.5829737942660431      -0.29194749023583733     
  -7.2633387249272152E-002   6.7079173546104390E-002 -0.22517193743598374     
  -4.4737976511176100E-002  0.31109139158044619      -0.31372706123180011     
 -0.10336717762535227        7.4884029238758195E-003 -0.14143502983773412     
   4.2360667488368885E-002 -0.11478622042329320       0.10319037491325365     
  -7.3172905729204929E-002   2.5438962036378951E-002   7.1923980980361707E-002
   4.0840078036131127       -1.9923146640080063       -1.9426038166935324     
  0.62050597245924111       -5.1345335077153438       0.48425723891378392     
  0.33412532054122729      -0.38695351033637226      -0.23962644866628083     
  -4.4252921503615763        14.328689500607419       -6.3528327138082386     
  -2.1529838124266267        1.2930987172719550        2.0177545748881220     
 -0.26674714726952853       0.46613488146389503      -0.11241798010767837     
 -0.13012579756918527      -0.22416826667973713       -6.4548179459504140E-002
 -0.13012540215055618       -6.4172770974321280E-002  -4.6525011934215280E-002
 -0.25473515139600128       0.74571143753793290      -0.88688376951683479     
  -1.0449972834235228        5.6317154881831941        1.5238571625577606     
 -0.57618318217210607      -0.40984628946795199      -0.16784998746955679     
 -0.12369220264838109        6.4149040068203503E-002 -0.11570688423360437     
 -0.23911649596111711       0.10306165403306744      -0.26356264412461267     
  -1.8659003899457225       -1.9308489337530053       -1.4932779428330143     
  0.51337004892999327       -6.1031213015777519      -0.97466621750999283     
   4.0022231781779176       -5.9940296251103549        14.144296707346134     
   4.6665934725242169       -5.2424585812604967       -2.1093608091623093     
  0.15101163427202577       0.49245243549542739      -0.64303558344873213     
  0.28002512244030198        2.8651831988903167       -4.6137001711849193     
  -2.9188968129993351      -0.28711956824223889        1.9027874878766113     
  0.48101009994566879       -5.2978274758218866        3.1479184310459924     
   2.3418289184419669        4.1605773596539644      -0.83510887567790548     
 -0.12243601770556332      -0.22500779187245110       -7.9543656481389918E-002
  -1.5116792692240444        1.3970171551844408      -0.17320332065607172     
   2.6467608632270410       -3.2275604157766034        7.0733925865384171     
   5.9526359948912935E-002 -0.10761236417715579      -0.13401202471393006     
  -2.8559870503844623E-002  -1.5758803191836201E-002   4.0741331112963845E-002
   1.3134405941932078E-002  -3.3627300885217162E-002  0.16853805309824688     
 -0.19267020700422036        4.0160750416847468E-002  -1.6641694697772477E-002
  -8.5849741027124588E-002  0.56184713737282066      -0.29922771378425328     
   5.4734174362036481E-002   6.7516528085714164E-002  0.30715081472307809     
 -0.12482638113539352      -0.15368200843945359      -0.27991866774113638     
  0.12450804552530373      -0.49305527281456685      -0.51039961146816215     
  0.60074267486696253       -9.6164191599538711        3.9857694271898358     
 -0.15956158893314210        6.5299027732591969E-002   9.4880145220032755E-002
  -2.7519062215554536E-002 -0.10361044892641606      -0.16881294346746148     
  -3.5702284946665701       -3.0403546700052568       -2.8941638626225128     
  0.53653876366375630       0.16184903349403840      -0.46831955162912398     
  0.46936784036355672       0.19991560438546413      -0.14631489244812285     
 -0.21352395074634148       -34.340913763843950        18.632682014717762     
   5.9263904648944182E-002  0.23289457613682135       0.15628612077960710     
  -1.3037198215244346      -0.36534436714097840       0.42366670353164282     
  0.14191009354642875       -3.6565455200856523E-002  -1.4102801119166163E-002
  -2.9209427706473865       -1.8890167625976080       -2.7506749615766597     
  -3.8255397580428712        2.4103439028939890        1.1773921640391565     
   2.9500646356615703        1.9086869782514919      -0.53999225464847656     
 -0.11198027355151122        1.8985424189051199E-002   7.3563255931188398E-002
  -1.5920850622282317        4.0850586873192158       0.98314885950530961     
  -2.3532970362776244        5.6819674964993512        2.3952928478272444     
 -0.24740287000554745       -4.9926793016397353E-002  -6.6458428704301215E-002
  0.12351931339590361        5.2972819313047488E-002 -0.16351477308018447     
   4.1746871110106580       -1.9544636591627587       -2.5598528023406701     
 -0.27239940200091045      -0.13734293827198743       0.26452610082342787     
 -0.24726907566238712      -0.19662095307613855        6.1755043552412972E-002
  0.29190394830632310      -0.12660307071555071      -0.10227741397054663     
 -0.12852141782465271       0.20866632814193656       -4.4390398257146586E-002
  -2.5079224452185112        14.701758217890283        7.5134114889258408     
  -2.4588292711153594E-003 -0.85356486858285407        3.8297361167812009E-002
 -0.64377019073065866      -0.99071057347964642       -1.1450931164729561     
   4.7046840983905396        4.8549966090974364       -5.7902931506732536     
   5.9200432752663221E-002   8.3903788077870148E-002  -7.4030895582837208E-002
  0.43989364674122483        33.983220934936256       0.42132391592160845     
  -1.6941247656676768E-002  -6.0654355591618914E-002 -0.10401974451240557     
  0.47208923527936486       -2.5512194883141277E-002 -0.27402924859373345     
   3.9840731601609911       -4.4541144266631330       -1.5596739686413912     
 -0.13857737540046894       -2.1583040496634679E-002 -0.17500939382301214     
   4.1266883989917984       -4.4686794721292715        1.8322261455563118     
 -0.28408266310496383      -0.51681693586333755       0.51725537973754476     
   1.4191135353028277        2.4435502926666035       -1.9819756799244899     
   2.9542640036054966       -2.3465602117150217       -4.3450933330856909     
