 -0.14357018142157374       0.21468812241940860        5.1360785795115223E-002
 -0.40335927592507925       -1.8519909533182791E-002  -1.7250094998653931E-002
  -7.2954698458246809E-003 -0.13842689537568650       -8.5503264152253913E-002
 -0.36038678992121509      -0.20031366066578637       -2.3549492962033996E-002
  -1.5116671111529020E-002 -0.15770136484020281      -0.11881418685350760     
   2.1495625123420157E-002   1.9647944533017214E-002 -0.33663795128933305     
  -3.3318896703824752       -1.8445991270444997       -2.4624655192068108     
  -9.2466041083556647E-002  0.41445399217607454       -1.2558458060761359     
  -9.5732842609102475E-002  -6.7023844313791620E-003 -0.24503586866333421     
   4.7544096816462993       -4.6634504864017643        4.9756041120243468     
 -0.17551719795700757       -4.6132741798085922E-002 -0.20875302706490992     
  -5.2091411884223310E-002  -2.6175561664341034E-002 -0.25048352032331661     
   2.2599481471013489       -3.6800386922820998        3.2204861992736058     
 -0.24540043850560239        7.8655648668296534E-003 -0.15869314429017281     
  0.10601530787367928      -0.54725411249423084      -0.24358992866639553     
   3.8460296096541300        1.4864380689397274        4.0068578023304484     
  -1.6551365138967484       -1.8613443364653437      -0.53362431923709153     
  -1.1967468492619382       0.15306928013567167       -1.3398850884036071     
 -0.66487587154653272       0.85607051052143301       -2.9027797930052146     
   2.6204831003195594       0.41845427306714650        3.4426394570778780     
 -0.28753853385615008        2.1866336149496028        1.7534832827430256     
 -0.86139333821172659      -0.66634522402949559        1.2204187932758932     
 -0.24568107131185984       0.66235321228955224       0.10451365010171801     
  -9.3532285659754137        6.8018534015356336       -2.3000590013804834     
   1.0339535224069902      -0.32959360446469932        1.4947984647336288     
  -7.3865792842396583E-002  0.11940541609091172      -0.10519732443835177     
 -0.10462968289477291      -0.15827891980096581       -4.6073318105842642E-002
  0.10929499368065997        6.3643100943446232E-002 -0.17860516418301997     
   1.3605044043942032       -3.7125966969028799      -0.14364087928071761     
 -0.22370259440384482       -6.5259524873317945E-002  -2.2372589624374876E-002
  0.71679014890840576      -0.58679777252183907        1.1462069689138896     
 -0.16910255025691703        2.0618923055088632E-002  -9.5059029106438153E-002
  -2.1977222510803069       -21.615813446093583       -14.167655923571195     
  -4.6120509638700860E-002 -0.18980588648488614        2.7100656512659849E-002
 -0.10153118244707006       0.14653812579605580      -0.19082773259279243     
 -0.55468009278426511       0.87837490855810274       0.23455894883295414     
  0.23047177254726384      -0.71896204511616624      -0.50652710148009739     
 -0.10464747072786022       -6.8690609987096057E-002 -0.19508860580102369     
  -3.0774170384231019E-002 -0.14249088015712466      -0.19913197473944280     
  -5.7960749499662179E-002  0.20770948345978954        1.2481245842837362E-003
  -6.6178707015336166E-002  0.19497006876875600       -3.7803743497464432E-002
  0.88459191375015822      -0.37308536903455575      -0.57187244023852168     
 -0.28640664646925479       -2.9044450419534597E-002   2.5359208113474422E-002
 -0.84023126348196442      -0.96672458362617653      -0.89942738233470965     
  0.17792218777493665       0.17700382539236428      -0.23169573507988675     
 -0.47410926493206296       -1.0204408330271442      -0.52533121389097814     
   4.4507117661367369E-002   4.5705383036477469E-002 -0.33117933368523972     
  -5.9851598207113360E-003  0.69389090650923424       -7.6874081096724896E-003
 -0.22480849126336724        4.7628647340004035E-002  -8.5605795763188899E-002
   3.9635525997126373       -2.9662285394693928        2.8229278787377261     
  -7.4571279907897789E-002 -0.11193875530743919      -0.16206863747318281     
 -0.89512395870260286        2.8037613612895904       0.55047836312554432     
 -0.15134608674460837      -0.10407861448948989      -0.13434955219907915     
  0.95267236307261971        1.2935497507278104      -0.33134184011026546     
 -0.23883458609637132       0.21227082595674585      -0.24858888921031372     
 -0.14718748378898211       0.39738930863956068      -0.12522690368114872     
 -0.27890162052002471      -0.34796451766313297      -0.10236676043220862     
  0.78047062494281971        3.4385227470774939       -1.9071470805627158     
 -0.17012847381117649       -2.5654155387810091E-003 -0.13804767897076625     
   2.2859162289575307E-002  -2.7736906000026384E-002 -0.13257562636788553     
  -9.7165707096127027E-002 -0.32570290992589274      -0.16257867484708530     
  -8.6962502491769816E-002  0.25711688304409613        8.1089613765654531E-002
  -8.7257181021154220E-002 -0.12050056603857401       0.17371199687815428     
  -1.3659107539523370        1.2940797590849020        4.9539723078034829E-002
  0.15275723075406555        1.5597410712499447      -0.46927510720773097     
  0.11880375994213456       -5.3166400671490546E-002 -0.18048125519508534     
  -4.0840010694788681E-002   5.1192402906405775E-002 -0.14243488828169187     
 -0.15536938622946989      -0.32260902581104967      -0.21728818170880906     
  -5.2392181050129244E-002 -0.16447392559932195      -0.12214625674420126     
  -3.0375454447814940       -1.2976052269202136       0.36377092028470753     
 -0.21805390085909288       -7.8843394080333811        3.0777592729334491     
 -0.23225265990831079       -3.2448074285519352E-002  -3.6909452549679998E-002
   2.3896119040132833       -4.0370842451545910       -2.3653612953173271     
  0.12681815856012549       -4.7743227643426396E-003   1.5973837250947847E-002
 -0.10070430328323586      -0.17956282794670470      -0.15179077063542953     
 -0.21031030900204864        4.3384467404147968E-002  0.12853638786131105     
 -0.19768119250277333      -0.13067658129604548      -0.25596537792822011     
  -4.2453910314888536E-002   4.0854572916672417E-002 -0.36180273387361173     
  0.18424579825006787      -0.52069588614004980        2.6857239041925388E-002
 -0.12345063607735217       -6.4295709222556563E-002 -0.21947555346152392     
 -0.99916903275904501       -2.2933696606616034      -0.60413168168992715     
  -1.4518965174650960      -0.91008852282312935        1.3299906771756747     
 -0.35228908396253766      -0.15499568375411168      -0.15523567222763143     
 -0.19691508390023685      -0.96063382021943500      -0.56716352414576221     
  0.63684063996175344       -1.3429183602552748        5.1454991843864671E-002
   1.4941353309581236      -0.57504184257676938       -4.3818258049102834     
   1.9040012646742537       -4.6086090080655762      -0.81099413750600691     
 -0.25376247942488245       -4.3406183187429503E-002  -9.8872224580853374E-002
 -0.76618880500424080       -3.3700281750915027       0.43426268069580032     
  -2.3303656311938981       -1.1184694317393380       -2.5671027272278995     
  -4.5601288472753777E-002   5.8910236441487782E-002 -0.13632951616281719     
  -9.0016466033677842E-002 -0.42974870915246705      -0.15996573178464635     
 -0.10131485218597530      -0.13423025143233927      -0.11775335539602388     
   8.7093887803873019E-002   6.8448262408834518E-002  -7.8762171123836211E-002
 -0.13018690342533504       -7.7504433946209671E-003  -5.5616252340891591E-002
  -1.1795759041669228E-002 -0.30263753481844385      -0.18516839905957705     
  -4.9996524783669866E-002 -0.12013064773162754      -0.23601284476240711     
 -0.12851284840221897      -0.17787546674220506      -0.33363845263749825     
  0.29436114010008502        3.1236843698552934        3.1118349044273952     
   1.2791306544969974E-002  -6.7238534465902083E-002 -0.14519978424414445     
   1.3465021325904449       -2.4411937606329035        1.2543129844503400     
  -5.4236811155944947E-002   4.3490879275766517E-002 -0.29765808506719438     
   1.5133619990654417       -1.4233126354966692      -0.90882424629817193     
 -0.45620867166965784        1.0955238932279217       0.33270233127612736     
  -2.5930689453749899E-002  -6.1350991742945650E-002  -9.6752568551747825E-002
  -1.3749461035579043        1.9725882506548511       0.88785388044047642     
 -0.24900707730912469       0.61073530226157802      -0.49995049092989235     
 -0.10913579407301659      -0.13139876693515104       -4.3759208858360644E-003
  0.10966321737561473       -1.7536627119252218E-002 -0.34336712687044996     
   1.1507476470653304        2.8733293415956229       -1.0360508732646121     
 -0.84816588276115901       0.21922611029529510       -6.5339378671912057E-002
 -0.21319839041541006        5.5080181239633763E-002 -0.17280224545906658     
 -0.13673266789799488       -4.1246189938896914E-002 -0.10826490556012186     
  -2.3074096263477935      -0.13900055210376991       -1.3615282345765407     
 -0.39761201709370270       0.55971645298235595      -0.16162065575927978     
  0.62324806856512360      -0.66223862455844451       -3.0114247675701790E-002
  0.43418353356561695       -1.0498893991592795        2.2252028255233505     
  -2.2631393427142744E-002 -0.13349329758730638      -0.21265485328697709     
  -2.2721781677888329E-002 -0.56866603371896252      -0.19293468209843709     
   2.2639237795949425       -1.3090811705446252        4.0721962373858194     
 -0.27759018230828086       -7.5270080051301508E-002  -5.4699836585106749E-002
 -0.36502402810918810      -0.36067635745936444        7.7103187822724448E-002
  -5.5820938882498096E-002   5.0349135341901649E-002  -7.0994145445896412E-002
  0.27836983002509325        9.4867868484963688E-002 -0.50231640300361236     
  -4.7326836092413469        4.7509691830739378        6.6671254918421203     
 -0.47326509253459509        5.8121273977047722E-002  -4.8413866282051285E-002
  -1.0710771202429903       -1.4646623153666081       -1.2309617243847966     
 -0.15352696265899310        3.5141101099357454E-002  -3.0490455239892050E-002
   1.1704180882488995        2.9625147968673060       -1.1756287059095616     
  0.23678133738574134       0.31988307200094346       0.12182232894811627     
 -0.78599684029667916        3.3790430652044323      -0.55141199521088924     
 -0.76690500230441538        3.0148998342758686       0.47539202253058888     
 -0.16255534176965433       -1.5605321317332901E-002 -0.10503614311364864     
   4.3547199225253559        1.7260979067675262       -1.7267005268080065     
  -1.6025482469757265E-002  -1.6982256951935594E-002  -2.4923195945699271E-002
 -0.25388877719233582      -0.33151353344490003        4.8471264857539401E-002
   3.3433630913185311E-002  -1.2911682320183427E-002 -0.13218430686120816     
   4.2783432212845689        1.5074510749008641       -1.7836777238609527     
 -0.25182927960895818        1.3594095195771393E-002   1.6310855519773822E-003
 -0.13942422372550139      -0.18766092781089930       0.11526965986535027     
   5.6342948770142884E-002 -0.15746568398385175      -0.22719562294907886     
 -0.10486795825361907        8.1268157393010437E-002 -0.21176304647017857     
   9.3991202794552461E-002 -0.12578099346080887      -0.25335847848579096     
  -1.5900952174189704E-002 -0.14907571387482929      -0.20881182994618300     
   2.0649053803668358       -4.9528599924114696        1.7147006966495779     
 -0.27496258314776223      -0.14722752382435814      -0.24318138968518041     
   1.9193409175173737       -1.7100634069132086       -3.2223017138921888     
   6.4612623464289615E-002 -0.16661535908531019      -0.10708743011935073     
 -0.64955033175167320        1.4712321091584899       0.54908784613509731     
  -4.1212764669252717       0.25367769738242418        4.6417208258779334     
  -6.5547700405314616E-002   2.3550671402772290E-002  -7.1733928575553468E-002
 -0.74638008130121425        1.9589416028256352       -2.9794917886782151     
 -0.12932414275560328      -0.19976424054245334      -0.18675709901424706     
  0.13379851945734070       0.11012213254158380        1.5000046076873698E-002
  0.20515643165906383      -0.12551415274842365      -0.38046229608387255     
   3.3642497358670793       -5.2179577933457781E-002   2.3979243680459952     
  -8.2425778373890424E-002 -0.17178657093059391       -8.0724174654911218E-002
 -0.44100565449300411       -3.8530955254616917        2.0644359987192415     
  -1.6224403951494204        4.8211116260252505        4.4075883033782963     
 -0.32034357181819273        3.2215394117505174E-002  -1.8976854506358408E-003
 -0.13110130644349827        6.3416496407336154E-002  -4.9837700563781950E-002
   3.3809540393447537      -0.65107779367780905        2.4747462957184552     
   1.1788321323195239       -1.7257971533223735       -1.9379545163662051     
  0.21725940702860549       -2.1411526878745022      -0.13319489366891754     
 -0.18100767227940215      -0.10075362992499698      -0.16220022517036614     
 -0.13841491506724538       0.26366217618178767      -0.11416398005875786     
  0.63615928261596566      -0.57990963172281806      -0.80694212417568356     
  -8.1498548918007591E-002 -0.13923637317907936      -0.14997181110160521     
 -0.11909024976435791       0.13746678634739143      -0.10077099563468742     
 -0.12685972725851904      -0.13948538951069739      -0.25526501081530473     
   2.2220172235813394       -3.7443572659089179        3.2724050011638703     
  -8.4431659205064638E-002 -0.19455699113339039       -3.0889825791730302E-002
  -2.5474275586293054       0.39422891654320757        3.2757869413788616     
 -0.89177113956270093        2.7226473146527721      -0.58119880052420803     
  -3.5742144394333875E-002 -0.57460999537306168        2.6462835413715052E-002
   9.7283823330299557E-002 -0.33301247691728431      -0.39230593875081921     
 -0.18903302350015766        4.6189924872961363E-002 -0.22398682678904158     
 -0.48906060887165298       -4.4013729859787215E-002  -5.6792327576422615E-002
  -6.1405119095833243      -0.18837993042779877        1.3784743010003089     
   5.2441409060179973E-002 -0.22710071301553200      -0.17286045883472625     
  -7.3971670793615940E-002  -3.7529224673065308E-003  -8.1195635635738145E-002
 -0.43075032918372325       0.12694303832912163      -0.22806828708424207     
 -0.64789245866575895      -0.57706831697879035      -0.61320728284622772     
   7.5675990679186206E-002 -0.16258028337650476      -0.17011847385659606     
  -4.9363282713361448E-002  -9.3099631997967058E-002 -0.18480691787632725     
 -0.18290568568611093       -7.7781768313682137E-002 -0.13383482069663280     
   1.0453385033463125        2.4498376011535155        3.7781389002625763     
  -7.9825251892872047E-003  -7.9803002387318578E-002  -6.9537650845722096E-002
   1.9193161518913187        2.9024390426549136        3.2861267213041558     
  -1.1612889471602527E-002  -1.5770717095401062E-002 -0.25330502967330287     
 -0.16497743192349903        3.4281813712980724E-002   2.0134379035284228E-002
  0.33572730593720085        3.7371673504200884       -1.0175575348847428     
 -0.15456035651515487      -0.39036178366856594      -0.16981428136880405     
   5.1939130107035589E-002  -6.0735037997816724E-003  -7.2940452627596797E-002
 -0.16477656877183355      -0.19516792279682293       -8.5615436930430472E-002
  -2.1547393472620163E-002  -2.7742891431538522E-002  0.49494740939359572     
  -4.6291495382187776E-002  -2.4477617567621843        3.8392543874911401E-002
 -0.15396231913281447      -0.20882775093891046       -7.9851039949084907E-002
 -0.30881144872713340       -1.2332945057102938        1.5482798637153998     
   10.302236360471491        1.9734509830219380       -29.657838641328688     
  0.16524186784543951        4.2659995417267309        1.4832909975366129     
  0.18734327422559996       0.52577471321506464       -7.9376672430451253E-002
 -0.11958466495500239       -1.1674785731029622       0.38956325429081018     
  0.45047762528933144        1.6831102939383527        1.1521000521461815     
   1.9105412365174348       -2.3741013983121309        1.7400569846664533     
 -0.13631168801544236        8.5012235029675073E-002 -0.13834715200585743     
  0.58648808334198232      -0.40957129626879279       0.62630283358061567     
   5.8548845956189227E-002   3.3434004361633324E-002 -0.35455380255810781     
 -0.17791869037477040       0.11867948997027095      -0.23430162035419347     
 -0.11138221287240334       -8.2896226952423144E-002 -0.19141232230355210     
   1.6902070594923240       0.90441795899663902       -1.1574131341877958     
  -8.5478991561702919        6.8572694678876056       -3.8526916905555617     
  -1.2279174451848835E-002  -1.4287266875679030      -0.27841631776387726     
  0.24446722025676987        5.2362589842703984E-002 -0.26232769284626650     
  -6.9402724456848100E-002   2.5758613160119702E-002 -0.17341214896150309     
  -1.7153407550454243       -2.8782165884784114        3.5537500969868687     
 -0.96190474521075053       0.69601848878827266      -0.93387683033822377     
 -0.14207040708127400       -6.2052082198410567E-002  -6.4510813644680629E-002
 -0.59474566491207737       0.11329384342468138       0.43041303950204957     
   2.3602250683694788       -2.7138022426800306       0.78857836566508799     
  0.72905728223692945       -2.7306994192682361      -0.73779601353726387     
   2.7788413470466238        1.0740857180346601       -2.3166853292166265     
 -0.27956504451092373      -0.51794832084439502      -0.77509626560358269     
 -0.18212401436880887       0.13369601899418862       -8.6446536747334726E-002
  -2.3359827125681112       -2.6059523900392865       -5.0371163591883343     
 -0.12542443111488599        6.7335450503861624E-002 -0.18863617639229302     
   1.1568388425172147       -2.7196285612033604       -1.3138586474627729     
  -5.2725495991268294E-002  0.19887298363113740       -5.2930562857280934E-002
   6.4609677388171652E-002 -0.22898722467699850      -0.18444566725781947     
   9.3364740091465281E-002 -0.64536555787566074       -2.5558869126275731E-002
 -0.19614200274255184        1.8881137208898821E-002 -0.20952572192542693     
  -7.5669027418488369E-002  -1.6991598153384371E-002   6.4084991947221864E-002
   1.9044906448767995        4.9174791580420694       0.99508793131308959     
  -3.6579636507602604E-002 -0.40533291555784362      -0.31450275631804275     
   3.6911548104298739       -1.0591988788400508       -1.7209793615700588     
   8.9202258013092364E-003  -6.6053508414073273E-002 -0.21314001638897870     
 -0.10683197827504375       -4.1340300182105202E-002 -0.16869559091338690     
  -6.6534565042794314E-002 -0.14245163972477484      -0.12355930201741919     
  -9.1668092328888492E-002  0.12023572810752274      -0.18170951891317549     
  -2.5071365937134153E-002   5.6126696003076081E-003  -6.7701165251589160E-002
   1.8346056001238625E-003  -3.4463157830630767E-002  -7.9492633377308511E-002
  -9.0164251807619805E-002  -5.5743851633376057E-002 -0.16168562528631755     
  -8.1433036474762327E-002   1.6401431744911357        1.1989544938786247     
  -9.7365505228019331E-002   2.1203650496256853E-002 -0.14586951058048983     
  -6.9646206159966279E-002  -2.8175890708125449E-002 -0.10100890766056976     
  0.77363209698437807       -1.4101599217174825      -0.93195893203088054     
 -0.29024627803338765       0.27803558141576656      -0.10040394658690453     
   2.9652452102854433E-002 -0.14264948411116934      -0.24268377386297135     
 -0.20056503276110493      -0.47639386188533661       0.18538327661736329     
  0.35463583716505281        4.7284352815862348E-003 -0.21994137440653391     
  -8.2230832129317324E-002  0.10182596124486466      -0.15654517959305175     
  -7.4221827431533938E-002   2.6045680757747078E-002  0.37589593472408306     
  -7.1048686054570917E-002  0.20630091915923801      -0.28511782625079912     
  -4.1278486667782575E-002  0.11847788889194463      -0.13841628483791185     
  -9.0571876844948496E-002 -0.13159830602055397      -0.16288999877949584     
  -8.9332185402025477E-002 -0.20758112239643231       -3.9543715535130405E-002
  -13.649730650345179       -13.409499556557396       -23.249483753698378     
 -0.86877216684556513       -4.1930024111538442        2.6357369689307366     
 -0.24789598016765593       -1.2731678710588152      -0.53392656640687564     
  -8.5862871483750727E-002  -5.8981903690199733E-002  -9.1412034401935210E-002
  -1.5139038145420539E-002 -0.21084791694217259       0.39977170227948144     
   3.4897537880930147       -1.3703047985588566        1.0410496173958506     
 -0.14643220888761813      -0.23349773692458858       -3.7154720575569573E-002
  -9.3122914555333988E-002  0.14010688068164129       -5.9174495244516942E-002
 -0.12734742232162177       -3.5637253425191320E-002 -0.11445191901357145     
  0.21545323674928402        2.3120540769536535      -0.91949304903150875     
  0.13867329591260008       0.36712863629528969      -0.23099494629851594     
  0.98323476425089873        1.8382773968688177       -2.1207286419896936     
 -0.31721870059252033       0.17992503020485850      -0.45984166980614610     
 -0.13297975651118860       -4.3918634868338899E-002   4.1429159096790843E-003
  0.29531693438233825        2.4244280928379767       -4.8746888948855451     
  -1.0363319059831857       0.62218167800545365       0.99933706755686236     
 -0.37624916452144191      -0.12635349386856640       -4.4067309340048905E-002
  0.26896789032771906        4.6200892396148704E-002 -0.43264893570423918     
 -0.56610148291268270      -0.29547865970810294       0.25025978736635807     
 -0.23594353974959067      -0.14713004002460123      -0.16288630323613454     
   2.4028480649650508        1.7570031442817708       -2.0614583766972716     
  0.62950886293348329       -2.5598671094885512      -0.17465180643128211     
 -0.45259267273974957       -1.1098018224768744      -0.43173066742543409     
   2.3105190648758923E-002  -8.9838422867075371E-002 -0.13590054430948478     
  -1.8574633278079999       -2.3798404663730879      -0.59678788741703703     
 -0.10192707527261234        6.7462923215414750E-003  -4.3473162028637831E-002
   9.8177526343666624E-003 -0.14962426875851184      -0.37024794982707221     
 -0.15080054044357941        6.9576683125798537E-003 -0.28196422313903124     
  -9.0182398346798920E-002  -6.8738187358523273E-002 -0.14126653645455356     
  -1.9801843167892956E-002  -2.2844298076721160E-003  -8.1547160596910820E-002
 -0.20647022208366198       0.33188745692656363      -0.10955914567847840     
 -0.16336692540495348        4.2080029852511844E-002  -5.1207990015438347E-002
 -0.93705298063014941        1.3599402931431051       0.82351876621274500     
   4.1711980193715119       -2.4826808892287940E-002   1.6234694333353439     
   3.7562429771729096       -3.3747937973795041        1.3828379034970815     
  -9.2540231197463255E-002  -1.9801584879329599E-002 -0.16196713066684224     
  -5.8592757382840054E-002 -0.13483089056522379       -9.5924124858896689E-002
   2.0815051895959757        2.4056313329787153      -0.37256512014610527     
 -0.18786697449210660      -0.28222743110598797      -0.95998334748538150     
 -0.32460194002883247       0.25321401236500424       -4.1254538027030677E-002
   1.6163155807449001       -1.3653595880713811       -1.3767662056170960     
  -2.4262873130914366        1.9004574387055098        1.9736636702342665     
 -0.11369486067456505       -1.1463617305663252E-002 -0.11393176034260448     
  -9.4042122356315858E-002  0.11966622819874069      -0.13853285523620648     
 -0.20588122750266430      -0.15931142705386220      -0.14438475677186560     
   7.4989916578421564E-002  -3.3873854163565493        2.1144071346513944     
   3.9225936169231208E-002  -8.8248075022248670E-002 -0.19085038269455026     
 -0.25132014379478496      -0.10811887207025084       -3.4740483575378253E-003
 -0.31178516438368842       0.19429056904879177      -0.12856442232564422     
 -0.15033727288635063      -0.12759819962277416        8.2005555561962845E-002
 -0.21431234423115461       -6.9315023419595695E-002 -0.10758779763598657     
   5.3419214080056925       -1.3079740673714915       -1.2894978407727664     
  -2.9588197228001065       0.46998640276038139       0.71985941015722521     
 -0.15000488998829681        3.1543985937308977E-002  -4.1335011680709938E-002
  0.84059026621502009       -4.3078771971679108       -1.2236988446899186     
   7.3969342476012639E-002  0.36574696941263851      -0.33637207419878351     
  0.94427097776376612       -1.0445050101515398        3.0901003950232431     
  -3.9154526886256737E-002  0.18238088619988968      -0.12873102962722008     
  -3.0505258807050198E-002 -0.29420193524628518       -3.8679933480371909E-002
 -0.26155689689547262        4.9734626674987243       -3.9536651729352459E-002
  -1.7167116883441662        2.1114634577807516      -0.57780600927029846     
  -2.2982727442724871      -0.47977310073145535        1.8553658004251243     
   3.0861962335627946       -1.7063410891087936        2.5563987922749423     
  -6.7824581383503141E-002  -1.6571144586884303      -0.12998436308200426     
 -0.11677664713763797      -0.13749721247921393      -0.27698639555066717     
  -2.6136713392595365E-002  0.18499720285285348        2.0460774917721997E-002
   1.9431473787175786        4.1676044424953513       0.94528563490220441     
  0.89447474838217356        4.4635280672155355       -1.6447873599136122     
 -0.64993003443787523        1.7224754788609078        3.2011932138462880E-002
  -9.1141504212903554E-002 -0.21704821838389743      -0.12192111325689989     
 -0.13778037871298757       -3.0585895137400971E-002  -8.3144150567411174E-002
   7.9300028603704007       -8.0825242318786383        5.1937741188654432     
  -1.6549484709576387E-002 -0.26727592376223963      -0.16354290417719669     
  -2.1129111669734351       -2.6082014654877534       -2.0546981440247252     
  -7.1326889154863543E-002 -0.46005567994421748       -1.9736271134163073E-002
  -1.1215343335429464       -3.4788586893378382      -0.75718588857080371     
 -0.25143754403218876      -0.53461768249328145       -1.1197588957150573     
  -2.5175920318497083        3.6713282655164852        4.0220130075526050     
 -0.18181986203933165       -2.1258699326734919E-002 -0.10642853766089989     
 -0.15083000880864592       -1.0158157261607997E-003 -0.14870614001444027     
  -2.6567491221595239       -4.1090993579724104      -0.36823472492669523     
  -1.7055032337482048        3.9398059092783337        2.0971737754262181     
   3.4204638816537840E-002  0.20457549746279807       -4.1660325051991465E-002
  -1.5055292359254857       0.12975966721329607       -2.6743624110797417     
   1.0316103145917455        2.3322666041869540       0.80016132884665125     
  -2.1034351180141346      -0.99431857391178669       -1.6447686379499573     
 -0.13818328361768686       -6.9353223771350850E-002  -8.4987456798924804E-002
  -8.9689589633059423       -7.9267132937375520        1.3961341440406101     
  -4.0587474022250518       -5.7654035708118974       0.31586902047224297     
 -0.26392554856065431        1.0733500883374234       0.13175811581696900     
   2.0341633724218076       -1.1691534858236470       -1.3627385682261173     
  -1.0138387424546369        2.7904122174388060        1.1105611573653178     
   4.3977356878894289       0.25828738169575777       -3.3200323747906131     
  -8.1289836865017645E-002 -0.12168920995808137      -0.17969705651463075     
  -3.1531133052848714E-002  0.32213577301032398       0.55875014330913553     
 -0.43953271341937072       -2.2342425463462017       0.37847239517744330     
   1.3423443044499762E-003 -0.13427584856018795      -0.16349233921183412     
  0.43457251774730316       -5.4541477476125877        1.5605931492621432     
 -0.45978825159147013       -9.7658929671967862E-003  -4.9676568856751827E-002
  0.40078585435261616       -3.1746110555536031      -0.29651419990190647     
 -0.23259687165925716       0.15839823853492363      -0.19546783887865407     
  -1.7853902596576633E-002  0.14925343700349095        5.8548121461774683E-002
 -0.14528152483963117        1.9737351126663701E-002 -0.14463557443851438     
 -0.12293801730220155      -0.25320406274617524      -0.17151149799878193     
  0.22155425311704929      -0.52483962627241731       0.14492885399622785     
 -0.71016130941657463       0.22626972139319346       -2.2394022567945666E-002
  -8.0688044485996771E-002 -0.10437785551833173      -0.14631922021672220     
  -2.5771650823150818E-002 -0.14685160441194592      -0.21811642270760931     
 -0.43414582880447700       0.28350110604284018        1.6149242675671402     
   1.1384249869499237       -1.4654179398217155       -4.4395735384409765     
 -0.31138937694799751        8.8599549421222334E-002  -4.2034087938854926E-003
  -8.6035824560125068E-002  -3.7357980798878657E-003 -0.12699740387129294     
   9.0256568431760359E-003   8.0414145757185765E-002 -0.18974167258872940     
   8.3537300397947309E-002 -0.47860446550413555        4.1498513359972025E-002
 -0.16042004483514197       0.15306066522936404      -0.18142991588054477     
   15.132744062026362       -2.3564880775984527       -7.4211423055648700     
  -1.7302082655533926       -3.1063259247074546      -0.84289149324372603     
 -0.13670903277741125       -5.0033191836626557E-002 -0.22258387985162958     
 -0.12128642992215177       0.96784228592503152      -0.25249332643948796     
   3.9062406185794099      -0.62123248223162586        2.5589485209109717     
   2.4239958683188183        1.0608278361248145       -3.1206007773776538     
   2.1090370933717129        1.4101310534871849       -2.5462193289239989     
   6.0714464846152394E-002   5.5559831078694923E-002  0.14051056473827772     
   2.6349106257429185        2.6424622372684561       -3.1031048146942211     
 -0.79108923197332726       -1.9003136897497528        6.2739106217279225E-002
  -9.1928891029801452E-002 -0.38695926224853405      -0.13458575736697509     
 -0.25016107032240564       0.22973006060215137       -9.2812789327129191E-002
 -0.29333180863695940       0.25126145166549957      -0.28442073239206572     
  -9.4742879443556111E-002  -1.3952044867571135E-002 -0.65469620318875688     
 -0.18979823188418654      -0.14587874327464140      -0.42051386137196584     
   3.9293999372865782        5.3680804400803070E-002   3.7051314152543897     
  -9.7039224021974096E-002   7.7339734746318684E-003 -0.23542045689130664     
  -2.3247516596699453E-002 -0.47158340766406665      -0.24616004941223668     
  -6.2735060659461245E-002  0.35597184634441215       0.91914876372422627     
  -1.4602215224246322        16.134675463731927        9.6567873321788813     
 -0.21688906716763109      -0.12020468678018773       -6.5172222808602590E-002
  -1.0314992234340572        5.3462922655323417E-002  -3.8628819068283962     
  -1.2827370088172532        2.9121715762106217       0.70777006926201835     
  -2.4970619577807054        1.4095908010865001        1.4339754717014548     
 -0.22560025623251201       -3.7663793616444723E-002  -6.1588726920211237E-002
 -0.23881327294104693      -0.12121265202380518      -0.11893527703024562     
 -0.33502616623757769       -7.3960050196659785E-002   7.1123815116746715E-003
  -6.0042171595983866       -3.6149020379293613       0.68717712805516906     
 -0.29610822347716304       -8.9029602459908971E-002  -1.0406298554476561E-002
 -0.35253027763462530       0.15722074271662770       -5.8693187167377286E-002
   4.7214394431950533        1.0861760991889686       -2.5761899725099306     
   4.5826945911238202       0.84489740090570331       -3.0469362315498456     
  -3.7167541113386450E-003  0.41130046826311090       0.15563388148500498     
  -5.0977050693678388E-002  -3.9748147712165081E-002 -0.21215263083895047     
   3.5601393537691171       -4.4693479939295164       0.59930910839718698     
 -0.10972314885323980       -9.1932287450335451E-002 -0.17897685749535985     
  -4.3017659991070705      -0.73552012616204998       -1.3467820938286259     
 -0.16615870502848390       -2.5300146352230483E-003 -0.11052662071421254     
 -0.17730189056053491       -1.3847763229021088       -2.5847100516451477E-002
  -1.1821331808983100       -2.4822489898702673       -2.3912706504358545     
   1.1857949451437845E-002  0.23197202678145817      -0.27929363321235884     
  -2.6575744845161378       -2.9379331070193246        5.0077259816357271     
 -0.12232257377126238       0.40670172922467046       -8.2596282676762209E-002
 -0.54742942490467039        1.2344193844674662      -0.91126033773301218     
 -0.11874235226840971        8.6840272253458348E-002 -0.11837486028928501     
   9.8027672237425645E-002  0.26819827058825363      -0.12660352753332926     
  -3.9311882118864552      -0.44766212450986559       0.10558036771616193     
   6.5469651253019928E-002  0.28126382494272995       -9.8999530482918763E-002
  -2.3729609989057661       -1.0745756711516226        3.9827441811131079     
 -0.40907210286259899        1.1079983477357032        1.3284050843398874     
  -8.4845859152830161E-002  0.52688741718816734      -0.23116182368936872     
   14.873101908185951        17.156636029478300        23.556853984836785     
  0.97764571168960124       -1.9251144877513779       -1.3590479639452377     
  -4.3022833088310598E-002  -5.7963879579016678E-002   1.9613534129170725E-002
 -0.19393841824555133      -0.23297339817228138      -0.13603015493952478     
   1.5193748768906201       -2.8442876317236983      -0.86778755258674500     
  0.46734095685123028      -0.75086504414810651        2.4279948875081753E-002
  -6.5269305487148169E-002 -0.17059163229902294       -7.4060237894717522E-003
   1.2712001469358492        5.0620076805434557       0.27271432853023136     
  -1.9097998375246614       0.19124151906235584        2.2185644684597636     
   2.0355286735306559       -4.5233692484795700        2.8666611767807257     
  -2.5689506312468913        3.1962536608701915       0.22819693430992469     
  -3.3648420567858370E-002  0.22690965703870167      -0.18011661557615094     
 -0.68657870911061003       0.81755946470175689      -0.45170579101870617     
  -3.7685648680998635E-002  -2.5771713419544668E-002 -0.14400540487126992     
 -0.14023283230645242       -2.4728113817268266E-002 -0.24988896712731828     
  0.17655531298078506      -0.70687896503782666      -0.50659032039057283     
  -8.3202157346914496E-002   1.3529378944010651E-002 -0.14781695358839625     
  -4.6929276727352809E-002   1.0810454459169189E-002 -0.22919714775982702     
   1.8741192418507640       0.63899163404655668       -2.3556517162447563     
  0.42810745018391999      -0.10941119882504312      -0.34877891362120211     
 -0.75811006718411977        3.3418541765589724        2.2172833498391413     
  -5.0535399274447695E-002  0.12556377355336124      -0.10042800100649046     
  -1.1576426318927957       -1.7593235364245789       -6.1550083564882729E-003
  -4.1460071837617152       0.22632678419925059        3.5000805772099115     
  -2.7815460347043418E-002  0.68534640683899362      -0.37724558626006616     
   4.0760000904010885E-002 -0.25935072226985306      -0.35958751530353517     
  -6.0453696407851379E-002 -0.15306637973411943        2.1314469345378270E-002
 -0.17965253572293091        1.8492784910618006E-002  -7.5698681529019943E-002
  -8.0329195537436643E-002 -0.31625824195811097       -3.8332133667482546E-002
  0.82985521953782537       0.71194782901704323        2.5846606013249205     
   1.5550617437255916        3.7894352134169038       -1.6593561733431754     
  -8.3210387064817024E-002 -0.10907929456411158      -0.11447475355895355     
  0.42078732161590338       -2.0364473433449803      -0.46083984936136990     
 -0.15108183223075092       -1.9407361738709893E-002 -0.20173882698343323     
  -5.4769283081467932E-002 -0.12852008850528987      -0.21954901293156309     
 -0.39041468806565882       -2.0824574246437990        2.6508491800654563     
   7.8362297320986568E-002 -0.42170817606146355       -4.6561403487332169E-002
   3.5373228436576971      -0.69897136555769512        3.0927967614778979     
  -5.3907857415434079E-002  -9.2498397825360831E-002 -0.22786154529426408     
  -2.1399079788610172E-002  -2.7114190522123119E-002  -3.0952889793815150E-002
 -0.33227554057104802       -2.5039387560196920        1.2413038865060213     
  -1.9061954723073253E-002 -0.22985006695244645       -8.0123957023690642E-002
 -0.20897365336544702      -0.19864820105962147        2.0350435027698673E-002
  -5.0938905446218603E-002 -0.23918356198795379      -0.29703783109422827     
  0.68329130933640214        4.5621766471854537        3.2311785481693898     
   6.9797158888881151E-003 -0.12859101589310443      -0.31304814143998044     
  0.70175315334293276        1.7809640448361936       -9.1634147546892336E-002
  0.87566487570534013       -1.4222359750032481      -0.43188961650102786     
   4.2868711323720303        1.3788086006414872       -2.1040406371374316     
   1.0761510213070791        4.0882908783965837       -1.7629450351254494     
 -0.78261168343424214        5.9158167985448227       -4.3987876711641007     
 -0.11907966379727147       -8.8019103381269795E-002  -3.7029948762966419E-002
   2.7342024373651337        2.5983946995467866       -3.0571769108067812     
  -5.0210281728567889E-002 -0.60070866650132659      -0.14565167433111625     
  -1.9036383147815596        2.8950124159450370        1.5962506879514065     
 -0.15399701988948961        8.5600288144884323E-002 -0.66175651654728562     
  -1.5085688216269030E-002  -8.5546459399244261E-003   1.4588303499669445E-002
 -0.27382116524296402       0.20814973601632075      -0.44164536995310250     
  -1.3784271402698718        2.4495528453351425        1.2066859759678272     
  -4.2736301888767578E-002 -0.23523655872563601      -0.14542640757050987     
  -3.4930573584538713      -0.51858848516255218        2.3667444919737748     
  -6.3024655985566655E-002 -0.15430177454029681      -0.13488607316424386     
 -0.20269486260303551       -3.0208063918075911E-002 -0.12264290815754079     
 -0.31253576851618720       -1.2119176790386899       -4.0514865959944091     
  -2.1646429114728210       0.51522316116323208        1.0322049913262432     
  -8.2344189257176154E-002 -0.17738004691148362      -0.14470838774155623     
 -0.14072487435677228       -8.0076427605476813E-002 -0.23021982105540409     
  -3.4150721342194282E-002 -0.10638657353121028      -0.24551971715171242     
  -1.3825005610262566        1.6766439629659848        2.7523937674276975     
  -2.3577879189137584E-002  0.17401870791981539      -0.18433656847317295     
 -0.17976632329286052      -0.23909025931486774      -0.13649727923452029     
 -0.15239588572434679       0.12615315761627760      -0.11088983354797283     
 -0.28538515701514189      -0.21633083685413634        6.4301849339066672E-002
   3.1525954657812445      -0.54475671386155999        1.7350096154312571     
  -4.4865816476042292E-002  -1.1166205015235808E-002   1.9385290413330872E-002
 -0.27795516779054030       -6.1879509397314514E-002 -0.10551637178746634     
 -0.18071532632012904       0.70042782048453767       0.28944979433387208     
 -0.13453407716133134       -1.2154952858408063E-003  -8.3378050144979107E-002
   1.2017247339435333        2.7026227910221796      -0.65741751219154920     
   2.4594576402305530        1.0694155681431472      -0.81663705521365404     
  -4.3809672516258183E-002   2.2427813187954563E-002 -0.13389845258666422     
  -6.2895029561403540E-002 -0.35543282125083531      -0.30798253573924800     
   1.8347328708897432       -2.7440061584877911       0.96754672677413756     
 -0.14706001405044758        8.1335829570782225E-002 -0.24651431776842500     
 -0.76642665477232808        1.6110232193332124       -4.0352252979166274E-002
 -0.68417863416354707        2.3529364356184899       -1.0347678326464873     
  0.68369401759878823        3.2283288384765942       -1.0654918156673565     
   4.2943462400080248E-002   6.4842337092036687E-003  -7.2848963486846649E-002
   2.6217809346262362       -1.2803334622197893        4.7419249568983144     
   5.7099567820154150E-002  -9.2364437181764056E-002  -2.8479779903134106E-002
 -0.22949499270589263       0.12275739080778612       -6.8583272503022329E-003
 -0.18522948215902507        2.3289591291410824E-002 -0.10390663985855139     
   7.6961854078017922       0.20578287030129866        2.6158019527627561     
 -0.15829385017789796       0.16369690559346944      -0.18133184556155371     
 -0.12088517181622234       0.15410931572697614       -9.6108066419084273E-002
 -0.22533500195261830       -2.1964794805497394E-002 -0.16576151515615142     
 -0.14737071410113248        1.8648950128329806E-002  -7.0767485784449420E-003
  0.67459468817917179       -3.2753602403310658      -0.65644463158759780     
  -9.9820139891262816E-002 -0.19148378398199525      -0.14844581299229767     
  -8.0315878787443437E-002  0.13659324444278390      -0.20806720718219818     
 -0.34268338743312493       -4.8030459228669648E-003  0.17048559152390882     
  0.47938022015888110       0.72519196630971472       0.44330160518926198     
 -0.15023560457521273      -0.10738556455436297      -0.26232818157293913     
   6.4952898220772886E-003 -0.31061368495665265      -0.20976684928609807     
  -3.0705417365388143       0.74314105689399623       0.67702168453522327     
 -0.12269696423777274        3.0756920977968710E-003 -0.23162147845885228     
   3.6064302916437834       -2.0194794264374942       -4.8372986160160369     
  -2.0054067663833850       -1.5266730099858659E-002   2.2149170153667050     
 -0.51755302439423023      -0.27034437365535885       0.24592456543360194     
   9.2658024124775112E-002 -0.43756645512442943        6.8472355538194099E-002
 -0.51856952057226791        1.3968616332812511        1.0186145070941492     
   1.6827197309821613        4.0033251060338095       0.73420559300254007     
 -0.18621507371661711      -0.15007485747794261       -6.5405489836296099E-002
  -1.2927720566466909        3.2705795401428484        1.4673548011841098     
  -8.1983102242779035E-002 -0.18664264741110037      -0.21818166156205812     
  0.41417677882523418       0.37728909657497017        6.9587331678953313E-002
   2.2327242463106300E-002   8.9032705266864395E-002 -0.17854228978089109     
  0.45919124753539986      -0.53467126205405213      -0.27616006585015129     
  0.13708798926860594       0.22854916534357761       0.74161107223338762     
  -9.9378065543060501E-002  -1.0471947056224571       -6.9821054735065557E-002
  -1.8090587731907930       0.55883857588066577        1.1341507527550228     
  -5.2296413266595870E-002  0.21365676899598729      -0.27399711944942051     
  -9.3022859303999658E-002 -0.26613556632139485      -0.14327318848632226     
  -2.5790355599388080        1.4969303476628855       -2.3783409928264221     
   1.5875916040961289        3.3175973776185370      -0.67058725995530311     
 -0.65854252565604687       0.86353613294813392       -4.8805324776964608E-002
   1.9802887406433396       -2.0056239928913095       -1.3380326296168414     
   8.7762213088490207E-002 -0.34950348123977432      -0.33067334309908397     
   3.0866852990274189       0.14009743107011718        2.2366080466782616     
  -5.9145892633525654E-002  -7.5230474437326708E-002 -0.18925433277481976     
  0.19873719200276360      -0.19398104908634375        2.2773031094662506     
  -9.9500480321596294E-002  -1.7360412782474965E-002 -0.15806577975350175     
 -0.40574116347285261       -5.4252934106463533        4.6140537860802393     
 -0.14244309187452908      -0.78127951589747291      -0.31423383104242447     
  -2.1640490960633905      -0.45903364273282865        2.3498180031972429     
  -2.3735632363805310      -0.35935490218820504       -1.9603875230410903     
 -0.83707274148524924        2.8845074207063290        1.8763364395779654     
  0.79390207617211228        4.0416746387144196       0.15249579821284046     
  -7.3474797369304082E-002  0.11783698246957150       -6.3669154358189359E-002
 -0.22351190202287205       -1.2793672571869509E-002 -0.13399256039117205     
 -0.49300967385497591       0.81311792149058459      -0.32933844349225083     
 -0.25040943477259026      -0.41552552721652625       0.63774566358911755     
 -0.34205238037342756      -0.11819380478988523      -0.13206910232086155     
 -0.17934827530222097       0.12203214685921504       -5.9119642773408927E-002
   1.0040963989311467        4.5113344693126853       -1.6730679872876921     
 -0.21658226928747873        7.3407829872405114E-002 -0.28279612314580016     
  -1.6525239758601780       -3.2608401326963787       0.95149593637654239     
  -1.7374881573262437        3.3274616287119842E-002  0.12503459101017070     
  -3.2296523456297530        1.0103026306224128       -1.1594292881241384     
  0.37702407852669928       -9.5496221714010843E-002 -0.46994011668887936     
  -6.7496651765619517E-002 -0.16212924333500717       -8.6316809847847342E-002
  -1.8456440274702366        2.9698572599098849        2.5716376437402784     
  0.35793858010417617       -2.1137204440620367      -0.43375705977884249     
 -0.19268656904198739      -0.12248329108452324      -0.13667599005953168     
 -0.20195361958166805       -5.4084188793951951E-002 -0.11354585452163059     
  -3.3251522967742329      -0.63124335067507853        2.4429773466534801     
 -0.21776056798320478      -0.51202831576479690       0.21703968956059888     
  -2.9227067950480756E-002  -3.7088507740463475E-002 -0.21188549316875896     
  0.38114637500609916        2.4014812282773432       -1.6102315666430522     
  -6.0760444649171345E-002   1.6861070918951213E-002 -0.14800755651832934     
 -0.81848899627535776      -0.33321226592260539       -1.5731716848770758     
  -1.4737475333355827       0.45873055166763349        5.5057988962220961     
 -0.10373069161086067      -0.21133564699083968      -0.10751330861051335     
  -1.7280449237691442      -0.29273092764809050       0.27763525755052498     
  -6.3889535552242402E-002 -0.27770992395387295      -0.19799302860328841     
 -0.21309779346751523        3.6983699778146431E-002 -0.16407740516011080     
   7.1834243902284795E-002   8.0639798048202982E-002   6.5391426355478344E-002
  0.70653514678570184       0.43713028654265434       0.29901491708010464     
  -3.1247632057877983E-003  0.23481492100361182       -5.4052103415267477E-002
  0.66706031062691784        3.4688075229341684       -1.9052682689489904     
 -0.24155898220294825      -0.15916015582881715      -0.13190663125840896     
 -0.26172261154945159       -2.7932078345637875E-002   2.9230483155208431E-003
  0.70558227869796553      -0.40060022911330101      -0.41941610156024667     
   5.5485587581680457E-002  -5.5503673981760336E-002  0.26963238920711857     
  -9.8019871994847338E-002 -0.18848392858995230       -8.8943999066363882E-002
  0.19998538076460179       0.25173814567963804      -0.17512363219980509     
 -0.18697157960818830       -5.9302724195236897E-002   8.5103740226566332E-002
   1.9439828315116230        4.0939648211368720        1.0692846117339905     
  -8.2712593515046715E-002  -4.9952641050369423E-002 -0.23194428785562177     
 -0.13509499681139900        3.5465146933861699E-002 -0.15706619024825927     
 -0.13470865563883450        4.2978425933684124E-002 -0.17533163635247717     
  -2.5880619297793070      -0.80199944133472356        3.4681453095518848     
   3.0697421299871368        5.0471677210655566      -0.88117475260601197     
  -7.4235344307427742E-004  0.65882840735614645      -0.37818627725872506     
 -0.39120320486671772      -0.40129695405109544       0.82258583529212725     
  0.33552916983038134        1.3577755004698600      -0.11324142305289712     
  -3.1607185396650919        7.7929738778134023        3.5881187209871861     
 -0.14252976093101502      -0.24924078942455200      -0.16944034573513045     
 -0.12986993152453064       -5.8099763841436051E-002  -5.3516481814267387E-002
 -0.19802082562539394       0.22872700506246413       -8.2409171898657832E-002
  -2.6645295464418242       0.59037372998358340        1.9088521493100299     
 -0.21425649164641861        4.5882347091318630E-002   6.0520982930693745E-002
   2.2063172732191900E-002   8.9354852008173738E-002 -0.14412525834084083     
 -0.11881639525853345       -5.4174125853853040E-002 -0.13713172505601354     
 -0.16799017352092016      -0.17392008820400887       -9.7732420451813844E-003
 -0.25504391939217808      -0.10909877289749709      -0.38303615262246443     
   8.4736188505524057E-002 -0.13856310184813228      -0.24221334409158060     
  0.82341170029666610       0.18885902390122075        2.5787605689645376     
  -5.6185872931956482E-002  0.12822572788722736      -0.20917454218107293     
   1.2333027264242882        6.7932567861136555        22.219475084597850     
  -8.6095208657080660E-002  -4.0852989607775891E-002 -0.11311918960500016     
  -3.6464460925557780E-002  -9.8809857140831556E-002 -0.29575972412308510     
 -0.27316084809877722       0.21213490183593450        6.2648945347538010E-002
 -0.28328530797740048      -0.27481398983934557        4.3225921069749776E-002
 -0.20435896289682451      -0.13666797893102670      -0.15220883402080096     
   6.0174716417725120        4.1841218674591190       -5.1019272401848346     
  -2.3285786634453025       0.16326924185727276        1.2829543467394025     
  0.53239608946771388        2.3022333017965755       -1.3928171506911651     
 -0.72757721053542190       -3.3590458417254925       0.40305644751887093     
   3.0226863132277963E-002  -6.9932814047211966E-002  -7.8310508657436537E-002
 -0.19467994534152325       0.59900139816261111      -0.41329049897031578     
 -0.12987830588923907       -7.3161684885737515        3.9645670441144616     
 -0.21642070811283950        3.3624591146587085E-002   6.8103582681170782E-002
 -0.19291932051378019      -0.28141555126146961       0.12101529080336523     
 -0.13880157849372354       0.17260492046863751      -0.11429541505996026     
  -5.0695573310666004        7.7459445847320625       -8.0303210205017379     
 -0.20115014336197592        1.0452618716594031E-002   8.5842694534776109E-002
  0.20098558952371801       0.96885127552852435       0.18356852916691449     
   2.0141838680387161        1.2551133550200242       -1.5024440614419003     
 -0.19875781348467611      -0.11777863993438435       -6.0651952244798149E-002
 -0.13067163213423247      -0.23668364861821795        6.9643969794134133E-002
 -0.37235869527376708      -0.53945122270299439       0.10472569705647047     
  -1.7117074891843467       -1.1980927436296060       -2.3645133428948877     
   1.2067736681598509      -0.62272573674296339       0.24347026832278557     
  -7.4807255091112274E-002  -1.6090881598498503       -1.1783989045675374     
 -0.16343348066488533       -2.2082652027346390E-002  -2.8948557628344408E-002
 -0.27377685099164806       -4.5701421648764180E-002 -0.21712659185219405     
 -0.17678856043085472       0.17810065070691658      -0.20780007984322085     
   3.3501817233973941E-002  0.13338207159281221      -0.14904519607942096     
  -1.9285437981715080E-002   7.9093857061921416E-002   2.9403883737611630E-003
   1.0856761459580293        2.2205314557740672       -1.7480742285888207     
 -0.61787953383658389       -4.2729012152629577      -0.36517585701347915     
  0.22727783381478217       -2.2468408017853925E-002 -0.24006373898716166     
   4.1521839081573688      -0.77628115940540643       -1.8708891549186446     
   3.4249472418536886       -1.2768414622377153       -1.7550318246806631     
  -8.7780676205982913E-002  -7.0471559274173881E-002  -7.2624349421062689E-002
   6.2537629676693358       -4.6210142369557499       0.60654041045804130     
 -0.51494242992650796      -0.39108385825877628        7.1391813100667736E-002
   1.0547161573545678       -15.983695459077735       -23.658399330689289     
 -0.24522113582879970       -9.6106161266255069E-002 -0.11696921836420771     
  -4.4006213865368737E-002   1.4479002246070526E-002 -0.17283633599718987     
  -1.8794017019517508        1.9739870396200148       0.98606397725822414     
   3.9026504945735594       -7.2164425055961532       -2.7733580313806940     
  -7.3043137332923873       -1.6722085632893364       -5.0266244294602824     
 -0.98104678191501193        5.6615710840160247        5.3068618875006059     
   1.7391014607553060E-002 -0.38906333748253319      -0.24049704074404391     
  0.55566536955281198      -0.31650214724010883      -0.34401572167913208     
   2.6376464970231077       -1.0014774876341181       -1.3843141483335177     
  -2.9742269355788387        2.0286487721995150       -10.625424171213989     
   2.4217860262280868      -0.69566589527494382        1.0294952596034361     
  -3.0861710527305242E-002   7.1207887344709661E-002 -0.33878531305206599     
  -1.1954631381685121E-002  -4.6805501078810881E-002 -0.10554350772509417     
  -2.1167170608264425        1.0105182481172452      -0.45310013275277672     
  -7.5437506928360820E-002   7.2803576389635569E-003 -0.37482804328933372     
 -0.32833124415475057      -0.15875641931406917      -0.12645493170197025     
  0.17939446810746057       -4.7574794331963190E-002 -0.17805277138752418     
 -0.21836194582751958       -1.9274035714458043E-002  -4.4457731376918462E-002
  -7.3226626105754020E-002  -9.5203760077377658E-002  -7.8703894619610332E-002
  0.89042431625603757        2.7306394036769506       -2.4724809759236295     
   2.8999718482001478      -0.41866028120701743      -0.42008806914501251     
   5.3428102420380111E-003  -2.1589919467705134       -4.5614139431480369     
 -0.10762607934951646       0.18968406276740574      -0.33450192460132216     
  -1.9091698919888469      -0.24687244523208798       0.52985597889634162     
   1.9334722023935849        1.9758445841787597        1.1326426839031964     
   1.4015233763559254        1.2568297212479573      -0.18713677040493418     
  -7.9059357311287409E-002 -0.11842062908825163      -0.18620775600932246     
  -5.2964917745422814E-002  -7.6521441679202426E-002 -0.11618972009668713     
  -1.0239425877858269E-003   7.2901261449174401E-003 -0.10350544081780005     
   1.2607645413976694        2.1495083280299414        2.7078115783571843     
  -2.7880533063481017       -1.8655899422709128        4.5825574199177392     
 -0.17062117750457606      -0.64500149221351544       -5.8684601275452705E-002
  -2.7156790282623442        2.1987567134991162       -1.4771963535163950     
  0.14288227250601371      -0.40609192088327339      -0.15786965695913363     
  -4.9054385026514060       -1.2289275234068384       -1.8312180900792279     
  -6.5482275179207988E-002 -0.19005216535675318       -6.6361630371264538E-002
   3.9975974843902722       -2.5009871108353114       -1.6825935624000015     
 -0.13814900778661721      -0.15754359418542538      -0.18712646282789347     
   6.4486886263265203E-003  -2.1897365666880879E-002 -0.16118545011954993     
   3.4384052869002244       -1.2816560758734352       -1.8701765383244806     
  0.13631587341724888        2.1879794306680895       0.29524876682349049     
 -0.10642936632966515       -5.3838467300371333E-002 -0.19010536257328123     
  0.99051992898892693       -3.3810501822051000        1.8682376950177115     
   2.7448116316803590       -1.8930324155171383       -2.1858603270951389     
  -6.7875973974380541E-003 -0.21582478429856031      -0.21671600212285042     
 -0.61532303733101446       -2.6805733318348075      -0.97401705852666487     
   2.5127339978585003E-003 -0.10277919783518147       -6.8253283425222383E-002
  -2.4625258020413310        2.4778504790687057       -5.4468035397316985     
  -6.8778962767908805E-002  -7.7535015500881113E-002 -0.18763615328495070     
 -0.17726738796751718       -8.3627102326867042E-002   5.3486813485342215E-003
  0.12323956190409394       -3.9686275588805605E-003  -6.7317821896445890E-002
 -0.30409551223112141       0.46852744720530831      -0.21661431956812446     
  -9.0908159566186324        1.6489408959108547        26.179107637244705     
  -2.6617096439863523        2.8872196499804743       -1.2532259665951240     
 -0.17430040167499922      -0.13790616142844297      -0.17497490402708771     
   4.9513983313158274       0.88128790047918626        7.7834827168286136     
  0.13369720759546175        8.4932718294219223E-002 -0.31295358896974201     
 -0.11853548210397792       -1.1102149781559122E-002  -3.8689454486376139E-002
 -0.10297501175533509       -7.2198512628755167E-003  -1.5845306436391142E-002
 -0.26271999113496808        8.1759478436257554E-002  -5.8906243871747421E-002
 -0.96597659008473402      -0.21309101737561897        1.2706636356313168     
 -0.16611820660043972      -0.30037351010696872      -0.13678047184589487     
  -4.8539307003687844        4.2181956560518241       -6.4572706268920674     
  0.92082703671913180       -1.2886141804820439       -1.6918460033873117     
  -2.0646232608440659E-002 -0.28696612308038361       -4.8010090503322361E-002
   4.6295191357721900E-002 -0.70874817210227148       0.15379837392619683     
 -0.37600819291923204       -4.0327779126422304E-002  -7.3056990506163280E-002
 -0.68814647275437857      -0.35550511194996343      -0.66811669435855914     
 -0.28769552528553388       -6.2560977825141903E-002  0.20622305138270966     
 -0.15639651367024188        1.3861302662391479E-002  -2.8813395666941338E-002
 -0.14222421023611573       -7.5579589470516156E-002 -0.18249512548399319     
  -7.2691951191720880E-002 -0.46518171053885493       -2.2043159561034843E-002
  -3.4498099353199640E-002  0.39390663119870467      -0.28273125889835504     
 -0.11721481813732734       -8.2226293591616956E-002  -9.4954747485295393E-002
 -0.12051133522812840      -0.12383423341940010       -9.3074339446951940E-003
   3.0120224784883770E-003  0.41767519494873068        5.1047868993588111E-002
   1.9216414329632454E-002  0.15172579628995497        4.6726691509010286E-003
 -0.55332266116622442       -2.9326616690800047        1.1709290132203940     
 -0.13076328375414770      -0.13400137808393137      -0.14783729396032125     
  -1.7427396494427978        1.5333950727864499E-003  0.80078118969230550     
  0.74484851384403483       -2.3186669478404274       -1.8159562139409040     
  -3.4041189950437006E-002 -0.12016138082847468      -0.10637840506625285     
   2.0601871467776793       -5.4426959877089098      -0.45296153004138157     
  -2.2688031110696838       -1.4769189240875544       0.14458159365755599     
  -6.1544041196694314E-002  -5.1954011260655301E-003 -0.17469247939782342     
 -0.12248184735206365        2.9811669820889598E-002  -8.4595516492068173E-002
   2.0452430587109011E-002 -0.18873175984280299      -0.16431361474225456     
  -1.2696873207869434E-002 -0.74999913815707431      -0.41576139394416523     
  -3.6729200100487138        2.2731339530238408        1.8135012933696175     
   3.1310840627690864       0.81115989980818060       -2.7215812957555507     
  0.25194107108783609        4.1855681607403019        2.5642719174362973     
 -0.11212157521437417      -0.20905945994474542        1.1450748965663570E-002
 -0.34929021006925065       0.14551236365004139      -0.27121224933647758     
  -8.9300219008996720E-002  -6.0001283809781709E-002 -0.13503522177520921     
  0.11209998084862401      -0.34079823920581459      -0.43609813887252763     
  -2.3341547255617687E-002  -1.8668321930994800E-002 -0.42350178584198606     
  0.23023715566685016        1.4113129847783328       -1.4776277960086508     
  -3.8728809257359296       -1.5256444695178581      -0.97256959415775734     
  -1.3417418088159272       0.12623334881293508        1.1088994991738284     
 -0.18614910487285483        8.8432000897316169E-003 -0.23699332595592723     
 -0.21016391455418354       0.15540996931972889      -0.14007926992289499     
 -0.37399071203493967       0.80209370242589584        6.3164902514225948E-002
  -1.0265618493605329E-003  0.18430955753040970      -0.28325230488475994     
   2.2497816160930406       -10.687549691014045        3.0995297200232055     
  -1.7799273622365976       -1.9111394170322904        1.5331290062953216     
   1.4727168395846038       -3.7831285125767771       -2.3234454144670909     
  0.52563832349284489      -0.11094376334539652       -7.7747057542540965E-002
 -0.25708315172690271       0.17812555808041983      -0.12640561410894802     
 -0.19534511075311517       -5.6327379987065065E-002  -9.7229779623148799E-002
  -6.6426825237438152       -3.2107786328206278       -5.1177431050112743     
  -2.8762864641819593E-002 -0.12354655984269218       -6.1947752468190689E-002
   3.8754894958332113       -1.4831130663403258        3.6508632196778956     
  -4.2561003409354217E-002 -0.18444950502273286       -4.3256743403894897E-002
   1.7443553469954813        1.5914251853161454       -2.9757572664943650     
  0.10151965696722676       0.41833707119643931        7.4517834079134149E-002
 -0.54565957183631142       0.22777550241641645       0.21464715626739772     
 -0.20053458891259979       -1.5420386126815659        1.3259975597608435     
   1.9075048755194901      -0.73382675249984275      -0.49697020502496841     
  -3.0745738025136840        1.1831071939136915       -2.2366087214945591     
  -4.1131593371999111        7.2802705716677778       -3.6097960437440562     
  -4.4569080289988849E-002 -0.33629527044367141      -0.37101316921095501     
   3.3928984229857302        4.6566732795101879        4.8342944217456427     
 -0.12484058003495356        7.9196180921847874E-003   5.3507386621036691E-002
 -0.12824795728742902       -5.5755771514991899E-002 -0.26271416544848286     
  -2.5112006707346406E-002 -0.15023290880355678      -0.19075580248443755     
   1.1878731627478565       0.25766369832866481      -0.22149326657059915     
   4.6411489210127853E-002  0.34227394957315321        1.6083718810596865     
  -2.7178496653552577E-002  -3.1433124678836820E-002 -0.13642788506825809     
 -0.65962476144080229       0.50533151511485797      -0.32572780811600055     
  -2.9993189277803520E-002   6.6733739826247682E-002  -7.9710147709909973E-002
 -0.32775429659235361       0.37805068633485295      -0.30048908811735237     
 -0.11108315234806591        5.4355878030385281E-002  -7.1203275824617523E-002
 -0.20110066926204551        5.5842573934648407E-002 -0.22930784567376700     
  -1.5237572731009834       0.54711881875214696       -1.7742556556686127     
   9.9491646633090847E-002  -4.1304501352443450E-002  0.15777491563545470     
   1.0165268612577210       -1.5889988617077753       0.58203668766114958     
  0.39899142707004587        2.0047320567167057        4.1209412005090735     
 -0.27063013648063794        1.5951826517657459       0.40161054650618289     
  -2.2069613398709644      -0.44341079778462900        2.4048556553311426     
 -0.11801145120513239       -1.4120125799787374E-002  -9.1849599173853880E-002
   1.7317974406075389       -1.7932018519126487        2.4442872301338014     
   2.8828347178342875       -4.7369666806819799       0.88974507979524919     
 -0.37732543349676273       -23.768416340871166       -1.0836901668599330     
 -0.15934927595475404       0.33260920236504632      -0.12553051325354081     
  -6.0349437213804771E-003  -2.8469662273804118E-002   5.3388007643899352E-002
 -0.11640386362646044        1.4213020059150183E-002  -5.0369193925924829E-002
  0.26580407412369611      -0.14512895373126627      -0.19788666495262863     
  -8.1019870983941700E-002  0.11050763592819957       -8.5853900153749052E-002
 -0.28442729760137619       -5.1651521883281822E-003 -0.17308292252104626     
 -0.39972043449295197      -0.81027657223725169       0.37634223600219063     
   2.8814377865228380       -4.7819600247751346      -0.64657985165409160     
  0.32596926486133349      -0.50456613498708958      -0.39578066458056810     
  0.98701297877953120        1.5072705454806201       -1.4295508068799283     
  0.65858801400097777       0.85452696220441482      -0.68359386937322419     
   3.0352806962090075       -1.0281143268812900        4.0350897073143521     
 -0.32542713121851435       -1.0259175305300421        4.8960616790040747E-002
  -1.5359054510377059        1.3831922939566654        1.0752801360742379     
   1.3001925128221856       -2.6565747055923890      -0.87190418871496578     
 -0.17392825128453210      -0.16118819491979150      -0.16569345149729067     
   6.0940867086033593E-002 -0.13066935160852683      -0.13053953480900177     
 -0.12409628174257974      -0.30598545453991677      -0.14082860129028685     
  -3.1003911457833735        2.1379713902236666        1.5919040040049703     
   1.7199619538361393        1.5501332396760570       -1.4789278089190803     
   2.8159247556395219      -0.61237283781201735        1.7670134582267798     
  -4.4937074414872616E-002 -0.12129934506274052       -6.6636549191641983E-002
 -0.12646081269710396       0.13506468782888983      -0.16665017784731492     
   3.6751315730812625E-002  0.16635938569690323        8.5753005424785048E-002
  0.20397970935548920        2.2752629927006232       -1.0359631122646951     
 -0.16927431744415905      -0.26429108854372463      -0.14065041044169960     
 -0.35005530393479312        2.2186131038718666        3.2868326299490547     
   3.9549463577597456E-002  0.13662320967740402      -0.33654346053323719     
 -0.33796696271641552       0.18924183234013350        3.0185774276232685E-002
 -0.28279198908873265       -6.0248434342403880E-002   1.7705067214607243E-002
  -1.5276033080975624       -1.6639864472433690       0.25419551794020795     
  0.19329682587691210        5.0492118449289823E-002 -0.47585891145284476     
 -0.60665953680418383      -0.25799300171822054      -0.59801415656152634     
   3.2496917211507665       -1.6519428833403711      -0.88877474526664246     
  -6.4127134945577147E-002 -0.11475778973564575      -0.96389963708587523     
   1.3083234044400769E-002   3.4571526335846238E-002 -0.11109254539763595     
  -3.6396381296049281E-002   5.8611703051425892E-002  -5.7311495299070210E-002
 -0.15882524157958219       -9.9849156068240880E-002 -0.15825120324940317     
   7.1164363400427630E-002  -1.5809238239482000E-002 -0.23431503845843682     
   6.9282533026896659E-002   2.1282487183545373       -1.1360790120648050     
  -9.5761191083178404E-002   5.4509884210863398E-002  -7.9880245925640525E-002
   1.0857897432935746        2.5912014853419971        1.2264104022901097     
  -2.7072665295592864      -0.64774113135848510       0.23569592685930477     
   4.3450701989868010      -0.37217110582466650        2.6822397908417677     
 -0.20824787076289822       -4.3939506333421315E-002  -8.0998849419626484E-002
 -0.71693988938750874        4.5783572860037971        3.4925784162099331     
  0.13334125982628300        1.8853399559360468E-002 -0.15901433036225929     
  0.95382825248210423      -0.77687450269726144        4.2180043477337001     
  -1.5263935435899271E-002   6.1426782462570786E-002 -0.30706425387622049     
   1.1146200548455136        2.6738856521098078       0.56508946560668516     
   3.3543466373562811       0.15083205645508266        3.4569704103712269     
   2.6057337613226901        1.6750542303519320      -0.56812798525141295     
   4.5868252788726305E-002  0.16241874571086579      -0.20984068732974023     
  0.82320023303379686       -1.3763172966172965      -0.42133507023267952     
  -2.2566328987855302      -0.21799947560849364        1.8851030356260314     
  -2.6635001736902773       0.69043149634269219        4.1328353068394357     
   1.7489188118020371        2.1055439246212204       -1.8893143013613096     
   2.0611754625804748        1.0033583192239548       -2.4618866112187878     
  -9.3930290708283501E-002  -2.7213096001051224E-002 -0.19746194891199961     
   3.2029076917811423       -2.6204024290476848        2.3763826315749941     
  -4.8073350310571161       -2.8646108409441142       -5.6978391674427726     
   1.5318539149853849      -0.72636997902347034        1.8119719596110453     
   2.5936326102618175       -2.0336382569259272E-002   10.277257819928721     
  -8.8605373521684946E-002 -0.13437615663155275       -4.8880890540785246E-002
 -0.46344476558927972       0.19992144088588332      -0.47655220197865744     
  0.78517531733414947       -3.0496093522718750       -3.4796466143691838     
  -8.8477158988455248E-002 -0.31240485140117857      -0.22562024021393040     
 -0.44451052904651472       -2.3519963251679310       0.46422063739373881     
 -0.36881574939111422       0.21198963759613840        2.9430611505268524E-002
  0.37733005846424422        4.1071207830219940       -2.0966420138534780     
  -5.2358765020836119E-002  0.22656129318520696      -0.14242754876135300     
   3.7612970480381522E-002 -0.17502140876878497      -0.27869665526919341     
  -8.3751101947734302E-002 -0.13149039074522714      -0.21939044717484379     
 -0.14392592254198028       -4.4429769906570112E-002  -6.9836752275063363E-002
 -0.22803002684256232      -0.20336905404029840       -9.8252346400801729E-002
  0.29296660321392248      -0.28777940761492443       0.12781555945624803     
 -0.26186798946619738       -2.4629820238498312       -1.2150158658231773     
  -2.4651661277705581        1.4190291717810251        1.4941757916679383     
  -1.6339550043952544        4.5883409140974170       -1.3194788609778034     
 -0.18339180549590264      -0.21480078190460200      -0.35143105816578951     
 -0.26959629133519281      -0.22116262089693120       0.11069180990194538     
  -1.7755958377302534       -2.5157447064031273        1.9405421959821985     
 -0.32190124365601469      -0.11563538811978380        3.6285946343977041E-002
 -0.10498239263140129        2.9688932019132424E-004 -0.30890519726064408     
 -0.90225946082232777        1.2715253601330387        2.6510536909728408     
  0.17562449328980412      -0.62733067104444151        1.6953343081840246E-002
 -0.10456514976762260      -0.14008563557588366      -0.12339561102517663     
   1.6576525191068296       0.40296441365430496      -0.91222435523094814     
   8.1009848129921250E-002 -0.11213593539913401       -9.8713118104013231E-002
  -1.9282209901536169       0.18989937294113099        2.3620436325651206     
 -0.23434405160883184       0.15912825096908775      -0.14971145335386873     
  0.13370131499662549       -1.4863336776612512      -0.22837406636010080     
   5.4292616811234713E-002 -0.24415551623527842      -0.24984989006976729     
   3.2529268537973484        22.926751036200439       -9.5727404659377697     
  0.76063019734154647      -0.49578829472796937      -0.89336686486039840     
  -1.9914018605096138      -0.36862598813902259        1.6570310917312878     
  -6.2006726156267566E-002  -9.0349327178211050E-002 -0.24337923645262396     
  -3.1570200815036462       0.85721031682366877       -1.8707002479768642     
  0.61168172312401470        1.8927350159514116       -1.4666246808183379     
  0.11856734683566481       -4.4049850449616947       0.27498143861533636     
  -2.6098560424260007       0.32226318000386051       0.70657615367514615     
  0.13898843415018616        9.9726889542989833E-002  0.19809037980435976     
  0.18087100489415101       -2.6233006752690216       0.73957517143831664     
  0.72838432141057841       -4.4453989045560816      -0.11142376305189858     
   2.1750905042164037        2.1867221437915472       -3.7399720829221152     
  -5.7160570906386543E-002 -0.17005450050355606       -6.7886920825563177E-002
 -0.19329887211765348      -0.13908624663165672      -0.13612226969937019     
  -4.7164227663048369E-002  -9.4087108937323832E-002  0.15313437715158715     
 -0.61545833201676559       -1.1746010910363005      -0.10377845021051352     
  -4.3288031467552432       -1.9397139808600856       -2.2398317234710854     
   2.2922281420473203        5.1674317174758970       -2.8152886538157618     
 -0.22594127314190368       -5.4569198252847520E-002  -8.8584457084315865E-002
 -0.33382783222831935      -0.12984434594008709       -2.7929506871904285E-003
  -1.4582669705927906       0.15058908595078407        1.5109307015826006     
  0.56304019247223602      -0.72880341939086812       0.57159986024510478     
 -0.26290037873686289        4.0054982857399279E-002   4.1207664349635451E-002
   4.1346344016023400      -0.42205016067849727        5.5401190311185458     
  -7.1487487167556568E-002 -0.16531520087960774      -0.24392357155122538     
   1.9235679952674727       -2.2739104406870707        2.0666761124045330     
  -9.3360093595992351E-003  0.15072188536975140        3.2109930855665478E-002
  -2.7544451394867155       0.65335979492569085       -1.1823628906651613     
  -2.6910635249814754       -2.7392110349823748        3.9273395093168375     
  -7.8951123903202344E-002 -0.11718547778625481      -0.13279232471670557     
 -0.22677912313665069       0.57604883774669424      -0.15121336526497300     
  0.74278891612893894        1.3802880127572918      -0.63219310684113228     
 -0.93911956445942213       -1.6212010174531162        2.1314782477813288     
  -4.7262156795146364E-004   4.7010947209745649E-002 -0.18509425166158044     
 -0.18962909863467736       0.16669838680130156        1.3312494875574319E-002
  0.16746446271913520       0.16091515895931721      -0.21036342691016766     
   2.8171596830565528       -4.0833317346352755      -0.13872416450680197     
 -0.17402813810759241      -0.50761745340993070       0.44301350984170812     
 -0.12673631170332159       0.14935336000557112      -0.17807455383072163     
   4.2899590823500255E-004 -0.10454817430466068      -0.12179981095685936     
   1.2365629429886503E-002  -6.8956087657093920E-002  -3.0166208007931412E-002
  -9.4855604797373844E-002  -6.3581495835374854E-002 -0.26512929148844505     
   2.6987666971054014       -1.2917855459550069       -1.2231824595390453     
  0.48518869264851144       -3.3403128613143824       0.36042666029809023     
 -0.73453982355345515       0.21642085422505145      -0.21546289717200498     
  -2.9852997190381099        9.9708330828111986       -4.3004757695508093     
  -1.2819963745875684       0.86329918538011585        1.3786573470050298     
 -0.17505144768913244        5.8053968497334685E-004  -4.9627139227610348E-003
  -1.1217485327423369E-003  -2.2176688985229960E-002 -0.18189432719505910     
 -0.10147112681467184       -5.9320986106966671E-002 -0.23730494970888044     
  -2.5206490397723907E-002  -6.4402891443850030E-002  -9.3255643789887863E-002
 -0.67774589423278375        3.6346202070871123        1.0069317854421211     
  0.19618171047890670       0.24779562799254065        5.2008448337166967E-002
  -8.0267458932484603E-002   6.8021666609857964E-002 -0.18186896404924596     
 -0.15879125895792262       0.14707043239966205      -0.28490499321961249     
  -1.4431268636679815       -1.3673182171433063       -1.0960895214562689     
  0.36015211133616815       -3.9279118931104122      -0.55529967306449979     
   2.3538157419954091       -3.5023836093001623        8.2685556532993392     
   2.9971180305444691       -3.3127010356137374       -1.3140968679458751     
 -0.36934302473376357      -0.41767343941144403      -0.12508157764586822     
  0.14909298538523488        1.7797216902146593       -2.9066756334530939     
  -2.0263900288416643      -0.15466803403843771        1.3963054796474335     
  0.30624678418936824       -3.3756515115648895        2.0165810487375100     
   1.5371463366689426        2.7630157868103238      -0.52320446556225897     
 -0.10562591506805488      -0.20668316359338373      -0.16498436978609740     
  -1.3003338893417660        1.0872740080704901      -0.18052912730777249     
   1.6417284006180257       -1.9728368920453117        4.3844319172097768     
 -0.40972698263764717        4.5296320785015387E-002   2.7348341970461862E-002
 -0.12909636544183023        4.1468474108057596E-002 -0.21908203334621382     
  -5.2360563128740954E-002   5.4006427267269223E-003 -0.26164346926597315     
 -0.26665467749515537        5.7709406231554135E-002  -6.6258021056649824E-002
 -0.28009780646856025      -0.29698542038956649       0.10723903129030833     
 -0.45843855103994896        1.9412389371044024E-002 -0.19799812054411536     
 -0.38432111875497121       0.18174954046949351      -0.21572484236876069     
 -0.33845232657083646        4.1683262204103011E-002   4.9480982388533407E-002
  0.53791624670715910       -6.6143818067285798        2.9745336339828339     
 -0.23179364113429796       -3.5749762087291482E-003 -0.13974960122680741     
  -7.9560414131161369E-002  0.10332102147496397       -8.0596478897143317E-002
  -2.2806553638273308       -2.0335396410373017       -1.8923072660917151     
  0.13322494047353675      -0.41955622004675724      -0.16382572611202806     
 -0.48673035261574599      -0.17150569987707853        9.8491455074142351E-002
 -0.32503575273864127       -22.317503468134088        12.016148076632289     
  -9.4007388736225814E-002 -0.41248456536678441      -0.36061893231372527     
 -0.50942602523694769      -0.36865543646266918       0.36525499201548173     
  -7.7271389760548301E-002   3.2385355442595687E-002  -1.6677947248309913E-002
  -1.9903361843942327       -1.2651215645398040       -1.8799592276500849     
  -1.8046243491612479        1.0590022506651371       0.41809332268570326     
   2.0914124324186623        1.2430746692007169      -0.32959677785730485     
  -8.9743262224296808E-002   4.1810620112632681E-002  0.16462512480906114     
  -1.0569954717453245        2.6927611114094803       0.71600358362762084     
  -1.4376387719524499        3.6446935903101201        1.5378827742755437     
  -3.2894629722798635E-002 -0.37672967776937349      -0.22390868237547179     
 -0.13367543258752992       -3.6462199491436385E-002 -0.11191465631120603     
   2.7425181367746307       -1.2305227579626967       -1.6504553864579019     
  0.37180738718922896       -8.8372363293826264E-002 -0.23908785743410366     
 -0.21610915528347524      -0.29417099382436407       -1.4685963846644820E-002
  -7.0380519533257080E-002  -3.1436439231272366E-002  -4.9633435869110017E-002
 -0.10977656107225456       0.15420533731523792      -0.30480873001393971     
  -1.5636575243781725        9.1337082440397754        4.6824935339704759     
 -0.28253001144156265       0.56145099041471846      -0.16666569426002925     
 -0.78553409522242745      -0.91395716141181838      -0.96255340144026902     
   2.9564618057860388        3.0157387566577611       -3.5697465501734658     
 -0.28845172981320000       -6.9648396520319400E-002 -0.17024703292032242     
  0.32075515843522256        23.528265129338042       0.41800413861976016     
  -9.1942116632576870E-002   5.2070842412676101E-002  -1.1645889096268137E-002
  -3.4380853687244861E-002 -0.19121156333004988      -0.17568763581947563     
   2.5756144079068979       -2.8179229970358222      -0.96263787682265001     
  -4.9663229123320003E-002  0.14306518590877582       -7.1486937845514631E-002
  -9.5020933337988986E-002  -5.1837541018506211E-002 -0.14416767105977965     
 -0.39454918178966053      -0.81363672439314982       0.75845629559852135     
   1.0606552998210534        1.6731833630039172       -1.3599185674581471     
   1.9553712136215693       -1.5168298024774696       -2.7641834998120722     
