 -0.12177200734925682      -0.21972480353945179       0.12419324668414713     
  -6.4424142446415422E-002  0.17436145674840101       0.22575243347028362     
  0.18232071500335470       0.29223380245678449       0.23496221548086768     
   4.4112748525570698E-002   6.0965654124436088E-002   7.4450921223438840E-002
   2.1421303920322321E-003 -0.11445799220565314       0.32594559982139165     
  -6.2218949269575698E-002  0.15309557788265077       -8.7926175507972645E-002
  0.41198340205349382       0.43108416463980970        6.0578118303523760E-003
 -0.17075374056001655      -0.37951246836553754       -6.6037310006081592E-003
  0.10677626603837488        6.1018933566788863E-002  0.33033860488191202     
  0.98397873401919222      -0.90133637386998233        1.2195176088023181     
  0.37573859040244106       -5.3641697490955965E-002  0.20917136802421646     
  0.10205610872050470       0.32831295221461970        4.8783340468997752E-002
 -0.10760472467969234       0.18364422464519267      -0.49974919351621344     
  -2.7239008241300412E-002   1.1278916253728805E-002  0.11224943863704329     
   5.3428609499081355E-002  -6.8680760374818300E-003  -1.9679286648209851E-002
 -0.34927033184049883      -0.16738869175513091      -0.42761104003803690     
  0.20149421660892708       0.44492439631076491       0.19613030562429581     
   9.1273922223205323E-002  0.21609908314658333       0.12123103747947049     
   5.4743492250441506E-002 -0.12110537202686233       0.39557879321644412     
 -0.43243319669186975      -0.20747482796023181      -0.34967837541393554     
 -0.28518905120881433       -5.3201987449406081E-002 -0.30781968485379341     
  -9.4060614057224282E-002  0.23793531949877955       0.25558687727972984     
 -0.25487989298996533      -0.17289593152825369       0.29104048526680648     
  0.10563395816531305        1.9671218260262097E-003  0.12016260061582701     
 -0.17287962739611351       -4.9151616137982593E-002  -1.0028707310860228E-002
 -0.30357321634162621      -0.19510365204372479       0.27369682510201049     
  0.33280309441422801       0.19379102341851301       0.23679766669962787     
  0.16244883181748246       0.31021142525413109       0.29293428481504896     
  0.41144056248048533       0.31999308393724435        3.6616948053818238E-002
  0.33546489187321915       0.21373882259495883       0.20933638968263937     
   8.1441063805242866E-002  -7.5340074992116257E-003   7.7084529705169033E-002
   5.5776025430283281E-002  -2.7214675971012781E-002   5.3572437688478136E-002
  0.14095777845162372       0.40529925497927710       0.22868846306202187     
  0.31544998359403031       0.24967610307102164       0.17599970959144992     
  0.39394690147129546        9.4828674893011021E-003 -0.15542721093456174     
  0.12459050038297824        5.4378633408613479E-002   6.5021640391176597E-002
 -0.20601223601734006       0.37431841096601864        4.5108241546247256E-002
  0.10665919454981827       0.13513433006324516       0.13377627470514139     
  0.16701061750863624       -5.8874277262839621E-002   1.7257980104605834E-002
  0.15225509811654669       0.16765976279648054       0.19199561654561145     
   4.0685032044933928E-002   3.3951705826205700E-002   8.4572559703838660E-002
  -6.7094491188105773E-002   6.2678632346579805E-002   9.6035188657203785E-002
   9.5142112303870610E-002 -0.10113057285871238      -0.13111533310381956     
  0.48485016228681876      -0.10931950801052978        6.1699663264987062E-002
   9.8111606083053360E-002   4.4024483889981043E-002   5.1036649219732208E-002
  -4.1906484052490783E-002  0.11218716369369151      -0.32351791449058553     
   5.5183142528477433E-002   3.9960328958545399E-002  0.40147288063587988     
  0.19787936102133952      -0.17632860623549945       0.15293134371056680     
   7.4411881242784958E-002  -6.2307921497776943E-003   6.8332772762073057E-002
 -0.29739473120438087       0.18186363883021131      -0.46314235927463687     
  -3.6949178431644240E-002  -9.8756093250909616E-002  0.21292613659012152     
 -0.13906616945380632      -0.40848963617010003      -0.23810672871528193     
  -8.7832219763997618E-002  0.12947012979968761        8.4815255175152565E-002
  0.48559171152855007        3.1713380641837541E-002 -0.78483742138877455     
  0.41483287147241987        2.6011341398835878E-002  0.20664398806547837     
  -7.8464122785213364E-002  -3.6109954491561305E-002   6.3395784453114279E-002
  0.36955058930372253       0.27892734845490758       0.10032752790745411     
  0.14821694620278261      -0.53295334736816102        3.0921380169730669E-002
  0.24583766439321947      -0.17151397598344786       0.33889109482634866     
   6.2772432572478915E-002   3.4872443185482022E-002   3.4375356077613828E-002
   1.9975012880705589E-002  0.18185988212515050        7.3573746926712744E-002
   4.7283720556849158E-002   8.4505057233806635E-002   9.8169604923893386E-002
  -1.7357257095549191E-002  0.35407306047186815      -0.27234124253093311     
  0.14513734421644325      -0.43322192415443772      -0.38295856404550410     
  0.21633550474512958      -0.36395113269707124       -2.9402456778674400E-002
  -7.1634846748628980E-002 -0.18266517507300503       0.11931529598097534     
   2.1253125446420846E-002  0.23487342072848114      -0.35444123876612521     
  0.28972597631538122       0.12535130998557753       0.14182109321268249     
  0.39528524779586238        3.9611111421244745E-002  0.21731217117020551     
  -9.4439860915637913E-002  0.21610053307725197      -0.26551458809396222     
 -0.23356744638013566       -4.2323559217642526E-002  0.13269574543872054     
  -7.7698746229461921E-002 -0.10866518572501950       0.32741067462157247     
 -0.38381447566068727       0.34174122984448030       0.23842201638132851     
 -0.10775268166001575      -0.18277607705969245       0.33184475932408275     
  -4.2863646279208349E-002  0.22448813454192726       0.31218967473474829     
 -0.39684217543708417       -2.4039712553900756E-002  0.14845219762913980     
   7.5231915315068940E-002   3.3462825955173754E-002  0.41188061873510323     
  -4.1462042201478595E-002 -0.29067735077212675        6.1411035565796322E-002
  0.13569706829039260        7.4390135420116757E-002   6.1122651301253758E-002
  0.13568819402013754        7.3635762893422357E-002  0.30157249577927736     
   6.9338911435181186E-002  0.10469568867883548      -0.38524821337942450     
   1.3016895368467601E-002  0.51221014663010112      -0.10039413944982922     
   8.8256883768696275E-003 -0.24134971209605677      -0.19648106901602544     
  0.11125757386343017      -0.14354468704029255       0.13810731817242913     
   2.6274324629811968E-002  0.36965557965017071      -0.19225538709700998     
  0.42325648460658838       0.29574333877015407      -0.43510620616699525     
  -3.2013950310363956E-002  0.47146519836687428       0.16397095062058903     
 -0.26136698374392070      -0.17549850885979576       0.26604742210677385     
 -0.28458582979364111       0.31027108992304803      -0.22026788767654293     
  0.32136286979804873       0.30564401694450788      -0.13122985531915687     
   9.8055782868174318E-002 -0.17909848464344411      -0.39015665935275384     
 -0.15548790340974269       0.17804730511853148       0.20629855137448871     
  -9.9648561340604930E-002 -0.22052883344617413       0.28762558876786104     
  0.16487529847448137      -0.12796216347008987      -0.18309612538503622     
  0.22891874243509949        8.3150981545806274E-002  -3.8670752918145611E-002
  -5.9483143136219545E-002  0.38114079575617443        3.0666318693619739E-002
   2.2747465559671394E-002  0.44275881945657231      -0.17003705962919224     
  0.16793431454834717      -0.15266489185037987       0.26117053732058249     
 -0.26946324953022899      -0.29565330349937419      -0.34718544986686722     
 -0.26703956743424939       0.40243760922033428        5.0198865507240266E-002
 -0.31540982897677566       0.29811132890243613      -0.24662094346123317     
  0.27240353714414633       0.27798079528495007       0.19602313835137858     
 -0.43978499652942588       0.13952676076163337       0.30885531296264340     
 -0.21372381861206746       0.18461237014240925       0.25350866741402561     
  0.26958342158565024       -8.7163900876240277E-002  -5.3744412876885701E-002
   6.3502770277611573E-002 -0.23903932524541421      -0.37100967644883004     
  -4.9375902595689546E-002 -0.38856761020097885      -0.28438060479912969     
  0.17862853825811445       0.31646758500646388       0.24761241021252797     
  0.16625198564104779        7.0378398007318640E-002 -0.39893359835598957     
   5.4630862783531825E-002 -0.39376364890298698       0.34153543206939091     
  0.33838369709146848        2.6587956586671428E-003 -0.13580094100513435     
  0.36842857585795213      -0.19618099809490644       -9.4118744345147762E-002
  0.37216948498661367       0.21931144954519816       0.17804650668325814     
  0.17301148876091110       -4.9948255225924895E-004  0.47807730927490494     
 -0.38257490241383418      -0.10055716375506683       0.32416393251139092     
   5.4322767318572718E-002  0.39504728508185077      -0.21846794115679363     
 -0.25756926677509090       0.32482461113472982      -0.23390022399510677     
  0.30496853146507891       0.21106972212575600        3.2066394761667699E-002
 -0.11707733316131387       0.35003991215243707      -0.21634899898315738     
 -0.35820758685660081       -2.5285439525843719E-002 -0.32015879622298693     
 -0.14899607033369849        3.8647687141030805E-002  0.14274634465104666     
 -0.34428709190756934        9.2660038473963618E-002  0.10680835300162889     
  0.17664795662456331       -5.0903916378323782E-002 -0.20094377841195654     
   4.6150290286918201E-002  -3.0316087270565936E-002  0.10771891714381467     
  0.10740405358676926        2.9033916568287917E-002  -6.1412273686587401E-002
   9.2243273319008612E-002 -0.28073625429559351       -6.5669435882462768E-002
   5.9194407204714181E-002  -2.6190743407637468E-002   4.6563427739742822E-003
  0.15675462381243158        1.6433627993402734E-002  0.12086987178152706     
 -0.14025550674425172      -0.39160818104129830      -0.19489904605689468     
  -1.2438512251532901E-002  0.45314057227213617      -0.13799996536251602     
  -9.4357871122767847E-002 -0.43928025660865272        3.7544755153548388E-002
  -3.2418090028120294E-002 -0.18349584289070997      -0.40705955812761319     
  0.40224683670703754        1.6615163989599707E-002  0.16223847758749738     
 -0.52581551418166539      -0.10412316452236541      -0.10159329853780832     
  -4.1280467542598523E-002  0.12359154315962326      -0.34360651603824038     
   8.9712382973543350E-002 -0.41406148348094590        4.9850845940708391E-002
  0.11349221965494118       -7.1956121450063415E-002  -5.1380669269993531E-002
 -0.45756168949069803      -0.12931720523860785       0.10272293792523558     
  0.15308416403002612       0.35314105982932820        9.6789681519078200E-002
   7.3088740079602796E-002  -7.1261998733711349E-002   6.7420362067498615E-002
  0.29295623121939413       0.12218211379081255       0.12142213371164876     
  -7.6234093743748760E-002 -0.15842415423767053       0.14621920537958011     
   7.2018743386464815E-002 -0.13863553036168577      -0.12941103682473795     
 -0.14281835980074653        2.7598999267297631E-002  0.35709133656742492     
 -0.32165648994829843       0.44957515443677037       -6.5173098319630127E-002
   6.2753235620151993E-003  0.30875145562719819      -0.22197326400951967     
 -0.43111986927990203       0.17018199361533770       0.30286085062614937     
  0.11183147575445926        3.0525951369032286E-002   5.6274011161858560E-002
   6.1377811326989197E-002  -1.7842606538295606E-002 -0.41144260949002842     
  -4.6565345560349414E-002  0.28750555674695388      -0.27821392783495758     
   5.1215435943121786E-002  0.40433879873246553      -0.22634859233630211     
   7.5233287691865311E-002  -4.3861598131981497E-002  -2.8441700492100132E-002
 -0.33965528416667629       0.12654304954038531       0.10628997942482041     
  -8.0324984445900111E-002 -0.14524853208593944       0.27830739359449341     
 -0.16286347142516025       0.14386028047720353       0.19942133826756239     
 -0.43104171337320829       -8.6245529494805101E-002 -0.35792419738610359     
  -5.0867075102716375E-002   2.7313933423729002E-002  0.23240442710123413     
  -1.3838224411687330E-002  0.42355225471435881      -0.34058110326163837     
  -7.9650067408348693E-002 -0.40697181428408202      -0.22015130897773347     
 -0.30895104688919250       0.10728389969027734       0.12621741560826344     
 -0.12493787081547890       0.27812232255250507       0.29141933716584634     
 -0.25851698327604272       0.22698300101391816      -0.37707918061231588     
 -0.19492610057622922       0.41140366135203266       0.16770356278338003     
 -0.19475674711983684       0.41907171566000345       0.12503055527617313     
 -0.10862163950169870       -9.0170233299025918E-002 -0.18421448162516824     
  0.45186268659471801       0.10216115425985864       0.12020948822175324     
 -0.38538591351611384      -0.32325703755042240        2.0994102562349324E-002
   2.1219746686769406E-002  0.24268788957317361       0.24421084913642205     
  0.24116332425435691      -0.42451968301405202       -6.3771441144252969E-002
   6.6530580925874688E-002   4.5758005940610955E-002   7.3992863789504010E-002
 -0.35423089322823859        9.8710430423185766E-002 -0.37537486166025463     
 -0.13424137029674049        7.6962754761712701E-002  0.35794033970166561     
  0.33247671320175581        4.7996227082918369E-002 -0.42203370441182514     
 -0.30950471192369344       -9.5662972519991174E-002  0.24105601640522800     
  -6.6309530814885581E-002 -0.47987171878432622        6.6852447248416024E-003
  0.14495992647233530       0.19953696937190418      -0.16060918515787415     
   9.4557096826693221E-002   1.6544578434949057E-002   4.6188839129148902E-002
  0.19074029854187893      -0.15674707920851408       0.26612091840719010     
  0.39369778189501298        9.1724183772947249E-002   4.3831970343795740E-003
   4.0383047585930171E-002 -0.11888684107408712        9.9419723674616753E-002
   6.0362045166479750E-002  -9.2768911560718537E-002 -0.14960113667194833     
  0.29694079982327126       0.13629562704814693       0.13584504139236372     
 -0.17076644457713047       0.24676961032975406      -0.16489843736971030     
  0.10626088310628769       0.14311408850429008       0.12965214291548080     
  -8.7160659042236951E-002  0.32570680372125721       0.21978854905548881     
  0.19476056373641901        5.6402955299337462E-002 -0.29564326741693453     
 -0.33289351445610316      -0.17417057658862828      -0.43068522924514191     
   7.5463617338533642E-002  -4.5134793590490274E-002   6.0913247268678701E-002
 -0.20547196286267605      -0.18377003367781641      -0.48404236264783784     
 -0.15291672927909145      -0.42273031558316493       0.21149964334504881     
  0.36612448498713118       0.14936212289932921       0.26319775399768341     
  0.35622079592075062      -0.29565363733663064       -4.8388545880224676E-002
   8.8067253747290880E-002  0.17241869578550897       -2.7390375926923193E-002
  -3.3618660843413167E-002 -0.18510658421789911      -0.29236928299748050     
   9.9986218473562982E-002  0.22044333579378381       0.37904007805481899     
  -9.4249638629539140E-002 -0.22710372124255757       0.39664402001603771     
 -0.37130742191099558       0.30414918752431735      -0.19882756404655241     
 -0.14933125813581821       0.22325352471880816      -0.18026835526139240     
   6.4292978285185140E-002  0.19733311303516468       -6.9165958324647878E-002
 -0.11226204767535962      -0.21248834898836824       0.29078004640383243     
  0.14834363660581720      -0.52438584723355042        4.1190180797259978E-003
   7.9597562347996711E-002  -2.0185297648052554E-004  -2.0004430261348488E-002
 -0.16104057424416748      -0.24902092479360946       0.14915148699839048     
   2.1179304704871367E-003 -0.17278011180194019       0.16932328428601939     
 -0.34057992496661660       -3.1196903214794222E-002 -0.32439288119062559     
  -8.2413797842711231E-002 -0.16957989417731661       0.15083475300694429     
  0.23608098835823804       -6.9249685568549373E-003  -3.1833236321163826E-002
   3.3932329161001668E-002   2.2206537933114053E-002  0.21366844410634930     
   7.6714009327377569E-002   2.0903766296978134E-002   8.6435081908966621E-002
  0.11244903815885515      -0.19837375207040073      -0.16117200126108888     
 -0.11082503224861534      -0.48993126930946557       -5.8196659960985178E-002
 -0.19184028353688648       0.18446682752197816       0.13403045960121845     
 -0.42103742934291866       0.20613340173380720        4.9664378485617333E-002
  0.43291164109731650       -6.0874549031763210E-002 -0.17595574884190923     
  0.29708754627549100      -0.16716319469093527       -5.3729617196573487E-002
  0.12286087396422356       0.24661117443316791      -0.51759638171115552     
 -0.10954548315600875       -2.5997447529886048E-002  -2.8495117451014622E-002
  -5.3869284490993416E-002 -0.18220031217715868       0.15349585990189918     
 -0.23289086889730368        9.6167411906942973E-002  0.14769751762682368     
   8.6028605918208559E-002  0.39320487907792107      -0.29865599219436523     
  -5.1798685450895283E-002  0.23071757484847241      -0.29169285937953704     
 -0.49931703933599814      -0.14426998780212075       -2.5154184886282623E-002
 -0.21551428538668127       0.26533450417334714       0.14164476820795147     
  -2.1599294931466794E-002 -0.22485302196923229       0.15881403982074169     
  0.16035410500103281        5.2311236813635982E-002  0.51849438724131391     
  0.37328746185523654        1.5405176820554752E-002 -0.15708562580061811     
  0.52929203600394248        1.1999470950553974E-003  -5.2860706647020562E-002
  -9.2518449015892415E-002 -0.22759284892359016       0.29330977746922177     
   3.0188830739725305E-002  -4.9611790272649864E-002  0.10010402408474535     
  0.42846219647885159       0.13887358628050184       -6.5591654966121474E-002
  -6.9998088475932427E-003  -1.1423743973238910E-002   2.8566485988021986E-002
  0.18134267458458433       0.11990360090267684        4.0078866723291987E-002
 -0.21266504996005314      -0.48167235010120751      -0.23736510776377534     
  0.16005981310021919        4.4167177741844657E-002 -0.28497291314132228     
 -0.42484702311871470       0.23249199859673469       0.29850302322636169     
 -0.21992923679934720       0.23530369435120976      -0.27514341719326951     
   8.3008235049332024E-002  0.30916882873386314        6.5741224066585280E-003
  0.11996237782606914       0.14417021050548162       0.16131867737321762     
  0.17089938005805005      -0.42237787956932843       -3.1529750288213428E-002
  0.14172424223150129       -1.5173954865030899E-002  0.18636579064044689     
  0.24989006802461039       0.29390711466072189       -5.7576003773611259E-002
  0.10726251217286799      -0.16123953465920907      -0.10018191111062978     
  -8.4380720969580519E-002 -0.19560113525247591       0.15096724582499754     
  -8.7712728758682412E-002 -0.17090126514915080       0.16080074510498407     
   9.3897526510270113E-002  -1.1147015365637405E-003   5.0979095747151523E-002
 -0.44815756607253981        6.9399922796318972E-002  0.10344283261083821     
   9.3337174976713011E-002  -3.4752853004870514E-002  -2.9098632163843084E-003
  0.31133759991783655       0.19631499536745020        9.2975693776484888E-002
   4.1362496502329898E-002 -0.12291441771063553      -0.19294240707083221     
  0.23764357492574326        5.7632542839053370E-002  -4.5573871048745281E-002
 -0.23905124961226784       0.29308934138377229      -0.23844705717785175     
  0.33328783456769656       -4.1198789801968200E-003 -0.15222315413119816     
  0.15438853711386949      -0.17794358539883293      -0.42593476377728157     
  0.18042097281284386       -4.2092434157105132E-002 -0.21138369440246352     
  0.18064394142175161       -9.1581041001957700E-002 -0.19074106930870233     
  0.40812119825333698      -0.19547499180914962       -9.3511836040941293E-002
   6.0056901106637422E-003  0.27274168833823276       0.15535638387806444     
  -3.6894440136161076E-002  0.46296471697550001        6.7422161856697665E-002
  -2.4585929394935744E-004  0.21460717029130147       0.17146027460705346     
  0.21291219823103402       0.11667627186312104       -1.4936054962266635E-002
  0.15276854239862581       -7.6823366142275765E-002  0.42068164372843270     
 -0.36743382094579558        4.0609602842894915E-002 -0.28016795930934252     
  0.23351851961164219       0.26699327741283030      -0.23237287561583558     
 -0.15557022720398891       0.21673437722411323      -0.17435662429499221     
  0.10462458392382354        4.4369128043096596E-002   3.7571867879126752E-003
 -0.13479598402077686       -5.9433528207440987E-002  0.14730248866698306     
  0.12155658773993580       0.28939556822761814       0.34929715971449454     
 -0.32840913646410841      -0.28334450643846837        9.4960694090553355E-002
  0.17253284169779864       0.39464614008771831       0.15990975995075205     
  0.13684321297387841      -0.11202433477999103      -0.13074293236304693     
 -0.20516784738781438        6.0619595491358189E-002 -0.71468182375614431     
  -3.2963371867391317E-002   3.7385485943659008E-002 -0.49490315607382784     
  -6.3758753094847784E-002 -0.15564597243728803       0.16221081111541197     
  0.19442346852287756       -1.5625449119663553E-002 -0.23609792803439603     
  -8.9261302615417371E-002  0.24317221137907793       0.32603489136173014     
  0.21794433951755735       -5.2095295702270080E-003 -0.24601183526135895     
 -0.38314233228874534      -0.36928443021771135       -9.5124603987313400E-003
  0.21098001701811342       0.10813977622950556       0.10191379764097201     
 -0.37235835530947653       0.13117120539802957       0.13013000437217365     
  0.24827236087060453      -0.26334840575728480       0.17116374152311550     
   4.6644207711890151E-002  -1.1789715599575952E-002   6.9880372432517004E-002
 -0.10382469287468080       0.19162632158909729      -0.10926595490286728     
 -0.10833109610455235      -0.16484217316978028       0.27092052588268606     
  0.33248061044828681      -0.18624330849148776      -0.10061546235957838     
  0.18177741595633021      -0.24583283445238402      -0.22805174918056531     
  0.17853484724425167        9.0054187284748968E-002   8.3802965283201400E-002
  0.20845540068253807      -0.84256541453690970       0.30316366202055961     
  0.11418527977701155      -0.13987692241441083       0.16838375541647455     
  0.32765317944356093       0.22643621533053548       0.17896684627621537     
 -0.45131034886052174       0.30741141074331313       0.11950997927998679     
 -0.33028192934535344       0.12801344097281916      -0.42457314840730631     
   1.3028681663328413E-002  -2.0740334214126799E-002   3.6333281722701054E-002
 -0.12593436528405139        8.4844720636393089E-002  0.10655700582386553     
 -0.37852532699260999      -0.28256561715264888        9.8298392514435035E-002
  -1.8828435195033952E-002  0.23744602274042578        3.4997374108177687E-002
  0.46963819301992976       -4.1823779279102566E-002  0.16570001637424295     
 -0.31273065139124195       0.17330505172647423        7.7612805888520528E-002
   7.9532401279349921E-002 -0.40703924459720892        6.9414710155754650E-002
  0.18639202557209419       -3.7422426342607056E-002 -0.22979454143521741     
  0.13186082035512794       0.21427770252855241      -0.12388540523481734     
  0.22516228529571478      -0.28250823372181028      -0.14304790808140269     
 -0.37103557396618320       0.30155025455290274      -0.21838010092721222     
  0.12900318440321865        2.2311092849824150E-002   7.3097460963190211E-002
  0.40880942965703160        1.0738094252547833E-002   5.2372240590640162E-002
  0.22707333304766503        8.0045371574917520E-002   5.7418311721418022E-002
 -0.20645708180764583       0.24330985623359136      -0.27496038447520404     
  0.31214601288208310       0.19693130913882942       0.13093512172112701     
 -0.43362195071323695       0.21281288031485873       -5.9335001343049287E-003
  0.38818988267437332       -7.5209222600666953E-002   1.4692165920615875E-002
 -0.34836809312162798       0.11284555648382236       0.10900903702909050     
 -0.34605379612582737      -0.68427218781681443       0.39574749052825225     
  -1.6069312480479731E-002   5.6444586172486114E-002  0.45041271669198968     
 -0.11392524291072037        2.5477363162372240E-002 -0.39051107305261257     
  0.17413816821688741       -4.9610869813194645E-002 -0.22821729497025633     
 -0.10236599566691698      -0.16057436149958534       0.15980923375843412     
 -0.23487275067635061      -0.38696718323743268      -0.12979778373498244     
  0.15345856614300199       0.10640494407019618       0.17848252904073225     
  -2.1551146732823761E-003  -8.6174749449189944E-002 -0.45757869021484782     
 -0.31718573861022131        7.7866459648823641E-003 -0.30320334710022762     
 -0.10998851737017241      -0.28050377704869561       0.17653195801662225     
  0.21081074138009631      -0.21218455889429180      -0.17692925454400477     
 -0.17435686110739421      -0.13629521903601527      -0.23561454589743508     
 -0.21284875241756585      -0.46752103013379664      -0.23720015141401940     
 -0.25971995808833392      -0.41464317920290911       -9.9893115858800202E-002
  -8.7037950734765238E-002 -0.18481370377850398      -0.36325587465670284     
   4.4825956245548186E-002  0.15562765915754712        8.9470976240992595E-002
  0.17159185812467098      -0.30005660439908260      -0.27126520480829636     
  -6.5297892965097457E-002 -0.16647666551203316       0.14146337260079361     
   2.4500904915480067E-002  0.12055440907959974       0.10357614363390817     
  0.11423384576329927       0.18763691238689140       0.49011393921842772     
   4.1509253170817696E-002   4.4958740877246724E-002   8.8959067142584752E-002
  0.29977438158504804       0.30986079229026892      -0.17645566804690835     
  -1.3209126400832475E-002 -0.31339629502187233       0.78854791418874792     
   1.0898865829732835E-002 -0.30136264644175753      -0.40865383032101904     
   5.6050868798456333E-002  0.25043743397220725        6.9761768915264921E-002
  0.25863178922553953       0.12988555370056873      -0.29648821910682177     
  0.35833731763879856       0.45914791755414297       -9.1840675595452295E-002
 -0.22446103375319171      -0.42155097214100273      -0.19076696620356168     
  0.19418452977937981        7.1171647262325527E-002 -0.33551276104293082     
 -0.17612787169781979      -0.24577642483837500        8.5836813577566895E-002
   6.9989432154647091E-002 -0.35435755972701966       0.27723064298643557     
  0.37479415564316304       -2.7476277858875034E-002  0.38052164843554737     
  -5.1444525868364115E-002  0.23233382719208107       0.31280895490735094     
  -1.1668866473606847       -1.1507380539654182       0.63011903954982507     
  0.12644600631505051       0.33782695923849071       0.30037315315968577     
  0.27846122358692926      -0.11415189689317297      -0.10408401392778292     
 -0.46206711383625781       0.18174206309447394        2.6939195196817017E-002
 -0.11130786334349893      -0.42437993784485462      -0.16881035372774111     
 -0.48600059098559784      -0.19119285376732023       -4.5831309587457292E-002
  0.21742520162650256       -9.2941950488702865E-002  0.18396272515061632     
   9.4073160116155879E-002  -7.9510974702036788E-002  0.17363055540776923     
  0.29291340497331902       0.43902737891760879       -8.0434691254709895E-002
 -0.16586602147175711      -0.20573392398890358       0.40634343398875505     
   2.8211645725138328E-002  0.36268801863618733      -0.38777383958040929     
  0.18796051023559326       -4.3578347572386267E-002 -0.22460942431210743     
 -0.36803565204230504       0.12808256052694322       0.13211933857563654     
   9.7315736356717822E-002  0.17097563888943465       0.28586961348667594     
  0.14679383860046477       -3.7235408927194583E-002  0.10528728261689804     
 -0.22089869410105539        9.0268155067804671E-003  0.38523282090105626     
  0.10924558294971748       0.27065080708960282       0.10641538053668113     
  0.15710395140271019       0.19518035515399695       0.24569180593380943     
  0.23252906481473193      -0.20735609546089037        1.9858784980791779E-002
  -6.9459656688441354E-002  0.24123685450364385       0.34744522020839380     
   4.3619763869918804E-003   6.4676384853170676E-002  0.32182824945237726     
   6.9329648041378436E-002 -0.40434276474146941      -0.13062742473604294     
 -0.24659274702389991        8.3049448374738419E-002  0.12499078994064523     
   2.2841081834800974E-002 -0.41021964385818405       0.15741874818924911     
  -2.7768415536775326E-003  0.28145044834577598       0.12168831631649392     
  -2.8087888057361357E-002  0.27351657931665702       0.26058916407955579     
  0.18905320521510571        5.9876837729570240E-002 -0.37694701437573797     
   9.7525186467935315E-002  -3.1088184237429886E-002   2.6624204664550042E-002
 -0.21542805375013802        1.7732257300893339E-002  0.34881233524800692     
  0.26280305379332380       0.46041693310980858        1.4269657360346633E-002
 -0.20148101739217181       -3.6414844877143970E-002  0.20943708385722215     
   9.3434934795106867E-002  -4.9786119206629981E-002   2.3313421700224220E-002
 -0.53771461940715215       -1.0492264168225532E-002 -0.23605336980018166     
 -0.14135330902456020       0.25520612469923037       0.43866739077810496     
 -0.35121162723331423      -0.25106422997462619        3.3573558355698703E-002
  0.14794288428988633       0.79904924200386718      -0.13351230170503947     
 -0.41774863908939774      -0.29532840168280056       -3.5427289381335179E-002
 -0.17569120442634137       0.13374929036476604      -0.12192885871175520     
 -0.14871165028990255       0.14649037070613324      -0.10203874920198146     
  0.36528666075625593        8.9621730328946145E-002  0.22532454873940347     
  -6.1028372030763854E-002  0.40586669604025910       0.13462819885301544     
 -0.19940003459522926      -0.30902804510688925       0.11657380372437426     
  0.13179887372056814       -3.6082814682005325E-002   8.8273564053167705E-002
  -3.7091701392620937E-004 -0.34649867762670516      -0.24580113481318613     
 -0.15306452152854194      -0.21554511006645496       0.15988486337417820     
   7.7399231944551311E-002   2.1362031365208863E-002   8.1807922077324860E-002
 -0.26258990012038103      -0.14914654185452786       0.27464057744490822     
  0.12251231803745491       -2.4273321532316074E-002  0.12983777152705714     
  -6.0402019257544987E-002  0.21458272597098005       0.23860179329850870     
  0.18821543202876084      -0.15927725508578908      -0.22699492924642542     
 -0.21831481674868813      -0.16312355436349385      -0.29906091010403729     
  0.44209614333920838        4.2730989410426148E-002 -0.25337725482871054     
   2.6280207180732922E-002  0.24269185532067794       -8.0736110582295864E-002
   1.3060411619372976E-002  0.19413263515267329        4.3796528621651225E-002
  0.26233919145730550       0.15870870330665413      -0.31890000469648633     
  -7.0390541814013025E-002 -0.56826673322205878       0.17323567490587186     
 -0.14982514592389168       0.13826118638756968       0.16641376246019407     
 -0.15432637300533600        1.5676978549215405E-003  0.35362546944244655     
 -0.54712897284783046       -4.9972856009431625E-002   2.1981710671458262E-002
 -0.47042107674092737      -0.10532338306716135        4.5722927100621751E-002
   2.6396652574155018E-002  -7.6146567850709806E-002   8.7785518980142058E-002
  0.27496406015663544      -0.10368792239191370       0.34613766891731101     
 -0.28335629271486817       0.42718385307723744       -1.7099386270398805E-002
  0.35953658666256716        8.1994462884664110E-002  0.17900956114320637     
  0.30315810095305162      -0.24325794999629885       0.24133882837899606     
  0.19224417220404280       0.33353971743705307       0.23145499875641526     
  0.13078921534011709      -0.17377639312401891       0.17256705933013547     
  0.47909505227018528       0.22999990097593126       0.13776954987039364     
   1.6724210595515151E-002  0.10813452381665276      -0.14744334039506657     
  0.24018786518391430       0.26027673704142168      -0.44089097729956039     
  0.22685155795098416       -2.4259005671338611E-003  0.12857767129433278     
  0.20167548589820061      -0.19911656373813291      -0.18859230339845295     
   5.5246840238787807E-002  0.24376618253045657        6.9411411426504172E-002
  -8.7213222865267684E-002  0.32259899403250197      -0.17974688950853737     
  0.31131761057673912       -7.4366620420376631E-002  -2.7777010251837592E-003
   5.9541234828630080E-002  0.13161645466768493       -2.5032176178875747E-002
  -3.3680667158124976E-002   3.5611331284598820E-002 -0.46698619580317879     
 -0.15143123801433611      -0.38726922379838452        1.7778072280250020E-002
 -0.23890378513022636      -0.20418235519569811       0.39148864011560164     
   3.9373944826904088E-002  -3.4769928117210309E-002  0.12568472480064272     
 -0.39491661472884637      -0.23397046257172410       -1.8237001511395216E-003
  0.24130227966298387        2.0753213181799176E-002  0.14084576809387972     
  -3.9327518069888455E-002   6.4029549748555861E-002   9.8887416650705301E-002
 -0.53983129294939447        9.4338571574989247E-002   9.2854466481255733E-003
  -7.4729001467629202E-002  0.32291772257064427       0.21070772151237990     
 -0.27128929237249633       0.15358014407198278       0.15039591271092895     
 -0.39716293237087907      -0.37750163556333721       -4.2647112550912251E-003
  0.34966232142757836       -3.8270233785759502E-003 -0.34400214199425494     
 -0.46837248686076821       0.24832582351498750      -0.18532509676427100     
 -0.12520792388434590      -0.34621805756351787      -0.23978680098112579     
  0.27919161029687201      -0.28494580423736121       0.25028639875309128     
  0.18141686295579135       0.20011336242906705       0.17074056855531053     
  -7.9126647650788862E-002 -0.22311029541840754       0.16569966259816299     
   5.9398556560218932E-002  0.22566052491390118        2.8584855334972556E-002
  0.18750907055276161       0.24312342664700556       0.20677811371961097     
   2.8908027160141230E-003 -0.25040747722373424      -0.22657497753349304     
  0.16696321312341467      -0.33656412064729019      -0.11232865356447590     
 -0.26976680243435724       -6.9003349270414752E-002  0.43657387824781668     
  -2.9902451740429013E-002 -0.13262479479711378       0.15411088711579563     
 -0.18322340026374914      -0.45750851634076722      -0.20446648887561217     
  0.17645391836541716       0.14441321415520417       -4.6053908690415805E-002
 -0.21871270155604081       0.22062806004444974      -0.37012887760266944     
  0.26730331216570341       0.13282581761234302      -0.44392832812553346     
  0.19402731347763280       0.16451805796579805       -3.8395298376177125E-003
   4.2814908831699194E-002  0.33622488442840842      -0.10914666739980830     
 -0.16989840629182296      -0.27876385293015654       0.13999136668869114     
  0.20521389469270010        4.4650892165367974E-002 -0.22400904670870186     
  0.28470337694135534        1.8907756655281216E-002  0.16480691698197719     
 -0.12338792195346952      -0.43935011750508579      -0.19130872924189005     
 -0.19938391625418370       0.82764189196990234       0.30433913227428272     
  0.23340167327467484      -0.19481441692339010      -0.24725305915917759     
 -0.10657264060509943       0.19419076228763171      -0.13186924275081677     
  0.18872599312768212      -0.33679889455113349      -0.11363395471084808     
   6.8252076082525375E-003  -9.1834736069357756E-002  0.19836770542573512     
   2.4328136174561282E-002  0.46748757252990797      -0.22680731682278907     
  -4.0792960650002097E-002 -0.40084433593478480      -0.23595651947888785     
 -0.37178891810660947        2.7083021332366536E-002 -0.32243515349066920     
 -0.20979770070377760      -0.30201857684982875       0.19911308115168458     
 -0.16507752369383824       0.27038670636890388      -0.18411747330073261     
  0.17778409885661597      -0.12121059953277770       0.12882316893370138     
   2.2061213740405854E-002 -0.37664423733305186       0.30186394318796700     
 -0.23302834495331320       0.10722893556282485       0.16864986743195315     
  0.15647785086862950        6.9376755733646350E-002  0.29069101213601023     
 -0.15882309292734706      -0.29819682191703245      -0.44225983005589520     
  -5.4047362725706635E-002  0.25780807599412187      -0.30489190086834750     
 -0.49908333925381065      -0.27450401975995459       0.20203378439424149     
 -0.35924368716205080       0.11355244130805797       0.27956481664885674     
 -0.44799709985062497       -9.1434279952314026E-002   3.2414530974758826E-002
 -0.15871953388462509      -0.39316168067848661       0.35274700661285796     
  0.10315275335299293        1.6400452479092729      -0.55469729909013910     
  -6.7988157682512318E-002  0.14141079731857376       0.23991772137265749     
 -0.38945071081583260      -0.21562093345064604       -4.4855870672784008E-003
  0.20687016101228242       -9.9369322004086894E-002 -0.18726421260186440     
  0.38309471225243696      -0.32848217454971074        1.5855441287511832E-002
  0.40221246195724319      -0.14007242515277565       0.11813543701630153     
 -0.14252584388508566       0.27993640408179621      -0.23427596159336120     
   3.4231362559870415E-002 -0.13458496448390447      -0.16307158618929612     
   7.5736231778538721E-002 -0.35819701170320067      -0.51204450008387969     
   5.0320887903554143E-002  -4.0397995829399187E-002  0.11427258488639133     
  0.27116652297792820        3.0588106077791551E-002 -0.45937967121610918     
  0.28846178809389622      -0.16757115143092721       -3.3914291039996151E-002
  0.19149600452627236       0.32637744625996562       0.25131367209804001     
  -1.5676134120187698E-002   6.3564300976788821E-002  0.47118705951684164     
  0.18403011787573098        8.2514835584288224E-002 -0.39624467448115380     
 -0.22396654432125793        8.9337954575507431E-002  0.19576899668566797     
  0.12361702721483467      -0.15820771996457214      -0.11824771342608255     
  0.25425695875696602       0.11481330278086965        1.7901151188028888E-002
   6.5389948910639983E-002  -3.0383374374612460E-002 -0.55849850748324137     
  0.19231672324144578        9.1240714266578940E-002 -0.27691479563300525     
  -8.5180650808617652E-003 -0.41650853974445640       0.28379782883999055     
   6.7631055314890942E-002  -5.1485837571220550E-002   6.6101004601656188E-002
 -0.18049118024045008       0.29154417159614482      -0.17904899224884382     
 -0.45610906299878201       0.21577296094671430       0.15900598275027616     
  0.42440014264700276       -1.4883356657923062E-003 -0.11862628358136931     
 -0.25345598179027062      -0.17319498148994053       0.30367979062078160     
  0.19020225748331884       0.14283855405485116       0.23554154671856567     
 -0.15432284741367633      -0.39528946936451509       0.17798280771139341     
   2.2917401912520150E-002 -0.40020886639700332       0.28411569557245547     
  0.26087768496284131       0.15836791607232686        8.7345885803977175E-002
   3.4916470771478990E-002  -4.5705492945076358E-002  0.12182158353199175     
  0.21528448078751627      -0.10884590033089264       0.18449630729573957     
 -0.40360142025558482       0.20190772608160085       0.11198868038858709     
 -0.26443233521651960       0.29679373936193959      -0.19293020347879311     
 -0.16502796943924844      -0.15295247064887008      -0.34498536262800622     
 -0.15995794230866803      -0.40999940524885675       -1.2929684118716254E-003
 -0.13583024909620464       -6.0232436135034817E-002  0.45024779343156318     
 -0.21658909033094803      -0.35997485110452554       0.13470514130151492     
 -0.43651260830804806       -7.7925263133382730E-002 -0.36140734366583271     
  0.31776748601658750       0.10119750055967155       -2.7598835463669098E-002
  0.20874010466376869      -0.21994619427224407      -0.17395942383929447     
   5.0283825385806530E-002  -1.4743191397495938E-002   8.3377547786317036E-002
  -4.2355305894783007E-002 -0.15537236182102368       0.13854157378009435     
  0.29325405049764514       0.32734932098698105      -0.14577779692640394     
  0.18928435538617314       -3.7443593361538983E-002 -0.20533435278120105     
  0.11341345243422483      -0.13844685269553389       -9.8631304204611858E-002
 -0.24317016070193762      -0.33874517537119042       0.20844030188124693     
  -2.9589219146600277E-002  0.30252993651833199      -0.37491609537315379     
 -0.33772637091209512        3.7748375706512488E-002  0.16222654544534063     
  -5.1185815255247687E-002 -0.24888491283467720        5.8504382242686670E-002
   5.7128131405182844E-002  -1.0018182857189899E-002   6.7308846986412804E-002
 -0.20733624803591238       0.26096773236914073      -0.23068113474924068     
   8.5309350055512309E-002  -5.6533082746888723E-002  0.13250809827053039     
   8.6407691705756892E-002   2.2155426521582983E-003   7.4893801902793308E-002
   6.1112651389248540E-002  0.26553116691779433        6.5740733215302438E-002
   9.2083115872978044E-003   1.2479023844557818E-003   9.0164655361564261E-002
   5.4371518567476601E-003  -7.5948748571680810E-002  0.10918824153957085     
   7.3580007211755047E-002   9.3898169660596373E-002   6.9763718193400798E-002
  0.32083499727912890       -2.6898647953585510E-002 -0.24693741106835895     
 -0.16036070433553321      -0.21928438556852656       0.17463305921653621     
  0.15054037770340342      -0.29646879532247694       -9.3698766259104879E-002
 -0.14428330935010800      -0.37644473519630967      -0.22591555003160887     
   9.6179357561616052E-002  -4.8786404676483298E-002   5.7595642261601361E-002
 -0.21152380338960358      -0.45881126247653786      -0.18843719320163277     
   3.2238563873418169E-002   9.9476734273880499E-002  0.21624994814441700     
 -0.21355148303811655       0.27935137431097185      -0.24357999249164736     
  0.20038632053387309       0.23664443510977648       0.22961025269432761     
   3.9381969183512049E-002   4.9807861106097220E-003   8.4366455045912433E-002
   7.0030445590677989E-002  0.32588499697393780       0.27431110308534701     
   6.8898461661669214E-002  -7.1131754777583558E-002  -2.5480289405309720E-002
  -3.7896009214254747E-002 -0.16546630156128744        4.2856931558843347E-002
 -0.15509505199423784      -0.16209572788711862       0.20362693530466516     
  0.42545232204425476       -1.5878528724306930E-002  0.19635221568308689     
  0.15753408494377166      -0.12894909446461855       0.47793875086605475     
 -0.13533590100149878      -0.38400269476215032       -1.0147397813184321E-002
   1.4440756523646072E-002 -0.58200629250470315      -0.31539926164536397     
 -0.43547676503541372      -0.13518899210397808        6.4632332444582344E-002
  -4.7445969910342445E-002  0.24883699541811363      -0.28708437415161714     
 -0.38270420572964237       0.18319516909971686       -4.5644174211266500E-002
   3.5137462320398681E-002  0.16897430174803524       -2.5786656802109672E-002
 -0.16592456070272540      -0.12712503463654340      -0.34030112486305159     
   4.8186795929495770E-002  -2.6870195770876994E-002  -2.7796930183072825E-003
  -2.9927614732503601E-002  0.28860009283398069      -0.46520252688367109     
  0.30451944652454838       0.16798556195752731       0.14619786405407004     
  0.33296481618782853       -6.4252377042667813E-002 -0.36483392895585115     
  -4.6933325891702571E-002  0.11516907656787308        6.3531458334479984E-002
 -0.19362544108179167      -0.26048516757032392      -0.37880236046238352     
   1.3878543468114060E-002 -0.51395915470489584       -9.3276347177207675E-002
  0.19369077956882697       0.17990716088080369       0.25811975576792756     
   8.5318813620875109E-002  -1.4183558023089710E-002  -1.4187285118970570E-003
 -0.18987742463605700       0.16558010888217486      -0.17262296168789773     
 -0.45916052436899424      -0.27871278536352506        9.6676603087574614E-002
   1.1992197887833948E-003 -0.25717626500120683      -0.20832294795678022     
  0.43551410485580000       0.10909212731484288        7.7813354168940807E-002
  -8.9657330386645084E-002 -0.46836109443766472       -3.9568454674849193E-002
 -0.18331406233445988      -0.28067197996909593       0.11750516739613187     
 -0.28278450158462765       0.31731118257609270      -0.22837566200574638     
  0.25752182195534712       0.14646393099987470        9.5609665876752556E-002
  -6.7630873335271041E-002 -0.20166841596322002      -0.21627883894328789     
  0.43814318396132657       0.46928211861673264       -1.4745397707221886E-002
 -0.11256070971742914        7.5947212942256662E-002  0.11563183308693045     
 -0.20098150268142276      -0.21789151012274005      -0.23188527610093557     
  -1.6965492040798124E-002  0.33585028105407316      -0.19654150198988654     
 -0.14050324758915603       0.23933190295735160      -0.24641575558881093     
  0.15227524645646237      -0.34933581747026488      -0.25007688217368207     
  0.11336909201398140        3.5851702744124012E-003 -0.42971283559869011     
 -0.25441082290078765        8.6268351414416342E-002  0.14984384411032536     
   4.2734544184255242E-002  0.16138951263714885      -0.18067469083342824     
 -0.34273914228840618      -0.19591067293143166        1.6713974543254621E-002
 -0.23517068815061049      -0.17353821757785273       0.25240382307376696     
  -8.7982810141538373E-002  0.41779522238022432       0.10347971684789731     
   6.6122561513148700E-002  -5.5177106901268008E-002 -0.56676068702784521     
   2.6506473273603330E-002  0.21638259953127967        5.1065620356256086E-002
   9.7833566292471974E-002  0.41207073706770264        8.9131574857462009E-002
  0.15017774371043666        7.5127326910053333E-002  0.27596038127120048     
  0.17377395766643272       0.12008050969724722       0.27948305698540271     
  0.28895913076871538      -0.25494017284882725       0.24053735352653247     
  0.33088117354426222       0.19805491408574510        2.4194023562181546E-002
  -1.3947721060250043E-002 -0.19318030195547176      -0.39779023134231772     
 -0.36907680898988582      -0.32279144422979028        9.0900673921667490E-003
  0.22433095506349041       0.12624057428983734       0.32408416588828409     
 -0.32554959066490829        9.9461424942064017E-002  0.11203090591226468     
  -6.2706717992150551E-002  0.24627857103098746       0.22641396666824473     
  0.34368537319549292        8.7156790693629374E-002  0.16786530300509123     
 -0.36616566711717402        9.4902893551432874E-002  0.13188206616565590     
   4.2109404330555052E-002  -3.0140540910239988E-002  0.12799434914070248     
  0.14342911623997603       -8.2862631557355848E-002  -3.6297736483675742E-002
 -0.15941729154293877      -0.47077604388708211      -0.18833149604463006     
   5.3828544170073753E-002   3.9407286085054741E-002  0.41409288748150203     
  0.12057900599793075      -0.14920960351272111      -0.41720568198050251     
  0.17687037262017527       0.18338823978867427        1.5075696795038958E-002
 -0.46482717599471346       0.16348978809962686        1.1613828909863368     
   1.0952969084794508       0.66880835384383086       -6.5607310773874189E-002
  0.28134321226448955      -0.13958418289833061       -2.2705793670043932E-002
   1.2731696855716845E-002 -0.45499706358583825      -0.74608398737405757     
  0.29955774032321708      -0.61237674254440044      -0.34991415035846757     
  -1.3403879082091257        2.0720798001875615       0.65613566103087029     
   9.1383543466969447E-002 -0.17741627977962696        7.9785687832829286E-002
 -0.18137853015485128       0.19923745373969831       0.24204256583975131     
  0.20877681518267074      -0.20131756932379608      -0.19244456619858785     
  0.13111957739661828       0.13134761711889575      -0.41691830724555295     
   7.0258182268026104E-002  -1.0824234408215422E-002   8.8348045923740223E-002
   1.0160609329629037E-002  0.18221159420718136        9.1779467222107364E-002
   3.4874161568885460E-002  -5.2554562720209469E-003  -1.9104929872392519E-003
  -5.1847742332358164E-002  0.21636163206486503       0.31599356725980360     
 -0.10157589963273413       -1.6092229679003044E-002   1.0438731818574899E-002
  -5.5006110702180887E-002   9.4872567669056829E-002  0.34041908885868583     
 -0.37257675768437692      -0.28830407454675161      -0.48464980686981662     
 -0.13443765218061260       0.13720635442751405       0.26878895468975839     
 -0.40546789862144872       0.20355327346737631       -2.9048633623464389E-002
  0.10659764866012833       -4.1682425761359790E-002  0.12807342764791774     
 -0.18495894517318484      -0.24818255430090763       0.13145715331496671     
 -0.11732201052374293      -0.23630357969529381       0.13993194748353818     
   3.8503358338130338E-002  0.43104664044471080      -0.13970678953301538     
  -5.9558379125048633E-002  0.21505407927771999       0.31812053462331469     
 -0.29078964665470131      -0.14310761196360378       0.27093660651180251     
 -0.14132633123220700       -8.7100216465450547E-002 -0.32434944407167832     
 -0.40795948940906945      -0.27602581660925579        7.7562613137755726E-002
 -0.15385111174846819       0.22973851041200910      -0.13427912520589921     
  0.24888351267086853        7.4768652422527476E-002  -2.8964136789926386E-002
  0.12537112058013297       -6.8965669565223153E-002  -5.5579403613990174E-003
  0.12376741426944843       -6.6658598275904271E-002  -9.5513810503989480E-002
  0.13839522421899295        4.9397816294844049E-002  0.17874643113454577     
 -0.17227074487552616      -0.27949938197646035        5.3765053997442233E-002
  0.13313371907962268       -9.5729249363258342E-002  0.15807549499437429     
 -0.15016503450317539      -0.25396902738343635       0.15038449239202892     
 -0.16626632513402398       0.10461954893628718       0.21130806608051594     
   9.6029323540183245E-002  -4.8864584575816897E-002   2.1827903285849319E-002
  0.23681387457967604      -0.32693523470654967        3.6376076722426195E-002
  0.29320315201763469       0.16671392535291762       0.14497133514146876     
  -9.3108965984260147E-002 -0.21851684281108774       0.11111495582399308     
  0.18941484954552493      -0.46158790708737474       -7.9352972303613920E-002
  0.18343064247930727        5.9171099389056576E-002  0.22720672797305402     
 -0.15595493063488222       0.26898874665890676      -0.18529912680154545     
 -0.38558415668528195        5.2370066731595173E-002  -3.8678233814503846E-002
  0.43675947073375582       0.11372311016225066       -5.5038204680838136E-002
 -0.14938486468034665        8.0592495149857710E-002  0.32455621789268640     
   1.4443247640391028E-002   5.6331110696384856E-002  0.12743830149403809     
   2.6988568745832477E-002 -0.37786397370597380       0.11849177466056134     
  -1.5564641785545327E-002  0.41664473188325118      -0.22863232286557023     
  0.19249205651025730      -0.39370824958519196       -1.8404316225585689E-002
  0.13283724698550858       0.48856127866939530        1.3966088270142797E-003
 -0.23234492324886202       0.24894583591597769      -0.30161769128342319     
 -0.40397576507873634       0.24808961095232041      -0.11900822405551348     
 -0.42621679764549325       0.22092978406723660       0.30580666513699267     
  -2.1881940650780571E-002  -2.8055694852219766E-002  0.37873024974900071     
  0.15101623796907590        2.3358889666865969E-002   8.0637100628128733E-002
   3.5118733872068111E-002  0.24612275098081149        9.7539267734979132E-002
 -0.15670363033633619       0.23454272787157321      -0.13145728754763866     
   7.1960173979610423E-002 -0.17248563538611716      -0.17180171663281843     
 -0.16418204962450050      -0.33986634006338967       0.21406557200555876     
  0.15973275494124017      -0.39988552822754841       -2.1730964537316950E-002
  0.36538350481832094       -1.6293059816191753      -0.92834603643657643     
  0.54166431720469954       -7.6814163872753277E-002  0.14956756419909473     
  -3.8289467529349683E-002 -0.29716537910368968      -0.46191652339419287     
  0.16451546044316159       -5.5133863576440227E-002 -0.21847187856898759     
  0.43140891546735410        5.9309742410970173E-002  0.19488494158993966     
 -0.42530615650217923       0.19921969049318144       -6.2915123932882821E-003
  0.30293259055324018        1.6917516523367430E-002 -0.25594925081183806     
  0.10088821147353692       0.26812720685392971      -0.32217264090263309     
  0.30279969213715008       0.12326815590491483       0.40611355888195372     
   5.6149217707254220E-003  0.28054209973185806        9.7580222743261960E-002
 -0.13075155543697356        6.4653790053291166E-002  -3.8642769328859947E-002
 -0.17209100230998317       0.21694495698212796       0.23144572164824709     
  0.30590216145465249       0.20390179287943364       -4.6685354072850752E-002
  0.36692076445908461       0.25393888743228976       0.15256335176960686     
  0.11396726569488551        2.3944776755339112E-002   8.9635822570875850E-002
  -8.3947446302942375E-002 -0.34675129712658370      -0.10306846224505153     
 -0.30159908175471140      -0.12807124436990772       0.24026787621943593     
 -0.39258357493633533      -0.31246343497437568       0.13400396013031296     
  0.20670456968461587        8.8613260729531004E-002  0.51703782917106977     
  -2.4388930395912271E-003  -1.1676739692818440E-002   6.3328003274117015E-002
  0.11100978918745710        1.6495467132101298E-002 -0.41343708259981421     
 -0.30430368722961521      -0.10357951048507903       0.27047254226057671     
 -0.10836074336081568      -0.22078506020058850       0.41460968264052150     
  0.12380265068169055       0.23731848704026801       0.36814833639486427     
  -7.4492397104682362E-002  0.12775615361345796       0.20178704791409324     
  0.14594768520555465        6.7016481882673423E-002   8.6213295080581523E-002
  -4.6586275974226453E-002 -0.38197564569133646      -0.27035274988609076     
  0.13713336459165498       0.28303073052107741      -0.48994036537513480     
   9.3579807453132852E-002   4.0713133157689527E-002   5.8111915282844574E-002
  0.26654390465088812      -0.35253864670439361       0.30219841374033685     
  0.35592166687069321       0.27130506404293081       0.11723699142159552     
  0.46094842911768397      -0.20070686378287544       0.17068908772245106     
   6.6530884343723146E-002 -0.45753096851202685        8.3032103327770071E-002
 -0.43988070899830273       0.22549704504703463        4.9393894426906032E-002
 -0.16467236230428120       0.26069963907793303      -0.20057642984012611     
  0.16917684278539644       -9.1108208018856995E-002 -0.19117550221031296     
 -0.41342002418099871       0.22970713160017134        1.6485893703452417E-003
   6.2907053164254967E-004 -0.38834011697650461       0.29371399041987961     
   5.2383924830072877E-002   3.6544784682850953E-002   9.2348874832713437E-002
 -0.15073625917103470       0.25126950126795722      -0.11546002599956857     
 -0.52108494396428440       0.10411550781468124        8.2744757219887837E-004
  0.28876056781255466       0.13769313568700459       0.12115528955906806     
  0.13735035169630680      -0.16805318127611982      -0.18489223283086953     
  0.44049770340406419        9.1059111774774784E-002  -9.2329220461114400E-002
 -0.15338941729916938      -0.26169967917807263        6.1096769620249083E-002
 -0.19471624268464546       0.15591368880677464       0.23508353815175226     
  -6.7840778530013343E-002  0.18129959258839540      -0.12209107610359685     
  0.12131746987412372        6.2009719051883627E-002 -0.33055123808217485     
  -5.3594090328290961E-002  -9.3419285232846247E-002   5.7714096703923939E-002
 -0.11404696885963658      -0.21887200735323409       0.28875082982283257     
  -2.2735677135286510E-002 -0.54402832872037077       -4.0998916608359796E-002
  0.11295027535650912      -0.18035545943260431      -0.30568309151241130     
  0.37726220569916014        8.6564469270301633E-002  0.21421333844710791     
   9.1141623298932314E-002 -0.30854882898807168       -9.6504212828391348E-002
   3.0164756362362165E-002  0.19160977587939990       0.11322962470939636     
  -4.5582941267918467E-002  0.47798942240530851       0.18168927122589490     
  0.13763207472805589       0.23369329599722580        5.1400014078642878E-002
  0.44759409270331307       -7.8762403715508956E-003 -0.11741756734459559     
  0.24737667910753730      -0.43930040088104139       -5.6488946642972084E-002
 -0.88160798097175364       0.82390720587813449      -0.98102942284646555     
 -0.41617841969705371       -2.8382396588073368E-002  0.13083462028751858     
  0.20988780652546030      -0.18701573471332583        8.5952829967895786E-002
  -8.7992037026561623E-002 -0.22742433533973891       0.16111173417435909     
  0.12612365329209047        6.0897966144951479E-002 -0.33595660204388095     
  0.23650318313001054      -0.18817203039030586       0.33537376816796027     
  0.21651764586023786        6.9233324804908791E-002  -6.0093055486888099E-002
  -8.4058887146472083E-002  0.45042033798043640        5.7067867471475665E-002
   9.7340729485952182E-002  0.12222022933196727       0.10199678071199444     
  -2.7760896011690135E-002  0.43673005319108976       -9.9032469602618450E-003
  0.20000155866267502      -0.36850584949378407       -4.9969447146050235E-002
  0.19045539885648288      -0.10993169947332965      -0.19315082957644455     
 -0.13536451213131862       0.20223356843784976       0.32962831234277451     
 -0.14789577647220470       0.25268762676639517      -0.19422572877043170     
 -0.18126665497180516       0.17578789143121579       0.25316947349655355     
 -0.20363544623772112       0.36943157344189081      -0.45578473380442147     
  0.26530224658870888        9.2379327574383385E-002 -0.26307578766823470     
  0.13227630304076601      -0.12643956466952241      -0.26713668656645184     
 -0.39894741375670123       0.15216330854045079        6.9625467304107694E-002
   2.5372514928084490E-002  0.35124489741352333      -0.11793363843368096     
 -0.23356490161965912       0.38809653357127688        6.3937824046889261E-002
 -0.10706700994821146       0.27031004619646265      -0.17390540568047602     
  0.32477612068931400       0.24836429680628161       0.19022987288207674     
  0.44074855180802514       0.13326327664980606       -7.9646630298827695E-002
  -9.0461297962338094E-002  0.27572166566329609      -0.11766344367978061     
  0.14602334793599819       0.19281827151540776      -0.14510413653712287     
  0.24785228009525831        6.1396285467702830E-002 -0.33418647025776738     
 -0.41426891667898408       -6.9707555861843795E-002  0.22297302407349878     
 -0.17252754208769155      -0.21719103828218947      -0.36274240997130641     
  0.19600668281031916        4.5775738184060874E-002 -0.24809541953899319     
  0.22268660933089410        3.5325636756726897E-002 -0.22381097477938644     
  -6.5364985260031275E-002   9.4170918388432022E-003   3.3299758900847284E-002
  0.24737105702321593      -0.36460544060144195        4.7296361220633416E-002
  0.10574079337577263       -7.0275080561142553E-002  0.15519566379226946     
 -0.27918489569703253      -0.11419015591914622       0.24740281348106466     
  0.33840208603753924      -0.19815905632398417       -1.3544744581096047E-002
   4.0422882101765215E-002  -5.0945854851820781E-003  0.10408797869813714     
  0.28978143891352232        7.5607311023754800E-002 -0.24347986057623736     
  0.37070437267460654        3.4363292928714685E-003  0.19369913551826448     
 -0.30648496435810596       -5.0952557963238512E-002  0.28337426692467188     
  -6.9168182275381226E-002  0.21765612146741331       0.21523726829007370     
  0.64584127999701102       -2.0188554668187284       0.86356624226736445     
   5.9412601986991359E-002  -4.2972569963498519E-002 -0.56471502609240531     
  -7.5643040881813339E-002  0.32754691665230895       0.21365196473802336     
 -0.27456666147503278      -0.37424192212990814       0.20748011183430082     
   6.6016778590715960E-002  -1.9596535459135804E-002   1.0801880003010449E-003
  0.24706678519163752        9.6086899531738060E-002  -1.0307627666259875E-002
   4.5065187708753902E-002  0.32884443139000374       -2.5162777590122424E-002
  -3.1771644515332487E-002  0.40547113243977606      -0.23949560911862666     
 -0.39924091156791947       0.15295747166252097      -0.36093615334219764     
   5.0612257622191868E-002  0.23956590675999262        6.9532197728094283E-002
  -1.2727222894108469E-002 -0.42012521373436462        2.7735449757155643E-002
  0.14162480256766097      -0.14556395015674675       0.20776154484619178     
  0.10619870039469395      -0.37106018307463440       0.16050801128789299     
  0.20521044068865121       -5.0191258444631313E-002 -0.33120329837103935     
 -0.41421536670773107       0.21424154337942619       -1.7333813978555507E-002
  0.49390063415722030       -7.8266269824946000E-002  0.14185370735616051     
   2.5773086047794779E-002  0.10573787215617945        2.0294356809172406E-002
   1.7229806854733971E-002  0.39675758026129321       -9.9882671710976798E-002
  -3.8359245912051969E-002 -0.39007150567012194      -0.25478873738267710     
 -0.16289141059814688       0.18500548216965862       0.24493886302637632     
 -0.23280035049611242       0.17383347111383365      -0.20916150015464774     
   5.9186455334404395E-003  0.28993331181179727       0.12600775567253492     
 -0.50207766922482500       0.47942290789486797       0.20587612246791623     
  0.33057299353139924       0.18187186638363148       0.32857112044876363     
  0.16600927940725047        6.4100037014444680E-002   5.8222720503221803E-002
  0.22258148210469911      -0.19619536082288791      -0.22254739027154083     
  0.14491773528358315       0.35672488694159704        4.2661006558323597E-002
 -0.13325481181079865      -0.16526950293473300      -0.27957753820351189     
  -2.8229498066188442E-002  0.19883499846325040       0.19705353677516402     
  0.37141765317749120        6.4779197997262644E-002  0.18045384933967493     
  0.28821300652845228      -0.26936739033711044       0.22894857953434092     
 -0.13429066223959910       0.21187678588264958      -0.16085712366431199     
   7.2678856608639125E-002  0.33894090144426930      -0.16738171982520275     
 -0.22813121799567976      -0.18483782448626421      -0.49247215470031019     
   1.7704240389421672E-003 -0.39493138848849263       0.20501214996316719     
   4.7749086154043947E-002  0.11124534773963834       0.12891112236789692     
  0.39465638599455710       0.10475133744394213       -1.0131209720499587E-002
 -0.37042946096815027       0.15504104739048338      -0.36425575195840676     
 -0.13238074713970208       0.23924904619845974      -0.19605319460017617     
  -2.9991034250649876E-002  -4.5007503820277623       0.11165018036245353     
  0.24743549805672288        5.8715221524748909E-002  -4.4569397196128437E-002
  0.14374920321291706       0.23196992648738324       0.10196377357434626     
  0.12521757134281211        2.5023146467168581E-002 -0.24110612305033863     
  -1.4930254822428574E-002   2.8992562215262592E-002   5.8468691099848792E-002
  -7.6861376230487707E-002 -0.16456038957538052       0.16521821563644853     
   6.7688847671983743E-002  0.31964551578731720      -0.11317585629160919     
  0.50625729405948328        2.0416887621315244E-003  0.17689418535095400     
 -0.31566419644499316       0.44128884868476198      -0.10328310886817414     
   2.1253559572290848E-002  0.24408192452672217       0.11734695477280725     
 -0.12154828992841217      -0.42205332571435317       -1.3653607028434480E-002
 -0.48569529844794712       -7.5955060532755317E-002   5.4702111404970985E-002
 -0.47898019057923757        6.1685048750458736E-002 -0.30332421564812695     
 -0.15075570743362318      -0.39035269337108675       0.26684417891755141     
  0.15577226464723337      -0.44334621391958440       -5.3466418298044494E-002
  0.11600816335274988      -0.10531265303975265       0.11755983469391848     
  0.37589871523689222      -0.16536599427067711       0.26376807280929532     
  0.11045116473127438       -4.2295956163522656E-002 -0.30473725504695220     
  -4.5259056961623925E-002  0.26468411576174100       0.34311916691592503     
  0.10909660756053892      -0.41905315786076980       0.11485516709056498     
 -0.44753833069704924      -0.13990457631560529        1.8284248436307184E-002
 -0.40612046147798914       0.19996648125892880       -3.0493501379851403E-002
  0.11191781310050680      -0.26623616933593908      -0.21431002571647317     
  -2.8312442322810022E-002 -0.20853327264596824      -0.14694640385329419     
  0.19211347880003443      -0.20829381327645180      -0.17075447598151253     
  -2.6907348836617738E-002 -0.37237785055269823      -0.30481714092929113     
   8.1859865682319677E-002  0.11743154924980405      -0.19625552983385172     
  -7.7153612366889640E-002 -0.39544629848871427      -0.22927607635388297     
 -0.20105478220126752       0.13205791737870340       0.13611563785513014     
  0.38742741582781004      -0.15715778680276848       0.13998812628357704     
  0.19689982186608801       -2.7394398864014926E-002 -0.23569347288383968     
   9.6752700463602334E-002 -0.31263053807909336       -9.7626723711857058E-002
  0.21603286027480664      -0.33674792238208040       -8.2137581145125621E-002
 -0.14256488319171046      -0.17913210318838629       0.14964845277471989     
 -0.40930430938607237       0.16513334717153949       0.31362148726245270     
 -0.58899519893382979       0.43962181117412608      -0.27444409001735470     
 -0.29864761610594265      -0.10797543491847833       0.23818229163204285     
  0.27739272397413955       -8.1949075788347203E-002 -0.12792965197836736     
  0.16854193222837788        6.2172787519593584E-002   4.3080907371736997E-002
 -0.30622801367456004       0.14515491451192719        4.0603122231789128E-002
  -9.1161562843494484E-002 -0.40409441614981378       -1.6373460797522048E-002
   7.6074329755427064E-002 -0.11523185929513552      -0.13439440636453806     
 -0.32851790862165381       -9.3968311908044305E-002  0.25414057631387760     
   1.7254526962578041E-002 -0.24461880237169847      -0.16135975230273752     
 -0.44524233440248095      -0.10737692093528847      -0.39293913676387177     
  0.11229393215327270       -6.7091657999215126E-002   6.6710359408150344E-002
  -3.8535374726679651E-002 -0.29875317665109413      -0.46739530814534164     
  0.44374142608478495       -5.1241271768158996E-003 -0.11265358836590232     
  -1.4151504692090637E-002 -0.57717293770386169        1.2242706142106652     
 -0.17371854679951432      -0.11397143217228406       0.21018015190485401     
  -6.3237376894695940E-002 -0.41545562432098804      -0.24000020476438311     
 -0.49367941652224756       -7.2142496327066527E-002 -0.33778474808313425     
 -0.50347386479198075      -0.33422274872115126       -3.0223545616898894E-002
  0.36251613594488657        3.5433219242742439E-002 -0.16873534316077493     
 -0.50060343445312616        2.7522947590177590E-002  0.11119266234404440     
  -4.2309925908734121E-002   3.2148901532168206E-002 -0.46087570368825026     
  0.23118382200862184      -0.11311476923443109      -0.51548755122492618     
 -0.41183401732339220      -0.21528330222415876       0.21143690795148648     
 -0.51758161821965298      -0.12544178382345567       -1.8863279302378183E-004
 -0.20551539305409200      -0.28750715814839989        5.8398748127610325E-002
 -0.31744016150993959       0.12009502581178412      -0.42650867581629659     
  0.28743283389006369       -7.7287567215799921E-002  0.38414825250040369     
 -0.16506300856380318       0.32884593170390519       0.11322649589977432     
  0.42639720589757957       -8.8345236945477079E-002   1.6856318427055907     
  0.16686506843930105       0.25677411697979285       0.26837560763816265     
   1.7651572032078795E-002 -0.12092319033880919       -6.6141705023938943E-002
 -0.41949594403454304       0.34696649564106030       0.18806072009205496     
 -0.27404109785082853        2.5914879557474554E-002  0.18836668465096917     
  0.43534939285082586       0.46915690481517319      -0.10026652479223276     
  -8.6344101023131864E-002  0.16411731591641351      -0.14236429887715632     
   7.1654244589779134E-002 -0.52000579605896158       0.17916480168323398     
 -0.38516024094366730        9.0083040732230987E-002  -3.8903506579857389E-002
 -0.14510950894530764       0.21756137292308861      -0.12403155324924205     
  0.13235758189031516        4.7993612606381984E-002  0.26071570775794589     
  0.26241089560108710       0.16692747949758019        8.1418387975510056E-002
   6.7253410697039051E-002 -0.28649192204827811      -0.15704123437987733     
 -0.25572540431991503      -0.17683026924356690       -8.0963129816588195E-002
 -0.35179324855183614       0.12199281461148533        9.7247604069764140E-002
  0.40583516789975821       -1.8131614666337469E-002 -0.22718284306761491     
   6.9640676197990595E-002 -0.41169298104563751       0.26810579045336269     
 -0.17132132777143486       0.14073110804121056      -0.15180511891271570     
   7.8744048318693267E-003 -0.16656649869125909      -0.16598768534280883     
   3.9467318006348347E-003  0.44512692282680111      -0.35946753686865418     
 -0.14445752172345283      -0.38175548494458023       0.16155891373019479     
   8.5399443672451211E-002  0.38858657016625014      -0.26058494089391859     
  -1.1896463261119376E-002 -0.28219029425279341       0.10745018816829317     
   8.8682726419525473E-002 -0.21359113709895877      -0.36686961992662626     
  0.29932367843097307       0.10466633367469735       0.23782265577867717     
  0.22686933229132847      -0.38766013494129675       -3.6599079369569278E-002
 -0.10132785057466469      -0.17463764725302805       0.17206403733784040     
  0.37396991420943682       -6.5585958379850672E-003 -0.36654768022926354     
 -0.31967055126706961      -0.27678849244101122        9.9407541220604079E-002
  0.16974049680096057      -0.12303763750468506        9.9624218599666164E-002
 -0.18329947842241523      -0.27218603759032989       0.18537662668307414     
 -0.39007130000826995       0.53726424711664489      -0.43806814503045410     
  -8.4905447535436801E-002  0.28490500637274307      -0.16709876499634829     
   9.3720361010203590E-002 -0.31430373023011937      -0.10369981506559271     
  0.32223194625748958       0.21272870881450939       0.13479431505229017     
  0.48207355912751032      -0.41470229472327896       0.23103134069502487     
 -0.24013926138391975      -0.40326279133881904       0.12356749507046479     
   5.5682553770720296E-002  0.55566616408736091       -6.2622419037371658E-003
  0.31829831314180262        3.2414170126551137E-002  0.43777254957569472     
 -0.25197885868976544      -0.31011122577758660        4.2514782513144861E-002
 -0.23755707819153415       0.39799089734309023        3.2805714287727647E-002
 -0.23666466711948278       0.43964131538453860       0.14955033310406984     
 -0.29243446077322566      -0.36571074994563779       0.32295737471538993     
  -6.4207570777535194E-002  0.23144245248573722       0.33957490151914382     
 -0.14004607809174688       0.27463718263336423      -0.15548479872501678     
  0.43384888745699490       -6.3919470967071868E-003 -0.13728821923794229     
  0.16552029516729388        6.7967930265399698E-002 -0.27259194365195943     
  0.53083292927256087       -7.4475581793259471E-002  0.14449205135316776     
   3.2548787958521334E-003  0.91854812275538378      -0.29958765732277526     
   4.6790448704334325E-002   6.1416311881679508E-002 -0.28070195312868362     
  -7.8245384218539066E-003 -0.38807955524699506      -0.15566114694618449     
 -0.21769531697327124        5.2372211493535492E-002  0.18148635241229946     
 -0.48411611769093688       0.59089983578324590      -0.19381258154866374     
 -0.39511451425668603       0.20885507806214373        9.2791049164721948E-003
 -0.43838163484795589        5.5686559275660463E-002 -0.27114078909954015     
 -0.16476592490953781       0.18331139461561821      -0.19114611704084650     
 -0.29773402218401590       -4.1089546813904254E-002 -0.30979577124510388     
   3.2618781805916833E-003 -0.25176504533779792       0.11441110453129588     
  0.14002936606111180       -7.6150132729209660E-002  0.40213429288617741     
  0.16116056151734848       0.18805177760621425      -0.50413396859106341     
 -0.15615087218061349       0.21201604740064822      -0.17575913206733976     
 -0.36095771383533948       -4.5205458122494296E-002  0.28935292031012810     
   5.7109663766595133E-002 -0.36228908085134576       -7.9767220664354085E-002
 -0.13432783860041964        9.5575360588527458E-003 -0.39722215855939003     
  -8.3941751190303254E-002  0.35433234372246264      -0.25884128373946225     
  0.31654717633179585       0.13192220724759193       0.28507016748656072     
  0.11268757703275836       0.21302793012953633       0.40534126565182077     
  -4.1681780189473473E-002  0.17650107176125557      -0.15639381231803914     
   6.5117506337584188E-002  -5.5039845865451964E-002  0.12770359072721948     
 -0.18533250621714223       0.11415341142127655        6.9282022633194024E-002
  0.29742331079669582       0.29481987078771943      -0.14504978889513992     
 -0.10913881015034047      -0.23032763014199825       0.36073349546650996     
  0.30564985187741028       -9.5353414000991302E-002 -0.10423657919988713     
 -0.44099824709050400       0.19386428579615667       -3.4148533573197110E-003
 -0.40195636363497067       0.26055068393350572       -7.5764392745104339E-002
 -0.25293108888867327       0.34324299026318966      -0.23841189572431720     
 -0.44147297613750330        2.2574991248318663      -0.67328105472551758     
 -0.14200706204109392      -0.41602765244818041      -0.62762923721681962     
   5.5000027497494657E-002   5.6610981427417398E-002   6.4723705209069393E-002
  0.10087999865385942      -0.15555623673569910      -0.14051535760167846     
 -0.13805625170991412      -0.18764150500884103       0.14717246356110925     
  0.26607349686708798       0.21163124970348862       0.34907462092053015     
   8.4415139842422326E-002 -0.14712183179915975      -0.37905877033899782     
 -0.17681674095272581       0.20867164714869615      -0.21649700311835821     
 -0.19056057711264979       0.11634473170820392       0.18972009313317170     
 -0.30008577728196112      -0.21504918410453325       0.26802739309925938     
  0.49716224100987200       -6.8739513206495947E-002  0.15128838016270679     
 -0.25710054691245521       0.24949555124914677      -0.34519810579136301     
   8.1159035703007115E-002  -5.2219840020183992E-003   6.0314165367404880E-002
 -0.42422595272278646       0.22193773049468460        7.5769099199483589E-002
 -0.16528711344188882      -0.24984996202639465        7.7673355768046543E-002
   7.8533040015543495E-002 -0.33596013588377444       0.56036585462535760     
   6.6021217829057136E-002 -0.23723384907362652      -0.36684936587076106     
  0.10780137040681198       0.40652557639701153      -0.32197745424677682     
   3.3359977858208108E-002 -0.36752048391397357       0.29750164535000900     
   8.3891527720497183E-002  -2.2060184812243682E-002  0.22030665722533391     
 -0.26943955121360369        9.5848544959551529E-002  0.19759558731397625     
 -0.34534841390983723        6.4504906923409891E-002 -0.36080254406160323     
   4.4188104736465131E-002  -3.8369644131277379E-002  0.13388996921421714     
  -1.1276486868657657E-002  0.13747313477532905       -6.2302277429381735E-002
  -4.9179899215459143E-002  0.42681446659627981       0.10468964679539607     
  0.12007634594945195      -0.10256880143850443      -0.16416873844505214     
  0.16579679380885842       0.34789476803005381       0.22670143462171607     
  0.26975284416855821        9.8563492387717333E-002  -9.8530455719670011E-003
 -0.10424201748814692       0.34150706690145899       0.16162768098050134     
 -0.31851981766458309        9.3877776567353868E-002  0.11595597900378132     
  0.40632801036996535       -1.2244369327015177        1.1323315894947743     
  0.22522180913031042      -0.25370392595808033       0.15615832794416373     
  0.33190541823775366       0.12675355931688828       0.17481751567241297     
 -0.17728032480181657       0.38508378829855566       0.16815099277520390     
  0.45209607701069021        1.1993876117619836E-002 -0.17801018752089645     
  -4.2528342718161541E-002 -0.10002998297116138       0.21805541298366152     
 -0.51977342513557057       -1.1679231191723274       0.37791067503950293     
  0.35540957531379075       0.26715602332445443       0.25441425097827786     
   4.8079995466798350E-002 -0.21458087588219513      -0.12190088833163866     
  0.25553600143054966        1.5093025370662028E-002  -6.6278148044275606E-002
  0.48652990698827642        2.5718235729958391E-004  0.15598069317506258     
  0.15123487213221348       -6.8562503604741504E-002 -0.22245186536122447     
 -0.26211482423015992        1.9754707734380466E-002  0.35389185053248806     
   1.1588252991017116E-002  0.41362216368243121      -0.18669488754514482     
 -0.14418572663761459      -0.37821530046362395      -0.23865454672480810     
 -0.17305164108038065      -0.43917874264870110      -0.20603010552223927     
 -0.17031581192666306      -0.17535246685513620       0.17565071596037046     
  0.12765885086492773        7.5492739255651697E-002  0.32243366970739973     
 -0.43947894274930227       0.25391182239469529      -0.12106878087746596     
 -0.17315157353628871       0.16097691598653724      -0.13358794258992654     
  -7.7605429820933242E-002 -0.14234259451462350       0.29972316124436205     
 -0.19015299206784603       0.22155227525390003      -0.20010382274412025     
  0.11280171093158901       0.32380911586628036       -8.8923224532808029E-003
  0.18537745888480037      -0.10122219263917522      -0.19119689845934223     
  0.48041128503462344      -0.17547900489302701      -0.12575365184717910     
   4.9720669535228926E-002 -0.16417149469429543      -0.13894216457054540     
 -0.43943796841010890      -0.28551200646411090       -2.3147067816499355E-002
 -0.24295263821631405        3.1384527747892792E-002 -0.11324417969521723     
  0.11087263494385226        5.1395846285750979       0.41152365852775191     
  0.18595373375631566       -8.6325025063634958E-002   7.0586548341564401E-002
 -0.28116695050318280      -0.12888479564607497       0.27710226363364554     
 -0.43606584201004639       0.14884788027705162        3.5165919994971775E-002
  0.38725394571769678       0.10476464906251010        2.7316951759589723E-002
   7.3288038801476607E-002  -2.2726946205497259E-002   1.5917847940213066E-002
   7.1151224897865670E-002  -5.9682406187367532E-002  0.19929280305965547     
 -0.32192531192340146      -0.24445289857373881        3.3332936489555688E-002
 -0.44293849467579777       0.24764930306297117       -1.2454389287295134E-002
