 -0.22605617731819311      -0.27769999077497565       0.17864459923241544     
 -0.11797352757167018       0.22619593918435274       0.35726304671569259     
  0.23826548272178774       0.43824893489907280       0.30234300277149012     
   6.1520775431682766E-002  0.13226449625353176        9.2887108311947159E-002
   1.4828817390349495E-002 -0.15570607173916612       0.46294788619082705     
  -5.9854688823287233E-002  0.20634618551310102       -8.9001981289875187E-002
  0.46973921553161574       0.53474758835913927       -5.1650905471828990E-002
 -0.18403092457566755      -0.51788087061566235       -4.4128973512596106E-002
  0.11443301617518123        9.3543035448563169E-002  0.46541904824350033     
  0.74664292279922817      -0.66544159256718860       0.98157198147340696     
  0.48671333728971378      -0.10072752617583568       0.28796345459943973     
  0.20513250043599709       0.42440465641755587       -1.5579083656192299E-002
 -0.13290021202040292       0.21543183745573294      -0.61511009742615630     
  -2.0590241055112759E-003  -5.3501439259354008E-002  0.20300948474456887     
   5.8055196059605331E-002  -8.9954065341434936E-002  -4.6010823337765384E-002
 -0.41198029303835693      -0.21406317379284970      -0.52899170961645192     
  0.25383593876293609       0.57472831341938069       0.24033197350819707     
  0.14101083318143687       0.33057149664307245       0.17135196790309448     
   7.2440075320125932E-002  -9.6724265894779074E-002  0.32085443180142664     
 -0.51589354522881659      -0.25766688648957392      -0.40396471280242646     
 -0.38889149002475482       -2.4894431335977373E-002 -0.37822880995554919     
 -0.13845824352294514       0.20831312942085828       0.42515380927903745     
 -0.38371534734485829      -0.15699282635905223       0.31295808281442622     
  0.22368677180116603       -2.5374843490284408E-002  0.12989654169190351     
 -0.20689104848177356      -0.11982124789334671        7.1084448062586431E-002
 -0.42714499782330684      -0.25323372797232430       0.35717767925574900     
  0.44221342223560556       0.26567204466537175       0.30467393638109225     
  0.14477231176573668       0.42983152099421090       0.39379669819132557     
  0.55265142676735657       0.27721546528323188        5.5365165970703130E-002
  0.43786546873269372       0.24004700849705324       0.33872975639754682     
   1.5401250560425047E-002   4.7848680308318500E-002  0.13256945385582086     
   7.7329081057844737E-002   9.8343460696638310E-003  -9.2003077320176790E-002
  0.15717386307739004       0.53892146238730521       0.28938103768699885     
  0.44027239892704817       0.31382241354392854       0.22754746854121682     
  0.48430589737673163        3.4433837530455723E-002 -0.22203716649802141     
  0.22949108951421246       -3.6320640220654003E-002  0.12556553734374459     
 -0.24279786969036576       0.47174519244241864        2.8237113133309549E-002
  0.15540127499865147       0.17729646125033274       0.21800984905799145     
  0.14151803915340294       -8.7376692078717427E-002   6.1545900733057483E-002
  0.20847234684991814       0.24539315497308792       0.26638378246643130     
  0.15123073069887863        9.7827635340037074E-003   7.0882956754183213E-002
   7.7633426289756821E-002   5.3171301809205283E-003   8.9158638544256943E-002
  0.10426808996509562      -0.17816110229535315      -0.20199539043290665     
  0.60913054286912460      -0.15354626703002625        5.5156438435423415E-002
   6.3576349663210463E-002   8.4997706740554246E-003  -4.3787899505888142E-002
  -7.0324386353928237E-002  0.13973476913721974      -0.44055163892053756     
   7.9394442871280613E-002  -5.1212955721125879E-003  0.56694841699843823     
  0.30407485749060725      -0.29235302167117172       0.18304196019466229     
   5.4399231289729198E-002   6.9827485228396199E-002  0.13447672929012611     
 -0.34508316844759190       0.20538832804484805      -0.58064389435436747     
  -4.2226804056633670E-004 -0.21714866141479205       0.29259434521448130     
 -0.19758796139555571      -0.50631431744970334      -0.27620550726761234     
 -0.15282277622413021       0.20369543795888451        8.1913518228292861E-002
  0.39443395770936157       -7.1139013422762562E-002 -0.73995505592291133     
  0.58214132818494579        6.0896011427844864E-002  0.24745485850992463     
 -0.18560451466606329       -5.2418565617423592E-002   3.9751129489238014E-002
  0.46326606344276100       0.35729472214180619       0.19119523981816672     
  0.19962762209009366      -0.65809905147887915       -1.2931052700727497E-002
  0.31503927867398823      -0.24971657656917429       0.44668055367782739     
   6.5035923838234574E-002  0.14526432642836631        3.4625121101910301E-002
  0.14292951666643328       0.15388603304916820       0.13804930697113621     
  0.16769307610531048       0.16838347950333879       0.12953788955150702     
  -4.6773863078791618E-003  0.43134808499426169      -0.37456719031592850     
  0.13837955547421288      -0.41505147073913717      -0.38359543664959572     
  0.30110065468485542      -0.44357652414575072       -3.3603888329389389E-002
  -8.6618864725400813E-002 -0.25729334503255136       0.18472825876947604     
   2.7823414813946398E-002  0.29738855400535041      -0.46984214588914630     
  0.38733787715984852       0.14974807528127054       0.15543810881848991     
  0.53446788087325348        2.4385719803585983E-002  0.26781929620245659     
 -0.22118018488419716       0.30360161688577392      -0.30505182489120103     
 -0.17038306717217119       0.49805197382503186       -7.6654751960380879E-002
 -0.11658016977322815      -0.15162163294673381       0.42912122771871053     
 -0.48966201065855569       0.39274370202721248       0.27951531544530123     
 -0.15093241587060952      -0.22227076451815211       0.46571256145236689     
  -8.9991838333821836E-002  0.29691276913260839       0.46951052215505457     
 -0.51347591910353096       -5.2601595723657212E-002  0.16884259369848148     
   8.9143695742085097E-002   5.1632408490133529E-002  0.55386372668005823     
  -4.2458157209146752E-002 -0.39321008861384182        4.3418556452943499E-002
   8.6447875222315756E-002  0.16542165381846913       0.12321015690708630     
  0.21813693119997285        7.1552916844175307E-002  0.40001794341086139     
   7.2923549405903010E-002   7.5564293449772030E-002 -0.52631682872830998     
  -2.1402701588169488E-002  0.60566825077102160       -5.7005269565861744E-002
  -5.1138732108204001E-002 -0.32097002226127064      -0.24620022524774657     
  0.13798889795034214      -0.18790189529184090       0.29811423283804733     
   6.4935962925435783E-002  0.45722776393303671      -0.26468900656934352     
  0.31136630863273623       0.32496062201422532      -0.12768571851685609     
  -4.5790330734186341E-002  0.58896800079960954       0.21899599854108495     
 -0.35290094396245336      -0.24106581859649318       0.32351689830895164     
 -0.41292882447641110       0.32523116702704818      -0.29189338772455486     
  0.33046674696015021       0.37353213190989304      -0.25230995657433036     
  0.15428518218547643      -0.21107185866959957      -0.49927686911514946     
 -0.24581318600139138       0.26829577900140278       0.26710296881352175     
 -0.17243147393015043      -0.28250642866424686       0.40375662434501214     
  0.22907052288450391      -0.19529432661505119      -0.27549257950693135     
  0.35836751145682122        8.5820651801410533E-002  -6.9388408953056022E-002
  -9.4404479220678725E-002  0.53560373123953897        7.1981297520011006E-002
  -1.7768830173138207E-003  0.58253441202665968      -0.20316163350812166     
  0.19320453620072975      -0.24153566911320870       0.41938048837718234     
 -0.33528034850487298      -0.36708786848364838      -0.42590263502583803     
 -0.36791938206089225       0.50264869845437743        5.5173018125863747E-002
 -0.34261096581678130       0.35915281686720640      -0.27636796198832286     
  0.35842068851901832       0.38677501455562308       0.23927097904586245     
 -0.54429716633512970       0.19071197503976711       0.37564376332685551     
 -0.24290169445582024       0.32954768485397756       0.27285127439691209     
  0.35415053507653887      -0.19513570473283509       -7.9863379652643368E-002
   6.8514705126241970E-002 -0.28901142357977694      -0.45934380277616210     
  -5.4859372051703700E-002 -0.49910714443961679      -0.39053829962358511     
  0.24594580973659735       0.40665845386964711       0.30092339128804124     
  0.24432220199207191       0.10449837666626227      -0.53614767101296057     
   7.7467543754574764E-002 -0.51052294095051209       0.41585885356154317     
  0.43988211201097854       -1.5084503844281151E-002 -0.19273064983833765     
  0.45742266149309058      -0.32257015805443223       -8.9141424874215225E-002
  0.45123514427591471       0.29242892041045471       0.21336257526008934     
  0.20591386058108752        1.0447183422172421E-002  0.62208650182463976     
 -0.49767874864090483      -0.12211429401633823       0.41880782160225610     
  0.11368224958987987       0.52109299844609547      -0.25134339791698090     
 -0.34154509088428320       0.45420411451170539      -0.28367149980418588     
  0.41008966069726333       0.29606020913744102        5.0344594952025524E-003
 -0.11390483919370296       0.42448551757516295      -0.30255367092703728     
 -0.47880387547260761       -4.7810933111425660E-002 -0.38133820320639994     
 -0.18481279046909496       -6.5646308245460319E-002  0.21518291152427257     
 -0.47483917302239970       0.15987918504441642       0.15670226930686754     
  0.24015396376248718       -9.5791770381921770E-002 -0.32976232598434757     
  -3.7561351710882297E-002 -0.12483369906747267       0.13392900712495170     
  0.13834120753827134        3.5619488673291545E-002 -0.13619062506066257     
  0.15448966301865469      -0.42261677221888283      -0.10415103869850866     
  -1.6681438162012334E-002 -0.11540510388012558       -2.5952161332761015E-002
  0.10819051393929589        2.8158678124400017E-004   9.4932635136719692E-002
 -0.12911222038692771      -0.50222197198751095      -0.26908736222020024     
   3.4803899055947385E-002  0.57428928209406993      -0.21241059240411198     
 -0.14947461570163134      -0.54155199764356465        2.9956337508597910E-002
  -4.8362592198164280E-002 -0.18323303633897797      -0.53870571875068718     
  0.50878255015453666        1.4347948651360246E-002  0.26496526717117330     
 -0.63145396787385910      -0.12056217099563107      -0.14577318216191518     
  -6.7867860786951950E-002  0.13865278115753038      -0.43385724096682471     
  0.13290906888649404      -0.52240650510313047        6.6674037341839631E-002
   6.9684342942531841E-002  -1.2660592438204558E-002  -9.6877582693024503E-002
 -0.56284226001159543      -0.14639161022310437        9.1650444551055810E-002
  0.19169167455857813       0.47960442071525172       0.12296634006571953     
  0.14283167194909208      -0.12921834643023358       0.13430801148886770     
  0.41173319393555174       0.16296057689789620       0.17519829275953813     
 -0.12266708740593596      -0.17032535824270206       0.14006220282651852     
  0.13113584782004647      -0.17504936008065586      -0.19103257679796601     
 -0.23840439811798703        2.2195701791266443E-002  0.48172035018898968     
 -0.38107145177465263       0.55760654969078960       -6.9755047138133422E-002
   1.4809106412366754E-002  0.40678571779542100      -0.29649649023371305     
 -0.54048137570931842       0.17889725822523098       0.38229524985012325     
  0.10786377414489999        7.5340618258107797E-002  0.17987452912575363     
   9.7412704768617839E-002   1.3696747818419815E-002 -0.52084758131316122     
 -0.15921670612838906       0.38783900674705651      -0.33485042584823699     
   5.7567028680597682E-002  0.55346782358251301      -0.25559854821015426     
   6.0676245149931550E-002   1.9880714721280533E-003  -8.2130962828476112E-003
 -0.44733391734916211       0.15592348255009625       0.18056908352496640     
 -0.11594797766154409      -0.14216084304529084       0.44065511777680244     
 -0.22004666456663535       0.19747594027767798       0.24535286138746823     
 -0.51105228026196392       -9.5334697846486821E-002 -0.43197036400174360     
  -9.3950648745648277E-002   3.8649581989975819E-002  0.31747455613438325     
  -2.2667228958118815E-002  0.53544738932825142      -0.42539532802079399     
  -8.3131229185830754E-002 -0.52842472192935319      -0.26737046904634953     
 -0.41034397867494976       0.15559045038974550       0.21670520459554002     
 -0.18999001713951638       0.38270592415998661       0.38926304607710061     
 -0.28316060299981372       0.30252867503311331      -0.44130510772558396     
 -0.23868260605476907       0.54482805446920779       0.19547130959301967     
 -0.26602063486133681       0.51293689290341637       0.17469744790108757     
 -0.17735648122716011      -0.10634778597568188      -0.24327266122149283     
  0.59673772625092469       0.14385354001654876       0.14572746441699228     
 -0.46055322233923085      -0.43918188285591775       -1.1360934347135775E-002
  -5.1775075431842225E-002  0.29462420127673744       0.31109524282346918     
  0.33763149623419869      -0.56733119319422942       -8.1248116607934490E-002
   5.0421638012611292E-003  0.10547986592860387       0.18921696974110841     
 -0.43497446981901028        7.9222001040668941E-002 -0.43110040659731241     
 -0.17063661606076769       0.10162625121921866       0.48063609675383351     
  0.42013838442005885        7.1959700318251968E-002 -0.52419675627013274     
 -0.40036583725438346       -7.7047803832422490E-002  0.30592015389731902     
  -9.5114218133387843E-002 -0.61822455390592523       -3.4700206258046984E-002
  0.19485070229384421       0.25572444433736546      -0.21350523458340140     
  0.15890167941658476        4.3034027236466595E-003  0.16494871963526872     
  0.24252669358589968      -0.19936949038469093       0.27212228172086989     
  0.51302472551278477       0.15884398466526173        1.2378850683015837E-002
  -7.3805454005463813E-003  -1.7648459265301255E-002  0.17641079982336769     
  0.14356549674480326      -0.17634189220964355      -0.17936555183732342     
  0.38891337707099821       0.18149702022685404       0.11761312946670814     
 -0.22166957514242228        9.0709947816512010E-002 -0.27035570763518280     
  0.11333396020275160       0.22714613105819231       0.22894424464532376     
 -0.10242065483988630       0.45262464719872136       0.28544461326045406     
  0.24896360247398874        6.4383749067726995E-002 -0.45898461088193820     
 -0.42680088693210477      -0.18541664017885531      -0.50391552731336264     
  0.22742555085425781       -4.1338670331358983E-002  0.12534499640092342     
 -0.23820464983361608      -0.22104623079216024      -0.56822047765764550     
 -0.18578370203423725      -0.56751840620443073       0.25548814683670057     
  0.45084604824071445       0.22152430790328151       0.36441075338232676     
  0.46556176590794812      -0.28898904033046630       -8.1843478146690463E-002
  -5.4482803156376877E-003  0.23674383009124192      -0.13764660323983402     
  -6.9739822451621705E-002 -0.21905293208814777      -0.40521533623752798     
  0.12816001256990825       0.26645584234634057       0.53487274160046794     
 -0.11395888115938774      -0.28986887917859244       0.55605908837667684     
 -0.48496396278838777       0.35824115101790688      -0.27345907207347259     
 -0.16085420750184842       0.33900129169916898      -0.19373629411418822     
   4.9601061810900460E-002  0.13987989943122742       0.11402346280607113     
 -0.14309270187185333      -0.31815454871195065       0.39224229751914752     
  0.19953961293388150      -0.64231228287572517        2.9248096882914059E-002
   3.8652983539831012E-003  -8.0792130076472235E-002  -7.6767648901152216E-002
 -0.22074154610838354      -0.34919043814974871       0.24181371586725561     
   3.3241100410528329E-002  -2.0321815641652016E-002  0.22149484454547219     
 -0.41369295324038041       -6.7071859716039670E-002 -0.40706676893786609     
  -8.7224678184530516E-002 -0.25879152438686626       0.19983461036411534     
  0.34858974368979101       -4.5772245866145880E-002   3.9286744151805608E-002
  0.27460086009235013       -3.5897461646562920E-002  0.14012553152024682     
  0.20550038992743710        5.4916942142410351E-002   9.3715183622091275E-002
  0.16843356571840062      -0.23840743835974418      -0.26054858012654541     
  -8.3956428350510912E-002 -0.64846454182079116       -8.0808517115941891E-002
 -0.25752885064478498       0.26834860531165255       0.14451595062688841     
 -0.54748810642206280       0.18728526850103550        5.8303289355097612E-002
  0.55706948140478707       -9.8176987723112771E-002 -0.23753192452144389     
  0.42969925089955158      -0.25068695601919821       -8.1115790936183541E-002
  0.13135430990047475       0.29578846535837694      -0.63243335189450689     
  -9.2337671976598923E-002  0.14043348524423141       -8.4230930307187618E-002
 -0.17054682219158204      -0.22656639734710129       0.13568563974386513     
 -0.31333546140541690       0.11260949577482089       0.21399810561183868     
  0.15985024935309033       0.48630507550990126      -0.36868906187319012     
  -3.6481069569373276E-002  0.26935783982304923      -0.38718702390521270     
 -0.60738077273342650      -0.17587058823234333       -6.3813091396880905E-002
 -0.29907626414837368       0.35309680021300199       0.17388435066930388     
   1.8440670539629434E-002 -0.34183384635767672       0.17950331382044818     
  0.19760678781352939        3.9684201099042020E-002  0.63768980644307516     
  0.50665951399199916        3.5974723165599506E-002 -0.22590965563196747     
  0.36404572363566445       0.21761893795545548        6.1683820326590942E-002
  -7.4999403928511760E-002 -0.30918627407337385       0.40761566237455682     
   2.3575195088607087E-002 -0.11963511272889642       0.22925907301953280     
  0.54690030800463330       0.18470656863201387       -8.8317534476325177E-002
  -3.3690033446938335E-002  -3.6937674737254067E-002   9.4356128257210584E-002
  0.27433043036780663       0.21209874393395342        3.3856701174245260E-002
 -0.21545450635028390      -0.58075815656304131      -0.29134903270094220     
  0.20044760900300659       0.11074321237914869      -0.37268230045502304     
 -0.51198720137746656       0.29698867176310145       0.37084801693348057     
 -0.24451630503191962       0.32895049894477518      -0.40372651296256973     
  0.12008180168658190       0.44736650084840396       -1.5501640622987920E-002
  0.16507982899083168       0.24645799676242161       0.22599698805130747     
  0.18847634858600637      -0.55551949241964038       -7.2210268347553647E-002
  0.20696451458133097       -5.0282235683448806E-002  0.35280699991584086     
  0.33613689481453635       0.38652119563074716       -9.9791015881722983E-002
   8.6166515526676424E-002 -0.15380996753207507      -0.21317464523542656     
 -0.16566808219421961      -0.20903118316723107       0.24189184988789728     
 -0.12622972440232486      -0.25552943833814434       0.18092089216322638     
  -3.7874243087955034E-002  -1.2335482028860738E-002  0.13562103074204176     
 -0.58349811877546287        7.5287604692228310E-002  0.12797841614490943     
  -2.5905011354614343E-002  -3.1114806112237516E-002  -8.8194712817815046E-002
  0.42933103174050613       0.29058938104657916       0.13556281193785374     
   7.9401068807533282E-002 -0.38371560502759455       -9.6787873668529451E-002
  0.33455056677694023        8.6776129257855245E-002 -0.10227431071776109     
 -0.33329831254030073       0.40209419846428135      -0.27250615453253424     
  0.43958347894599004       -1.4611546091238041E-002 -0.18952597889272491     
  0.18715300355804027      -0.22367316503759035      -0.57612962450099681     
  0.22117857111405642       -1.3140970740751282E-002 -0.27973167671006022     
  0.31093783957296273      -0.16322611132779077      -0.24593248954737729     
  0.52115043665345107      -0.27849109012369205      -0.11307021975335617     
  -1.2605027094578411E-002  0.36811985541468989       0.16193885876332356     
  -8.7122020929774363E-002  0.53522186686957030       0.13470163985069503     
   2.8147780388781723E-002   9.4256692905796413E-002   9.1734889283850915E-002
  0.26118427369326885       0.22893910808714313       -4.6667356792600423E-002
  0.21119419646908236       -9.4252753760873914E-002  0.50387267035078642     
 -0.43814071513317032        3.3160319597974955E-002 -0.38659929077010730     
  0.32890270495410689       0.39407163699819064      -0.26865588934021378     
 -0.17552084414194277       0.23519573881564648      -0.20301288927564509     
   4.0833095809004474E-002   6.1379946512656958E-003  0.10960771780522950     
  -9.9946211234812538E-002  -4.2992429461728814E-002  0.12200194201958064     
  0.14091530779074934       0.38163659044798182       0.46584388655080677     
 -0.42916580690274359      -0.36481601153111776       0.11982877244234520     
  0.23587490382723705       0.51656834847974753       0.18572716206591838     
  0.13781416815157027      -0.18374853631158103      -0.16091515276525217     
 -0.22278223930839910       -9.4853437071166724E-002 -0.39761995301928649     
  -4.6811739227158360E-002   5.6910311882397882E-002 -0.63481357133290828     
 -0.14039621227914392      -0.30947834467857877       0.17716571829613897     
  0.29003535090685328        2.7768812526911078E-002 -0.34291707402212812     
 -0.10611603316031670       0.25774878034544829       0.39156252470088226     
  0.27295932177755400        2.0108897914821029E-002 -0.33495971236464317     
 -0.46565331588775444      -0.46423587353361967       -3.0907619878516271E-002
  0.29908340635035002       0.14895639922521936       0.17573180909483957     
 -0.50144641542146295       0.16437720496110306       0.17231008643449744     
  0.33124008117615245      -0.33288494340295194       0.19466068731674807     
   4.0250090707669807E-002  -9.3204828484088811E-003  0.11635861067727689     
 -0.20415065273420657       0.22404949634991828      -0.15485758723489693     
 -0.10709416297823457      -0.14930891002504693       0.42842914882452443     
  0.44177256928231928      -0.29943550450867823      -0.10596279345973293     
  0.29477962875241864      -0.30623186923008566      -0.28247431557812597     
  0.24757028805119050       0.12778492728281382        9.6968765425482183E-003
  0.19298449394750108      -0.82459083348523865       0.21797837925545926     
  0.16970306867660695      -0.19679833511754607       0.27859967140639241     
  0.39379379218987770       0.34255701826369078       0.23122532859936229     
 -0.52386341347318566       0.41701936917486421       0.19165567029226399     
 -0.37051266226306745       0.11400042540787728      -0.53801304106248904     
  -3.4033088088487012E-002 -0.12403701036856386        1.4630032710206712E-002
 -0.19128481232509723        8.5842576709029741E-002  0.11005469970030600     
 -0.48400034806895514      -0.35276872388480784       0.13542103963894542     
  -1.2936164900532309E-003  0.13085382880927027       -7.6136515941280444E-002
  0.59399507705923671       -8.3191559606904567E-002  0.22049559253655257     
 -0.37838544113610695       0.18685893053485614        6.6509324651155985E-002
   1.7809115726831290E-002 -0.43779571572739617       0.14755528330171380     
  0.22517064797039860      -0.12428151306136506      -0.28306751332098035     
  0.17848594840786663       0.29561543224150266      -0.18057400133709040     
  0.32754171079590155      -0.35617927571671365      -0.15367144659866999     
 -0.48965415124187939       0.36357363450105584      -0.22895739465248063     
  0.21693999587743190       0.10128711946016052        7.3310016178754392E-002
  0.55065617928218513        5.2919509378838353E-002   6.6253763171591346E-002
  0.33557801946952998       0.15276140148724965        4.8009173225740026E-002
 -0.28333928820153437       0.31259538540892284      -0.41197801834892778     
  0.42832872615587392       0.28359289174124686        9.8582117689853255E-002
 -0.47046693991134320       0.25752551790402950       -2.8565847324761480E-003
  0.41173770792713899       -7.4098029674884644E-002   5.2734994667311373E-002
 -0.48515480854317250       0.10173678999805637       0.17238359931102040     
 -0.40155010881531950      -0.39779237427721659       0.47749111396388461     
  -2.7343369318703108E-002   7.3091431616238739E-002  0.59269272755687963     
 -0.13287710415468082        2.3762892640570101E-002 -0.51012762370356701     
  0.20869152854486189       -1.6619584672287021E-002 -0.26889978004780812     
 -0.11446731176736034      -0.28414743128437403       0.20811773462736960     
 -0.31256293578888439      -0.43987402569272877      -0.17588378391010168     
   6.8415926719275169E-002  0.23126113028727543       0.10751624340054744     
  -3.3324171157580525E-002 -0.13186213548595813      -0.56400294742641477     
 -0.37591477484552899        5.4212235774925626E-003 -0.34339866955465859     
  -6.1152485752544963E-002 -0.44284896848399935       0.19502714191800274     
  0.33816349890431585      -0.29126046860045590      -0.31235998779232982     
 -0.21745332320697086      -0.24439857838887122      -0.36863323018023270     
 -0.24697183009040016      -0.58032629174686357      -0.28508333262874658     
 -0.32542779824808249      -0.51271802308546466      -0.16201315321179763     
 -0.10777042364768119      -0.22031654776068554      -0.45479577485534645     
   5.4649308509806448E-002  0.24517820870405091        6.2150682582173204E-002
  0.22682859581265491      -0.40127635912767690      -0.36866147173131086     
  -4.2798974373259267E-002 -0.29544269356450253       0.24151122125329377     
  -7.6709517842740264E-003   6.2926276193373501E-002  0.13841776737988143     
  0.13099686082691503       0.21937550582324353       0.62408334983050717     
  0.10066981671631520        9.7170261914790446E-002  0.12251465318594733     
  0.39808634823433642       0.38705958352530268      -0.25596171603085061     
  -8.8182571516531669E-003 -0.39639664842147071       0.77427776799406189     
  -1.1161929476617663E-002 -0.38326430487601504      -0.51088026575168355     
   8.1131749803212583E-002  0.32784989916132484        3.2573273006279581E-002
  0.34611349449008721       0.19881660585673183      -0.37154933864329748     
  0.44012668032049768       0.53786253916667692      -0.11217683568004344     
 -0.31137642441137542      -0.50709044168247963      -0.19127665266932711     
  0.20106065308125501       0.10838219286280229      -0.45189960716472743     
 -0.22739344700737138      -0.31431330780309136        1.9367407518749592E-003
  0.12913568949243670      -0.44400489900676282       0.35256915992350846     
  0.46386264871281047       -4.2498127673218332E-002  0.47964222773450044     
  -4.7470505997995106E-002  0.30113530073590733       0.44367552622548317     
 -0.68583823353845264      -0.73217828439253241       0.57969320794650803     
  0.15166542238435918       0.40665248219404942       0.39063042385472657     
  0.38663980809003706      -0.14757872617432644      -0.15687663853814796     
 -0.54054560488326786       0.26556234012619401        4.2372552926205218E-002
 -0.17867521621544677      -0.54134892742726637      -0.24436915051277622     
 -0.57062789416193205      -0.25923459880009869      -0.10469278124964838     
  0.30185118498124125      -0.15854360032903955       0.28288085293419696     
  0.14182189070061152      -0.17084163755333073       0.26138178918738081     
  0.33693186832365035       0.41882659839836317       -5.5226015935913378E-002
 -0.21732488807892220      -0.24607865164629786       0.53976312465350984     
   4.3328996216475117E-002  0.44258594380013111      -0.49462774989542679     
  0.28557670167237675       -7.5179538938500698E-002 -0.36988801806075922     
 -0.47195175791330601        8.3181230926982971E-002  0.12115355895833477     
  0.11747240738998914       0.21832490364918575       0.39940247387909700     
  0.18838872641340407        6.2713996946368988E-003  0.11661132272598555     
 -0.26960107760269703        1.9991004520780353E-002  0.46421288697274765     
   5.6348658243906481E-002  0.28163696204797217       0.13688016943149378     
  0.20296391557354126       0.31052774013157364       0.34442133142021286     
  0.13459783537673420       -9.1386390997654859E-002   2.8458794600797022E-002
  -5.1163873026598597E-002  0.36146010369132592       0.46348635967136143     
  -2.7398225392726485E-003   7.8286304305537346E-002  0.44690935724016712     
   6.1195684354412673E-002 -0.48953135250066798        2.4658154628233793E-002
 -0.28609715816174297       0.12455670990165528       0.13174010892676910     
   1.9484968958651372E-002 -0.55664985421261959       0.19245700091414586     
  -1.0798180763080433E-002  0.42506242233223546       0.19331375557923020     
  -2.7317494551715317E-002  0.37853858265514950       0.33895355534046068     
  0.24230034862388292        8.1540684461496982E-002 -0.47315560073160146     
   8.1491053666195370E-002   2.6402744712305609E-002  -1.8612803231219922E-002
 -0.28479191830208483        1.5937614096063386E-002  0.47833454210002330     
  0.32865107355591722       0.57707499923371885        1.3330259780621852E-002
 -0.28123549776639095       -4.6049961226954352E-002  0.26081705817780015     
   3.5125020058642382E-002  -4.2159997623333292E-002  -6.3364098004354219E-002
 -0.64401486881376846       -1.8273640742234944E-002 -0.27516813590103228     
 -0.14930837747551354       0.36142200729856372       0.51375738384680081     
 -0.44833571318822374      -0.33505844062255380        1.8095179000075744E-002
  0.13208089557495389       0.80288076495999861      -0.15047096836761806     
 -0.53571307569576732      -0.35103360669987504       -5.7603770571269898E-002
 -0.26431903674608370       0.11970861358271073      -0.17234506658910997     
 -0.22103360765122582       0.23274787382681023      -0.19244009204893228     
  0.42969391128360407       0.10982098836737007       0.31675657361532378     
 -0.10388518608939368       0.53162887810974579       0.11814638945924950     
 -0.27902548886123030      -0.47269407876487390       0.12870870868330242     
  0.11751467669553370       -4.9113191405131103E-002   7.7954970746391392E-002
   9.3971619494407875E-003 -0.46522591685819198      -0.28606981667778209     
 -0.27717983482720382      -0.31838130158584260       0.16428964962017167     
  0.20106653254716272        5.2774669239200808E-002   6.2769485213921949E-002
 -0.32982441230325243      -0.16608144950849058       0.38341448690275692     
  0.13616085394589555      -0.13038244222170978       0.14230232666217146     
 -0.10768738340441525       0.32840946209748451       0.26536691126021633     
  0.31119492081686589      -0.27027703248436546      -0.29714672512361695     
 -0.27675891006493952      -0.17142349811349047      -0.37942699444314248     
  0.56421823910439328        6.9279350480797308E-002 -0.32965156824972969     
   3.5612092032403418E-002  0.31893900581075052      -0.13257449421318326     
   1.8655718391410257E-002  0.28618580438955971        1.3694819729638132E-002
  0.33934797725483312       0.22721421199180841      -0.42273453489990948     
  0.31474122497837659      -0.31231064411313703       0.12132394753901918     
 -0.22650272275176744       0.15649817492300960       0.17442618309486463     
 -0.22424083774543016        5.2729542059330239E-002  0.48596175371963307     
 -0.68015073797422598       -5.7661692827185952E-002   8.6970001918776820E-003
 -0.54403382824361324      -0.15026847510418367        3.8158849787059808E-002
   1.1272294016656055E-002  -4.2748331477297577E-002  0.24501297947541156     
  0.34990236509850225      -0.14486131051898885       0.46721327038615273     
 -0.33585047525232231       0.52659458432474948       -2.4216983377496667E-002
  0.51071616189246483       0.12275751015522682       0.23130858944326727     
  0.36633552830994487      -0.35191715938900958       0.29831999315856572     
  0.24063548570446355       0.39568186268674410       0.33870088347878385     
  0.18494400091274238      -0.24570295510142209       0.27273166325517767     
  0.60007973702584738       0.21753063805147849       0.12439752239638506     
   7.9216178391742012E-002  0.13995169957775980      -0.25090959577938210     
  0.29615064430947191       0.32527786781730000      -0.53274413047287728     
  0.33483438086916861       -3.4315364207388614E-002  0.20718773074887706     
  0.25675474050415326      -0.24987112540324238      -0.27714290203217745     
   6.9134593932214508E-002  0.39850129884669266        2.0830270617800361E-002
 -0.17499843159775441       0.31414520344316227      -0.22789232752620786     
  0.39172586682109617       -2.3314046288794851E-002  -5.1676215225817126E-002
   8.6710543463544149E-002  0.19854822717743525       -8.8669652569550395E-002
  -8.9961615558028132E-002   2.9419772603158388E-002 -0.54675300326792575     
  -3.1984856202307073E-002 -0.35987044147856440      -0.21061974759656382     
 -0.30668699330289328      -0.25686958849728225       0.50976823126202520     
   9.3878798455763329E-002 -0.11603748858586388       0.12445995978466316     
 -0.49802709878198559      -0.41015845682262408        1.1713363306489930E-002
  0.28433171489475167        1.8753407196564292E-002  0.12364977774648130     
 -0.11303205478616217       0.11321482666435201       0.12822265115189319     
 -0.67719284563954185        9.9029150378021666E-002  -2.8933642134359935E-002
  -9.5562660029447272E-002  0.44504068276447317       0.27570355636970539     
 -0.36634491325847979       0.24322469738035882       0.20601152128670458     
 -0.49780353355301155      -0.40661753687929908        1.2063553788257556E-002
  0.46510340447663540       -7.5411781831959445E-003 -0.42378183896595306     
 -0.58848797022918287       0.28263521233647265      -0.20073954036922387     
 -0.23777088508945851      -0.39923932940339341      -0.32945182457886774     
  0.33293182770316121      -0.38817571904503967       0.32167467226502405     
  0.26102821951880284       0.24607671838807990       0.31151857245854847     
 -0.16310574066006187      -0.30538275620131866       0.17193766455142068     
   5.2254958522030735E-002  0.33570588584527944        5.1581590825122481E-002
  0.27368783134572039       0.32991692778154919       0.29142915719488044     
  -2.3657386713556699E-002 -0.35005381693867982      -0.28357113003075685     
  0.17476852851217417      -0.42506047214078757      -0.11834806621700919     
 -0.33662208179467751       -8.4120963760795017E-002  0.55753504624669026     
  -5.6670226273632031E-002 -0.25838894473736612       0.17193195141129161     
 -0.26676980527301380      -0.53608013364374485      -0.22259440784496370     
  0.24275296468887470       0.20901644196872970      -0.11706596880479481     
 -0.32218377925775210       0.22204821886269166      -0.45224403474387070     
  0.31026770498559125       0.16356593007311940      -0.56459354477233459     
  0.21694422530271085       0.29039604557838250        2.8077214815181859E-002
   8.7149964500486884E-002  0.39407674315466090      -0.16391608551626513     
 -0.31172976123943058      -0.35124053732570543        8.7720387417452042E-002
  0.32885169351719451        1.9815021012640599E-002 -0.34834485417594918     
  0.38949346870885254        9.2507032892836880E-003  0.23033087650972439     
 -0.10685856026575997      -0.62649416704087380      -0.10922623989480666     
 -0.30450196581618255       0.58139178240994971       0.41532060759219097     
  0.32885714359096629      -0.26570472220432390      -0.30826403698649163     
 -0.16352190690465684       0.22195024901846508      -0.11395644599002816     
  0.18381155816494607      -0.42922965244498923      -0.11845454015932382     
  -4.2758410172171184E-002 -0.10550654651583502       0.29726894952473826     
   3.5250097295354763E-003  0.59907987603413904      -0.26246631915688778     
  -4.8667134658623531E-002 -0.53192706747498020      -0.31375370125064805     
 -0.44037981255319752        3.9139801451529017E-002 -0.38007903581090585     
 -0.31261434078510703      -0.37869868074486585       0.27905470625094425     
 -0.26684369584262907       0.34479357493330987      -0.23239789139330069     
  0.28804860736557697      -0.20307440336561347       0.19672945418588353     
   2.0897017368951172E-002 -0.46433489617935664       0.39744824241491411     
 -0.28993573520391197        8.3110539133170819E-002  0.22852503142806632     
  0.18112546390246267        8.1690689362728955E-002  0.39630246683380627     
 -0.20084433919446046      -0.34872192087029513      -0.55387376566952284     
  -4.1007145869550003E-002  0.31625577123765930      -0.40484452572930213     
 -0.41166590164004996      -0.45120913713858057       0.13304248951853806     
 -0.45298918659246273       0.13373412010923313       0.37304971636984496     
 -0.57747900205539471      -0.10955801226439853        4.4923750055516611E-002
 -0.19643249696882065      -0.48612075346613626       0.44842740951066240     
  0.15633857761596248        1.3638366826175130      -0.31432608610868962     
  -9.5264581386738129E-002  0.18699172082735077       0.33713156998264859     
 -0.48749258870010426      -0.24808598394824694       -4.6269406953360771E-002
  0.22983375609308854      -0.12048893782860623      -0.31183658632064559     
  0.48527558946028371      -0.41598259555364725        2.8560692299006010E-002
  0.50873752947285455      -0.20391930121050947       0.14278531130285663     
 -0.22593373281596049       0.34028431849852120      -0.36979509576170339     
  -6.6782547780609193E-003 -0.11635638954920932      -0.17748183781419352     
   5.1046613550644257E-002 -0.35337329542905316      -0.59798644410386315     
  -6.9338283887166313E-002  -6.0034256821825643E-002  0.11096784798282139     
  0.33593605141775157        2.5944366717607848E-002 -0.58016896624735848     
  0.41655467115884848      -0.20917172444329038       -6.6323832968972110E-002
  0.20458580478269781       0.41697792122603733       0.36034646664057585     
  -2.7992487245453338E-002   7.4095958615444352E-002  0.60941227785826491     
  0.24496648854310638       0.10160708020997922      -0.50521840970174314     
 -0.30976242698329176       0.12095168267200565       0.16805218494216870     
  0.10319239245626299      -0.20375335525864399      -0.21321445160175120     
  0.35128128139492415       0.13712436309860052        3.1488518464141857E-002
   9.0111512064743479E-002  -1.5327970443034199E-002 -0.68667045706363750     
  0.22814743882824573       0.16450259422430255      -0.38179667461281153     
  -2.8076456533865996E-002 -0.53870482777409934       0.35799719935793467     
   8.0578525747357160E-002 -0.14374047402305146       0.15881876220263469     
 -0.17144190069095255       0.37864032148944315      -0.20566846869754724     
 -0.54245225088332938       0.30828363366098821       0.22660722215337598     
  0.57869057808307200       -1.6742311583066698E-002 -0.12327918745229230     
 -0.33393177058411522      -0.22326296308361576       0.42166805555087522     
  0.24860461683661297       0.20025644059941564       0.36126853841521794     
 -0.18836196172165123      -0.54651171977163082       0.21214238875572577     
   4.8094700603377866E-002 -0.52944713199381177       0.36570622374779349     
  0.35189206663084727       0.25466915875466117       0.15527149410004359     
  -3.6200130494861752E-003 -0.10973658850761948       0.13246258842405467     
  0.33939955590500731      -0.14504736240721447       0.27406499131850642     
 -0.50060469593823820       0.21186064451945330       0.15418359399212547     
 -0.38709226039683531       0.35005030939489556      -0.31185343154182205     
 -0.21868427535405688      -0.16795182988913562      -0.45382064380486231     
 -0.20912169643512524      -0.49440638448348073       -2.9678730104112691E-002
 -0.15474394069379280        2.9041135003839424E-002  0.54299248079413143     
 -0.30087274377375761      -0.48333949843971380       0.19931135040879952     
 -0.54277744905108738      -0.12747788709060565      -0.41647317230261749     
  0.38674322918761089       0.13949214877751714       -9.3916014905895212E-002
  0.25078812914377707      -0.24111959394733123      -0.26877680265920600     
  0.10527920356528316        7.8626707137626387E-002   9.7891362053503905E-002
 -0.14341042014439007      -0.17113685171247192       0.14243118094849769     
  0.34714069182634250       0.43504943931549783      -0.19312730296960984     
  0.19697906076968411       -4.4518401823070410E-002 -0.32463179872311632     
   5.2980681074974431E-002 -0.20847003054799712      -0.20066592866112429     
 -0.32659991188208481      -0.44082002736267933       0.28493127702084886     
  -1.5990455246679483E-002  0.35290243807967231      -0.48587493789532116     
 -0.44369922258875361        2.0017222993818719E-002  0.19971902558721161     
  -7.7554570838251097E-002 -0.29497998849229695       0.17157866024039567     
   9.7702788428007628E-002  -1.5748820984308343E-002   6.8461287587706809E-002
 -0.26629444652617679       0.30072185581272720      -0.29103949355588948     
  0.19299519028263445      -0.16093210470331826       0.14042204059929803     
  -1.1690977620495320E-002   6.3897870522772147E-003  0.11563190025849741     
   3.7766896854958695E-002  0.37701137218777026       0.10534278886339318     
   7.9372134913613945E-002  -6.8167168786570834E-005  -1.6619800899938638E-002
   1.3788429252720216E-002  -8.4672349690043822E-002  0.12728947009042590     
  0.14261319252153570       0.16159259816329996       0.17580630148145351     
  0.42666544377574422        3.2257033261418565E-002 -0.31742986623496450     
 -0.20906463154065524      -0.25877800615285595       0.12976407025945447     
  0.21747966057625256      -0.39407587918939263      -0.13236679589796713     
 -0.13507124922300592      -0.49041912592301784      -0.31537723125035128     
  0.18430275085903097      -0.14632706946593654        8.9407176053778251E-003
 -0.30596535973955796      -0.54650608703750447      -0.26058230700730023     
   2.2781771516011906E-002  0.19428298996279364       0.18308175492960599     
 -0.23767976523268933       0.32211491059631459      -0.35660689429794162     
  0.26286549842257290       0.33987723405493919       0.25689160317772636     
  0.10602314812445421      -0.11278475715926664       0.14497874407757269     
  0.15683784378536228       0.43304310889985936       0.39130818362199954     
   2.7837574985884433E-002  -7.5291379274832704E-002 -0.15644656375807442     
  0.27555218877032872      -0.12922311227014716       -8.2831237273529049E-002
 -0.23074118733738760      -0.19586007424443302       0.29335016036700362     
  0.52298423630431201       -5.8847843376527240E-003  0.27503012493204265     
  0.16364365584738519      -0.13994841302165106       0.60824018595664120     
 -0.15540630508417730      -0.47999555921271936        9.5662886183052933E-003
  -7.7068133177208578E-002 -0.52603732959916916      -0.37962153869815685     
 -0.54028743537772372      -0.16072208626619094        4.7894391812624164E-002
  -8.1184366297375285E-002  0.28817302070843465      -0.39788781153754033     
 -0.47714585045094371       0.27264042992921811        5.4406241627661858E-003
   3.6034592953288404E-002  0.24118070337814185        5.9253712207798251E-002
 -0.19211295413653523      -0.19012359743821131      -0.37493929663483061     
   7.5695456857148458E-002   2.8630895277068389E-002   8.0812762597630941E-002
  -4.2275527927202815E-002  0.34277158885214032      -0.58245287461494344     
  0.42684588902905501       0.19513787759879828       0.19928131876979474     
  0.40762806925412082       -6.9408653308560053E-002 -0.44472053540570899     
  -5.0046597099777608E-002  0.19151374477540131       0.12936332630915712     
 -0.26095562286490953      -0.31413870353723267      -0.46323967365208080     
   2.9977402515915762E-002 -0.64157124990718295      -0.11866980364779528     
  0.26612666633749321       0.19588751140437621       0.40260744198641180     
  -6.1990858875731322E-003  -9.6269817406218414E-002  -7.3409969321477531E-002
 -0.15884271988228604       0.33064187524184230      -0.18611215807103335     
 -0.35909067785797855      -0.28063197285692776       0.17451795689342198     
  -2.3891606340625451E-002 -0.33261316159499987      -0.32289628059624076     
  0.58168497083717752       0.15654909604265127       0.10038610143795222     
 -0.11133650691288120      -0.58759131540724041       -6.3338573520875796E-002
 -0.25925508482326709      -0.39975373645243495       0.14822484393039456     
 -0.37935526840375394       0.34439873929170761      -0.29062249845739435     
  0.39373554755182677       0.19647557741287497       0.10560477556299855     
 -0.13297088712210567      -0.23277243618937465      -0.29998758310699752     
  0.47436078912171969       0.41619878526670079       -8.3545661891605907E-002
 -0.19969576989798310        8.1300537705373460E-002  0.11079671379385880     
 -0.28167863107416785      -0.26900660933336118      -0.28363327168750674     
  -6.4594756117136054E-002  0.42264409048930573      -0.21635775740174643     
 -0.19362802045410807       0.28015343076812427      -0.31665821617237810     
  0.19997950025890382      -0.47048265243750725      -0.31727759837479180     
   9.8722810436384145E-002   1.7538913764749103E-003 -0.52819414242256202     
 -0.34941731683051103       0.15124977912412343       0.15720599902604862     
   1.6299787438290268E-002  0.21163835165310488      -0.24988084361799281     
 -0.42593101400960370      -0.20824176873772179       -1.5846755898293177E-002
 -0.29772325359605478      -0.23640596291591351       0.34567954774277376     
 -0.11540761352264180       0.55751940998915406       0.11161098262671511     
   5.3774036177508693E-002  -5.1024553272650965E-002 -0.68600239302924204     
  -1.2838635023758684E-003  0.34977076427257803       0.10696595078962427     
  -5.7944204392132929E-002  0.55390721943064702       0.16919289722650568     
  0.20455033937470204        6.7442753572254974E-002  0.42454565656095156     
  0.24900785249377108       0.19438625919507951       0.33215902474082487     
  0.41810135267966708      -0.32028256055557008       0.30857585210755767     
  0.46877135235780137       0.35394893969042324       -2.8495358635531938E-002
   2.3865191960764160E-002 -0.30507910985252273      -0.56461388991408801     
 -0.51005209354474612      -0.37533778637497267        6.5823201372137378E-003
  0.27863491162576048       0.16676650834566345       0.44020866579362239     
 -0.47914973037701258       0.15213063893858483       0.13628805375929809     
 -0.11089214854076283       0.31185504551139803       0.27916923012135975     
  0.47396006230005217       0.12905604307534288       0.21703765709072567     
 -0.47306716759866380        9.1576342282923676E-002  0.11909413663669165     
   8.1157744846793667E-002 -0.11085993693153386       0.14439658402984995     
  0.22839272464491070      -0.12194922212307689       -6.3035233630073600E-002
 -0.18332107878352416      -0.55110711531927514      -0.25383245020324957     
   8.1661271663676191E-002  -9.9880402013849331E-003  0.52861815951822100     
  0.17235954665480613      -0.20015549458672818      -0.54256902530667295     
  0.23076293415147561       0.29386032128118178        1.2455502116342311E-002
 -0.31799790402598832       0.22049566520956346       0.98449628721640936     
  0.94963452518245772       0.38280282154617085       -1.3456372043303893E-002
  0.38397015681372210      -0.20118591266622068       -3.1459997312732325E-003
   2.3492242036919114E-002 -0.46544816694689234      -0.70168084810876219     
  0.18628576843728759      -0.68387695478139099      -0.27370158060485528     
  -1.2256518308196727        1.7181634296093251       0.47599469236727171     
  0.17381107965985154      -0.23944635343042173       0.15263074038444716     
 -0.22984488624443572       0.29419899574245101       0.35085300010648834     
  0.28305694359080991      -0.32465611254095561      -0.29539081766823216     
  0.14048759138615893       0.17840141240248850      -0.53475962467952542     
   5.3225099472839411E-002   2.4002388587755184E-002  -3.3561974574102399E-002
   1.7251598820542141E-002  0.25151952017112295       0.14002552316711969     
   6.9909055438405809E-002  -9.0828454320558971E-002  -6.3136603367056662E-002
 -0.10067917677666409       0.25115561815773252       0.43808653100167627     
   7.2833831962213214E-002  -1.3053149074578958E-002  -9.7835114905461942E-002
  -8.1880049178760947E-002  0.15417453079998342       0.41427685608894405     
 -0.42075487020306013      -0.35462409372251513      -0.50934935211420551     
 -0.23467995472530620       0.22759295727606657       0.35212137131849525     
 -0.55033704541570994       0.27837990415159880       -7.7261415445663825E-002
   6.9018269874997554E-002 -0.11809285100966503       0.12765318050449195     
 -0.25478763309770985      -0.34302216443420458       0.11334883045731600     
 -0.21565482175056355      -0.26697186639996062       0.12953585148457800     
   9.9783622494644647E-002  0.54554453421301485      -0.19602859044767565     
  -3.0546862809659098E-002  0.26589289910440334       0.43163162161607183     
 -0.41800094292504675      -0.17749270758766575       0.34088513563938133     
 -0.23323748060538096      -0.12716474129888505      -0.39481017060274526     
 -0.53468066254248658      -0.32226016570806593        9.7599513200076427E-002
 -0.16350927317191200       0.26152489713390104      -0.16308057266133932     
  0.38099938244046583       0.10125831146150653       -4.3586371889186876E-002
  0.19001965341035368      -0.15774349371485438       -1.4355286021705345E-003
  0.11311822549774371       -9.8377860505183837E-002 -0.20976373401137810     
  0.20249547698262615       -8.7870202596297992E-002  0.23786748749778180     
 -0.22149238545895322      -0.37557998246219748        2.1559783560054578E-002
  0.13445617341625493      -0.16725686931468534       0.27846313490310304     
 -0.28658376705314853      -0.28660909683207053       0.16943233555626427     
 -0.24906227936858993       0.13065656484486785       0.28143280484006811     
   4.9669482696292094E-002   2.6772537034378180E-002  -2.2048192747668498E-002
  0.39501855158428240      -0.37495274954739882       -2.3758030118088497E-002
  0.35140870920834144       0.25627878574305962       0.15040279672606305     
 -0.11605072961344637      -0.26724121808018503       0.18412840716937304     
  0.22804476341977314      -0.61289166190347832       -8.1701502261539133E-002
  0.12772622261826361        2.2426725891623693E-002   9.1819939005525014E-002
 -0.23776795201067868       0.40516164485005685      -0.20101375571897179     
 -0.48280933886758348        4.3155237963056314E-002  -7.7335958849984759E-002
  0.57573896648303879       0.17989058076297784      -0.11489484002163422     
 -0.17666051618052700        8.8291464137105272E-002  0.48571564816604207     
   5.0053227997188664E-002   6.4246528641536335E-002  0.20639832163857283     
   5.9684893728651989E-002 -0.49104882329341221       0.13361605177583830     
  -4.3979917188418319E-003  0.49724959932658613      -0.29829822604604528     
  0.27874110681299669      -0.42076766107922919      -0.11969078532434588     
  0.17085852169077792       0.61917489529909486       -3.8762619538183830E-003
 -0.28073970039328416       0.35950145575354120      -0.41682660644821623     
 -0.43173435396333976       0.34604378938279146      -0.19509624103933113     
 -0.51219812827656863       0.27711630554003869       0.38647763518712280     
  -3.2959512544671901E-002  -3.9111047140653200E-002  0.51714316138875094     
  0.25778990777545485        4.0943174630676104E-003  0.14585591223098074     
   2.0561700758928478E-002  0.35767322034738902       0.23490800308337531     
 -0.15703302462777910       0.26287355458466505      -0.15692183025629650     
   4.5558360851920651E-002 -0.22402137752581136      -0.27946840758216546     
 -0.19060602699662160      -0.48155168405705201       0.24298969904219922     
  0.20792847270307954      -0.50856154222624217       -6.3321258331279270E-003
  0.14744554404881263       -1.2787487920363059      -0.81005548110084358     
  0.66797704656804002      -0.11627636669398468       0.15608366772730145     
  -5.3186693813342373E-002 -0.35257248347518910      -0.58173389579347212     
  0.22532810189265504       -2.9687661374658728E-002 -0.31282167186778120     
  0.57805412728645544        4.8348050351024408E-002  0.25486653343053872     
 -0.52294070383709368       0.26633374256323677       -5.0782340730742379E-002
  0.40560490550155853        2.1255368170782912E-002 -0.34586979223994901     
  0.21311891261267274       0.35547830730199109      -0.35790415436320139     
  0.38017811654896205       0.14681785828284016       0.52305233444703159     
  -5.5888307929656975E-002  0.38979863066144660        9.1360212477490488E-002
 -0.21949862083019603        6.3459072483316378E-002  -7.8587630054952590E-002
 -0.24650359360482932       0.26169922207458751       0.31622200815213120     
  0.32448788727694711       0.34620744525968228       -5.7399090244627915E-002
  0.47354488159149810       0.38718660930873194       0.17323041742264267     
  0.21880908746095371       -3.4126202107188024E-002  0.14794845682507046     
 -0.14150769954796416      -0.43952838622499490      -0.12179336839176991     
 -0.38908228651837529      -0.16927175354717072       0.29215721679962453     
 -0.36528313882519836      -0.41722894688114803       0.15131730235591287     
  0.29362945585253242        7.9115947700452868E-002  0.61669173198068450     
  0.10768629439808265       -2.5922096879713637E-002   8.2799103958543993E-002
  0.10158558621756279       -9.8771342847823306E-003 -0.54211967540346562     
 -0.32090701306622132       -6.7051157555765545E-002  0.40954067550147633     
 -0.10726363867375782      -0.27601004856497552       0.51700433732578277     
  0.17105183703040902       0.30855267159555505       0.48598802713071870     
  -9.9327667353866209E-002   5.3300420214052957E-002  0.32702653017379335     
  0.19359089729286452        4.5855567433460642E-002   6.2196322446202663E-002
  -2.4072814693910247E-002 -0.48530772211871687      -0.28589282979178826     
  0.16966650944605438       0.35137203816499085      -0.58535018532085759     
   6.5820831291360751E-002   8.1444903145532679E-003  -6.7329009947934060E-002
  0.32741174341995882      -0.44482079568159322       0.38733904020626497     
  0.49152316449129069       0.34615531844595554       0.18026435723542089     
  0.57429334802773790      -0.26627659921531099       0.20979846716054526     
   9.8265118241581753E-002 -0.60272970161666717       0.13981938121468432     
 -0.57547835685103044       0.23939008233262565        3.4760811508334932E-002
 -0.20925457049854024       0.31663338400542540      -0.27616645552152547     
  0.24982611580105207       -8.6671632425560349E-002 -0.33504428100257500     
 -0.47867715736524841       0.23852814125239258       -4.9674633492004162E-002
   2.6842618775740092E-002 -0.46079906906341178       0.41736159303225695     
  -5.3024414511355922E-003   8.4059390843733414E-002   6.5438002609877477E-002
 -0.14020678834185876       0.23997103957071592      -0.16352063276218895     
 -0.63961513106668477       0.10614884337104134       -4.8308446288519722E-003
  0.42296791331819733       0.12718123912885243       0.17218321314526278     
  0.17378443622909423      -0.28043896416221370      -0.28686034001244543     
  0.57708438700869980       0.11205620256522525      -0.14555800334739397     
 -0.26105912598018149      -0.29752336121927003        4.9708140352184502E-002
 -0.29608932223676943       0.19188760122849752       0.34369030705359915     
  -3.5015652938116371E-002  0.22277873111283775      -0.21963832887353651     
  0.12367731768387741        9.4712881979629557E-002 -0.43970027471679918     
 -0.14270957832383330      -0.13572864623702907        1.1727178534070888E-002
 -0.13079067297620231      -0.28967897303510809       0.38803252283476830     
  -9.5459390559600010E-002 -0.64174104992206316       -8.4242012986953607E-002
  0.14327925142838563      -0.25037972765883143      -0.40910715846792700     
  0.46111405984550047        8.5411660045996998E-002  0.29810899755031295     
  0.13298084346249783      -0.41466351162860166       -9.5739722739898558E-002
   3.1269858615752662E-002  0.31420532463568840       0.12075490175470019     
  -3.5119343220725775E-002  0.62713517925540863       0.22594194472931986     
  0.21804554152741573       0.30142667784235516        3.3190672006860891E-002
  0.55692794266527590       -1.0041371171828472E-002 -0.13896826000825591     
  0.32280167411931243      -0.54820891490886248       -7.1833687684279807E-002
 -0.63061201051893301       0.60899597752665702      -0.63719255212628079     
 -0.53230130187285896       -5.0220479067180704E-002  0.16984418006439220     
  0.30485399491395487      -0.16965949064254982       0.13261101890966120     
  -7.4385515793304588E-002 -0.26152636272010260       0.20548204902132761     
  0.14796026368508508        9.4185077784923008E-002 -0.45109258539144742     
  0.32288246247414165      -0.19438486207824401       0.44657707176053940     
  0.37518150749845980       0.11113709815667215       -4.6098936132914443E-002
 -0.10456639272715423       0.56636704290947826        7.5876288516506019E-002
   7.9283233540280884E-002   8.4539046337132231E-002   9.7101154692365438E-002
  -1.4694443851136257E-002  0.60933451523419757       -7.1462609096447458E-002
  0.27457200115494795      -0.45083544059827890       -6.3569831557352796E-002
  0.28931979943783709       -9.2977076510900980E-002 -0.24474345167710235     
 -0.21046742115929781       0.25860134863608270       0.45723201900262650     
 -0.19600742783405622       0.38283536686619679      -0.20196341268983661     
 -0.18167405886105761       0.24331575745835665       0.31739130121870146     
 -0.27494923632141732       0.37553619248651215      -0.52557030450148579     
  0.36034939201936522       0.14512342439693310      -0.33250674111877210     
  0.20728761384260949      -0.20135457727802683      -0.32143145608242762     
 -0.54910784289472403       0.17419632658240172        6.5220206081567908E-002
   5.1048177150334190E-002  0.42889444977025787      -0.16802542947314394     
 -0.28528185577079829       0.47889240105850489        6.5782936069224779E-002
 -0.22303804256933463       0.26653968440594628      -0.20291442918113997     
  0.44674779021555677       0.31291922218345902       0.21610716480632686     
  0.54244671428453572       0.16217585819703653       -8.7443404324566154E-002
 -0.16755995182331154       0.31691736938545334      -0.21822118978456656     
  0.19367161589038895       0.27500782947620211      -0.25211843128469430     
  0.24892957943990646       0.12214727431744880      -0.37246107944768320     
 -0.51649972631848351       -9.5953737985201598E-002  0.27680713397826429     
 -0.22287545245063686      -0.24861364549814255      -0.48360999780960312     
  0.21573353131712861        9.8529916300786058E-002 -0.34802504823434982     
  0.28918335211169505       -4.1858105976659572E-002 -0.29648208871685855     
 -0.15419207303467394        1.2123735678287423E-002  -3.7400092303364217E-003
  0.34829873674217343      -0.46816343353957818        8.9118526064290701E-002
  0.14687330616186242      -0.18602997316807962       0.27785933901887017     
 -0.39719846326874469      -0.10390286365830952       0.35302521020376582     
  0.40212201526031588      -0.29295202362174955       -4.7544675324735129E-002
   1.0071970281972421E-002  -2.5871986926641020E-002  0.24688561214078228     
  0.40694490222853152        9.7027353260017005E-002 -0.31780762469836277     
  0.47817997041527321       -3.5438934351985488E-002  0.23014462689797888     
 -0.39530059718580229       -3.9765525695745652E-002  0.35242714173525502     
  -9.1674944172807679E-002  0.33284580243939837       0.30594437934564245     
  0.54626061223765010       -1.4861520649382320       0.72503714369603756     
   6.1090160942054564E-002  -8.5298537167622382E-002 -0.69563565209001810     
 -0.13261003382510142       0.45443936933954154       0.31190744357556072     
 -0.18542282181415504      -0.35372662512581887       0.22251246878706415     
   2.8723722749142821E-002  -8.1491100078475445E-002 -0.10320845184477026     
  0.33208789348019663       0.11323246764837479       -8.2764605854894160E-002
   5.7117261024220121E-002  0.43742143618112994       -2.0220835432810468E-002
  -4.2298422557785015E-002  0.53030546992268868      -0.33313929934688735     
 -0.44565601338111643       0.18559423147652956      -0.43319966519866010     
   3.1167994379650937E-002  0.38846301907367498        6.2151829930544321E-002
  -9.3369774220220733E-003 -0.54521228102925323        2.9110920846554100E-002
  0.25674900521982780      -0.22235563936984401       0.28346836980157880     
  0.16180477246666911      -0.48211709769623851       0.20807652239764671     
  0.28921441567115613      -0.20326911394163466      -0.33519983738511833     
 -0.51414786774540511       0.25600372199643212       -2.9539194586721243E-003
  0.62612910669319921       -6.4168428843610792E-002  0.15900327519208973     
   5.1987401456902484E-003  0.12990329377387316       -2.1400069634194635E-002
   3.8563444780564090E-003  0.52493311335712867      -0.11072987884966405     
  -6.5461021021337912E-002 -0.51913516894298661      -0.29804535730904813     
 -0.24264927412669954       0.24653007103154187       0.31519405683351909     
 -0.30152806523241582       0.23356301968966253      -0.35830961861812449     
  -1.2571786583074148E-002  0.42676176179672498       0.19250903557530483     
 -0.43521356796272542       0.58515918158893721       0.23746293502177918     
  0.43893438304356758       0.22920617807925042       0.39425467958676885     
  0.26100766713291024       0.14539028462804898        9.6108330641853895E-002
  0.34394261473439508      -0.27370805723788583      -0.31951486687115677     
  0.20120399035063244       0.49423923458586677        4.7943967630396288E-002
 -0.16647671056989827      -0.16731290185653569      -0.36078939528789622     
  -6.5871524583523480E-002  0.26123919758565090       0.29973013270234095     
  0.49955320570030531        6.6298048336791759E-002  0.27188240334020997     
  0.38481936480717327      -0.33783662704725209       0.29252914470133712     
 -0.22339590688570990       0.24081190097733490      -0.24655770793428700     
   8.4796571831443832E-002  0.45798651546580871      -0.17743571955995902     
 -0.27512179247794349      -0.21741586082636938      -0.59061442860119684     
   5.9441308433516998E-003 -0.52123065296645221       0.26418223490688919     
   7.8421294830285954E-002  0.18804170079518290       0.13764984766204724     
  0.53608459673690212       0.14377191813098469       -6.2095372357693281E-002
 -0.47828790803852217       0.18606962742131067      -0.45081918717659908     
 -0.18227510357361851       0.25849932526571295      -0.20631524356395570     
  -9.0095729461154121E-003  -3.3353527689945945       0.18379097841270942     
  0.33055652998893920        9.7291922049911272E-002  -7.3141960247876711E-002
  0.21971519475550377       0.31160981938230009        2.7503533449582080E-002
  0.12001407791021812        4.1673134989700898E-002 -0.33305335242698869     
   4.5892132139127420E-002 -0.10208838303341791        8.2795015499445693E-002
 -0.10331796215842944      -0.28243827963978402       0.16874719748669592     
   6.9043708137446938E-002  0.43904589215536260      -0.15546126148064704     
  0.41663009440897497       -8.7056628848027146E-002  0.23531554915237005     
 -0.39498408734682461       0.53517664028530254      -0.13368131360623955     
   5.3499937580561145E-002  0.38682837815176746       0.16857835223231610     
 -0.13011659059980996      -0.53711199513610153       -3.1659106861203788E-002
 -0.60314261470703168       -6.8115333519923035E-002   4.5775051260495268E-002
 -0.58008685497000567        7.4142113537736185E-002 -0.35112485916095904     
 -0.18457399837936761      -0.50409398096692015       0.34817705975895674     
  0.19692741501216318      -0.55365288464582130       -6.1028694415376748E-002
  0.14102150709032849      -0.15704833930772363       0.28143085146328184     
  0.48069637883404120      -0.21735845425639419       0.34259791023952091     
   9.9987026476860752E-002  -5.6324887868237687E-002 -0.40907266639147877     
  -9.4577830771201313E-002  0.33684960883950216       0.48379582771073443     
   5.6681588799204312E-002 -0.51150931012379108       0.16399915663814621     
 -0.54912182840849277      -0.15699559768010121        1.9895181823699190E-002
 -0.50042740041543254       0.29642908881981339        1.1510399507678079E-002
  0.14023890469132266      -0.38336810359188378      -0.28884242186499343     
  -9.6322875225268348E-002 -0.27086146528515243      -0.18998409037758629     
  0.22399704360880579      -0.28606623696851091      -0.18630511076923473     
  -4.5156435663619494E-002 -0.44561683320587331      -0.40290891822677838     
   9.5302432762701325E-002  0.17852706010339672      -0.29289121517983779     
  -8.3812715629582382E-002 -0.53627408486747830      -0.25561158658507782     
 -0.29445158600039817       0.14175479465895674       0.10668419943328983     
  0.49994007695699172      -0.21570878494019877       0.16135510735102651     
  0.24459449696678973       -3.8628588162256720E-002 -0.30223030746162921     
  0.10914444822417792      -0.41682457884865376      -0.11513521753678363     
  0.28227523650341296      -0.45191614089095589       -4.8281464126064148E-002
 -0.14819449782340771      -0.31282759391959691       0.22077542039144785     
 -0.54273788794335776       0.18939687663816732       0.37959784784303191     
 -0.54550322089234682       0.43705565980050987      -0.31159505144351635     
 -0.41812817226351245      -0.15654038169552723       0.30327702500796500     
  0.41965116928415813      -0.17297504246265630      -0.13444362592793696     
  0.24587534765778074       0.13379647792851962        1.6193976421181519E-002
 -0.40023483026186274       0.20719291654639205        9.1511027737145451E-002
 -0.15248337276484711      -0.51109139773654355       -4.2964796844994088E-002
  0.17507709240106020      -0.15614872091131163      -0.14553705077570087     
 -0.34192457589350073       -7.7668452012028377E-002  0.38529660095540491     
  -3.3420241805358405E-003 -0.28693747880204568      -0.23161644342503904     
 -0.50886852671194194      -0.14599774287143696      -0.48618833796112854     
   5.2570776370601521E-002  -4.7523347046012797E-003   1.3634307868787877E-002
  -7.2743015556811758E-002 -0.35235646878040089      -0.57854313574817617     
  0.57685056216368469       -2.6706646156346842E-002 -0.11532739916471749     
  -7.4923245933519761E-002 -0.55234666428335999        1.0083085225571145     
 -0.24331933889508292      -0.11916440604093897       0.29140595319241291     
  -5.5743320708292105E-002 -0.50073116686957408      -0.32419028964203145     
 -0.57548595631071586       -7.7470913766785138E-002 -0.38821855307736081     
 -0.54525692688394123      -0.38010522721177986       -2.4792885821684037E-002
  0.51075381878868209        1.6361509732949423E-002 -0.22013171461249559     
 -0.63774707368883543        1.7671802512221422E-002  0.14505297364412106     
  -6.2593865724286032E-002   4.9084267922662371E-002 -0.58221424328514548     
  0.28610487336502283      -0.13600082732634192      -0.63039038933495328     
 -0.53031811131602080      -0.26391884956805639       0.25475140894208970     
 -0.64964738697530000      -0.16166617916200160       -9.7512159150194583E-003
 -0.30881628667590305      -0.34893467811327705       0.10788238443082979     
 -0.40384509985075395       0.14076385795776991      -0.52321299063149673     
  0.35621689656657490      -0.12507462367432873       0.47268578482194945     
 -0.25139391647776543       0.46156186868192922       0.16495795856982962     
  0.29167089586601636       -9.1933767044041145E-002   1.1518176712588652     
  0.23929151299532445       0.28691908206433886       0.34662580978182739     
   1.6305007966583039E-002 -0.26751588786302694      -0.30874640795425057     
 -0.53504172448906684       0.40536264271240380       0.17409537380885978     
 -0.37159536814087957        1.6608658629581285E-002  0.24897871099548535     
  0.51592445051022984       0.48230908278649515       -8.8729876834679339E-002
 -0.12205259624118674       0.19247098239353880      -0.19262229823332286     
  0.10098303434491965      -0.63571263346647833       0.19731333815171911     
 -0.52689302216754186       0.13645846051275462       -4.5146366121635868E-002
 -0.22744576546391745       0.29821809734390986      -0.19279612587140749     
  0.14867782378456407        3.5078929438172472E-002  0.39181911447542400     
  0.38796130319462468       0.17611167627231064       0.12139906915727404     
  0.12806689616434364      -0.32741414021619042      -0.24531331706226581     
 -0.33834569576123147      -0.21217062032807033      -0.13192204581339700     
 -0.46135656197533043       0.10326406807320128        9.6726244780791518E-002
  0.50460100382056461        1.8388995530921583E-002 -0.27665372058911725     
   4.5151549523805311E-002 -0.44920716580011372       0.32314391636687417     
 -0.21609769921188612       0.23599494703460119      -0.21495284897635406     
   3.2196669567977960E-002 -0.25077877235742446      -0.22401117867348061     
  -5.0750660355691778E-002  0.49740229281951481      -0.38723434450668326     
 -0.18798291813151541      -0.48140708744444943       0.23710880289045344     
  0.12677050605810930       0.49276648483288277      -0.39607151626168408     
  -3.5091278664834934E-002 -0.25729010293089155       0.24405832422814269     
  0.13303697559974173      -0.29908008413787229      -0.48170856024310793     
  0.42485462205374458       0.11711913080610209       0.34114182244908425     
  0.30420361958253839      -0.50013838204622219       -7.2049005951521444E-002
 -0.17902415306327521      -0.30029812455564753       0.18137546439858046     
  0.47445316260634218       -1.9859229212701831E-002 -0.47850992580837948     
 -0.44347293186237835      -0.34698197782848139       0.13588113382104225     
  0.22274205733632280      -0.21537577012168141       0.18188613427373249     
 -0.27126438003245484      -0.36402145316918605       0.24423807019141877     
 -0.55584477593077131      -0.35714995990436837       -9.9419661780498519E-002
 -0.15668092921510157       0.35233675380738960      -0.24816822284739729     
  0.10518355134852490      -0.44057537218745185      -0.16495915699285285     
  0.43407563218103823       0.29796331788343211       0.13417838089546591     
  0.54292290381916697      -0.49674587765078193       0.24426629055204563     
 -0.29931800363748340      -0.50801111012607092       0.13245723135432566     
   6.8694524541743754E-002  0.68561169617843765       -4.6078662132866145E-003
  0.35435878376477803        4.8594580873447028E-002  0.57417457446665154     
 -0.33135001244380397      -0.41138789366076922        1.5538763195681734E-002
 -0.31742862802052296       0.48956115721066845        7.9993592680601217E-002
 -0.29871450734287597       0.52502653676540967       0.18382620584587031     
 -0.36324259150035954      -0.47436600386261024       0.37559427693142122     
  -6.4502342158360898E-002  0.33429121828470065       0.46052226125035461     
 -0.24281246983198554       0.31937113176998766      -0.26674952958704456     
  0.57281087079885373       -2.0299735718979861E-002 -0.15776237390867029     
  0.24534047921908655        9.2273605326419858E-002 -0.35103669654163538     
  0.66277565630219393      -0.12495373188063234       0.16444065860709750     
 -0.14009791940007216       0.61729958399685458      -0.13021317237696894     
   2.2792475862169925E-002   7.3542459630888762E-002 -0.37514011466679031     
  -6.9875293013478253E-003 -0.48892245107494547      -0.24314255127539325     
 -0.33109972995752163       0.12514220249521765       0.22771372092848183     
 -0.49908252592668473       0.65663542261624130      -0.16949617499974348     
 -0.54174839087474036       0.27224645471158315       -3.1238613828102845E-002
 -0.54745554342314862        6.8022747236258396E-002 -0.32017207819156512     
 -0.21034638734065378       0.26984615792355537      -0.24834417259002203     
 -0.34529873093520014       -6.5467260134871225E-002 -0.38336041797704024     
   4.6742761949922107E-002 -0.33449143073911425       0.20541947542025427     
  0.14475304557803229       -8.6539438295890156E-002  0.52795546580854402     
  0.19577616387551830       0.22901826031843542      -0.62217647651776453     
 -0.16894100568958856       0.32543460668992447      -0.20816058731738174     
 -0.45727497912571774       -5.3501591548305118E-002  0.37826382052336371     
  0.14789921882099538      -0.28915251626573940      -0.12103599996227836     
 -0.19216353885761378        7.5723543665025704E-003 -0.49372728855248055     
 -0.11747541138089859       0.45906030627522421      -0.37026455889802429     
  0.40159362678618510       0.14850516819235468       0.40173776877173478     
  0.12103301986392904       0.27088245626507595       0.50829288368136827     
  -9.0405209570919264E-003  0.13138420342777851      -0.12675087119787359     
  -1.1166922715049987E-002  -2.9493506436335533E-002  0.15949385925546242     
 -0.27257287263267177       0.15609551412377998        9.5031602970229362E-002
  0.40000660273798228       0.35539494007034861      -0.19212346058619242     
 -0.11831541120872140      -0.29631229356672284       0.49868074728604783     
  0.43181750842341748      -0.12185156943682481      -0.15235913627194878     
 -0.50124618956859757       0.26054407672587881       -3.4155929369065932E-002
 -0.53075536100750687       0.28425242628265585       -9.0942061389346782E-002
 -0.30001925168135873       0.46947800437699844      -0.31719329837200833     
 -0.28584049012709339        1.7827463523711091      -0.45123016173239022     
 -0.18469438886927972      -0.44622321817608712      -0.65769294157907465     
   9.3812225697029558E-002  0.10810352946476011       0.21448811119212219     
   9.7185844052745468E-002 -0.18430404565066053      -0.19310018155576883     
 -0.14329392031954821      -0.25975944561337311       0.21142176603123058     
  0.33594912473238797       0.27727719926050831       0.46621061554986304     
   9.0400362310838825E-002 -0.13421996473275871      -0.51290735354987560     
 -0.23228471329557876       0.28441413018627648      -0.28891862155725540     
 -0.22878709789784549       0.11927229932086009       0.30067717880614503     
 -0.39692090965958027      -0.30335880125920828       0.34986675073409734     
  0.62007750847217169      -0.11896352669578514       0.16238444044529454     
 -0.32261403087533619       0.27057936498020074      -0.46953561831398388     
  0.15062393135417110        7.5515603545746032E-002   7.0480386961041225E-002
 -0.56666005418124576       0.26611454827632525        7.7018238782369283E-002
 -0.23954497524115018      -0.30239800306554382        2.9300993093629702E-002
  0.12020678683979538      -0.37176689379684968       0.63229069950735139     
   5.0289817742741764E-002 -0.29085101994554308      -0.49170046773565274     
  0.12002331109327902       0.48831055017984737      -0.37767739075572843     
   7.6856635701323783E-002 -0.48373091885394343       0.38548714533302253     
  0.17498068840997039      -0.11816591435453073       0.27086342017416348     
 -0.36927508776069201       0.10542576155478046       0.24933482785558680     
 -0.43778200112322713        7.6121117060165860E-002 -0.40096019533528887     
  -2.9149378797621302E-002 -0.12344463490369927       0.11847922080267116     
  -7.1755686351898246E-002  0.20987526608187895       -9.7097169085749432E-002
  -5.9456909285639840E-002  0.57544419888658316        9.3610702528463610E-002
   7.0984603333896196E-002 -0.22824366448086797      -0.22897150608319294     
  0.19120063422841757       0.46815976724358271       0.27692737080557822     
  0.33828863296468908        8.9989773814045160E-002  -8.6289165382667662E-002
 -0.17215664377522341       0.44097666533095270       0.20126815262704706     
 -0.47202223764643436       0.15938476379818592       0.14680039414796345     
  0.39435829737544958      -0.88280149217782922        1.0090158470916974     
  0.28296256338909875      -0.37127427811701841       0.19147858114055677     
  0.46551905552126621       0.10036731459531680       0.26896855572294309     
 -0.28252107137234056       0.47744167190448406       0.16190680719841671     
  0.33592836396132125      -0.10550719925792941      -0.10971029509833473     
   3.2441591168363183E-002 -0.14147386642306667       0.32886033565920719     
 -0.55891583035355141      -0.34744264780627027       -9.7426490612696259E-002
  0.44433812664113476       0.36016439057599653       0.33848052497822534     
   9.8096509474703691E-002 -0.29298120838561265      -0.14599276263821825     
  0.34484805074563618        3.8130460280099226E-002 -0.11514347152789954     
  0.62541152381614429       -2.7254889398875781E-002  0.17017568401567293     
  0.20321654372751174      -0.16352547625570182      -0.30338762412556225     
 -0.26954062073955409        2.2527690775521986E-002  0.46699559454553735     
  -1.4227561868433186E-002  0.54265350022259384      -0.22387191050584682     
 -0.19058508866436297      -0.52623698421281362      -0.28138194870347799     
 -0.24092916411883356      -0.54552918728219879      -0.25439749516402821     
 -0.12018612760393203      -0.27595850075487455       0.21189590730216645     
  0.15867128292528604        6.2597985510238929E-002  0.43992414585362649     
 -0.53350798523545162       0.32717531676195594      -0.17448543741147035     
 -0.15410775082447117       0.32007425324291355      -0.25443855758067913     
 -0.12877308344182370      -0.18620687890713800       0.39273231812551695     
 -0.21633839978612582       0.26551774297557978      -0.27046001460945912     
  0.19001471340859119       0.43225929535953322       -1.8140188957411988E-003
  0.29357356631025350      -0.13119189949267165      -0.24710504654935611     
  0.60453731013298651      -0.22163649204510710      -0.16248691352785474     
   1.2784542135562771E-002 -0.25652140911850896      -0.15410471663076894     
 -0.51986786881707270      -0.35482018704819318       -8.9160581295352093E-002
 -0.33465572754255796        1.4456948297539568E-002 -0.15686795163495545     
   9.8149630823639561E-002   4.0276558946228622       0.41100231304004636     
  0.13822528306661633       -8.1941472485610650E-002  0.14499333350402760     
 -0.38470894727756066      -0.16518636591088753       0.32456257696056634     
 -0.54180631852321093       0.17367665554995110        4.9269266800216420E-002
  0.52536088259930647       0.14279831999398432       -6.3723332855246794E-003
   6.2968654853354997E-002  -3.2548032379530563E-003  -2.2315602288071831E-002
   4.7324505504304035E-003 -0.24096649574217069       0.20360322766995645     
 -0.40918950678084320      -0.27542687121951809        2.0626452254090967E-002
 -0.54903912160347856       0.29072541896153292       -6.9015174265663115E-002
