  -8.2828797878283553E-002 -0.11917952830731657        4.8287452225687637E-002
  -2.0279630134626032E-004 -0.30675488143406682      -0.23970310021080113     
 -0.16658258477947221       -4.4120204733734611E-002 -0.21883813072831845     
  -7.3594873583262624E-002   1.2666823356384839E-002  -5.3385534862235809E-002
  0.11225406520941127       -3.7630495952431300E-002  -1.3486922808255950E-002
   2.2109900543299022E-002  0.12144931586191765       -6.2722419690612541E-002
  -5.1823103880460311       -2.8148380403304198       -3.9083400053493857     
 -0.28419255512087072       0.20308732035792909       -1.0557487761131368     
 -0.15416081305227208       -5.1390590572682290E-002 -0.18465983014650811     
   6.7068437021367489       -6.6150932879533144        6.9180401900331283     
   5.9966354583270161E-002  -6.1730769393015222E-002  -3.1372125464363465E-002
  0.11541727755896179        3.4151873328861222E-002  -2.9425925258984437E-002
   3.6312376959381343       -5.7968870628149984        4.9795891897891220     
 -0.15529557353338225       0.31461023802470695      -0.20883467682996584     
 -0.25741620437451002       0.34052652942567779        8.8997937416662204E-002
   6.0779830014421048        2.3268665981666672        6.3164824285619403     
  -2.3182922922027482       -2.5427901784726981      -0.72814031761666553     
  -1.7528593165949402       0.19017284044992086       -2.2616930976504039     
  -1.0088202048745971        1.3181555807106700       -4.4835017912204407     
   4.1271916558967403       0.61968319931009752        5.4071466646863433     
 -0.55523979188237327        3.2650483844139639        2.4770148219620443     
  -1.1634254525142362      -0.66190841545798418        1.4002195545460745     
  0.35881599573807998      -0.39659555426345600      -0.47286918560041558     
  -14.456499580133269        10.506345743527959       -3.5713441344515116     
   1.8241745268370573      -0.61270148208636710        2.5759577347793146     
  0.21423048545209672        7.8236475238946959E-002  -9.9390918402000691E-002
  -5.1782837808049209E-002   7.7682272035574346E-002 -0.14046820563873313     
  -4.9671916448582369E-002   6.7263084582992627E-002 -0.28616875717623302     
   2.2069861888306535       -5.7734611451675821      -0.23996364791359817     
  -3.9002295613414291E-002   9.6516269866482901E-002 -0.21071352242445826     
  0.79777336276712318      -0.74024226446582497        1.2560177377706743     
  -8.2085003358352851E-002   7.1469114818580953E-002  -6.9900520281419437E-003
  -3.4935993981774649       -34.151202074600427       -22.393168163090508     
  0.15500151710853938       -4.9338534295324567E-002  0.17711053868864760     
  -1.4289505280117670E-002 -0.43613304284475846        8.3743583960076487E-002
 -0.92772514258843308        1.7558957110582094       0.40303518910725278     
  -5.6364987229225443E-002  0.31690052672603042        7.1181228520077341E-002
  -9.8434954143830411E-002 -0.18302763810499403      -0.24423761187656373     
 -0.13477400529581976       -4.3896163029290336E-002 -0.10725059367833352     
  0.16216980240633924       0.10001012589967809       -1.4904700061194071E-002
 -0.23770408426162742      -0.19004996723159742      -0.14772109359562705     
  0.31321459888430703      -0.19996910677932031      -0.38896523680694317     
 -0.13713215559226422        3.2382166955256163E-002 -0.19734435736609596     
 -0.64213457620220260       -1.1059850392015453      -0.88223726470950226     
  0.21316360329261130        7.2815882203802640E-002 -0.16827524016502010     
 -0.32927602957255381      -0.53889265207385173      -0.69218921167109027     
  -3.9823107641853442E-002   8.3510043689297181E-002 -0.20440309910913865     
  -7.3956451935131035E-002 -0.39422225276129935      -0.30091460753528865     
 -0.22523971343120738        1.9882187669493120E-002 -0.13771973890866815     
   6.2351040280037999       -4.6751190302858978        4.4103603692681332     
   4.0566276180002699E-002 -0.16030380647744261      -0.26717327800780777     
  -1.4039557877252047        4.1112877278681994       0.73743567494190732     
   6.3536538002599563E-002 -0.12021964490432413        1.5940068582473509E-002
  0.82201192800448730        1.6148791038244825        9.2759873717089089E-002
  0.23948797888953374        4.4826274061200488E-002 -0.18245999468342081     
  -7.7153880544400116E-002 -0.13878094716729078       -8.3086831805950764E-002
 -0.31070114252185749        7.7256142317891491E-002  -8.3435816567621598E-002
   1.1545557235378501        5.2436629157309689       -2.8589052071006775     
   5.7546476168039512E-002  -3.3292533449186257E-002  -5.9008057429320755E-002
 -0.17930014796340724       -3.7651604275526419E-002  -7.5947790729592346E-002
  -2.8852621139164415E-002  -8.2124514160277565E-002  -6.2459528120065819E-002
 -0.23827063778532453      -0.60177077952910352      -0.20249022533346919     
 -0.16089622782755594       0.28553428251678920      -0.18227824783102931     
  -1.9031925192215677        1.7919477243894009       -7.6938480350227656E-002
  0.11744239405456942        1.7406486657475135      -0.69289639408363379     
 -0.16565382065738979       0.14330016534907172      -0.11082413132384898     
 -0.12883466965722160        2.0862547948492467E-002   7.4895129460278764E-002
  -4.6061774005643603E-002 -0.20163253300687703       -1.2215635172049617E-002
 -0.33002451693741552        8.1352019603015718E-002   8.2658624967788294E-002
  -4.5385719728555864       -1.8668466480294634       0.42575970477787067     
 -0.19019787604975477       -11.911422319765425        4.5828610096630156     
  -6.2046467279810655E-002  -8.9445336592502631E-002 -0.16776607331417287     
   3.7093907990828119       -6.3413708257406842       -3.6975715172887011     
  -4.5647972227377737E-002   9.7468492964329398E-002  -4.5010045493282864E-002
  -4.8166788319467732E-003  -5.6987056510978351E-002 -0.15600458396297173     
   8.3536116129897600E-003 -0.16771407713084313      -0.15915866057950229     
  -3.5804607701126520E-002   3.7749156262401509E-002 -0.33424456250176732     
   5.5183935116125529E-002   5.4274487865394939E-002 -0.35855275987877899     
 -0.35659068808748917       0.39471385929814490      -0.24479419902443803     
 -0.22108204871136131       -1.3694464814398254E-002 -0.53559851599344310     
  -1.3682588566122955       -3.1839522502455266       -1.0129191044496288     
  -2.2247062345908275       -1.1253763898576796        1.9692958505670848     
  0.16774790670992801      -0.52978597772767266      -0.22886917617021896     
 -0.13209698514402035      -0.28077520507774778      -0.49180344732113956     
  0.58119701757775943       -1.4438932166146945      -0.16375515860186546     
   1.9820653878477739       -1.0361862978544514       -6.2870676512468400     
   2.9325150111652460       -7.0856909651436668       -1.2309832146034201     
  -7.5674518638119165E-002   8.7815524081880592E-002  -7.0130214791309139E-002
  -1.2709945588987301       -4.9572775668183686       0.67093184474809131     
  -3.4395825062321403       -1.6328116966711417       -3.9767619381200854     
  -1.6030482146030116      -0.40308338205602290       0.57287968671945011     
  -4.7975261911952609E-002  -3.2352238846175566E-002  -7.0503075714847444E-002
   7.3155451936430915E-002  -2.3406639703414285E-002 -0.27131135483766067     
  -5.8350258963353892E-002  0.12291276659899787      -0.13023856688241214     
 -0.22115993837970441       0.17518416437053594       -3.3026807216786441E-002
 -0.16037962651776574      -0.25209884342008798      -0.19190371612985793     
 -0.16562696830374635        8.5547132134384446E-002 -0.17533728554369055     
  -9.3418249610699361E-002 -0.28533755348654460      -0.13314586782483326     
  0.40001857435068677        4.8621062337888539        4.7823281283166130     
 -0.14984804465204626        6.7316363903007839E-002  -8.2930692805935624E-002
   1.9628386651006087       -3.6894706025870656        1.7801687575657761     
 -0.10606479471444352       -5.5275147974224018E-002 -0.24938595270472411     
   2.0171526630117147       -2.0128886336017300       -1.2667474156932028     
 -0.63900670073309551       0.81416015888775106       0.34003805531899767     
 -0.12906845465942679        5.8560616873263041E-002 -0.15512205279421051     
  -1.9816302334356799        2.7845810951282894        1.1566223008639520     
  0.31790718308433114      -0.42839861087565451       0.26958813963624079     
  0.97406239710504960       0.99157584869109361       -1.4252206789252329     
   3.7185260153223799E-002   1.5541643086157103E-002 -0.14487238670091485     
   1.7153011937419957        4.2618539325905278       -1.4768846976777732     
  -1.1122597434431378       0.16914099992522927      -0.33507229519133486     
 -0.16562673988663490       0.47210874231442657       0.66716119626323822     
  -7.2732451954826430E-002  -8.0259459030546203E-003 -0.20220073760020219     
  -3.2825557446055016      -0.22219027986930753       -1.8541614100289747     
  0.47280977449401168      -0.30879674357530545      -0.23621267133168516     
 -0.16652663113142768        4.2037377271159852E-002 -0.18176592368217898     
  0.54700388746128770       -1.5204097949232842        3.0995760380581645     
  0.13334486202549078       -9.5354798365933927E-002  -8.9356964757253160E-002
  0.25571633711389252       0.50245595844505264       0.30628825807641491     
   3.5295604179398676       -2.1112418381195028        6.2885251686769079     
 -0.20021442824465088      -0.20012902072053163        6.5934111102510268E-002
  0.10556075207162417       0.16202807040755438      -0.57207785400248612     
   5.9044130525025627E-002   5.6441652250850897E-002 -0.20371531693779374     
 -0.32988768602144813      -0.13274619291009368       0.48360652277497179     
  -7.3368735287179607        7.3230529468251557        10.233160767139431     
  0.17247934205101773       -6.9569483508402280E-002   4.8822986069943224E-002
  -1.4108261830384845       -1.9745310649950121       -1.6004411326164714     
  0.10542564521627358      -0.35183739634266054      -0.24362243982756743     
   1.6627085291866956        4.3835923530960503       -1.8209775554482794     
 -0.30059007919225367      -0.21402627617627193      -0.34623089036569171     
  -1.1825002150401760        5.0057231682786103      -0.85079401289104151     
  -1.2147847035466932        4.3961643908585994       0.67312539817340700     
 -0.24614919334230051        8.0220289978860208E-003 -0.13070619198088110     
   6.7561557737858946        2.7170178604758704       -2.7519473640535828     
 -0.18263271063050074        3.0827884808218721E-002 -0.25360637324101248     
 -0.27347268984392431      -0.76297638843740301       0.32643730828717604     
 -0.13275403717435660       -4.8252502488209899E-002 -0.10074705834006252     
   6.6581956019602551        2.3402560084634030       -2.8781073214511657     
  -3.6279046438591079E-003  -6.8932611878067991E-003 -0.14419176212217183     
  -5.3530819508693102E-002  -3.7842402835795708E-002  -5.4470637166931332E-002
 -0.37274893294897182        5.1803547910469254E-002 -0.22656432390325704     
 -0.22727747992641609       0.18466914564024930       -9.2708206603387983E-004
   1.4099762968716135E-002 -0.25893961357143386       -6.8288512935816822E-002
   3.3083724191864214E-002 -0.28235452377911002      -0.10489737970694576     
   3.2048095185575041       -7.7557750036814896        2.6788566269143672     
   4.4240955895267012E-002  -1.3611839352370026E-003 -0.28604403726954847     
   2.8877011166547719       -2.6268725421717511       -4.8996709364365181     
  -7.4528600940028084E-002   7.2791701364424255E-002 -0.11608474022301755     
 -0.88872764564922258        1.8166613233509208       0.42022285255113323     
  -6.4612130683757449       0.43728611461566885        7.1996119688446534     
   5.7443002363321012E-002  0.30989251559876907      -0.11424444071017259     
  -1.0925816223226994        2.9278624332337007       -4.5116110829530660     
   5.9660245339997663E-002 -0.11098957062174707      -0.23212786427359464     
 -0.21513929870297333      -0.35465416686361451      -0.42533091432826725     
 -0.17927712967114384       0.37357771044250121        6.6438820382597498E-003
   5.2983981370122253       -9.3012065197396632E-002   3.7501644001020344     
   3.5828563406472301E-002  0.27144982784278110      -0.10432135085323961     
 -0.68272217876184305       -5.9225813923300867        3.1085126914561410     
  -2.5626153644059557        7.5654516120721027        6.9086794475379421     
  0.36246355834290667      -0.16473757825407226      -0.19486158658367106     
  0.16354573368354547      -0.26457663364356365      -0.13146953978391399     
   5.2526684228232323      -0.98094387291398566        3.8161979335279823     
   1.6467455468776095       -2.4763523373498795       -2.7677008687110005     
  0.21966454717042511       -2.7967732651709132      -0.26334895041039430     
   2.6738413050828819E-002   3.7434076606289814E-002 -0.15062487614781994     
  0.29801216891191695        2.2594004931745369E-002 -0.20148370607398014     
  0.22226514645659248      -0.51641625315114192      -0.55882195779835597     
   1.0197094124237456E-002 -0.29439660240205839        9.1397221455385286E-003
   1.0208717225646900E-002   5.4834238446519294E-002 -0.10230374983018301     
   3.7088875302726615E-002 -0.12666860787984027       -5.2475167081667967E-002
   3.3999858724845153       -5.9640509851807346        5.1268773967337760     
  -9.2404273431459752E-002  0.20877193627597043       -1.6081230474737786E-002
  -3.8829840008551475       0.60288552843703846        4.9665931252729267     
  -1.3628596986810597        3.9517559161407161      -0.76806851052707537     
 -0.16830185501436265       0.39423435270852625       0.18745367692811851     
 -0.24492722272160974       -4.0297510103954749E-002  0.18184297844710029     
   2.7251606916825603E-002 -0.11214986549905423       -2.4443685692442197E-002
  0.19971818901922270      -0.10230830046129152      -0.15704142580697375     
  -11.072647027708886      -0.30370895830350936        2.5475663093283738     
  -3.0486193775989795E-002  -8.4617762141804970E-002 -0.14879713144442097     
  -7.1957044947794493E-002  -1.1871202022069757E-002 -0.10501694376034076     
 -0.25444904622107578       -2.6306892029001647E-002 -0.11155801115090973     
 -0.80808242831581722        4.2440516551036297E-002 -0.82016914361988225     
  -4.1847780926952786E-003 -0.21683892530647089        4.5142360100127857E-002
  0.10995689224069656        4.2798458355957331E-002 -0.16837357313628368     
 -0.29034623684168276       -9.5726616022145383E-003 -0.14913886457544126     
   1.6040886563147370        3.8883340227660708        5.9248017374654109     
  -3.4227891794273574E-002   3.4569948589284792E-003 -0.18232216827016565     
   3.0232521551700344        4.5795962388809688        5.1648113134281184     
  0.32732706336505224      -0.15414852419829908      -0.57058690535102041     
 -0.16166368170449164       -1.9615325275706454E-002   4.9906398621939747E-002
  0.61369567753083309        5.6813640252333757       -1.5913946772918277     
 -0.10097660118707120       0.60282438899471580       0.24283265780162144     
  -5.8961511676815653E-002  -7.2682787788560993E-002   4.9821079084311992E-002
 -0.11239718684830222      -0.10609149492487512       -4.9956503999570412E-002
  0.21594521742131112        8.2977279296382503E-002 -0.60028948616015976     
 -0.17558725472897185       -3.4238344417060071       -8.7662159869024689E-002
   5.3295233893593509E-002 -0.12446812449596777      -0.25549921296550343     
 -0.50556154978887735       -1.7285274198102423        2.1409101090436677     
   15.798948556534889        3.1277137270627335       -45.456494905736555     
  0.24937106167814485        6.5781121456557825        2.2951976022907323     
  0.17675719453248509       0.77326942380423813      -0.36342558207837034     
 -0.14747950025503115      -0.96395326930542669       0.14798402194321805     
  0.58187264318712262        2.3182922628536993        1.6707641854629345     
   2.8759950639976246       -3.6974396937916048        2.6043548392879985     
   8.0409262261281131E-002   7.4926614794553065E-002  -4.6141066162984259E-002
   1.5856205342127956      -0.96782113843585149        1.1344793612652277     
 -0.24108630699005007        5.9370730516848526E-002 -0.33587353871891917     
 -0.10722432202342844       -6.5365115111707395E-002 -0.14017043791039790     
   7.6150384536615448E-002 -0.24663045507870524      -0.12596878042506451     
   2.2874403138086778        1.1715370595057617       -1.7157664505972356     
  -14.501353001395518        11.842698438501598       -6.8002836673119997     
 -0.21970655312168441       -1.4723116710747142      -0.29160997272144262     
 -0.41747272608490699      -0.25772778668962459        6.3393519157501604E-002
  -2.8499243825537882E-002  0.14785062839385141      -0.17098559721866466     
  -2.7041943206890591       -4.5115761209747003        5.5221869410794389     
  -1.1986014444772060       0.59137545619815524      -0.98580538223479297     
 -0.22028911155737463        4.7396885667691624E-002 -0.10926412906873544     
   5.5311186918331444E-002 -0.24164077726110800      -0.33604962231740132     
   3.5818747697198510       -4.1136447357469086        1.1007506414105583     
   1.0026778663399969       -3.9289812483813304       -1.1078294628047158     
   4.1708704782116639        1.6547180129147350       -3.5853638544843047     
 -0.24173763575647125      -0.41945157681020306      -0.45365880005242953     
 -0.28105022469305257        5.3132148552164863E-003   6.2792335168372432E-002
  -3.6657718306473299       -4.1266174526584782       -7.8791547210573762     
   7.8029943116875194E-002 -0.10053270646638078       -5.7949808360132610E-002
   1.2836002926565424       -3.9132418634769999       -1.8323531183622641     
   2.1145536720308444E-002  0.10310781184084288       -3.1708174229362313E-002
 -0.47029508430384837       -5.6608530812633246E-003  -5.7863755470385851E-002
   8.6841500146253012E-002  0.37419009827530947       -2.5470135058208318E-002
  -2.7970302509863647E-002 -0.23000647880827102      -0.32861707043208960     
   6.6958299221674566E-002  0.21037198337231736       0.16341790411878665     
   2.9402651547451248        7.6885639558733105        1.5225676906663657     
  -1.7714825455055261E-002  0.55622865138146127       0.11379438107398379     
   5.6602573914251710       -1.6488978431553369       -2.6265039632895260     
  0.14861186029125237       -6.1590860371031092E-002  -6.0130917022979506E-002
  -6.1490227677088206E-002  -6.7962939399363251E-002 -0.21058298479125237     
  -3.8086909836814606E-002   9.9857042407935276E-002 -0.11016933049140593     
  -2.2175748912927042E-002 -0.14996792264618275       -6.8912359126912029E-002
  -9.4827216531928674E-002   2.0846373320993608E-002  0.11303231712411793     
 -0.11203932429459167        1.9720605539534131E-002 -0.19081857892783483     
   5.6185058869254595E-002 -0.33881577299505999      -0.18870789831078344     
   2.5143328331209150E-002   2.9190361523875792        2.0718926468836982     
  -1.5488869839289311E-002   3.0407664673867116E-002  -7.9487454166517583E-003
 -0.89535755961712804       0.27997178456241545      -0.78641129198139093     
  0.80665180951196025       -1.7995158023663644       -1.2191485789931440     
 -0.25092288287452635      -0.23740435079703984      -0.28096985562661025     
 -0.10213382391699199       -7.5379921843188816E-003   3.1591450781253451E-002
   2.9166071048763155E-002   4.0149693626299304E-002 -0.80532516522417974     
 -0.29408325566533577      -0.35714332648038816      -0.10393963460934558     
   3.6790448415406504E-002   5.7215014565947839E-002 -0.12526416918507061     
 -0.36359802426955001      -0.34732342776378800      -0.28809573814345862     
  -6.4916724592198299E-002   8.8253675447900609E-002 -0.14558943724944776     
 -0.15558371299875581       -1.5369699076455533E-002  -3.7015736528074640E-002
  0.12015935548453859       0.20372912778025237      -0.22624239041168193     
  -5.4275425978298226E-003 -0.10967026439474270      -0.23415352064806327     
  -21.836808004049395       -21.474310958156128       -37.217224115252613     
  -1.3533162272560579       -6.4758355920849366        4.0945838529071024     
 -0.31108305700854644       -1.1927133753389421      -0.39640079308778403     
   2.2043988332491073E-002 -0.18033813349398123      -0.11784210851931332     
   4.7655400450814324E-002 -0.40711619812135480       0.45418092476861438     
   5.3297410251975483       -2.1180729596789596        1.5639201571922006     
   9.1967059999838993E-002 -0.20387690531673194      -0.20761149758642153     
  0.17016054795001870       0.47544808689841950       0.19915160804583890     
 -0.13514997067867529       -3.5954230736933964E-003 -0.23933530980523390     
  0.18885404813959614        3.2898936257171347       -1.3007445068798016     
  -1.9935054892457140E-002 -0.45512751675170093      -0.23869501871602236     
   1.3553832498570066        2.6706273821245841       -3.0801913923948412     
  -5.1525496281355318E-002 -0.49750860447807743        2.5540358719633290E-002
   6.1470832821283419E-002   1.4785986592387850E-002 -0.18703061656883449     
  0.55810020868016452        3.6134541497868757       -6.9303260786014569     
  -1.3596465640927673       0.78548256081324652       0.94033156424463671     
  -1.6029424340221230E-002  -3.6744097584593516E-002  -9.1964974001106370E-002
 -0.39309767410315249       0.21196615638839222        4.8710442723076598E-002
  0.56387860751955166       0.13845189072721023      -0.39933532561376106     
 -0.12450537879795132       -7.2565627048569760E-003  -5.4755532921825757E-002
   3.5631002145421329        2.6337449423275978       -3.1966559813322957     
  0.87481165994625487       -3.5139670175682252      -0.29084657746305076     
 -0.72592544096980571       -1.2766448387256331      -0.60726642619587090     
 -0.23410709976905070        1.5989085956971436E-002  -6.9723489107292064E-002
  -2.6533639051077840       -3.5402796098200398      -0.87435137393021245     
  0.27925063420651358       -7.4906091170852285E-002   8.3891337793749451E-002
  0.57915387907315441      -0.24837349257753488      -0.26578774658042226     
  -4.0468959478660388E-002  -2.3223991508842853E-002  -4.4488090607819678E-002
   2.9743831652900368E-002 -0.10427961481465889       -9.0774926132358880E-002
  -8.4079616830170623E-002   7.1635111069179329E-003 -0.19219696188290258     
 -0.11382472415232309      -0.46208957122525773      -0.98060032357697824     
  -4.2137555056819313E-002 -0.17385627566469397      -0.16168804565511338     
  -1.0391079851510807        1.8222049139026444        1.0576348496718060     
   6.4727724398561328        1.5109539565490257E-002   2.5922280691754480     
   5.8925423500272371       -5.3514484095345640        2.1255448564146935     
  -2.7015419497861376E-002 -0.16643646453272620      -0.16691271241642239     
   2.5637763308171645E-002   5.0917436179901514E-002 -0.11428017904966585     
   3.0165579880941658        3.6028585420961452      -0.60442169379151511     
  -6.6943661409453068E-003   1.7387326409599918E-002  0.16476511977248703     
   1.8646755733626192E-002 -0.12824118127538406      -0.20569757919261680     
   2.2238272642219261       -1.9680678689305797       -1.9178120406420489     
  -3.7512518381264113        2.8525511949622935        3.0569349974532360     
  -2.3544018633346306E-002  -2.4081735305535621E-002 -0.14081969046510862     
  0.10969401116473201       -4.5724777981844697E-002 -0.25109719976073991     
 -0.31766249155871334      -0.17880729695990846      -0.26591081552288454     
   5.9097292087808381E-002  -5.2396769004730821        3.1374926060163149     
 -0.15199529609214299      -0.13526534520888664       -5.4215131006074779E-002
 -0.11156810072716263      -0.10439337200862776        9.8547301597080410E-003
  -6.9399539936134541E-002 -0.30720565447756243      -0.12722220904177617     
  0.13515051885145490       -6.3982521718475890E-002   3.9696787147026416E-002
  0.11848932152122432        3.6138106368376825E-002 -0.16318796079975614     
   8.3884128674401950       -2.0632028975071450       -2.0714771263408371     
  -4.2966372377963893       0.66915136215175619        1.0564430598964740     
 -0.11654967244209691        7.2174755615864866E-002 -0.15351003145315861     
   1.4542551068452574       -6.0184056304639766       -2.0469269750721821     
   4.6322175244670298E-003 -0.26147773268850888       0.39817260912118912     
   1.3993328629538020       -1.6060392802792565        4.6004796650070556     
 -0.15333475515745656       0.19642957802435596       -5.3691542699758364E-002
   2.2224977862906961E-002   3.8040879631780128E-002   3.4438253673640062E-002
 -0.46187569881686957        7.7440071276597724       -9.7302816022799082E-002
  -2.4636762225556694        3.1113594047801367      -0.77085744238660159     
  -3.4290159606216539      -0.63486107020065796        2.6502632781355997     
   4.7717689482180301       -2.6931523822052763        3.9682488382135785     
 -0.40551154486752394       -1.9745805839167363      -0.23592169390684053     
  -9.5599286957076507E-002 -0.13106010865298975       -3.1310532630545028E-002
   1.1066536500455519E-002   2.5679906840298469E-002   1.1965891086887343E-003
   2.9461531101232104        6.4359751857009142        1.4634273945830782     
   1.3625870395671675        6.8744682593825139       -2.6323028841748957     
 -0.98957190126901351        2.1027437607380333      -0.22432720673590723     
   1.5177968718123889      -0.72091477726864339      -0.56346805703545055     
 -0.31670561428276550       0.11461336455648648       -5.4695624573070992E-002
   13.741596864930223       -13.770714925598147        8.7112172440730866     
  -4.5967185640561049E-002 -0.20290196039854563      -0.18279148282229218     
  -3.2181378133530743       -3.9348764217332053       -3.0319254602830186     
  -3.8505471684228798E-002  0.30499582499751615        2.6403826282449069E-002
  -1.6548467024819016       -5.1921257082318464       -1.1860335387338525     
 -0.29092505380402522       -1.2943469283295024       -1.2832998224247083     
  -3.9486006054370320        5.7456697070136205        6.2572888039714591     
   4.8022458473700336E-003  -1.0856105550177171E-002  -8.0730572479289914E-002
   7.3966416582785743E-002  -4.9414681146791505E-002 -0.10613045036112964     
  -4.1217296368307741       -6.4223649917493537      -0.61324130574735269     
  -2.7286109361979123        6.1202311329430552        3.2143531515581230     
   3.4123260845699971E-002 -0.17537565238843372        3.4469603159807120E-002
  -2.3104837533133611        7.6969384748512601E-002  -3.8964002162026810     
   1.4075066933395941        3.3824018186216045        1.2480757058029575     
  -3.0143451727748007       -1.5099348130841981       -2.3124574637948472     
   6.6655862255042666E-003 -0.12991851184678554      -0.21394859477690514     
  -13.048480659113665       -11.468725026801161        1.7928502735373064     
  -6.3589290019927871       -8.9835714854055890       0.49980035103333315     
 -0.36464739388778988        1.2477187149088989      -0.11739726687287338     
   2.8733694691703673       -1.7476869791023129       -2.0800922303189862     
  -1.5402807238998639        4.0956518954514776        1.5714168181519002     
   6.8596840137743769       0.38627934018871718       -5.2525156763037426     
   3.0279893508835202E-002   6.5439417350307907E-002  -5.8104338360306575E-002
  -3.7681261863532600E-002  -7.2775681312827356E-002  -8.2094684617798397E-002
 -0.52766158451630318       -3.2843367969892010       0.48437332593957277     
   4.5397479918145030E-002 -0.12976394996743204      -0.16204147709231051     
  0.68340263350188102       -8.5188780029395748        2.3638052539362837     
  0.16136342105075221      -0.28774128748654987      -0.22160915628058225     
  0.49033063837602364       -4.7124935057927022      -0.41920156844494183     
   3.9695906085134236E-002 -0.16805044415589268      -0.17195758723551591     
  -1.6749958318427998E-002  -8.8803261684316459E-002  0.12000350270833646     
 -0.18835345843090692       -8.2748778258084320E-003  -2.7337151570393587E-002
 -0.34416952445628862       0.24111900600773173      -0.14104491756409382     
 -0.14539819712110316       0.18561904293320186      -0.27245461322698733     
  0.68617298496931811      -0.18137781815503165      -0.21353313825983697     
 -0.19396634853354666        7.9815535167414839E-002  -9.2349062799362863E-002
 -0.14157530880447369        5.9181130849646546E-002 -0.19324907653265236     
 -0.64269118367111822        3.7649505084973937E-002   2.2879195036965907     
   1.6866464602043816       -2.2687881704855881       -6.8212476343917867     
  0.34486711883194221      -0.14776769171719359      -0.38722293582641149     
  -9.8065983196426898E-002 -0.50389218040729389       -9.5917292636499632E-002
  0.11383869772838649       0.17454178631534287       0.14522986239771907     
 -0.10251622056346336       0.44444411883442486      -0.19780611680330709     
  0.22980167486622721      -0.13593086019991094      -0.25782283106846621     
   23.865704090539971       -3.7315841350733008       -11.712196903957127     
  -2.5885975658630977       -4.6250254915986870       -1.2752601348929287     
  -4.0606388267198118E-002 -0.14479303390632201      -0.24164811333464320     
 -0.10514859709247287       -6.9146526098682118E-002 -0.14631519055375816     
   6.1080115473706185      -0.99121203723760720        4.0438298057758351     
   3.7246013718272315        1.6867035188552397       -4.7336757508651823     
   3.1042130513386881        2.1071749541718647       -3.8592127613441685     
  -5.2328618812913681E-002  -1.9741039786930713E-002   4.1236060725594235E-002
   4.0977308928880305        4.0735469302467511       -4.8325981739540813     
  -1.2958863433094581       -2.4329295317675692      -0.14055825114340362     
  -9.2758291667747794E-002  0.24308816073192524      -0.18497103406592569     
  0.19462135307356057       -1.7347125987167797E-002 -0.26747652687137330     
   3.8374617789509971E-002  -5.1493228250646485E-002 -0.17326100785121748     
 -0.20682428193377217        8.8591568272229151E-002  0.72919994277523059     
 -0.11138556583922544      -0.11864596023748288      -0.20599980369538154     
   6.1117788810787639        2.9881319544004352E-002   5.7440509933792878     
   8.0022282871654842E-003   8.8829541858552463E-002  -7.8651717235757201E-002
 -0.48806918522541815       0.65000871239500713       0.31084142608009863     
   8.4016409049719853E-002  0.48574707691030061        1.3946300708722359     
  -2.3262598811644914        25.482478740176152        15.241136797413844     
 -0.11571025257475732       -4.7695232111369293E-002   3.3248580257797693E-002
  -1.5792186416184026        9.0835360289149084E-002  -5.8870607122785543     
  -1.9691014228183981        4.3017358198481075       0.98994983640659395     
  -3.6093546733063353        2.1178661929424645        2.0689736078767913     
 -0.32397115539555277        3.9960842674985883E-002 -0.14252637075846353     
 -0.10450582344690242      -0.11825662565715829       -7.0615654387224502E-002
 -0.22031860059242861       -9.2987632400021808E-002  -8.7697353331288266E-002
  -9.0380354120869963       -5.1452186331753724       0.93868852430293359     
 -0.29553550370336540       -3.1467367194980493E-002   1.6076685892244827E-002
 -0.78946209046599780      -0.12780626535352163      -0.17811702898107890     
   7.3285904457142328        1.7033849134592591       -4.0916647525536600     
   7.1568544195667760        1.3216383883971385       -4.8279663565904700     
  0.33727871026151857      -0.52368786909036291      -0.17267784906534861     
 -0.22924313700743082        1.4981303607000203E-002  -7.5719259419366414E-002
   5.5382937913373489       -7.0045331176880410       0.91235661756803466     
  -1.7875238323816704E-002   2.3355721542664930E-002   4.2408716740269803E-002
  -6.5628270507978606       -1.2129207048744142       -2.0374272078574269     
   2.6337282778734844E-002  -1.9488725756050877E-002  -6.6441896507058326E-002
 -0.16728012685425722       -1.3716831248335843      -0.33683502361422729     
  -1.7224693685076107       -3.7717593074854143       -3.6433495835833236     
 -0.16627587698903265      -0.39750990798742886      -0.35507072336019541     
  -4.2100035006861587       -4.6555243887620348        7.8944585856364240     
   1.8320618642300344E-004 -0.22052680803047073      -0.20194752461442433     
 -0.73850511784993189        1.9552638185879039       -1.5118092936419716     
   3.1020695328174398E-002  0.12713425783586318       -6.5852120935681102E-002
 -0.13994133926774188      -0.45094725303890254      -0.27214085465987420     
  -6.3854609750886571      -0.67288311211330287       0.13704691543462758     
 -0.12178155666418861       -2.3681055732551502E-002   2.9559368829730179E-002
  -3.7904037423725665       -1.6852816813268958        6.1806921454160282     
 -0.37242989424051420        1.7738475334112984        1.3971029513710786     
  -2.6422431566396343E-002  0.14670537062060229       -9.0058719723973168E-002
   23.815581726004691        27.449308878732037        37.698995648867125     
   1.2251628483789130       -2.8150753110416353       -1.9786727309223489     
  0.13098767099557593      -0.12777676795578746       0.13045608008312065     
  -2.0557238089879214E-002 -0.21974785194612617       -5.0625551357631998E-002
   2.1363434690685357       -4.2944422781024665       -1.3463896996774978     
  0.37069118093044195      -0.21924957557254834       0.38596123200533794     
  -9.2994516829317420E-002 -0.17030886776972190       -1.8884094611325161E-002
   1.9344067436793004        7.9346558856988247       0.42043595090846930     
  -2.8638891455403805       0.27103316986778775        3.2530405906940643     
   3.1562809204335216       -7.1449413127707375        4.4988797994168896     
  -3.9884991145715585        4.8765348450450956       0.29339272372715292     
  0.12053545389227929        7.2820540140290851E-002 -0.17867549921741549     
 -0.62210933519069000       0.83026622836784414      -0.38539678255390519     
 -0.11102206123330872      -0.14981612343490325       -2.9433463365470015E-002
 -0.18706242205050422        1.9113869150923602E-002  -7.1405794638360734E-002
   9.4343175509056007E-002 -0.13231661388657653      -0.11490876788091578     
  -9.0145612711840670E-002  -1.6564471765694536E-002 -0.16044717727557567     
  -8.6081789422223665E-002  -5.7922403370078868E-002   5.0094429946260528E-003
   2.7472986366978396       0.98429243295738145       -3.4509055893366374     
  0.25775667662770257      -0.26362886475895697      -0.28727417725803117     
  -1.2260053101775898        5.1062908987898421        3.3548435009604320     
  -8.8075779415990346E-002  -6.6581417629404366E-002  -8.0095028809129248E-002
  -1.6410735372890954       -2.2702159661209089      -0.13531890212032874     
  -6.4569805080663345       0.37966252441531750        5.4238906623845216     
 -0.22862026302291891        1.1421728416440979      -0.59283061019565486     
 -0.12320066115421788       0.25492165245076603       0.53187241220507486     
 -0.24758939851419443       0.18288477270457906      -0.26757168782350677     
 -0.22021280670880736       0.11150832487455392      -0.19068591626868897     
  -6.5136309700918521E-002 -0.12820385710633919       -1.5183541540398915E-002
   1.2053011885921361       0.86601991773303322        3.9741684824283432     
   2.4104982776524770        5.1627076820999829       -2.6556494538504682     
 -0.16172873364755924       0.15199132611874611      -0.27228438910354952     
  0.49574296757947728       -2.7314549930981706      -0.65084192207965486     
  -9.2137968406876089E-002  0.22858423287350743      -0.38933930527651001     
  0.16330126592791572       -8.9472393585440041E-002  -6.5558874409849768E-002
 -0.60503065954588708       -3.1013670527338886        3.9179617577092292     
  -5.5102861029804148E-002  0.56156714807020092      -0.25849013641305879     
   5.5061034982065449       -1.1282484028015198        4.7919384757568899     
  -5.2733894691908860E-002 -0.17600050713624768        3.7865091686559292E-002
 -0.17126361329628165       -6.0640505691375690E-002  -1.9983645254475497E-002
 -0.56514875132249331       -3.7755964843223571        1.8076870245668735     
  -4.5647199209754491E-002 -0.11351774799773848      -0.22655579980381260     
  -3.6222464210698885E-002  -4.9742196601907256E-002  0.11545458035237971     
   8.4555133892170314E-002  0.19320717632037573        9.4096770508135461E-002
   1.0319019773759863        7.1844175016678991        5.0215407168567916     
   4.2718074545503283E-002 -0.12555703184144146      -0.24511580114388223     
   1.4058876111777687        2.3022200610984349      -0.41593952629462894     
  0.79777873611962036       -1.7779803336895186      -0.56819421147810001     
   6.6466795444807163        2.1357252984928623       -3.3083515679791811     
   1.6207816684240841        6.2790012475910517       -2.6898245989413812     
  -1.2452297427947105        8.1077058220031457       -6.3847625027493349     
 -0.11443275788854229       -4.5575757233454903E-002  -1.2398050321451991E-002
   4.1343243999020931        4.0331336674039298       -4.8715475922359479     
  0.12376950179525970       0.57747731746746656      -0.39133680013785027     
  -2.8368407160074418        4.3385121143169778        2.4118005248169334     
  -4.2588302832436919E-002  -8.4904377096547551E-002  0.42984107809872557     
 -0.18594439777309896       0.17388769278360200      -0.17365771669644467     
  0.15202675441615426      -0.60515948571941813       0.13249083960675481     
  -2.2092694889047224        3.8814297265938387        1.7105369819932601     
  0.21563821672092987      -0.20802816469917576      -0.17554389735601553     
  -5.3143189279110752      -0.79612496028383661        3.6079896254352266     
   3.1095764346522583E-002   7.0497029777048604E-003 -0.20423521895769586     
   4.3673134347456649E-002  -3.2106333359072946E-002  -9.7671841440616816E-002
 -0.52445210131887521       -1.8567895211182337       -6.0958142194431915     
  -3.0878317555669481       0.75470906184320907        1.2381956837563879     
 -0.11106086084021118       -5.3339429879205313E-002  -9.8151099180656481E-002
   1.2705879282412671E-002 -0.10780900399401222       -3.4229653339454394E-002
 -0.33496454113676133       0.22089894460703074       0.12300287974610354     
  -2.1732785607892500        2.6573697374445326        4.1868945248185536     
  -2.1806143885996408E-002   9.3850994061853932E-002  -9.7619123647489855E-002
  -2.1374297197476369E-002 -0.17937767262741131       -7.8482453577040479E-002
  -5.2081193371016188E-002  -3.1878375857241230E-002  -8.3509897348802861E-002
 -0.28298672274991121       0.10812170329028985      -0.33634685832913735     
   4.7436459933649671      -0.85408406570337037        2.7120953093702758     
 -0.27107346342352318        1.8888493878459509E-002 -0.25287256897017085     
 -0.23880023409050866      -0.14325155668918335      -0.12259998756643486     
  -5.0005013180887715E-002  0.52133185005196969      -0.13951976889348691     
 -0.23456696960239087       -5.6100482301635925E-002   1.5785740919986957E-003
   1.7211499222798454        3.9466102399243743      -0.95280965961260999     
   3.5731260506954454        1.5928484478163634       -1.2574603758557374     
  -1.1419897977003395E-002  -2.8885455609886534E-002 -0.16573931570870820     
 -0.36449807886533098       0.10949953017753790       0.14170994611828147     
   2.6838890743622867       -4.1613524395656381        1.4804210473478383     
   8.7167677766747928E-002   9.5666886539399879E-002  -4.4015621410557274E-003
  -1.0006123455695253        1.9368070786449587      -0.14317080146919023     
 -0.98214157508215505        3.2955761285682583       -1.4608718569011414     
  0.99601770304286230        4.9779193325607247       -1.5160080186016089     
   2.2047759830054747E-002   7.7355643349239930E-002  -8.5551555435097008E-003
   4.1143653941637126       -2.0677281003175190        7.4667473567011697     
   7.7504199302297447E-002  -2.2103732101875790E-002 -0.11449691681919537     
  -4.7335904134740411E-002  0.12530969146044518      -0.10817549057700304     
 -0.16827610237186255      -0.16177446404022228       -6.5692424609966618E-002
   11.979685820617224       0.36149925641432573        4.0126795185692981     
   3.5963851255852147E-003 -0.14890598722532500       -5.2176879236493529E-002
  -4.7764199904878131E-002   3.6526218581530281E-002 -0.10141215435783579     
  -9.3787130339528416E-002  0.17926913452142615       -5.9738312796573365E-002
  -8.8944371607785011E-002  0.11491437114747177      -0.13725403810954612     
  0.94379083961713928       -4.8480544787109654       -1.0877813141133592     
 -0.18394787845526292      -0.24467727504969905       -7.4866559620095557E-002
  -4.1386567629961193E-002  0.11988260358929734       -3.7773905434214751E-002
  0.19567003680952721      -0.23467102614141855       -6.2851597976509355E-002
  0.95640829095139201       0.99111404382769441       0.79958966045955826     
   3.4510693460960820E-002 -0.12285377270188166      -0.14554557056421089     
  -7.7424317564204620E-003 -0.14031478597849367      -0.13332798895086140     
  -5.4338512893094402        1.2814310045878776        1.1834315718942525     
 -0.16691012638932406        1.8286416554948209E-002  -7.7208874758460860E-002
   5.4404765007486509       -3.0767655297707597       -7.4149427152193965     
  -4.0070801139018561        1.2406178680881412E-002   4.5944716229325984     
  0.31847272229520629        2.3780321046617238E-002 -0.49594000920192999     
  0.36252446475244871      -0.73923592739409860      -0.16517206680461849     
 -0.94965487704904938        2.4771375099865893        1.6585293034390460     
   2.5802450003094504        6.1991116105549811        1.1296110894160727     
 -0.23931542484279589       -1.2398989901577550E-002 -0.23465300769090910     
  -1.9888720450674786        4.9385099546582643        2.1994136516123395     
  0.10152891539947703       -9.6557433852433733E-003 -0.14262163126794397     
  0.75797574953028479       0.42414613783735244       0.23068759115677900     
 -0.25359470028116660      -0.11357454570522980      -0.15077779954781068     
 -0.16537806192182741        2.5797884891977242E-002 -0.11054356658207243     
 -0.29256517888343414        9.3097926869407099E-002 -0.13414148366612269     
  -7.7389574950056828E-002 -0.17793370490089777       -1.6195264433302457E-002
  -2.2577945588734019       0.82884817723048321        1.4715187698036107     
 -0.29659222550663111      -0.39689759457386575        6.0093967735436300E-002
 -0.11369161603340323       0.13972872676192039       0.12234736229743563     
  -3.9428053502075580        2.2423038182393817       -3.5351511568100640     
   2.3267944373211318        4.9945484574327539       -1.0803441181794797     
  -1.1862182739271703       0.90812293283344703      -0.66713247218712513     
   2.8971876744923959       -3.0991749488636646       -2.0009895652907153     
  -6.2823297238168652E-002  0.39954504774686961      -0.23359704791229796     
   4.7223575417057342       0.16627772757931583        3.4459601920861127     
  -5.4650159963702219E-002  -4.7200549076130367E-002  -1.6595929759589422E-003
  0.22125628898664138      -0.31369559629720184        3.1836754073473297     
 -0.22315623595212636       0.27845383911245480      -0.17039242874536564     
 -0.65426232234070558       -8.6006744101650163        7.2443733963056740     
  0.28370868861413834      -0.61754480689003144      -0.30803531094696990     
  -3.2017715841627576      -0.62474084105840100        3.4450221329676962     
  -3.4403795039640070      -0.58634306669513236       -2.7980193362011159     
  -1.3511452338920964        4.4072522714848210        2.7460163343075212     
   1.2169216599561770        6.1549167706466505       0.19135135532416420     
  -4.6759026220698552E-002  -8.0573085909888681E-002 -0.14120267907454176     
 -0.10974097151164057       -2.8123150354753060E-003 -0.13360741829422593     
 -0.51882857927237835        3.9492152853776802E-002 -0.38770252199477162     
 -0.57627526455800704      -0.37281140238650246        5.1687494784510860E-002
  0.15498234020954815       0.24700327594306604      -0.23579248331237099     
   3.9607309788318730E-002  0.14969833765517385      -0.11599515171168812     
   1.5216780096517235        6.8735664839173749       -2.5921698083375406     
 -0.25164786741849432       -1.5584016759555598E-002 -0.25644864950749630     
  -2.5672347025605009       -4.9029207353341935        1.3766189165095080     
  -1.9921776229612462       0.10925034698603238        4.3179434221882966E-002
  -4.8297872708058138        1.4007685674678627       -1.8287604675708014     
 -0.53392495406652918      -0.32193277252091107       -5.1108195107984866E-002
  -2.9849365928101175E-002 -0.10621382431772000      -0.10959878954488279     
  -2.8755347110305345        4.5714585312544322        3.8818323199693809     
  0.50971286548136208       -2.7191814365082019      -0.71058705246047138     
 -0.13265350553466532        1.7832678223021863E-002  -7.3121175390862658E-002
 -0.31816937586685412       -4.2342896170356227E-002  -8.3386037135743635E-002
  -5.1366901805544947      -0.92496030696961529        3.6098139650531769     
 -0.16315302728263770      -0.24676749521782937       -1.0766750250551158E-002
 -0.17107286073235003       -4.3678771304742512E-003  -6.8472055676427113E-002
  0.50691649376782133        3.5233718221791559       -2.3455758216948341     
 -0.83264950672298454      -0.61779888430586083       -9.5080241330055215E-002
  -1.0803519301222533      -0.31301000429949760       -1.7814246164244412     
  -2.3622130893825335       0.72998720649755033        8.6869522928817133     
 -0.11063827255517369       -9.4151898583287333E-002 -0.10714091966633374     
  -2.3181131629801248        2.0955412372128213E-002  0.40588438590069492     
  0.11028444189992447       0.28083025942757112       -8.5808990881692249E-002
  -1.1828625328519603E-003   1.2723120051007699E-002  -6.3738039927952600E-002
 -0.19449091226317552        2.2606045047445577E-002 -0.19160012063999804     
   1.0911295250302499E-002   9.0165879515246600E-002  -1.4998705024109663E-002
  0.12334917472684472       0.15687343837791326       -6.8451414241894284E-002
   1.0418091647830885        5.2298811171262676       -2.9925777311917492     
  0.55656330946102550      -0.25884352198693422       0.23777446423486898     
 -0.16743920379971650        1.5602797954420157E-002  -2.7612522315358438E-002
  -5.6320662317959763E-003  -9.9310441086343945E-002 -0.23909270485231801     
 -0.14259855613487221        4.0413095266698826E-002 -0.23197637347532962     
   4.8973155839467389E-002   3.4003386942340785E-002 -0.41114530257895038     
 -0.24789574313654897       -7.0040086589990086E-002   9.9444913619701716E-002
  -8.0224578995346255E-002  -7.7199941528973359E-002   8.6751839024379589E-004
   2.9838952597280706        6.4004542265818998        1.5534453304230831     
  -4.4872519929661531E-004   5.7616352806077610E-002  -6.2865563810661579E-002
   7.9825625722745305E-002  -9.5890918380617390E-002 -0.61776759451235219     
 -0.16700871084485694        4.7527037952074004E-002   6.9151390307749541E-002
  -3.6243319937049270       -1.2935124936542177        4.5478779364426103     
   4.0435660516268452        7.2721831747301380       -1.3008638645407959     
  -7.2834865582382821E-002 -0.22198445422911170       0.10859255474186721     
 -0.49411071959681147      -0.69843269217001613       0.90067399805558801     
 -0.16840415344613763        1.9552712670666506       0.22803003272668310     
  -4.1031292648889890        10.767387872403525        5.1148299573273617     
 -0.30393146154941703      -0.11898615579340509      -0.10280340176504328     
 -0.11064103628304937      -0.29172016215307500        3.1245725595153179E-002
  -9.1358997429264968E-002   5.5420583693087527E-002  -2.5124841351563940E-002
  -3.9514460094988904       0.89400461545128196        2.7404140378313993     
  0.12348755587065352      -0.10930586684663572      -0.53239777323905324     
 -0.10519891226099079       -5.8782234986448217E-002  -7.1901947840399189E-002
   7.7521323053913085E-002  -1.1750523147684501E-002  -3.5808785569697951E-002
 -0.11934665929369477        8.1791693442543160E-003  -4.5054907935072802E-002
  0.59279930353609323       0.19124518843320909       0.34306624972380168     
 -0.12644824031544516      -0.11957589101995364       -4.0001678822202777E-002
   1.2119084688432400       0.22524735864285486        4.0014879883163026     
 -0.21270527459460650       -1.3444605115519133E-002 -0.16814867349450655     
   1.9299320618835469        10.817313491937606        35.327876001890715     
  -8.9161784263511609E-002   5.9627606330422321E-002  -9.4664364828032380E-002
  0.19090445042145512      -0.10491925271329056       0.18411928973528854     
 -0.11563449200568207       0.12185692789193453        7.4719975364337374E-002
  0.58568111522520816       0.47531653728125622      -0.45578494739063657     
   4.3901341622338184E-002 -0.29016043552955034      -0.17168251622535222     
   9.4094025965060002        6.5863883797075244       -8.0103009456900409     
  -3.3733066506761138       0.15111535818606237        1.6905861617577351     
  0.60235681581048583        3.2954490602320061       -2.0684216488175640     
  -1.0427046554088488       -5.0152314484294864       0.41785113276809144     
 -0.12963884430990658       -7.4987769442698526E-002 -0.16915560649947692     
  -7.0669983665562389E-002 -0.36633657068672965       0.13159276326583674     
 -0.25481723904518622       -11.327708336746868        6.0782683640370880     
 -0.20590929266304300        8.1020077703346127E-002   4.8476994877800640E-002
 -0.20091190406643028       0.18952506640782302      -0.68266277269300890     
  -4.9568325346076213E-002   9.5891668847084055E-002 -0.29481292327666281     
  -7.9486971806467617        12.165999933197432       -12.637277886768768     
 -0.13013510887115692       0.12175767456904224       -4.7285481296150442E-002
  0.25354002529612057        1.2891279634024921       0.38351461106427270     
   2.9970479657937590        1.7113938018235337       -2.2454140836550907     
  -8.1251158936158752E-002  -3.2982513634965500E-003  -9.0907880181048020E-002
  -8.3175894441916892E-002 -0.29015704912967227      -0.11673186567295805     
 -0.24217513503583635      -0.40339433281592685       0.10026713721618447     
  -2.6003826772453156       -1.8867227864577107       -3.5541092625417448     
   1.1659185055032499      -0.76175962334505987        9.9968091793090866E-002
 -0.31199883688788871       -2.0819716573430243       -1.5013680291165992     
 -0.15674470564272031       -1.1583235705506423E-002  -8.1581497823532037E-002
  -7.7221752530316247E-004   6.6220384154663761E-002 -0.10512142643915673     
  -2.3040165684426846E-002  0.15579812366187384      -0.15512148022911634     
   2.5137507065404848E-002 -0.23929752159866746       -7.2533030378447660E-002
 -0.29167668844036770      -0.66512952884523324      -0.69978832560343474     
   1.6873723002539383        3.2817861394226520       -2.6897252025823319     
 -0.92292836881897999       -6.4844379047485381      -0.56697947882623556     
 -0.38785163008777696       0.20898485180623375       0.34820993634550079     
   6.4440781180473836       -1.2102099357333589       -3.0185561238997471     
   5.2101159250707862       -2.0255288081055576       -2.6853689314366145     
   5.1481865720093542E-002 -0.20180093750840702       -7.8994392950833395E-002
   9.5982134305487055       -7.0952554639276411       0.91336747164414300     
 -0.80917499860359443      -0.44709464716809894        6.4910377279807766E-002
   1.6457607607110609       -25.433621509373413       -37.686652810541673     
  0.11995750052922306        4.6691992559005295E-002 -0.25004129003215042     
 -0.19542810637531513       0.21319614111715901      -0.17573379972218950     
  -2.7034148618804710        2.8087663743311952        1.4272591098126364     
   5.7408794381456119       -10.112101552525138       -3.7257129627078607     
  -11.555876395532467       -2.6867272901864347       -7.9810314570510794     
  -1.5769447664272818        8.9958364478551740        8.4012766463472079     
  -7.4408028705818058E-002  -7.2600363703057461E-002 -0.16139454955196389     
 -0.45207533095841052       0.22701577418422939       0.21438128536962464     
   3.8861867810853501       -1.5670522232099453       -2.1072126355311589     
  -4.9277810986534538        3.3357568303515741       -17.526779356502157     
   3.6421738456015942       -1.0030096521179492        1.4172101274885822     
 -0.14746904900727756       0.15342888316035372      -0.27121968121327100     
 -0.11300088648447280      -0.12120534681781753        9.3593690992467386E-004
  -2.9290385070644049        1.4423463005266408      -0.56861789075656233     
 -0.90937161624176932       0.31695615798285071       0.79710064138009873     
 -0.23965685080349849       -5.0061525426185948E-003   8.1127006855458816E-002
 -0.20413657059584692       -2.9145703530687392E-002 -0.15980986993742130     
 -0.21215789282412251        7.3158872222341853E-002   5.3126421765853180E-002
   1.1419367098529011E-002   6.6747929629488931E-002 -0.28071616173132669     
   1.2838698175385290        4.1073739534160305       -3.6645550637137760     
   4.4235645881833046      -0.79181921298642222      -0.65251274903024581     
   2.9831107528744460E-002  -3.3903510708161844       -7.0775969347281080     
 -0.18932325945014652        4.9478116947158042E-002  -5.8308020010948433E-003
  -2.4620680394992442      -0.29802942354912348       0.53603341331001531     
   2.8041939754979053        2.9933800480813311        1.7060885571844733     
   1.7565905483050761        1.6384599681698415      -0.24452809961458793     
  -1.0008050161895259E-002 -0.27935221027228901      -0.27437524374381284     
 -0.21517422278891030       -6.7498794504375112E-002 -0.11351713199739161     
 -0.17362957530107495       -6.0634184344316319E-002 -0.12852065401756294     
   1.9002604088550623        3.3007913286557571        4.1181895473919568     
  -4.4324640986011250       -2.9328924575500257        7.2025913349377619     
  -6.7275272235166134E-002  0.36847135266986136       0.24232185975129619     
  -4.1011331482313116        3.2872683920685533       -2.2201480518094883     
 -0.83328081864891579       0.47169313053156120      -0.14656275209683584     
  -7.5815065460655040       -1.9503219242888719       -2.8552030042445966     
  -8.4468591447207267E-002 -0.28128464762357119      -0.22137816148513309     
   6.1277722288947896       -3.8654366515495502       -2.6138013013758399     
 -0.16043593151114030       -8.7633665998753454E-002 -0.28307048502924609     
  -5.4973409613357012E-002  -7.9137382942674570E-002  -1.8148857528813997E-002
   5.2415829111792380       -1.9130655148371793       -2.8985201548430464     
  0.14001333653305029        2.9616830563458780       0.41996007635661198     
 -0.11537457025009014      -0.10704366389718166       -9.8083658051883377E-002
   1.4754287489174185       -5.1777522942942973        2.8192851087147113     
   4.1221198908785013       -2.9176657532419781       -3.3956751080355452     
  -6.0806188525389347E-002 -0.14384065563950876        3.7166113018859234E-002
  -1.1102100158259771       -4.8907468029498977       -1.7009058882208898     
 -0.12994020784158195       -4.7049767380596727E-002 -0.15725317000908795     
  -3.8795518821124766        3.8347667997396435       -8.5337812616528677     
 -0.11834288066583012       -4.7614171024655864E-002  -6.2159670825372486E-002
 -0.10233624001942022       -5.8310294386026557E-002   2.6385756807505722E-002
  0.13207586982560818        7.3911995097080713E-002  0.24220574475932494     
  0.28061402247060874      -0.88808958685592077      -0.24058076681980167     
  -13.829392789938103        2.6297859118416880        39.844935171298630     
  -4.1685187848849035        4.3935463663714049       -1.9780794707081395     
 -0.21570880537407625       -9.8168951766099397E-002 -0.24209860240315892     
   10.048256132360537        1.8323716590063810        15.602451403007688     
  -1.2579672000031221      -0.68964695110711549       0.86542499007906282     
  -9.1634447606969580E-002  0.10325270265151745      -0.12561014342451074     
   5.0678668999863716E-002   4.6305940781736353E-002   2.0162619119746997E-002
 -0.12687466924174035      -0.12782703951634827       -8.7551245807600153E-002
  -1.1929001527910363      -0.31578415309728647        1.3409942500389183     
  0.17812123052715684       0.98115617152540102      -0.36846362352138345     
  -6.9153953020377230        5.9781461995443665       -9.3012363834571570     
   1.1584632839307705       -1.8802515254099128       -2.3005033382440212     
  -8.2329508028526396E-003 -0.25410058468454172      -0.10723607380704139     
  0.53029549390863828       -1.0281907077744930       0.18028559219052165     
  -4.9954503691251810E-002 -0.31081407982744896      -0.10834447720137089     
 -0.28345527306366886       -3.2354919222659321E-003 -0.31443397512845811     
 -0.18145618403647626        4.0698243698489629E-002 -0.13068261907593212     
  0.40536307148110556      -0.60350590550129346      -0.63887199351667689     
  -9.7841473217332317E-002 -0.31061805278648719       -9.6706429276643399E-002
  -2.8181682294525581E-002  0.18345949407965617      -0.25529314545893472     
   4.1811652331624177E-002 -0.61218813394313654       -5.6144168071300356E-002
  -5.0825879115468174E-002   4.6165726267805877E-003 -0.11233080333807806     
   6.0423085517136675E-002  0.24630089270206454       0.16671020610019952     
 -0.22592677650762336      -0.23428287719247368      -0.47308200781493304     
   9.4817202561622051E-003  0.25579742084039819       0.10412335897088713     
 -0.96069795391801593       -4.5773519990007125        1.6544132948804173     
  -4.1538869371718724E-002   3.6020182949820616E-002  0.25176385624496755     
  -3.4184731291789050        7.6673134588760725E-002   1.6434470205926557     
  0.98250105447497671       -3.3883937618381830       -2.6358794143967281     
  -1.7578154817190564E-002 -0.10515003867676466      -0.11654943424259182     
   3.1715019284729680       -8.4597898492246149      -0.70656059831155671     
  -3.2708081955020876       -2.0400220718434703       0.12266390869544913     
  -7.4940410111043090E-002  -1.9042561306676305E-002  -6.6745168580270284E-002
 -0.37605945357646858       -2.8889041974481146E-003   9.1513463495990058E-002
  0.25394917275675660       0.20145788302117107        9.4827206272021194E-002
  0.32095463945943320      -0.63074100299180402      -0.45356987794312925     
  -5.6629318847604377        3.5594334960659033        2.7546860158732129     
   4.7347267009271663        1.2483935804967892       -4.1623159483609804     
  0.32108020444964053        6.4826917926428997        3.9277580719864074     
 -0.11854027989439975      -0.13200168547614735      -0.10917486853764988     
 -0.12651130289022186      -0.22324264914731584      -0.37863325110888790     
  -3.1164528952102435        3.6783538468047383       -2.3371957256433293     
  -9.8158508638549830E-002   6.9401583828574240E-002  -4.4551487156359966E-003
  -8.3282634631611910E-002 -0.14898329203150124      -0.19026434585653132     
  0.21703000214002879        1.8945379647662188       -1.8778954185575001     
  -5.8240945467961485       -2.3764796319787300       -1.5084200679844331     
  -1.6488401738337348       0.13150048937816528        1.3358290772299242     
 -0.17989606169880931       0.19288538142805289      -0.15458503353898367     
 -0.15165432845996685      -0.17770179481953957      -0.25934662735376673     
  0.20302446963629200      -0.39827604431301850      -0.24727512669814428     
   1.4166312275865064E-002   1.4000333221168899E-002 -0.10685137272395899     
   3.0856590636532508       -15.217749296379138        4.2656345967414389     
  -2.6611296685662684       -2.8603586325282144        2.1302018489594614     
   2.0643623831939020       -5.6805862100362070       -3.5791922942868184     
 -0.61701124620945780       0.29551192176689672       -3.4820604446629690E-002
 -0.11057697320737009        7.8731992258665215E-002 -0.23193750956478612     
   2.7990153317220760E-002   7.1941813988152331E-002 -0.12110612456571203     
  -13.168955303285673       -6.3622227379884295       -10.238814345659980     
   6.2867129373534947E-002   3.3049807939397255E-002   5.7914690535460250E-002
   6.1168783526742079       -2.3466866806024580        5.7490933412794734     
  -1.4984956134557028E-002  -8.3176528392448851E-002 -0.24816340372511297     
   2.6274916906031698        2.3361945584031401       -4.5308565541558545     
  -6.8668266981272652E-002 -0.62245552288497619      -0.30817123830955173     
  0.30044154937519985      -0.76781989252597582      -0.38686332382167793     
 -0.15727628895877893       -2.3904122191905302        1.6345518980288498     
   2.5263744672978738       -1.0442143550540179      -0.80245264328661359     
  -4.6399988513223853        1.7704728694566958       -3.3854754978304515     
  -6.4318567998244234        11.268068830222894       -5.6527685186033469     
  0.14920475524128790       0.15832046089079119       0.20518233511471401     
   5.3401084725941290        7.3305387274780180        7.6009575678045707     
  -6.5807027216244596E-002  -7.0519490903540843E-002 -0.15252972342723986     
 -0.18695506610043444        4.8721178304828985E-002 -0.35829293480366647     
  -2.3351141896775469E-002   1.3103082211419212E-002  -8.2733870726463352E-003
   1.4907718942827339       0.76279074767058341      -0.22206627959056821     
  -1.9210005128768363E-002  0.54514335615413545        2.1593062160351271     
  -9.0034184718188887E-002   1.4658372689395287E-002 -0.21785635340241505     
 -0.31261420316641630        9.5717729221904732E-002  -5.3680584470612087E-002
 -0.21968294606513980       -5.4986858156415809E-003 -0.21702666422167941     
  0.29243607117740333      -0.13207450751340322       0.41476072832469546     
 -0.15375378800485584       0.34342408689258197       0.20300430258811306     
   7.5593283243237386E-002   7.0650074978423974E-002  -9.4381222244720203E-002
  -2.0672692035832463       0.66454397644214913       -2.4203889205752347     
  -3.3800313723905753E-002   1.7053978392719858E-002  -3.3064255393771072E-002
   1.3044532811871306       -2.1371078896323756       0.59376543154413775     
  0.59051140313405204        3.1588752361015602        6.4128356350200058     
 -0.69034177285366649        3.1951601286827942       0.83433039703614487     
  -3.3032990636528763      -0.67879647646685370        3.4818634872628427     
   5.2504130050633081E-003   1.0641257804704358E-002  0.21787340473972647     
   2.6309374828162952       -2.7768290257994215        3.6696811904786553     
   4.4380935682060914       -7.3764347575699150        1.3251467394952605     
 -0.56003136316827518       -33.893091036106121       -1.7121448793395175     
 -0.40423731316962769      -0.26365578698270559      -0.14902287400150085     
  -5.4840600382553492E-002   2.3298696905412447E-002   7.2581300805942064E-002
 -0.11436441615158602       0.13973054533573687       -5.8773619921217379E-002
 -0.38555613393622268        8.3449468882907912E-002  0.11238302208321591     
   2.5963109246835106E-002  -3.6587343860454723E-002  -6.5799543892744533E-002
 -0.21133780284950235       -6.3958256728066515E-002 -0.11641803819026809     
  0.16990932832207944      -0.94836333588477240       0.51648943302909311     
   4.4818058267708976       -7.4857959165817434       -1.0363340673726955     
  -3.9908012448644524E-002 -0.14145993282123234      -0.22372820543700617     
   1.3137782656365915        2.0458913713263844       -2.0278299248303582     
  0.38511830274185016       0.83269934051849914      -0.73266625927505602     
   4.7573324938272350       -1.6457109574396565        6.3385103867039092     
 -0.12891844735837890       -1.2528851415240929        5.0098461910637625E-002
  -2.1360055955436250        1.8467796492446487        1.4434786830940158     
   1.9091605591889000       -3.9031935881106405       -1.2613767157214317     
 -0.11983765102051867      -0.16274544950609596       -7.4581381826643034E-002
  0.12380661597246365        5.0534203522550189E-003 -0.27331072033331499     
 -0.12141506009925493       -8.4992668041650010E-002  -4.0929074804695133E-002
  -4.7472219832277647        3.2035987752486892        2.4958907212452655     
   2.4228935863504022        2.3264564755222485       -2.2075356846229854     
   4.2566562857818422      -0.92619951982710813        2.6854540790790469     
  -1.9512065562492069E-002 -0.12970366436602054      -0.17891758220208170     
  -5.2511964183320102E-003  0.16844647292537882      -0.12612640789953322     
  0.17980090630875467       -6.7853862476636995E-002  -5.1720612203493728E-002
  0.31162442110962274        3.1121453709859188       -1.5544351933176066     
  -8.1262508711158726E-002 -0.22795523443497567      -0.25437795278162600     
 -0.58407348132651749        3.3717043413007457        4.9790001031580697     
 -0.12731728580211321      -0.10552916412499506        4.6075797871454473E-002
  0.28989299970912380      -0.12140850809340052      -0.11660114641609699     
  0.18527490682107872      -0.26391013325867990      -0.12424765460494087     
  -2.0589144350402351       -2.3152096145033325       0.10939633104019351     
 -0.55390361107275521      -0.18410711763252161       -3.8410624910399295E-002
  0.23369746135700023       0.34276084837203658       0.50853974326836160     
   4.9446080431505317       -2.5172840363891704       -1.3742218060144851     
 -0.36290284339689632        6.8608312260668866E-002 -0.50063345827516514     
  0.27961185352874640        6.9946494512742541E-002 -0.12019797772217973     
 -0.11992342702410419        4.8160748202837417E-002 -0.23504059893719209     
 -0.14554515058313550       -5.7246935657127393E-002  -1.6912929998592834E-002
  0.26781983869252035       -9.3339932499767186E-002 -0.30916388267335237     
  0.15983241463263004        2.9462203610949524       -1.5481817555352257     
  -7.9581390982338560E-002  -4.3884072847108005E-002 -0.14828380781812206     
   1.4934572013124663        3.9332978104802017        1.8545504218232887     
  -3.8342614176751559       -1.0373674281456537       0.25640051640714756     
   6.8332588853465452      -0.65634802929808445        4.2258230598847293     
  0.21458427673081101        1.5065264229765471E-002  -9.6704828471916360E-002
  -1.1617077991151030        7.1996065002054186        5.4298521357283578     
 -0.24233209177414636       -4.7595750766870018E-002   2.6801660368602351E-002
   1.4414451381880087      -0.85494235217268488        5.6573341674356286     
  0.10338998735516580      -0.27276148955453899      -0.33820480968790195     
   1.6167787618608693        3.9161881435170560       0.75491654566994748     
   5.3009332020219242       0.21594829813395472        5.4570951505740544     
   3.9915332848569234        2.5697820998851633      -0.92175707725268508     
  -1.0964868660447755E-002  0.18610655783749802      -0.17023922970186267     
  0.78478933075796231       -1.7809643880910928      -0.65725501656764884     
  -3.4009013253649782      -0.33436869933978086        2.6325889536411129     
  -4.1907382005826417        1.0538830867660711        6.4208506506726923     
   2.5422462141534607        3.1251555918133067       -2.8182708558486436     
   3.0436513892645980        1.5272212818044659       -3.7517379900731891     
  0.15394778246250751       -9.6800128365615704E-002 -0.33302433406542509     
   4.9854321414770268       -4.1149721626718758        3.6563452631325815     
  -7.5601769949463682       -4.5444691915428841       -8.9491221378384651     
   2.8273104641963283       -1.3240409357810325        3.2114671029405426     
   3.7240601658436896        1.5295670332455451E-002   14.761174682577025     
   7.6285738690498386E-003 -0.15638993201999277      -0.18395494575390456     
  -1.7847551350478764E-002  -8.0345534445643366E-002  -3.9412427016560517E-002
   1.1499576581906665       -4.7781689748674392       -5.4713758745521899     
 -0.11381941608246605       -2.3039198446332697E-002 -0.17475845332305262     
 -0.50484994730646204       -3.4184452887585803       0.59749061624429667     
 -0.27907901663073670        5.0345330378831722E-003  -3.4122288794999303E-002
  0.63493463457542121        6.3271499900862596       -3.2338796957376097     
  -8.0514626214250283E-003  -8.3203853698122623E-002  0.15981024809249636     
 -0.20039468524272464       0.15607071756510710      -0.25920206049881600     
  -7.8535804936528675E-002   7.4652913318214262E-002  -6.5670778532198312E-002
  -1.4785923629014853E-003 -0.12537488655366927      -0.16483805060246043     
  -7.6885175576429585E-002  0.10670344364751586       -7.3166849435582951E-002
 -0.31675140014750447       0.18083070427312684       -6.2696798904204071E-002
 -0.48856632418849799       -3.5163524592143354       -1.6728923055333680     
  -3.6490799901366824        2.0602900131894613        2.1661925554832306     
  -2.5587421125520859        7.1785080698968597       -2.0430043376502129     
  -6.2076079469786617E-003  -3.9177607097304050E-002  -3.2561466861705614E-002
 -0.17102321264727247        8.9018989501651602E-002  -1.5605648873611913E-002
  -2.8122307699071203       -3.8663667522293190        2.9432069836932544     
   9.5952532364494497E-002  0.22157785095948257      -0.31194853771833497     
 -0.12305653294135227       0.16652554597321806      -0.17415502263776039     
  -1.4089682791233977        1.8446388101761935        3.9599857472098297     
 -0.18135904032890623       0.18607941089236771      -0.29092712288726114     
 -0.39734442833079897       -6.8806272741607929E-002  -5.0744762229713553E-002
   2.1393114686902255       0.43077198559945823       -1.3104443334403497     
   9.1691273955045838E-002  -4.1030498661730447E-002 -0.15881156958816403     
  -2.8602889230952959       0.27074828514455312        3.2407832601100823     
  0.57341666912155653      -0.78162647311984712       -6.2150709652834660E-002
  -4.5015333757800410E-002  -1.5062732238602374      -0.25534677562730307     
  -4.3611627266608652E-002 -0.17586920316794616      -0.31050501143294129     
   5.1680388662345864        34.689204559860855       -14.371023912846743     
  0.39789568999577052      -0.45156867381409571      -0.97501121918972300     
  -3.3543551960236866      -0.62289185830513727        2.8139770939879405     
 -0.11041880830206587       -8.9879179374039261E-002 -0.14036879585322651     
  -4.9476603209482937        1.2724393829616334       -2.9477661693667137     
  0.80400114889870833        2.6656011087317659       -2.0207137125295613     
  0.20706432147932805       -6.7458122462146601       0.40931179032734222     
  -3.7203044265053080       0.43708017344593370        1.1339284078485361     
  -9.1210291492669265E-002  -1.9691153738004209E-002 -0.28201490255903683     
  0.15130097772028406       -3.7504372465009617       0.98854593783571731     
   1.0641534746559633       -6.7970970110741407      -0.14664663980767073     
   3.3697235784207149        3.3881865082863842       -5.7851457995974043     
   1.2964056961259445E-002   4.6867443591070902E-002 -0.14538443702776610     
   2.8299120862888372E-002 -0.14707974193214354      -0.10866991281674482     
 -0.14300948763984300      -0.31505597755632886      -0.23260224807746813     
  -1.2453427789420317       -1.9564024954424339      -0.17036692283000396     
  -6.6720380185529553       -3.0336788328519533       -3.4774149257302884     
   3.4614052425814714        7.3106656469570801       -4.0941156405872263     
   4.8853173987077461E-002 -0.13223515051087698       0.19976255157522219     
  0.67659968501107359       0.16768234730030199      -0.21562139950034975     
  -2.0053621450699946       0.15577837582507048        1.9719384759207192     
  0.40762801944936200      -0.67749978192194815       0.45159405987650364     
 -0.32568199617149896       0.62903266550894343       0.46152875755043959     
   6.5239744701322966      -0.70020425512763440        8.7537684569490644     
 -0.14193697672182476       0.18853280180763987      -0.18497713768144525     
   2.8991611082516022       -3.5340386874792169        3.1208171140990362     
  -2.1802790954851162E-002  0.12154697963595884      -0.29490024058580971     
  -4.0116309111503803       0.91580495981477483       -1.6726048610469431     
  -4.2382466282149691       -4.3124759532512424        6.1307986292618857     
 -0.13843495017967894        6.3375122983752835E-002 -0.14989448144488812     
  0.43352330624988045      -0.53085915129796579      -0.26099618704581973     
  0.98120123126088510        1.7130744011788046      -0.93340962732778621     
  -1.4566834855617865       -2.4107209183740284        2.9921211518834334     
  -7.5983789223153811E-002 -0.12794774867776582      -0.10002695157840120     
  -3.5760910135286823E-002   5.9236118239955796E-002   5.9483156034635179E-003
 -0.18537427783838079      -0.16281794681062414       0.29619499991709586     
   4.3966967797256107       -6.3944448868645178      -0.28032652843038497     
 -0.19856677073512585       -4.0112005365333714E-002 -0.11857387597331118     
  -6.1957351162001018E-002  0.30193946079000439      -0.26850599823230226     
  -8.0551391004302614E-002   5.7057082162290960E-002  -9.0327370244895774E-002
   8.2607162669042181E-002 -0.13334213029398789        8.4904181908021611E-002
  -6.6864651947453155E-002   6.6166695742260542E-002  -1.0870727245404924E-002
   3.9811344355272666       -1.9403402632326205       -1.8884752144539387     
  0.61065781892845683       -5.0008530634244792       0.47536677938160349     
  0.26895004209880374      -0.29605006889316804      -0.18495952459577028     
  -4.3162705025937962        13.998807799201524       -6.1974542023667532     
  -2.0897186027417267        1.2625559189790958        1.9728522092203424     
 -0.30435928392952177       0.50371565026271059       -8.2632954610201079E-002
  -8.1704658786668230E-002 -0.18439730620073469      -0.12920524059662969     
  -8.6161142289536016E-002  -3.2345985083427328E-002   5.9950548348131912E-002
 -0.23633636209145698       0.71948340878528572      -0.86791854719527528     
  -1.0173155188599978        5.4822447228841691        1.4851789131383328     
 -0.56120619762121016      -0.40293712046300184      -0.18530529247186101     
 -0.10124410783905652        8.6611586122636516E-002 -0.18246027496526501     
 -0.24030202680669868       0.10225860377052827      -0.26435987778758135     
  -1.8376912236249876       -1.8914913618648039       -1.4658436658922882     
  0.50188541754891192       -5.9401696032709346      -0.94318683828959282     
   3.8774214136872716       -5.8053778381179360        13.699445049976267     
   4.5410491148082031       -5.0971898834214961       -2.0494851679310866     
  0.16384152285727158       0.48254834619981812      -0.58143895517261546     
  0.27022137058781992        2.7840750264971241       -4.4862984903614969     
  -2.8543772974561659      -0.27759016564493344        1.8668043712471483     
  0.46833234794047246       -5.1534584167403725        3.0630947059032918     
   2.2824128529665466        4.0566845115635148      -0.81149648431248500     
  -2.2807279157057575E-002 -0.24355010966559118      -0.12580020313772614     
  -1.5029741277688959        1.3800912898660045      -0.17434472175514551     
   2.5708673263467912       -3.1328724764601024        6.8705477736821274     
  0.14864731931133515      -0.15845108119912235      -0.19841085579587101     
 -0.10341501844949556        6.4265855787025816E-002  -6.0665618367030591E-002
  -2.2672138903839508E-002  -4.4541977904980760E-002   9.5163904893609305E-002
  -4.7808085487094865E-002   9.8239879801435108E-003   4.3563679359232811E-002
  -6.3773077059977284E-002  0.56160562327131303      -0.33000524452685831     
   9.9700205811115328E-002   5.2665558115748294E-002  0.30876549679671667     
  -8.6298389712219911E-002 -0.25026650641103776      -0.30233418021251673     
  0.15720692014063520      -0.46303267386494451      -0.52717457937896295     
  0.59603056900251505       -9.3895871413997174        3.9094559462143819     
 -0.23939734154903319        8.2165152776795758E-002   8.8806522313197592E-002
  -8.9220597360827776E-003  -5.0715166480009406E-002 -0.25235972783050176     
  -3.4740305707328778       -2.9653254285401811       -2.8194018936549337     
  0.56360830782819149       0.11498954740248660      -0.47269016112006190     
  0.48249537076338200       0.19423827404010557      -0.17451910545567140     
 -0.22197181394265900       -33.430094832214877        18.131455469259468     
   3.3472957934214280E-002  0.21539322291407853       0.18707738221197981     
  -1.2634450423685393      -0.37331214927102363       0.43117391661839283     
   5.8996021292519282E-002  -9.4962001786925335E-002 -0.14241784424395865     
  -2.8524241439398499       -1.8431886725933817       -2.6867436442200376     
  -3.6751651215157350        2.3096753975487294        1.1206321462853475     
   2.8882552258603100        1.8600921387461615      -0.52416603351031743     
 -0.22123311298117485       -4.2974353711171004E-002   4.9445031253890118E-002
  -1.5526503122758768        3.9814664356569351       0.96392716754893681     
  -2.2845362778136287        5.5291812224619310        2.3309327558410149     
 -0.33422714946251275       -8.1844279762999430E-003  -3.9690167422114966E-002
  0.14696801723169570        2.1524739840618479E-003 -0.14287772904034229     
   4.0679940073241596       -1.9003852470670632       -2.4922648525888169     
 -0.30675330965753045      -0.10633146167330944       0.18921022757527248     
 -0.21513581538641127      -0.13981235716068213        3.2308247043745908E-002
  0.25059791326849035       -9.8747418138044385E-002 -0.13994636317393336     
  -9.1439142637395901E-002  0.15582912094035348      -0.10159958115244722     
  -2.4364207569228751        14.280183597721321        7.2990793282634510     
   4.4328766330270046E-003 -0.80685629575997697        2.9734761033917107E-002
 -0.66140467911071765      -0.99351185367156813       -1.1429874830480566     
   4.5728095341989512        4.7162363804233021       -5.6227045833849134     
  -5.8304394647046696E-002  0.11303520071800369      -0.11131387659610217     
  0.43086969906076694        33.191243735078963       0.42107456441612529     
  -6.5543618237543025E-003  -5.5358830243542288E-002   1.8509009515960378E-002
  0.51250338770208070       -5.0542016117385180E-002 -0.28747955382642837     
   3.8785715729709884       -4.3313147056540631       -1.5147673692527350     
  -4.7747038818624882E-002   4.5356663635457276E-002 -0.13666643628920422     
   3.7736048663028487       -4.0899585048679210        1.6486361706736579     
 -0.30056040485697522      -0.55781655518139461       0.55988429986924138     
   1.3941799812383346        2.3884689943178428       -1.9368379509920512     
   2.8796261258292697       -2.2843601992253735       -4.2267344669747997     
