  -3.8284697709424664E-002 -0.32328386804824222        2.3869192721663348E-002
  0.18151613833617525      -0.24605796042910560      -0.31429813542024859     
   5.1165991674724957E-002   1.7678834728049830E-002   3.9460210387811112E-002
  0.20628029076122170       0.16493537371271252       -7.3713270063609976E-002
  -4.4865985613904119E-002 -0.10458954462802708      -0.10573689638048091     
 -0.13875939885514596      -0.13757167544462737      -0.17984911938280823     
  -4.6695132347519124       -2.5460092551941260       -3.5075913319702785     
 -0.23806686371496960       0.28097301175263828       -1.1723306854762094     
  0.13592383129867355        3.0479771129751518E-002 -0.15225692958136439     
   6.1634892221774180       -6.0718939435545991        6.3775282341575581     
  -8.9248553153744609E-002  -1.9128927945371191E-002 -0.17070279133560093     
  -5.4044793216515855E-002  -8.5551809435261528E-002 -0.24091620402820857     
   3.2505386398407956       -5.2081349086479571        4.4907057816244444     
  0.11599383139780266        1.7797143448063185E-002 -0.15626228081937182     
 -0.12209499280080982        8.8833523760355651E-002  -5.8546864182564599E-002
   5.4573260477782419        2.0933338214251385        5.6742508000334064     
  -2.1414409728784505       -2.3609642297168540      -0.67606342213565163     
  -1.6092553868861033       0.18153354018941545       -2.0189644743171034     
 -0.91430038627813648        1.1913647822288498       -4.0496357963760188     
   3.7088904422703441       0.56420497220558885        4.8622097625955387     
 -0.48088651775357882        2.9701443052102374        2.2806984781279995     
  -1.0917353859209835      -0.67266661560942220        1.3704234011980807     
   1.6626423816038530E-002 -0.26850511898259177      -0.24967224537380758     
  -13.034770052047781        9.4743052402957417       -3.2171329164743052     
   1.6107998796614518      -0.53528554328916134        2.2841825878818387     
 -0.11294582199645647        6.4145571726793457E-002  -8.1859538137728546E-002
  -4.8029360122489206E-002 -0.11346620014422835      -0.11073953284593083     
  -6.5787275645686177E-002 -0.11224984107796682        1.0624241929625902E-002
   1.9730285043090312       -5.2032737617294256      -0.21296911609281557     
 -0.36973855834993746       0.27781310541745030      -0.11311551417350889     
  0.78940328031833229      -0.70727688515809972        1.2484819603335584     
 -0.13930775588986505      -0.20301932188941663      -0.14348355753830636     
  -3.1324633675268267       -30.657841971593985       -20.100882022986667     
  -7.2760192816003391E-002  -7.8516983807664795E-002  -5.5994293690326671E-002
  -6.7781998690084940E-003 -0.55694304322742894        9.3842588126126392E-002
 -0.83851423575816453        1.5370011629373730       0.36457541281732164     
 -0.19612525877900802      -0.19718728287930110      -0.18784798934927330     
  -9.9397232564065463E-002 -0.14027822433581533      -0.21117756734792992     
   9.9710033084349711E-003  -9.6129921276315589E-002 -0.12230477681894761     
 -0.25782136557692864       -6.4096794523015838E-002 -0.12116760892704871     
 -0.49829361126395516        2.4887223681385268E-002 -0.18246719549524429     
  0.57403556725576921      -0.28227880690789819      -0.50370626157896936     
   7.2710657188419042E-002  -3.6535918342101695E-002  -6.8694093826955523E-003
 -0.71805368325726859       -1.0963035400706445      -0.90725173825793703     
 -0.17689943991095147       -6.4329941226256265E-002  -6.1906846038394615E-002
 -0.40401464259333641      -0.73360829351496659      -0.69352524517124026     
 -0.27953302719307832        3.7677960384272631E-002 -0.11535486018139278     
  -2.8568119690068918E-002  0.13471287174441307       -2.1948991906390856E-002
   7.2732555620591763E-002  -2.0341536225744691E-002  -3.7091978805613844E-002
   5.6037164027682271       -4.1999911502582359        3.9691564976024516     
 -0.14446138606707540       0.13647826499233659        2.7844655020510815E-002
  -1.2634074529679304        3.7531747373399273       0.68526892679058815     
  -5.4015210973927814E-002  -2.5152239201497374E-002 -0.17248978959516773     
  0.87309710626622072        1.5465138231675812       -2.4361570517850289E-002
  0.12653674911767018       -8.8296187885332320E-002  -7.7582760240621010E-002
 -0.35514476495460606       0.24025857654706748      -0.18753803533419403     
   3.8118999017166047E-002  -2.4142732144854503E-002 -0.11222608039789084     
   1.0559297130009500        4.7441596650528632       -2.5934424440126431     
 -0.15856260460854796       -3.6006446270528568E-003  -6.3596076354075701E-002
   5.1833597714332075E-002   6.5504847178634081E-003 -0.11717542115362793     
  -1.4193567245262752E-002 -0.48845370188494758       -9.2192671732127335E-002
 -0.20532397764704099      -0.58794289598776861      -0.27477529339374412     
 -0.14563030145141911       0.15599055761396549      -0.35694342930311551     
  -1.7669447971219769        1.6661668385637858       -4.1024213585284658E-002
  0.13079878721984176        1.7158362397123006      -0.63831838606281721     
 -0.34288781786278255        5.1605441138410590E-002 -0.10007410188572802     
  -2.7114838033833301E-003  -5.0824979893072629E-002 -0.24667906837480258     
 -0.14007979610494165      -0.51989858513116083       -7.4227603371532433E-002
 -0.25854119061442421       0.11666288412983829       -2.0945258475951346E-003
  -4.1264549622211817       -1.7108635330763922       0.40939959533206344     
 -0.19799769038933504       -10.790307500998933        4.1638240891204612     
 -0.13928652869078609        3.7645389500113473E-002  -5.2196818346186363E-002
   3.3430122263172164       -5.7013884126434657       -3.3276809288471334     
   2.8821636553883319E-002 -0.15892909794930635       -6.5752874795056593E-002
  -8.8779862016761718E-002  0.35223469695373366      -0.15783029304407825     
   9.7025193834775914E-003 -0.22790332232146665      -0.37060011630686751     
 -0.13956119817006010      -0.13074132130353666       -3.8067790198501924E-003
  -9.1842590806748253E-002  -5.9356903563797497E-002  -3.5543791052289248E-002
 -0.28875787451262724       0.24245115314744664      -0.24530365148879885     
  -8.5385651554691577E-002  -1.1363880875912552E-002  -2.0839032720722392E-002
  -1.2696556272505328       -2.9456078347545325      -0.90179707295919653     
  -2.0172158504939723       -1.0704671464088436        1.7995561219845562     
  0.30348894567780105      -0.34004357882847480      -0.19317679869764739     
 -0.16391750788768689      -0.56546630646120943      -0.59901619042569099     
  0.61445894131279621       -1.4474930186238457      -0.10157726653799158     
   1.8473420326370966      -0.90801728562485695       -5.7596917255831341     
   2.6470928656696069       -6.3981678248973175       -1.1144605883304886     
  0.20479940130944890        9.4944134261426075E-002  -4.5978383337209515E-002
  -1.1340939924615063       -4.5204192260430354       0.60838174717927085     
  -3.1342533156526220       -1.4910513269901522       -3.5883893044593567     
 -0.98901763367911533      -0.16693832008787662       0.29507857011213284     
  -7.0640665178999168E-002  0.12860675119018766      -0.24347625749636986     
  -5.7159191934244992E-002  -8.2906055549662405E-002  -3.9571465275688306E-002
   3.4322079739282849E-002 -0.19143409505815673       -8.2453393870143887E-002
  -2.4974459114675558E-002   9.6840204872151059E-002  -6.8534818397665495E-002
   1.0594040876660330E-002   4.3601417597311246E-002  -6.8581294606852583E-002
   3.6909832487178461E-002 -0.27308082547569112      -0.16090925881496415     
  -9.2243557221101558E-002   9.8895661095101853E-002 -0.17357988148195722     
  0.37100072615659174        4.3798568614298459        4.3192442035620964     
   2.9812488745279333E-002  -9.0401108554305734E-002 -0.13285616313129384     
   1.7939249211999579       -3.3463669699380669        1.6367008226641564     
   2.3621102003094221E-002  0.11316873269276678       -2.7063945283027368E-002
   1.8858206492708856       -1.8560042655810483       -1.1709879541608832     
 -0.61069891883252292       0.93746821376082323       0.36115879897976627     
  -4.0463637614955902E-002   1.4999215657580587E-002  -9.1283999194071555E-002
  -1.8174566393204092        2.5656858927746287        1.0851983785521397     
  -2.3564909238631623E-003 -0.25844353711614337        2.6898432311017267E-002
  0.71169412600955761       0.72780628696826211       -1.0918564934109207     
 -0.34061569316204082        7.9827943297387127E-002 -0.15143170579927895     
   1.5606260592141519        3.8797565577463242       -1.3542589572025880     
  -1.1147210908861720       0.20059418124845685      -0.26818515294771478     
 -0.19510814387210795       0.45827246704870334       0.55865129904753497     
  -3.9835620526858601E-002  -5.3644022519811631E-002  -5.8175114048711070E-002
  -3.0197107408356199      -0.19932864829214095       -1.7216123107809131     
   4.4961945805559261E-002 -0.30057168897637176       -7.0759169957150023E-002
  0.16642623723444430      -0.36023839602157570      -0.26382254481910067     
  0.51744033985313154       -1.3928275878306908        2.8644170298218277     
 -0.17054872865040019       -2.3079953702985576E-002 -0.28176488841844516     
   8.0489432613213591E-002  0.42341874170548544       0.14081910423533978     
   3.1779054856211122       -1.8883419510137642        5.6731594041241733     
  -1.1757992461931144E-002 -0.16695774193028964      -0.20761365814753588     
  0.14516012794831440       0.20734659285785415      -0.44877950496648761     
 -0.19335669052088184      -0.13248959867781346        2.2945065359682701E-002
 -0.30833314633914444      -0.12887411689279238       0.29876883346494643     
  -6.6115580765706614        6.6066903125939396        9.2400098247077374     
  0.33931065495856189       -9.0876311615915556E-002   1.1792401991822472E-002
  -1.3233094275217159       -1.8431888670117675       -1.5067686289321858     
  -4.9266746240757324E-002  -6.7644772618492569E-002 -0.22377546584231048     
   1.5278469921662177        3.9935226771698611       -1.6449168386130006     
   1.7932512066582050E-002   3.7289307470187535E-002  -2.1764653065812862E-003
  -1.0732672883086323        4.5581978235111995      -0.76828909490132491     
  -1.0900003511132397        4.0193241187510313       0.61828807252268014     
  0.14386350574898829       -3.7240361557129675E-002  -5.3161031340218406E-002
   6.0895920909251151        2.4424680386697784       -2.4666786624000294     
 -0.49361009798246996        3.5185394490751518E-002 -0.18074691654841624     
 -0.31010622222094053      -0.74736022762330501       0.31656543785110319     
  0.14577438345745680       -2.2727138107131884E-002  -5.8914695003833714E-002
   5.9972651238243211        2.1080745577611193       -2.5739294943239446     
 -0.23423045373937892        3.6786294277025823E-002  -2.6412535308535746E-002
 -0.12568728447352207       0.22939515683127898      -0.20475658418767093     
 -0.31925310673650092        6.2562222831367947E-002 -0.11182526569209815     
  -7.2684068532104421E-002  0.18591251502753386      -0.16140408736954118     
  -5.1440372607633705E-002   3.7684592642565649E-002 -0.14258435607744635     
  -1.6954573621092775E-002   4.0141337516188230E-002 -0.21783809802455834     
   2.8880438545931062       -6.9767113810992294        2.4110349967103049     
  0.12883585026281646       0.11826630782038618      -0.19930592027008520     
   2.6199468200754725       -2.3732176098999855       -4.4360279254755115     
   2.5762732844693745E-002  -9.3611079796406954E-002   2.0346726757456968E-003
 -0.82978309544178896        1.7426100065399854       0.46463884170047470     
  -5.8103976537856541       0.38623276865153028        6.4883885233976057     
 -0.11265840218827827       -5.3751291700281992E-002  -2.4949404337831355E-002
 -0.99728877268841842        2.6608821548232178       -4.0891829835616225     
   3.2384125804408082E-002  0.22735462471170520       -4.3906755049130095E-002
 -0.36886616070252815      -0.30605013053698110      -0.44260894120100774     
 -0.29897272256601176       0.27168971379168272        9.3975662801106405E-002
   4.7624344124505820       -8.1157628142819890E-002   3.3753932373553037     
  -9.7641194663896189E-002 -0.20314747867381361       -9.9710633499945273E-002
 -0.61589630358220826       -5.3491765132666229        2.8194955535066417     
  -2.3009849039515888        6.8018173373979884        6.2128391505392635     
  0.20233356891107257       -6.7623122671878241E-002 -0.24871686076628102     
   4.4864829534766587E-004  -9.8171155879254179E-002 -0.12540137205002380     
   4.7334881120127923      -0.88964644174013563        3.4442120250477286     
   1.5202255257372750       -2.2720756514458431       -2.5429120386382533     
  0.22069452956676314       -2.6290469854573750      -0.22642807782971677     
  0.35722953933544155       -1.3022599770179458E-002 -0.11000441431320995     
  -8.2224176527006948E-002 -0.16600595695018713       -6.8498861978755474E-002
  0.38157581410433716      -0.58618903599441941      -0.69470034906948852     
  -5.0953319694601956E-002   8.4237841516447177E-003 -0.20487760603652480     
 -0.14922910583529111        9.7704331577019576E-002 -0.13372267325375461     
 -0.14500361706711096       -4.3097227133660883E-002 -0.17057254516351258     
   3.0722649305543834       -5.3472409529584590        4.6119756699043100     
 -0.12511387774054969       0.19137102049378610       -7.1501824849002832E-002
  -3.5130561508525262       0.54535065310498265        4.4989440806059458     
  -1.2340764257866748        3.6166312017147111      -0.71739925463803667     
  -9.2240022178676870E-002  0.14472478098046801      -0.14779560906613895     
 -0.21175259580845146        8.6860355773096073E-002  0.12949425994065114     
 -0.12647325132205567        5.5001533973309369E-002 -0.13056080124972361     
  0.27439989244790580       -1.9004105138441040E-002 -0.20767544856369968     
  -9.6997878536756517      -0.27158825751464910        2.2222043256246269     
  -5.8404313959029328E-002 -0.12435432797979072      -0.10309332283637412     
  -9.4734344621786426E-002   7.0370926260936523E-002  -8.9388801371277277E-002
  0.12402309730494084       -2.1831270172717104E-002  -6.6310974328388575E-002
 -0.82106710411591211      -0.14727348491264736      -0.81561095919285431     
  -2.9545005613576744E-003   1.8048817684922371E-002 -0.16031461818304671     
 -0.17941140261147906      -0.21384994144908112      -0.14771167879156083     
 -0.37929614926357241       -5.3800934056357629E-002 -0.20472058930010550     
   1.4492244249473849        3.4889060365510542        5.3290337045465526     
   4.7037822261952363E-002  -4.8782139475739894E-002   8.4729523591565700E-002
   2.7169090118711772        4.1138053918231323        4.6431426460111078     
  0.34719708564622537      -0.12566372906536141      -0.64945751510031280     
  -8.3517293734521936E-002 -0.22331748587633893        6.6622357629056231E-003
  0.53640640454711219        5.1444878697204217       -1.4324127126645969     
  -5.0639876041798662E-002  0.54508499534877020       0.16231488302940342     
  -2.7875108427412899E-002   8.2384463213680384E-002 -0.13362909310464594     
  -5.8710811483125208E-002  0.26766566920173374      -0.29157097104555263     
  -8.9192799120532185E-002  -5.1990993009041170E-002 -0.46047915221221275     
 -0.13976592716228828       -3.1634556079738023       -5.2164484517213457E-002
 -0.16698281358065672       -8.8348957826878211E-002  -2.3592461172292915E-002
 -0.45241434335622743       -1.5984287027842807        1.9877291476612766     
   14.267108836547237        2.8060404444370044       -41.053675523209073     
  0.22628188774539337        5.9369847394376265        2.0701442634656901     
  0.22869395935937969       0.80073330770957096      -0.30156095820283751     
 -0.14343621985392568       -1.0811962615776498       0.24033975949672126     
  0.54909391278472230        2.1504722033679262        1.5339709514769324     
   2.6098070680286227       -3.3319682560221229        2.3656656581455056     
 -0.11835570194691293       -4.9386700039772830E-003  -9.3644637576706269E-002
   1.3276860142442537      -0.82209492706446596        1.0102398261981287     
 -0.25805250290316661      -0.11503575931845741       -3.2260064276117550E-002
  -2.8144144733594050E-002 -0.21875615110747559       0.12889488251337911     
  -5.1537291291660077E-002 -0.11685278873374856      -0.19778247165198889     
   2.1305943264924809        1.1015018428117636       -1.5660625069068734     
  -12.842606858950347        10.453667329026409       -5.9790194306877265     
 -0.16547849092398273       -1.5066376878096848      -0.29789281093117287     
 -0.38393599224304248      -0.23586649787742794       -2.0489736191028739E-003
  -6.7625025384700582E-002  0.16713654980080819      -0.15614158079013982     
  -2.4294975299445460       -4.0580375588088815        4.9758394164774504     
  -1.1585391288881151       0.63693074654589965      -0.99386902787567510     
 -0.28517718950201520        8.5724108703456342E-002   2.6457469461687144E-002
 -0.14038653747345334       0.15759227222046324        2.7224189447622234E-002
   3.2450342387892706       -3.7268531903289728        1.0148000709197840     
  0.92858617575840519       -3.6024830659432614       -1.0066657368514298     
   3.7869298871087320        1.4941969756835796       -3.2343278688104360     
 -0.29778852450084131      -0.51669981725941649      -0.64458779802772492     
  -9.1108612137457690E-002 -0.22247602993856402       -9.7306409272310948E-002
  -3.2959935898582642       -3.7037693807039416       -7.0889488264212721     
  -5.5593946091133668E-002  0.11147220144203077       -7.8944514476438493E-002
   1.2507098124306992       -3.5867634352026618       -1.6913243752505132     
 -0.29619508546895928       -2.3193355021015199E-002 -0.18217145239614224     
 -0.40113378059065458        4.3365782496767501E-002  -8.7778398562277385E-002
  -8.0947985400497025E-002  0.23107645912429817      -0.11843887345984087     
   4.2294927829198352E-002 -0.11197636398833220      -0.12846148361248833     
  -6.5235945236446422E-002   2.0605902588201096E-003   8.7054045866158919E-002
   2.6527084009222071        6.9186058427354897        1.3762407490110233     
  -3.5111615621554640E-002  0.51505548295337444        9.1713033480568654E-002
   5.1160002856298155       -1.4846821623125133       -2.3751944513977654     
 -0.19612245069583678       -8.0204382394052573E-004 -0.18365118001461117     
  0.10954098577187796      -0.16879407754020556      -0.16171230538290668     
 -0.18537575342010629      -0.24050969094988447       -7.6986699680544543E-002
 -0.10137848563209514       0.10990002940990018      -0.10427689214243029     
   5.7083911744866413E-002   5.9615475158580587E-002 -0.12161158418997689     
  -1.5559025796473121E-002 -0.15562257154007050       -5.5694358041845559E-003
  -5.7396516498297752E-002 -0.12234361795612862      -0.13425510479374828     
  -3.6542239549441071E-003   2.5707701710402433        1.8355309226117358     
 -0.15782149172663087       -1.5831423241459731E-002 -0.17304393968096443     
 -0.78376803680358365       0.23530259794302533      -0.69079780100190735     
  0.80692547112388202       -1.7066118844225429       -1.1501566730374659     
 -0.16566089938647280      -0.35885276215953693      -0.30478093547597690     
   3.5712381510200938E-002 -0.12551658642337690      -0.21646809852558788     
  -6.8748186820626944E-002 -0.24076071794371509      -0.67571458926570949     
 -0.17883003741070486        6.5391209681303339E-002 -0.10817506671838162     
 -0.11296930859317772        4.8697158408256162E-002  -7.2623872250454524E-002
 -0.21647463485573934       -8.5105559062865654E-002 -0.34917446776919275     
 -0.10389081462229235      -0.34193632730313406       -3.1274237303361443E-002
  -6.4952675951814462E-002   8.8081373252224787E-002 -0.14101869501740746     
  -1.8930080698426485E-002  0.10090944226939420      -0.18102543071200106     
 -0.16543916788522492      -0.15277439588486635        2.5832320925156325E-002
  -19.555207164329374       -19.226782702718346       -33.324648668975563     
  -1.2188812844422856       -5.8420461157663341        3.6898272908302268     
 -0.30317864099276776       -1.2615802299375798      -0.45086344943046330     
 -0.11142641366885329        5.1332420456229967E-002 -0.15760967279051760     
   5.2302223739472610E-002 -0.40571716796983082       0.55670762278721775     
   4.8208036119466096       -1.9109762689427605        1.4192500725121866     
  0.11420239559707746       0.10154891830164961      -0.31190752694270096     
  0.16349253165427580       0.53467972979443323       0.23460868143773603     
 -0.21563734960470390        8.6400162241997591E-002  -9.6415887880776513E-002
  0.19650803529213628        3.0290047832462328       -1.1944653545622692     
 -0.15531997324822450      -0.39706329345097319      -0.16556627840680826     
   1.2541189501264134        2.4429472270659831       -2.8188638816597997     
  -1.4642114923447871E-002 -0.36946561975079645        9.5461553697035698E-002
  -8.3238138185929234E-002  -4.0690934819982844E-002  -6.6147054984600592E-002
  0.48506666978374441        3.2834160085410491       -6.3600493904312883     
  -1.2869844589959591       0.75153904983441455       0.97409076309349518     
 -0.44370569030713974      -0.23465158769947420       -8.1982280409035518E-002
 -0.39769175342001839        4.6186831819242137E-002  0.10307529256766525     
  0.18517809132441410        9.3630545766977921E-002 -0.26373146424873423     
  -7.7243405414826197E-003  -7.6306780896410534E-002 -0.12810735172223819     
   3.2437780257946454        2.3922073478212957       -2.8829323625905734     
  0.80981069897171709       -3.2576002957137162      -0.25820956343155860     
 -0.67016084772722673       -1.2686004127956823      -0.57191728847999046     
   6.8473074471754408E-002  -9.6070662530548398E-002 -0.13277287798359561     
  -2.4365378706436913       -3.2229949784880310      -0.79822813062073505     
   9.3181204433469292E-002 -0.13102873903421977       -3.6253600649003452E-002
  0.56291139453827321      -0.27437608279703024      -0.39746988633513181     
 -0.12627593327595824       0.11851430381167789      -0.48922238331047652     
 -0.16761741735754282        5.9933071740755996E-002 -0.10219736260500507     
   2.4464279155801398E-002   5.4357113616752488E-002   1.8772777464282117E-002
 -0.18312842676992280      -0.21775997582207077      -0.89122885170340971     
  -6.1902276340537563E-002   3.4063542791683950E-002  -6.6100468826029449E-002
  -1.0186102049374961        1.7070811787127471        1.0023588088826048     
   5.8344131429100701        4.2811938510610567E-003   2.3231491521871068     
   5.2991704277701732       -4.8020908791688965        1.9193024784604622     
  -7.5246828414568909E-002  -3.7957835986427435E-003  -8.0622696099250490E-002
  -8.7452542475717890E-002  -6.8519800070266076E-002  -9.6627169788738226E-002
   2.7606627353519668        3.2735936538623758      -0.53983657733491242     
 -0.16709671562304979       -5.0255918416601118E-002 -0.42648842247723595     
   6.0267873457344787E-002 -0.19229297818554508      -0.14918890549112149     
   2.0614628969764879       -1.8051870677293615       -1.7726171009719167     
  -3.3852514221914203        2.5897904028969485        2.7581881583901189     
  -8.7101119188273624E-002   4.5210858715217010E-002  -9.2451963898270095E-002
  -7.5988504789623032E-002  -8.9240449963206819E-002 -0.12385234243622020     
  -2.4133507726234016E-002   8.5623437500228619E-002 -0.16766937824528172     
   6.2566981788097331E-002  -4.7270366734824796        2.8553260064165484     
   8.5111299200910276E-002   2.8085891055225104E-002 -0.15454208299652097     
 -0.15328114847678578      -0.15854941887382160        3.3043610636689699E-003
   1.3078038320524420E-002  0.23667652763701960       -4.3786907811091846E-002
 -0.14878550245252103       -3.6810238170496227E-003 -0.12406928590284198     
 -0.18410939846510352       -4.1606569907488754E-002  -3.2400439042026621E-002
   7.5416896490050620       -1.8531668225434710       -1.8539169597222338     
  -3.9315540252326362       0.61497002407776069       0.96428675209776504     
 -0.14784546303916932       -1.9067792623962278E-002  -2.6085971332910747E-002
   1.2841425258580235       -5.5456274727683477       -1.8189128278944990     
 -0.10786768619619180      -0.27399575741962778       0.15634014913104929     
   1.2739570745106812       -1.4509734408739607        4.1844143917249674     
   4.2293071769827079E-002 -0.23841089478644586      -0.18510508189504077     
   2.1097274218927757E-002  0.33608616269551500       -6.2305891092332588E-002
 -0.40621448081058248        6.9749530548126240       -8.1159111813265669E-002
  -2.2609628920080715        2.8395088778393429      -0.71876947937142122     
  -3.1232221091093999      -0.59598140711830760        2.4323367946270436     
   4.3043281179517843       -2.4193899079441974        3.5767803942975847     
 -0.31488048840253546       -1.9147620936573848      -0.20667201627498891     
 -0.11156115026461379        8.1514997445556250E-002 -0.24502067875578534     
 -0.31159517488883343      -0.21798532088872075      -0.12841593009300989     
   2.6684493148150255        5.8070460918571838        1.3194108680278267     
   1.2314437882581739        6.2062018874909786       -2.3581859203395559     
 -0.90007141521725298        2.0203127427011132      -0.15400999268541626     
  0.90431839887173304      -0.36047113422866045      -0.38569680798372868     
 -0.22285855592371009        3.5619446148659320E-002   9.5759452142901713E-003
   12.122287020114136       -12.185778075540846        7.7311538061024345     
  -2.5683469862034982E-002  0.13022703127990976       -3.5693880650307298E-002
  -2.9129208438496650       -3.5688158304299540       -2.7622857156192677     
  -7.2785912104775488E-002  0.23711686159294679      -0.12144113952788566     
  -1.5080206774211609       -4.7200328001713308       -1.0675819285978763     
 -0.28466630598059994       -1.1064479346028415       -1.2704132588373551     
  -3.5506531681886657        5.1687879145859430        5.6358357069431193     
  -9.6451118342595454E-002  -6.7224178696954573E-002 -0.15157273137000241     
  0.29372583865963925       0.13787378023682850      -0.29056039110288723     
  -3.7153190169569927       -5.7804615574273894      -0.54510984755481495     
  -2.4447392218735353        5.5154490557633240        2.9046490091257664     
 -0.10484383364432487      -0.35170482927456487       -1.7788319753950774E-002
  -2.0898436477117648        9.2082237314005944E-002  -3.5626891558409035     
   1.3062425710692898        3.0960704576053608        1.1263977652671036     
  -2.7675128432838254       -1.3690008259588096       -2.1309524024580559     
 -0.12850065759161935       -4.0927350573300006E-002  -5.4873517777891687E-004
  -11.912048428452842       -10.482032074443586        1.6823818935683803     
  -5.7188731910154624       -8.0880907908383914       0.44869061593598286     
 -0.34563431949276929        1.2490462035749614       -4.3648717569004646E-002
   2.6462742214348034       -1.5894429033002653       -1.8843900389777648     
  -1.3948788308750197        3.7376418923432637        1.4463643727032653     
   6.1755710574151381       0.35055733227230412       -4.7155158327559548     
 -0.42132659660654098       -8.6759771817813400E-002 -0.10789875364679967     
   3.6007087791142464E-002   9.7596114342451246E-002  0.33945137357577748     
 -0.50554005273788671       -2.9991040983893136       0.45487571268858351     
 -0.20292396775457217       0.19793611392615132       -7.0942486902451057E-002
  0.61423435344715571       -7.6670847344868793        2.1407064089046313     
  0.23241945785971133      -0.14700183899981256      -0.19759967571600442     
  0.46608381394019954       -4.2906747807020293      -0.38514424960220067     
   3.6173639713216924E-002 -0.17822318554699515      -0.18810777887817692     
 -0.10963987502018842      -0.33103507814879835       -5.6803844520820296E-002
 -0.15685562611958787       0.14315567705038351      -0.13745348192530280     
   4.7674416049151930E-002   7.0730441426109000E-002 -0.12095460007399975     
   2.5625569092917490E-002 -0.23115813195894203        4.1508106923035804E-002
  0.38393397263303308      -0.13242428731477549      -0.16613660334421276     
   7.0019719529503102E-002 -0.11827345459344826      -0.14154964012009041     
 -0.18366303659817454       -5.7090088676042386E-002 -0.21832940380512403     
 -0.58797891610609088       0.10762029625127631        2.1185087728488687     
   1.5347149121896986       -2.0459137836926828       -6.1607142177721208     
  0.36756126359375962      -0.18463130687925625      -0.43208917707513411     
 -0.19663376432183244      -0.61704820029815710       -7.4718988447457405E-002
  -9.7015595556435089E-002   2.4620938239604758E-002  0.10578957148045763     
 -0.16927962855088791       0.34947615363691087      -0.20988795087941026     
 -0.13646763312060431      -0.10903634574485822       -1.2929411182067837E-002
   21.432188322557558       -3.3483967154323704       -10.516448220097312     
  -2.3524079246460583       -4.2067571613166441       -1.1560172465606455     
 -0.13983847775376634        8.5602250029711502E-002 -0.19703559737426640     
 -0.15767406040135773       0.44176340504971845      -0.29169488399425614     
   5.4970915824379363      -0.88855447663457021        3.6313919697024990     
   3.3649032150080620        1.5132696010300992       -4.2878078388959464     
   2.8301757750736480        1.9154371163950086       -3.4971579584727635     
   6.9721417342022460E-002   2.0042265378036647E-002  0.34560300943793237     
   3.6902753075083292        3.6775378181307343       -4.3525486813062173     
  -1.1618320151855541       -2.3000162858288120       -8.2937752149144880E-002
  -3.8712310725581581E-002  0.30602012900421072      -0.21540130937999447     
   3.5178607266506220E-002 -0.17846572100699484      -0.15946665547979305     
  0.23483539245584531      -0.21024219462701182       -5.4796969811016137E-002
 -0.15772053955128068        1.9029620724522599E-002  0.38452997080970636     
 -0.13178976692028863      -0.14383561187766794       0.11216442835716510     
   5.5055471418774315        3.6756943612796175E-002   5.1776707837011751     
 -0.17213649702506689      -0.13901533286303899      -0.26447181690502702     
 -0.34732179352039644       0.52970052485997488       0.17959449383513368     
   4.6980689051072874E-002  0.46264079154570087        1.3004533135774188     
  -2.0849189426097654        22.877547386389892        13.684963242920938     
 -0.23046179819724161      -0.13064998912089662       -2.9163235468205401E-002
  -1.4277046826677116        8.0587582053773102E-002  -5.3276508052208600     
  -1.7816199086146440        3.9209503651644941       0.91243267814896634     
  -3.3041212934038202        1.9249167986732110        1.8916364002212194     
  -8.9903312116179149E-002  -5.9414970670649769E-002 -0.29039701328040324     
  -8.2985951218539675E-002   2.6687578097806787E-002 -0.11605016637398448     
  0.12371045589592404      -0.12884335619456261      -0.13521952260670972     
  -8.1940835508578029       -4.7196190623810219       0.86885084982510230     
   8.5596257892446959E-002  -4.4827918690267476E-002 -0.15536435417305841     
 -0.83045613686966890       -3.5450614775024217E-002 -0.15122734202776758     
   6.6043693199531699        1.5320176020348044       -3.6701551599147635     
   6.4415568374781564        1.1891912813779877       -4.3330599066083924     
   8.0679253370692622E-002 -0.42322666836725015      -0.22623254549217600     
   5.6868775116107696E-002 -0.10710222033412148      -0.16295392246489443     
   4.9887244875804821       -6.2997150892624587       0.82544475428718789     
  -6.8479113040768286E-002  -8.6670717991686769E-002 -0.19124827561403190     
  -5.9363769118223271       -1.0803407424269069       -1.8459537472795824     
 -0.12792815969498009        9.9174644050532418E-003 -0.18947999860760281     
 -0.17579010021337804       -1.4133193467507794      -0.24823547831556811     
  -1.5735240184063852       -3.4162950724590742       -3.2983592278079130     
 -0.20758561838328787      -0.33794932048307941      -0.22487855172487028     
  -3.7780680718816009       -4.1777216795866687        7.0915674587370301     
  -2.9671552644770956E-003 -0.37668386656048419      -0.27531741232628099     
 -0.69104734755829955        1.7704058488876215       -1.3562503491628337     
  -2.3892641867129270E-002   5.8486041471453594E-002  -7.9222829068042816E-002
 -0.19334394447348477      -0.18644591633100976      -0.16623226927014009     
  -5.7060535165337916      -0.61054912332158873       0.12854386668582574     
 -0.20329478668842604      -0.21192687005371549       0.10240270013187432     
  -3.3967005841292419       -1.5157553117067937        5.5709000608983681     
 -0.38430055871003804        1.6006339943538801        1.3917636751037163     
   8.8347479333261304E-003 -0.19283396937312505      -0.11217030429430017     
   21.323449838409463        24.580898068852633        33.757797399491984     
   1.1602181702373944       -2.5746772169966787       -1.8115236445237717     
  -9.9950642161074771E-002  -4.1494237906906359E-002 -0.25029341238077835     
  -8.1131055561448673E-002  0.10949260010192996      -0.12675314932730730     
   1.9684474127902956       -3.8963559712079499       -1.2144896108653911     
  0.47410857235701631      -0.42370313253278263       0.34667063597146691     
  -2.2457269606464228E-002   4.7621268255418139E-002   7.3741354391568148E-002
   1.7502967706501433        7.1367576655090197       0.37948444002321818     
  -2.6101672439409089       0.25228239620936771        2.9474829047935978     
   2.8447591602726758       -6.4160517333354319        4.0453047788233425     
  -3.5957509167934303        4.4117087163136777       0.27542010541687645     
  0.14973344716700415      -0.15504507413238156      -0.12654385919576763     
 -0.67438632505465745       0.87820436364197374      -0.42385077588257042     
  -3.8054849101435792E-002  0.14487830256163273      -0.12712208078841644     
   3.2881829603314421E-002  -2.4504902469659313E-002 -0.18395336981724839     
  0.23801074978100720      -0.46794098893522795      -0.29315294594421404     
  -7.0207970267915129E-002  -8.4290921691273796E-003  -5.9250564205756522E-002
  -8.4694924393468582E-002   9.9492134465378287E-002 -0.19931755985924596     
   2.5080474404195470       0.88877025533530052       -3.1506850948630243     
  0.41853172127480442      -0.28732108071250562      -0.39114117851337726     
  -1.0959790074058373        4.6179941134340199        3.0405608462711808     
  -4.2960494706702469E-002  0.14744913187378353      -0.12833341753165492     
  -1.5163203458780381       -2.1406900738051751       -9.8983802668609455E-002
  -5.8149138844892585       0.33708628392171558        4.8894391104057888     
 -0.17497665343077937        1.0776707598194395      -0.55970460506362030     
 -0.22381116343723198       0.29139821802813787       0.36930282993721847     
 -0.24658783949180577       0.26836199906651731      -0.46710125403343000     
  -9.9176323482439280E-002   5.1178913527085340E-002  -4.9126861008071399E-002
  -7.4650967318094411E-002  0.18542405961756475      -0.29763142524872693     
   1.1029099801400641       0.82507163785499071        3.5933372163770407     
   2.1742156602594784        4.7835436810415555       -2.3796428080900238     
   1.6699140674205172E-002 -0.22866467043668892        9.3135734986981036E-002
  0.48780289460588389       -2.5407004477068980      -0.59042411661219962     
 -0.15652569695289995        3.6039193032807657E-002 -0.20212857993590805     
   2.3403597582957975E-002 -0.16167605799019644      -0.19498801797410098     
 -0.54564991982379996       -2.8205667005662236        3.5696087574169586     
 -0.13483679182769118       0.51187501255202261      -0.26910536233079813     
   4.9594269883778708       -1.0090667418353123        4.3206050903112514     
  -6.5852431726762001E-002   5.6405153822127491E-002 -0.17779736255700349     
   9.3302235016345450E-002   1.5663476087830773E-002  -9.5482593621042611E-002
 -0.50102737669161002       -3.4276521673717975        1.6542590317633703     
  -2.9799228812943088E-002  -9.0358545468538387E-002  -5.5955586779789665E-002
  -8.5477467912111013E-002  -5.6548084774979634E-002 -0.32056537236208327     
 -0.13802261980308492      -0.16001857291278410      -0.22992870754319020     
  0.93523320680640198        6.4554664073082852        4.5240097338940553     
 -0.25245317065359918       0.14193852209269564       -5.9633498845602616E-002
   1.2176006033382323        2.1703508802422617      -0.32589660096678852     
  0.83983685225245253       -1.7035825328962688      -0.52604285922319116     
   5.9915016411946622        1.9253819382486224       -2.9740821575061123     
   1.4701222393622508        5.6720035127176898       -2.4328423365832084     
  -1.1164781991587223        7.4982408330608017       -5.8323180763558131     
   5.3218953972146703E-002   8.4917010184883360E-002 -0.41177343173499492     
   3.7476769391573526        3.6340125000527581       -4.3676566534823520     
   3.1015022627482111E-002  0.47191829768191973      -0.28768523386837719     
  -2.5795626074440028        3.9398137841289880        2.1868939722069576     
  -4.0939009804667345E-002 -0.13254565122438827       0.34282838549827882     
 -0.11826436732592142      -0.22568137526942803      -0.29305975990657757     
  0.13554646471132387      -0.49885882284561306       0.14351880414231580     
  -1.9810513545754094        3.4872661388054453        1.5732154938907719     
 -0.10622600155511504       -6.3737606242470379E-002 -0.10258246775441208     
  -4.8123120860507305      -0.71792950014113255        3.2639823070315699     
  -8.3300024803613162E-002  -3.8387755484951443E-002  -5.0269953830729783E-002
 -0.14727857950713397        3.7508129977568826E-002  -6.4175843481263317E-002
 -0.46566677772752629       -1.6782148575620457       -5.5302758263199214     
  -2.8401972873985604       0.69120740597719210        1.1850419567737382     
   7.3595608664707796E-002  0.17981275288068638      -0.21658404029901521     
 -0.18457036854365982       -1.6120929485512851E-002 -0.27447054375657093     
 -0.29668734359100718       0.29223625180791590       0.27633664376077155     
  -1.9546994400447435        2.3864689908064354        3.7914688365591243     
 -0.26274662849487157        2.1302286023058024E-002   3.4126147465055254E-003
 -0.24778189973962544       0.14942230851642638       -9.7606504660349994E-002
  -6.2942945433613659E-002   7.4674209570127964E-002 -0.17550542844873004     
  -6.2292259141779736E-002   8.2741743945255949E-002 -0.34631251389655332     
   4.3047412370296350      -0.76823157960006960        2.4416547696418056     
 -0.29819307298455849      -0.11266676602084971      -0.49003667679097890     
  -5.7875378547195766E-002  0.10095882121351978       -8.9282491997467878E-002
  -8.8428125278833272E-002  0.70222839347451416        9.8312645596949130E-003
 -0.20950448667567026      -0.15831451052875842       -1.2716853393338702E-002
   1.5790673768050869        3.6056214327964922      -0.87081979057304038     
   3.2700133480888574        1.4495620685750064       -1.1361966108613193     
   9.5733008478995255E-002 -0.17208789149313355      -0.32795431179021306     
 -0.33127456339874006       0.24113619735587238       0.19603723905564599     
   2.4502878621542590       -3.7706018257287508        1.3392555104372175     
 -0.18269891614961312        1.3300631053086190E-002 -0.17927374913479938     
 -0.94636225982567024        1.8618981589826900      -0.11475525775163489     
 -0.90181305366519460        3.0414482083102179       -1.3459537732934936     
  0.90983445927352657        4.4958214033140926       -1.3916208726092265     
 -0.30944935085604103      -0.19840301278116937      -0.12046012319387675     
   3.6993672950317422       -1.8487306456305552        6.7095426204674080     
  -4.2432583781449554E-002  -7.5333515047174587E-002  -2.4202745876514494E-002
 -0.14816964983936184       -7.9982953065620810E-002  -5.6603097513137232E-002
  -7.7675539596456733E-002   5.8280079863798503E-002 -0.11788367960798787     
   10.787023913622457       0.31817347049890210        3.6237624023158173     
  0.24654418327486652       0.12280625107257534        7.2437198442812059E-002
 -0.22854068361968868        7.7293315513228128E-002 -0.10967442449545332     
  -3.7228812428724958E-002 -0.17803372429922645      -0.13795546852950194     
  -3.5761564628251571E-002 -0.21338651879721590       -7.6455451164587462E-002
  0.87024167367382999       -4.4160061793655068      -0.96898040275709107     
   7.3159988600757439E-002  -9.6935887789051760E-003 -0.15981440887497458     
  -7.8201250328038208E-002   5.5968294417968315E-002 -0.19001970604952576     
  0.27485486347447841      -0.21500658462469990      -0.22777168126283029     
  0.84604078452112519       0.94021760154380563       0.72113645045888575     
 -0.10692707380107488       -1.6622490705388245E-002 -0.25854949115141251     
 -0.18605679944902467       0.21888897085172490        2.4227672316388303E-002
  -4.7809846449838487        1.1329928813795542        1.0435288709533226     
 -0.11805703840066178       -4.0825427563360352E-003 -0.16211966502190908     
   4.9305854058236180       -2.7827313451961886       -6.6981522115297514     
  -3.4526687193252164        4.7696792319956594E-003   3.9359455955174800     
   6.4152934319406676E-002   8.5248194265830121E-002 -0.26566312917020912     
  0.35393768701077277      -0.76719773962762416       -8.2881061968271857E-002
 -0.83252569642616481        2.1865287689901489        1.4887704216446711     
   2.3316369937832149        5.5901065447261464        1.0201785323574741     
  -3.6763313995140545E-002   1.4465168054300330E-002 -0.19392001777270676     
  -1.7963222137247115        4.4777743180291862        1.9974281116396988     
 -0.26821092292065207       -3.2343528150030082E-002 -0.14789741944945436     
  0.73408240578447848       0.45543449428225458       0.21309862878471425     
  0.16408725041245728       0.11060132704916315       -6.7911272596885550E-002
  0.21501961222892027      -0.32021981803830457      -0.25676042084501982     
 -0.22755940769644595       0.23220504089392582       0.28965352856124404     
 -0.10413216966219786      -0.61062226108111173        2.0491850924440003E-002
  -2.1432613919440455       0.75791936508971658        1.3853126229998358     
 -0.40543685879624808      -0.22063002763915554       0.16237189966846732     
 -0.10258536003848416       0.37246417252566222       0.10579133307999970     
  -3.5659828698759379        2.0369392617691178       -3.2161402724957715     
   2.1235277133091253        4.5320376100660447      -0.96651916931167792     
  -1.0716589648422012       0.92882469795537448      -0.50432717489520074     
   2.6463656266409448       -2.7987528484440136       -1.8189126132347766     
 -0.19517027283530952       0.37483366472614704      -0.15984150397929958     
   4.2692217268254913       0.15989805551064967        3.1110387746717767     
  -5.0985792411513041E-002  -5.3330393857741153E-002 -0.15594164476928071     
  0.21625998454307382      -0.28101935935164796        2.9416877434384237     
  -9.5890895532994763E-002  -6.0260538337448009E-002  -7.3096271684539679E-002
 -0.58508480329258183       -7.7168209068370537        6.5124232701319489     
  0.19111008138320754      -0.77770236714545737      -0.34058017593126522     
  -2.9102566362297217      -0.57876924570908561        3.1415837236195037     
  -3.1492376428977908      -0.52376601771036513       -2.5696644088230425     
  -1.2086072872046023        3.9867967159174453        2.5069112273093630     
   1.0999414607845499        5.5699996575602722       0.18091697109460558     
  -8.8130476460647283E-002   7.6562368355897609E-002  -6.1939271183423628E-002
  -2.8446189977102854E-002  -2.7299778121040123E-003  -5.0914632849786749E-002
 -0.60386093135995011       0.32859249276870323      -0.43119356380852863     
 -0.55605632570733166      -0.44817003014814083       0.29457260442462169     
  0.10326304673509898       0.10966554130201024      -0.17342041570808533     
 -0.15310211630286691       -7.4960762711857393E-002  -7.4327927976346866E-002
   1.3793687191330519        6.2190827110696905       -2.3367516674012827     
   2.1255101932472917E-002   8.0512864778487209E-002  -4.8675214476858353E-002
  -2.3148423553842945       -4.4496506395936581        1.2597446672871755     
  -1.9467259210742001        9.0122538605244426E-002   6.7423607425772761E-002
  -4.3893444372019630        1.2937712846721365       -1.6438625987397983     
 -0.38371364448916001       -6.6561672631462399E-002   1.3702947162308802E-002
  -8.0890175462315431E-002  -6.6315484129637212E-002  -9.4977915693158485E-002
  -2.5901289439968256        4.1275692076513453        3.5192989080521202     
  0.46225662748544927       -2.5760006803409525      -0.64780900340813485     
 -0.24341353369418023       0.25835714773820018       -9.8889403210147234E-002
   6.1758533815765692E-003 -0.14905813362455386       -8.2610967925413059E-002
  -4.6333288753389512      -0.84530210611087753        3.2876116091827923     
 -0.23885445631162475      -0.48468592338672090       0.17102818983155516     
   4.5151258886631837E-002  -2.4553981361962823E-002 -0.14334363959173008     
  0.47215951563220870        3.2181123039174531       -2.1463015573278006     
 -0.76654521682409016      -0.52658432087862084       -9.0824036985277162E-002
  -1.0198155198191274      -0.32234437073764449       -1.7464387231560980     
  -2.1150166065846205       0.65457810500193014        7.8024982725817811     
  -6.9856055898907130E-002  -1.5440802769627648E-002  -8.1556328989601509E-002
  -2.1739885892625712       -6.7333559161219927E-002  0.37406994935548304     
 -0.15712310555155809      -0.16911344737289774      -0.10084090235878367     
 -0.26293707417337886        5.0421433208374916E-002 -0.16976190558936152     
 -0.34306115815145077       -2.8404605536176041E-002 -0.34394751106976817     
  0.33654467064216348       0.28873243045516483       0.16774951606071536     
 -0.24930205564939587      -0.14329011135127770      -0.12049688858022778     
  0.93318740320276328        4.7434598168277038       -2.6945444074147891     
  0.43962479826019724      -0.34283826574058263       0.26036209319878101     
  0.15911046212155910        5.3502862247140764E-002 -0.31274638547366790     
  0.38747245212610143      -0.25880656086849002      -0.39107638836927355     
 -0.21034070063779267        3.7161599162489817E-002 -0.44457857652422317     
  -3.0940931989851483E-002  -3.4653031615816218E-002 -0.12587587682361309     
 -0.35017769723381154      -0.17326455397766610       0.10740120826519574     
  0.16928269748216479       -8.3549227021115724E-002 -0.12001120937675326     
   2.6960943401847306        5.7598781206941778        1.4206397888352449     
 -0.17785506869693718      -0.10747907302844137      -0.23386245715764301     
   5.0340900428410384E-002  -1.7990853880711873E-002 -0.72305591084935361     
 -0.18359417831665603        9.3972703579107392E-002 -0.19929798068480176     
  -3.3377999691328801       -1.1575508134332899        4.2504601624175509     
   3.7735237360567648        6.6541144255215086       -1.1841183496727361     
  -8.0423892175040243E-002  0.13914855728916056      -0.27724146613115769     
 -0.48200266384699930      -0.63809920210102222       0.92682697525496183     
  -2.4589959903250212E-002   1.8161390313170904       0.13623122578772801     
  -3.8408567071141384        9.9394157334357356        4.6898128221572328     
 -0.18773537740696214       0.11638711156007732      -0.13856764339699690     
  -5.3199371893301650E-002 -0.32835355918002890       -1.3695360552256475E-002
  -4.2311822078532429E-002 -0.24854886284868999      -0.29345208334155459     
  -3.5979923066466641       0.81092725970361657        2.5126027952626222     
  0.15745099225006398      -0.16153056897899093      -0.59721255997392542     
   2.2207866653983398E-002   7.2437849102313767E-002  -8.4990757693976723E-002
 -0.14191695756012965       -1.0641261286284431E-002 -0.20241074070573975     
  -9.8183940487115325E-003  -9.0224766583196919E-002 -0.11793208170743379     
  0.41970529081685015       0.12073536835376948       0.34900307307394085     
  -8.3928728184469205E-003  -8.6666687488904607E-003 -0.14751722973573564     
   1.1059882722090015       0.21538563444303468        3.6118495055685309     
   1.9711681335046072E-002   7.1085677388442445E-002 -0.17876551172168476     
   1.7357992367861934        9.6958982591026110        31.674855908682293     
  -9.5008816600889126E-002  -1.0243702670868757E-002  -8.8399841921276659E-002
 -0.12850719326710217        8.2246434358535722E-003  -8.3402095279562161E-002
   1.5548568164721450E-002 -0.15960902562929349      -0.24615086737215819     
  0.33483592424554104       0.43392444979953720      -0.45633834442081672     
  0.16407242663577554       -9.9597311916312437E-002 -0.19119498673027729     
   8.4648362839738311        5.9174029128322783       -7.2003336955320600     
  -3.0915260062426926       0.15567464344120235        1.5827565693523962     
  0.58501143263655131        3.0260031625404720       -1.8842592550227530     
 -0.95409328806414284       -4.5599823692672166       0.41234413249572416     
   2.1151112147654322E-002   4.4761586316851606E-002  0.10057521745007537     
  -6.8830120671669021E-002 -0.16048441720798629       -3.1014822823334037E-002
 -0.22002555501800219       -10.210774246024990        5.4899133581839239     
 -0.29591596710740742        3.1426721716757651E-002 -0.24403732780875717     
  -3.3564814756904961E-002  0.25028478379680102      -0.54620715597470071     
  -9.1144053809465511E-002  -7.0697365423284565E-003  -2.2356175824376285E-002
  -7.1465445928326163        10.934557600905039       -11.353747834072822     
 -0.10457166883328459      -0.15676838468960322       -5.6208050071558352E-002
  0.25180458085205287        1.2420540995821370       0.34379415203380481     
   2.7295562622488077        1.5871672925178839       -2.0421345273524887     
 -0.21234973532927184      -0.11222728045448070      -0.13577754304013542     
  -4.3939362954500676E-002   4.1436573474899402E-002  -7.9490508356978462E-002
 -0.35865725559069034      -0.57045810645433170       0.16706341135768432     
  -2.3562000381344346       -1.6975463601378515       -3.2283989237100448     
   1.2116926857935728      -0.73916707734902709       0.14799520031437061     
 -0.24699503254554744       -1.9654594852228522       -1.4229960804926052     
   2.7395919763805589E-002  0.15769960769463781        3.5289100049794991E-002
 -0.20254286586902126      -0.10098611738896081      -0.19367282336469177     
 -0.14634641959604633      -0.21759828588698976       -7.0480902536972811E-002
 -0.11602017660179773      -0.18884392785448711       -6.9985019185055827E-002
 -0.28694194033809850      -0.57944117837077769      -0.64800004171213521     
   1.5226892102697245        2.9913596844270032       -2.4314579760843680     
 -0.83870036497452871       -5.8724592729637015      -0.51105098112023917     
 -0.44403723913493609       0.10771212248992748       0.24386698105615345     
   5.8087635843374148       -1.0894818898443801       -2.7000195144354540     
   4.7156107411302806       -1.8196697810834901       -2.4241077595855129     
 -0.13208279608024220       0.12785047552602724      -0.12531896712584695     
   8.6672964853330630       -6.4064633390026549       0.82799585871821135     
 -0.81847637047304123      -0.48787299640545506        9.4489832259618420E-002
   1.4810487860604220       -22.800094479274737       -33.777227411513074     
   7.5150420224350117E-002   3.0616003012577022E-002 -0.22013784632989158     
 -0.10951231942753302      -0.15055748413890693       -4.8803688858093747E-002
  -2.4792409243115086        2.5815259867504330        1.3073405885370570     
   5.2292317593428761       -9.3061950272863125       -3.4607034087058133     
  -10.371900992912382       -2.4041647943695623       -7.1582523512840455     
  -1.4109716677843704        8.0675279616801969        7.5398213407875643     
 -0.12302299152677841       0.26253163739799606       -2.6291822215810810E-002
 -0.17878308713870500        7.0399118076149292E-003  -8.3039763865348989E-002
   3.5435343747773680       -1.4098149826184978       -1.9082199619145839     
  -4.3835094648529820        2.9716062667907295       -15.604068939044311     
   3.3087137837440621      -0.91875163734365861        1.3119391483489191     
   2.4262217668975152E-002 -0.15437016179292881        2.6953879200901625E-003
   1.6311790089158014E-002  0.16824657506271043      -0.13621334315178710     
  -2.7135433961904392        1.3274332991815638      -0.53851051180505216     
 -0.71079471943255834       0.25695041940361746       0.57736957132156175     
   9.1488249275764294E-002  -8.3037546465804954E-002 -0.22134496555534849     
   3.8896730716774144E-002  0.16073755966013190       0.14745181356663206     
  -3.9524162294867320E-002  -9.3824571099880377E-002 -0.30367630491719683     
  -9.1233042501235498E-002 -0.14086798366812087        2.1169032500330531E-002
   1.1754228329925764        3.7274391112060026       -3.3360588535461209     
   4.0055912323165437      -0.68843708906669221      -0.58806031732835329     
   2.3032395363081215E-002  -3.0485415545481667       -6.3792689533589666     
   6.9336354676025128E-002  -9.0707795685299547E-002 -0.16568388601579864     
  -2.3258613260227383      -0.28699528664924850       0.54000668248950290     
   2.5660316495888353        2.7137416444052125        1.5491336358789809     
   1.6710599632412120        1.5428717933126967      -0.22863212645199907     
  -9.4725849361546238E-002  0.13715782700875215      -0.16192815432553589     
  0.15303362663714440        4.6358384595186125E-002 -0.10589981583404777     
 -0.50534419348589465        6.0496019037057709E-002 -0.10486912242014089     
   1.7237824958823420        2.9823072206433698        3.7283859601688341     
  -3.9752380842707158       -2.6361028890121849        6.4743853340785371     
  -4.8459384851198446E-002  0.23209152617663320       -4.0020971036632977E-002
  -3.7187441593194954        2.9869930500333894       -2.0150643829769463     
 -0.52551291631535646       0.29756810321230198      -0.15217222662621330     
  -6.8384789276845277       -1.7498774669326072       -2.5707663432618539     
  -3.2780960996802770E-002   3.1717673281299527E-002  -4.0628682245689302E-002
   5.5367461079725562       -3.4866898623746558       -2.3552125766607444     
  -6.6927838845413895E-002 -0.12540653234539173       -6.7340210858450877E-002
  -7.4418979195620322E-002   3.6356918383296286E-002 -0.17884759564634772     
   4.7429217185992281       -1.7372658375710355       -2.6179525592461306     
  0.14070029957628530        2.7584626886199111       0.38763817203936579     
  -6.9240239712723445E-002  -3.6063894062042480E-003  -8.4352388397475400E-002
   1.3416456927961304       -4.6805247523530200        2.5565279710233826     
   3.7414952395672167       -2.6343332871055050       -3.0611924701312656     
  -5.8150542289575884E-002  -7.0760045810831840E-002 -0.16809460100987458     
 -0.97368988009289337       -4.2810930021776112       -1.5007359836815597     
   3.7957587672295755E-002 -0.15041272149020538        4.1814825201791861E-002
  -3.4853658565492003        3.4573952075708383       -7.6751182776580356     
  -1.9481793354432529E-002  -3.4772101304755929E-002  -8.9290170508441971E-002
  -4.7594667657512156E-002  -4.0738679362173333E-002 -0.40278806598369538     
  -9.1823998426733937E-003   5.9295887106374838E-002 -0.13430121726709401     
  0.17537538720881268      -0.60047288222604944      -0.18058735676714757     
  -12.508840986702497        2.3564426984743592        36.036531728386748     
  -3.7514598882500354        3.9770306523256425       -1.7773604135164014     
  -2.0223266398799497E-002 -0.13156834567052769       -4.3228920947891533E-002
   8.6281740277420997        1.5673928471255820        13.423938148361891     
 -0.89565243815970130      -0.54049428357986840       0.60439946157198798     
  -4.2182103133782504E-002 -0.18632813579010377       -8.1470735353831189E-002
  -8.6959431903901291E-002  -1.7677763293426151E-002   2.6116293672643724E-002
   4.7089170401005437E-002 -0.26206489680325445       -4.4978959913373119E-002
  -1.1442749872803182      -0.29019604598177517        1.3434761193282871     
  0.14735695173855487       0.79042707279473767      -0.29159760958789027     
  -6.3415028352855867        5.4882241366919526       -8.5094705722187971     
   1.0973881693028584       -1.7218645287858509       -2.1405249370974517     
  -7.4013733851868768E-002  -7.6051691778368069E-002  -5.2521258154865538E-002
  0.42623935400682628       -1.0042016746280034       0.19897381886931209     
  0.21254732352582562       -8.8125699369476909E-002 -0.14189363523923396     
 -0.52135045662010060      -0.13005218868327004      -0.52857614013861942     
 -0.44009675719522040        1.5181750637010541E-002  0.16816239259039345     
  0.34154800199400986      -0.54762557531006395      -0.60058566355822907     
  -9.9716376107176954E-004  -4.3562004352432696E-003  -1.8528909329167360E-002
   7.2658908575344350E-002 -0.11417646903987651      -0.46877706091909532     
  -1.0113083168783390E-002 -0.59758523884055748       -3.6254726776784485E-002
  -5.3499179642192432E-002  -3.4773680364022355E-002  -8.7704084487082737E-002
   4.6094048686668365E-003   9.1004077589592974E-002 -0.10025762737401794     
 -0.14990233221340876      -0.16303578583322093      -0.21460046447195158     
  -6.6078410442517971E-002   1.3850378795074796E-002   4.8391840142239143E-002
 -0.84844808323035215       -4.1248058588399896        1.5225648645120449     
  -4.4508038849663270E-002   9.4676354553120887E-002  0.20844914384768784     
  -2.9608852935393140        5.5032147631170633E-002   1.4124856659616229     
  0.91800867801208308       -3.0962009934056964       -2.4126095764201576     
 -0.11464678447907328       -5.9918591020864942E-002 -0.10881962047458681     
   2.8626417915448603       -7.6213596782021495      -0.63599570032926012     
  -2.9998156416889716       -1.8882226247162199       0.12957356458821875     
   2.5527815195815037E-002  0.21512109888483530      -0.18779736477993669     
 -0.31663379949347342      -0.12477720417596706       -6.1308477968426520E-002
  0.11592023885373356       0.17748781850231179        5.6340404254418740E-002
  0.26410964631956019      -0.75734970407169233      -0.49513900964628227     
  -5.1112459851140057        3.2027173662688355        2.4938185864302556     
   4.2912018250873096        1.1271079029074116       -3.7634072659245059     
  0.30214182345710394        5.8449166053651025        3.5493420591110216     
   3.7337684759374205E-002   9.1020047805747753E-002   3.1898962305209042E-002
   8.3987947174187158E-002 -0.13387380087362719       -5.5122532569732763E-002
  -2.1074660356646642        2.4734590937372261       -1.6869134010519500     
  0.24771288334776717      -0.24342546187841563       -9.7776445701271891E-002
 -0.25117153301809825      -0.23239261513829287        1.7770568528101761E-002
  0.22245281638402034        1.7708128360214193       -1.7779256578646920     
  -5.2842588126320802       -2.1409943144324459       -1.3598595562770146     
  -1.5785892342614596       0.13174564924945753        1.2874772475390108     
  -7.4505810382963347E-002   9.5320862641028889E-002   6.5203039670974641E-002
 -0.10393648471470414      -0.23298757648971399      -0.31531992902462147     
 -0.20788424282517198        7.3228577085583779E-002  -1.6864411230511703E-002
 -0.23837357408481358      -0.25826944241834421       -9.8188359116232887E-002
   2.8528698631012834       -13.955932389189650        3.9408703587234406     
  -2.4197570324394699       -2.6003259634543801        1.9677254547854433     
   1.9006205718740579       -5.1547486156403606       -3.2312507973021116     
 -0.49061330839157247       0.13328331546926475      -0.11907707001492350     
  -9.4927659082868793E-002  -3.1617477192685345E-002  -5.1024262416259188E-002
 -0.26168149443415034       -5.3698021885469641E-002  -6.4639395291557808E-002
  -11.350774630464169       -5.4842579616579910       -8.8120954139159906     
  -1.0374917508940654E-002   7.2061669172956727E-002  -9.1145275097988879E-002
   5.4939471478336275       -2.1066943237122815        5.1659610049339841     
  -9.4012874133064084E-002  -9.7190728512530758E-002  -4.0889233019963826E-002
   2.3834161569855983        2.1307795832746117       -4.1017789127828133     
 -0.15308875460013263      -0.40460792878512014      -0.27071320521772141     
  0.16117436193289783      -0.34968840633788273      -0.30015736885511030     
 -0.16952542555606714       -2.1644711797957794        1.5578880464848219     
   2.3669139827674317      -0.96179340907700739      -0.71982947770886108     
  -4.2076068208139983        1.6084954420493094       -3.0683260426021497     
  -5.7861212863178642        10.157540746862933       -5.0837918887910254     
  -3.9322463575542338E-002   6.2763865843529679E-002   5.1564844176199699E-002
   4.7980638432291185        6.5861509682915722        6.8307654717766511     
 -0.16980876315963275       -3.0330673841886504E-002   1.7184579940371196E-002
  -3.9137219210678680E-003   1.1790723490976691E-002 -0.16166772565579229     
  -8.5904560823962167E-002  -8.8738499957465175E-002 -0.14969233075402066     
   1.4377973968378386       0.63391153171400760      -0.22362211242692800     
   8.4019032419085384E-004  0.49311566357529685        2.0247024757624281     
  -1.5653386533540259E-002  -2.0832554986229990E-002  -5.1814933586050778E-002
 -0.55776893001535277       0.32784482484869049      -0.16766609461080045     
  -5.9180804200977419E-002   1.2402006368996261E-002  -5.6511270429488898E-002
  0.18644616654060883      -0.24099654514611832       0.23756761871807283     
  -9.1093294404360550E-002  -4.1915097986382453E-002  -9.2494307821375993E-002
 -0.20412433066743790        1.7548420941695134E-002 -0.21339328197645291     
  -1.9240042654261766       0.63522984568705276       -2.2501243560317157     
  -5.2244881349826175E-002  -5.2512666800055473E-002  -6.3028908319953891E-002
   1.2334363487494593       -1.9967094794372520       0.59616081015829314     
  0.53745935924116417        2.8383441764921726        5.7769372660263212     
 -0.57485961025661825        2.7620491306817225       0.71777586826291573     
  -3.0076020315229757      -0.61604372745574487        3.1913161474759626     
  -6.2882979126791611E-002  -5.9576980511087528E-002 -0.23593802058051894     
   2.3827173539328559       -2.5048436509954457        3.3319869305324312     
   4.0059328797151492       -6.6429033772933392        1.2043847399020751     
 -0.50911447470436466       -31.071631866253629       -1.5370071685005255     
  -7.4201271235803584E-002 -0.22233659368137956      -0.13499026840819192     
  -7.5068690974282912E-002  -4.7753157195812537E-002 -0.23766127048750321     
 -0.16049460276933863       0.14708441609949199        2.6053876903343064E-002
 -0.49742545730497945        9.5497122553013944E-002   7.5679734163583173E-002
 -0.21432492472404743       -1.6488419790718297E-002 -0.11371739174409731     
   8.8345495216996292E-002  0.12760608389269251       -8.7647000907057238E-002
   1.1327344280746398E-002 -0.96480072718527665       0.51922237584479647     
   4.0373086509168967       -6.7344387291283789      -0.92804611573649809     
  0.15578646341036881      -0.40117811532097691      -0.42732102606025224     
   1.2279568239693017        1.9013566851206773       -1.8689515109876118     
  0.48720913890724615       0.87627776786935441      -0.74555591455629810     
   4.2788513856661572       -1.4739552735779693        5.6986352373938001     
 -0.19326953836643759       -1.2475321694340715        6.0148303756231800E-002
  -1.9762482436082116        1.7245812712224731        1.3469263026090439     
   1.7428472863299744       -3.5609881974223185       -1.1542663848856023     
  -9.0079123301617464E-002  0.24807328788522717      -0.21034478026414441     
 -0.19533705568349016        2.5825914316560054E-002 -0.20079553838894004     
  -6.1642499939563392E-003  0.32412263157337695      -0.16050755091679880     
  -4.2915819120466683        2.9088902479479044        2.2456907951688119     
   2.2325359268108329        2.1147378151814369       -2.0084200687365450     
   3.8584362225682085      -0.83951810930001303        2.4320488036211816     
   5.2375709383076528E-002  -1.4558351089779716E-003   9.8904629860108090E-002
   2.1273588940119062E-002 -0.21504409600182978       -2.9333291487954882E-002
   3.8116816214318838E-002 -0.19035642581012074      -0.22323440626730867     
  0.28481146730337686        2.8890981887807663       -1.4153159764775018     
 -0.12291072725906189       -4.1340700902724264E-002  -9.9371100126895581E-002
 -0.51901293314298480        3.0523944954042861        4.5109361981760134     
 -0.18473190815128290      -0.12355155438835018        8.3956082014159147E-002
   7.6920455594342865E-002 -0.10922379156673777      -0.13216765026525434     
  0.32542834402913556       -9.3096995439234109E-002 -0.27676226646342594     
  -1.9207210827918260       -2.1435427126862354       0.15208198444881207     
 -0.51716345800041430      -0.15826836761409160        5.5683338317807085E-002
  0.10891075752893693        8.8365346157749824E-002  0.14640379760211225     
   4.4767118654272977       -2.2781297536256364       -1.2394107521960394     
 -0.32271033202787758        2.9102728398188529E-002 -0.76518723559220947     
 -0.14412735120197032      -0.11058320789806678      -0.11872843606744635     
  -4.5311140847551667E-002   5.3444519635571716E-002  -4.4893919147498254E-002
 -0.20676784207898113      -0.16182963577563667      -0.19574567252829800     
 -0.19744029651554951       -5.1539708411978552E-003  -3.1134354749211498E-002
  0.13261475574565387        2.7254441662135949       -1.4391317437486322     
  -3.3881776820971904E-002   2.8457985185652058E-002  -4.9259470549741752E-002
   1.3824245137339430        3.5645657440626688        1.6828109216951632     
  -3.5290147592148653      -0.93097966041794056       0.25139298939930949     
   6.1425426769671727      -0.57706538753212422        3.7969761240731406     
 -0.20201164464479668       -6.2489671807341426E-002 -0.13367163055301923     
  -1.0379466109437634        6.4708075265849567        4.8913584974092359     
 -0.37984551008158046      -0.10716528740588753       -1.2857801624026131E-002
   1.3063681900023050      -0.83357518331942182        5.2599367647724176     
 -0.13503553287593270      -0.17674983317384657       -2.6854002849966287E-002
   1.4800229881619511        3.5763902302551198       0.70355684400646223     
   4.7601083195227059       0.19824979145779659        4.9017102935492449     
   3.6108737312677959        2.3236371323956799      -0.82368895061651937     
  -7.0739778058889202E-002 -0.19184186578149393       -7.6537171531887799E-002
  0.80232580329708203       -1.6853079891684979      -0.60696699472371984     
  -3.0885456640924933      -0.29979307272183814        2.4292023339441737     
  -3.7664805799393091       0.95308176818039358        5.7857914581646144     
   2.3249713343427802        2.8450900201404132       -2.5628085238904199     
   2.7735364562061178        1.3824690563648461       -3.3965463484238851     
 -0.19232562120212851        3.9836649693054588E-002   5.0090089339775920E-002
   4.4906652901939363       -3.7000196253240585        3.3011380686952370     
  -6.7938235807785698       -4.0768144701514437       -8.0440253951590091     
   2.4706860665703401       -1.1591104965527379        2.8266397776551551     
   3.4092041003787275        5.3819390888035449E-003   13.512289722217973     
  -9.2050137025162640E-002  -5.9754296293804722E-002  0.12354518257834714     
 -0.40802938733352995        2.6992175500454497E-002 -0.34180903728373058     
   1.0488929194178964       -4.2987144805875195       -4.9189954789903396     
  -3.1759042283595995E-002  0.28367349828690203      -0.26406349596280787     
 -0.48954212720447166       -3.1353474766219174       0.56652560939887242     
  0.14554229992503251       -5.1421762712611140E-002 -0.17326310688252811     
  0.56313654518392720        5.7118995250291809       -2.9187609937493515     
 -0.13867486063031215      -0.18284424381475922      -0.25164909875963976     
 -0.34773348547448696       0.29955344658740296      -0.12136633262125623     
  -5.5793161229277230E-002 -0.15285724915423068       -9.2252636002894156E-002
   1.5535912843185474E-002 -0.10317866470834722      -0.36164575198308907     
   8.3244532310562308E-002  0.18846002100150683      -0.12036292372111818     
   7.0255224105072733E-002 -0.13275559390913322      -0.16458172510179725     
 -0.42637909801746326       -3.2312591101372079       -1.5497512261352571     
  -3.3246248249366510        1.8832383732092599        1.9859241395735805     
  -2.3020002558414943        6.4594098541455001       -1.8421173776787123     
   5.4467185854952554E-002 -0.39765242451047089      -0.25380527942015613     
 -0.12409645808644945       0.25005831678695550      -0.28005593100283710     
  -2.5258743037966331       -3.4934558922851431        2.6668437071506812     
  -5.5776712953816039E-002  -7.7972850517854325E-002 -0.10146403341647993     
  -7.5265815783999601E-002 -0.15220946069001345      -0.12969009137708185     
  -1.2690322553390474        1.6872348225306972        3.6010291152250593     
   3.5102131596007148E-002 -0.22838190116142648        6.8716114273603066E-002
 -0.43580180095878185        4.2543992853466099E-003  -2.4286603038814147E-002
   2.0198545607862877       0.42592808675199595       -1.2066071931654072     
 -0.10920058907744586        6.1325280497795204E-002  0.15281448157372915     
  -2.5957600150156099       0.24676593729655397        3.0255704856351509     
  0.44681666297545641      -0.67766971463479098       -3.2320744943714348E-002
   1.4572079077062206E-002  -1.5411999059232337      -0.25013254406603952     
  -5.7873430121883986E-002  0.11234043627808581        5.0656894261316060E-002
   4.6343403007201704        31.411273979852233       -13.033849499816572     
  0.53369940413367478      -0.48490587948793484       -1.0004198720936877     
  -2.9759616909246058      -0.55409922059112082        2.4979854406464561     
  -2.8388283801352197E-002  -4.4005366817410206E-002  -7.8301985110994315E-002
  -4.4532063698764093        1.1576991388938096       -2.6500545551740164     
  0.75310857191493763        2.4579356688187324       -1.8726442868661610     
  0.18239370245260736       -6.0975357295212831       0.37248750346446380     
  -3.4196745944185118       0.40608379114748150        1.0170125731611452     
  0.22650151808431684       0.24200447954994697      -0.13281863671683034     
  0.16072808640586458       -3.4445838282982653       0.92254289951938606     
  0.97136788303797561       -6.1457027360187970      -0.13675484520980927     
   3.0382760226217975        3.0548525485589657       -5.2178141720749380     
  -6.9582525274097654E-002 -0.11452563781863066       -9.7353472100790941E-002
 -0.15519195281512041       -1.0205562316860546E-004  -9.8873706034843328E-002
 -0.20382798669959101      -0.19795504298804253      -0.39509658118246915     
  -1.0842613364649303       -1.7615110476771645      -0.15161206574876240     
  -6.0215589793062820       -2.7300023737173764       -3.1338059715303146     
   3.1365363740464995        6.7152345374622149       -3.7386948227165440     
   1.5277773527610556E-002  -7.4919152633169343E-003  -7.4104320486612141E-002
  0.58586428341404295       0.16757898173606914      -0.25570368001290561     
  -1.8614977235088266       0.15526343638158818        1.8548290400458791     
  0.48564115196023550      -0.73036610831991722       0.52596547840840435     
 -0.36651407059339469       0.55242511935435457       0.44888828893340599     
   5.8590177443418234      -0.62271329420571653        7.8594631960534826     
   3.0095374818042260E-002 -0.27667279938360628       -1.3142154662528715E-003
   2.6298898439717444       -3.1854868164969741        2.8305722062737373     
  -8.1316168696491373E-002  -9.5357043334017608E-002   1.8785687640902948E-002
  -3.6681329805491418       0.84435057693220228       -1.5387112397538369     
  -3.8082427498009079       -3.8752407959252779        5.5184616555721657     
  -1.5919968000005238E-002  -9.3897318147814369E-003  -6.0084138670220624E-002
  0.15583466143269400      -0.44046148128782753      -0.14067237058210080     
  0.92573013427482931        1.6373257488335651      -0.85711627332593887     
  -1.3147733843072484       -2.1949047624442866        2.7585465041187045     
  -6.3036895710084487E-002  0.12151737675642105      -0.11622949202953978     
 -0.16289052771966550      -0.19948549807845800      -0.28383092430633189     
 -0.23124473556902972      -0.17762624735541574        7.7219479392436591E-002
   3.9583749791486542       -5.7526117134201256      -0.24081876125804952     
 -0.31340963965650170      -0.31342118935649044       0.20310514353365025     
  -9.5911590944415315E-002  -4.9444297575347781E-002  -2.5614554009154106E-002
  -4.0193364583982712E-002  -9.2553266102750831E-002  -9.0250275495831839E-002
  -7.0299865381049292E-002  -1.9739748203289702E-002 -0.20160269270908737     
  -8.5612527880026101E-002  -9.6657118746011794E-002 -0.29032743610679773     
   3.6292720149063342       -1.7624776755019489       -1.7040563448458519     
  0.57679214579501514       -4.5440749013173223       0.44466524337757773     
 -0.17873913411177769        9.2996883317556345E-002  -4.7260228823774370E-002
  -3.9455252866685711        12.876943695956937       -5.6690593887512453     
  -1.8716869888701708        1.1566851399809590        1.8166338496516627     
 -0.38584986451856085       0.53813298815320443        1.2262836114543837E-002
   2.1486359014826723E-002  0.13037200754852216      -0.16072797479243603     
 -0.14258216890763301        3.6330935924159761E-003 -0.19698214498620062     
 -0.16819301524918481       0.60528888091829769      -0.77629062505805768     
 -0.92304448114288773        4.9722016146433345        1.3531865928342881     
 -0.42974437515489922      -0.31987949418496692      -0.22629828822883888     
   2.9757345483420197E-002 -0.11185268107998175       -7.0796334744790496E-002
   1.4383490030231608E-002  -7.4371246023546597E-002  -3.3659244526776669E-002
  -1.7377482616275977       -1.7541331129463722       -1.3697407151307524     
  0.46272069837809510       -5.3842990340529235      -0.83585413708716627     
   3.4530212002211260       -5.1638545778059717        12.186677403766858     
   4.1132792022051055       -4.6023470757101119       -1.8455307497934821     
  0.17867499055290706       0.39410485539603773      -0.32286922739829577     
  0.23677752451905132        2.5071810874490277       -4.0512177225204811     
  -2.6316084762981817      -0.24472733319912657        1.7420137393041148     
  0.42469726741784913       -4.6613590893903059        2.7737859677751082     
   2.0788381393030959        3.7013996942901350      -0.73116603538917080     
  0.17545448942792138       -7.1304548807829771E-002 -0.20374965528059680     
  -1.4651983177174455        1.3151030994012416      -0.17764733140504391     
   2.3125921408309380       -2.8105654425112885        6.1800130817798458     
  0.22579105521082762      -0.21333412379607453      -0.29113149944525929     
 -0.11117890672574800        1.5603917673232329E-002 -0.34306361546269759     
 -0.14030243059395017        5.0899378459941719E-002 -0.39670331152790411     
  0.24680736322440713      -0.13542627083921555       -6.7874350064548394E-002
   9.9545582033152922E-003  0.47363174703956901      -0.38415032076960864     
  0.17961427423559800       -1.6522477898460473E-002  0.15948342646290539     
   7.7985260322711983E-002 -0.36598018709775948      -0.19613876040676126     
  0.24120272596922943      -0.30751451518028117      -0.51566271786718865     
  0.57997173937204549       -8.6177341100103000        3.6496847347798300     
 -0.26558402098802519        2.5770118632135474E-002 -0.13571929336982971     
  -7.9798273327066488E-002   5.4124127315006730E-002 -0.11357666859660170     
  -3.1454505166185855       -2.7089863751458907       -2.5640762269348740     
  0.59522704482156108       -5.6552233631568929E-002 -0.44718300205305145     
  0.43483351552543847       0.13371954333584968      -0.25888234652762848     
 -0.25069453336137809       -30.333264598042113        16.427259166748019     
  -5.5326810328503950E-002   2.1789978845408699E-002   8.1734047683790612E-002
  -1.1067902945766812      -0.39380949577428420       0.44729268499191988     
 -0.30866355907067489      -0.15505422539548494      -0.35384841983377902     
  -2.6174556795410933       -1.6859117945154478       -2.4673000148026856     
  -3.1614713613141894        1.9659214496636610       0.92691538062068757     
   2.6747134496415161        1.6929024814856415      -0.47018919090438382     
 -0.31098263900305678      -0.16884919694014672      -0.20686040516632226     
  -1.4173820424895853        3.6273595422050269       0.89744975727752307     
  -2.0501234332648859        5.0081601576244150        2.1115103750802851     
 -0.33455856277085466       0.12206243034754677       -1.9322273322295393E-002
 -0.12799695842089184       -9.9468688840172834E-002  -9.0432212790223676E-002
   3.7034104593084742       -1.7157159344227311       -2.2611271064817418     
 -0.23505730056130364        3.4871839519741030E-002 -0.22041402264054927     
   5.6085137418270287E-002   9.7233772582800526E-002 -0.22209608920739990     
 -0.16179133564530748        1.0054272265363939E-002 -0.17164954318672571     
   1.2260673982188887E-002 -0.24837790378085398      -0.13499971399910660     
  -2.1932799669683432        12.846584603633941        6.5702209646828225     
   2.1423742071468112E-002 -0.57393987123177126       -1.6411174732238638E-002
 -0.71347430023144531      -0.99255616170315231       -1.1220703138620005     
   4.1239058366891053        4.2439086430874973       -5.0523076460875407     
 -0.21643839358422404      -0.12544649311311037      -0.13480045069481145     
  0.40018670115975158        30.498454236579672       0.42022481312899612     
  -8.1664799689440654E-002   4.7848725230246927E-002  -2.7194928615118595E-002
  0.55665851310696501      -0.13621969474532281      -0.30624207471533754     
   3.5186796581837476       -3.9126278765969529       -1.3617487950436500     
   4.0645767988737855E-002   6.3632934399140792E-002  -1.7797826882351063E-002
   2.5717325684899328       -2.8011963958300519        1.0237026629021873     
 -0.34394926574291002      -0.67066265996450791       0.66904476116936273     
   1.3071512846652056        2.1977826149586916       -1.7811857710351930     
   2.6248368940954694       -2.0722076799174340       -3.8228913020867847     
