 -0.12874307766863835       0.21183900816698348      -0.12357806681174333     
 -0.13350760610600509        8.1418164834181309E-002  -3.7850039140605030E-002
 -0.13880030282310987      -0.14638873126194549      -0.27652995772973904     
 -0.17797957375928994      -0.11679437158631116      -0.16200958149026190     
 -0.13440636296306835       0.14789773597998410       -9.3736844675373840E-002
  -1.7448691124733441E-002   6.4003453326993434E-002 -0.17889243490173595     
  -3.7595347657585565       -2.0688721162907853       -2.7965316889950027     
 -0.14056554380742917       0.38295016712041646       -1.2605733100229732     
 -0.27555619849369040       -4.9458535371089234E-002 -0.20916466391480340     
   5.2032572927555458       -5.1120497511304963        5.4222111749272637     
  -4.4908588466506937E-002 -0.10365165493230530      -0.14694595518322978     
  -6.4959673101358556E-002   1.1335223861738790E-002   3.2767553016849228E-002
   2.5758755573347787       -4.1672880329478339        3.6257891808623843     
 -0.26049900863959996      -0.25454198094833841       -3.9396820646108464E-002
  0.14480653490238898      -0.50324661883576682      -0.24861388355357350     
   4.3596639263445347        1.6800188620197927        4.5383865876276612     
  -1.8151382470980650       -2.0256898142854745      -0.58032043959221513     
  -1.3363171797480324       0.16351542470484287       -1.5658776503365661     
 -0.74515434482112364       0.96415963616220446       -3.2723225156300932     
   2.9678955509361535       0.46524954527285400        3.8960744528064901     
 -0.34914624747992229        2.4397147459337569        1.9248276931413768     
 -0.94191769151755500      -0.67417668026773203        1.2805821947467533     
 -0.27221107430851293       0.46615247282087324       0.10621952667475190     
  -10.524974033792022        7.6524319296151528       -2.5919084338586709     
   1.2224534828320397      -0.39603754370203181        1.7528533358928438     
   7.1042076307922548E-003 -0.19111474956729643      -0.14870957463564369     
  -2.1860283619138898E-002  -1.2999320102624664E-002 -0.23957157669305607     
 -0.12504069211020843       -2.1732883976415530E-002 -0.18611881333022368     
   1.5567709121355919       -4.1898006886546231      -0.16557495458357099     
 -0.45051206824335616       0.12673966735085809        5.3753825401811749E-002
  0.74834060093390986      -0.63059508893924276        1.1924050547221203     
 -0.11601415817049048        5.8661064695738119E-002  -1.6892275419351215E-002
  -2.4951466305935806       -24.492899377324630       -16.055549598329936     
  -6.6692491324520181E-002   6.1047002187657080E-002 -0.20788456491779861     
  -6.0731558153863503E-002 -0.31187350621505305      -0.10470798591897389     
 -0.65690104545451844        1.1084594502804268       0.28307514375087955     
  0.10288219419501633      -0.64452536046939524      -0.46394999516025009     
 -0.18117071915920641       0.19132177319118074        1.7876611218342983E-002
 -0.10744253054669779      -0.11978912603397987       -2.7183790285548074E-002
   6.4608218549663171E-002   2.9531719980902468E-002  -5.9151287926671167E-002
 -0.32962311791716392       0.31857094760800048       -7.4128983678993371E-002
  0.82766094170990157      -0.35572225002320562      -0.57132771083227429     
 -0.26031111788788325       -7.6348744982894540E-002  -8.8037806716310313E-002
 -0.81464485540918641       -1.0248473692602968      -0.91252253540598272     
   1.8043135128653357E-002  -5.1831473100872986E-003 -0.15190871264179739     
 -0.46770378747022290      -0.96040365497773816      -0.59850150117920431     
  0.13719780643710294       -9.1148662344425035E-002 -0.25124359388002032     
   1.9986582247164396E-002  0.62871423281641625        2.0845177459782996E-002
 -0.26388270979933881       -1.3914344127840816E-003 -0.17958750340211582     
   4.4865797362007669       -3.3595670418444250        3.1884726880023271     
 -0.37203395367993325       -3.8037531930666196E-002   3.4757150748007072E-003
  -1.0131107398176407        3.1100841988914238       0.59348110505200646     
   2.6556728709551402E-002  -7.3025283853551753E-002 -0.12003054930846166     
  0.93659817106462262        1.3859573219068113      -0.23386525430626329     
 -0.37903609739174915       0.14149489902939241      -0.25773975878407412     
 -0.26635994047457578       0.48583985928564888      -0.16485090763834617     
  -7.1712357445970307E-002 -0.43122794360225497       -9.9010699322507958E-002
  0.87287406641592957        3.8560341839056336       -2.1257337917228876     
  -6.7694332523320022E-002 -0.11544289268815995        1.8188151335111020E-003
 -0.18587021603025269        1.4851774811928849E-002 -0.11973794721247126     
  -6.1787969970096147E-002 -0.54667942422396010      -0.15575533124972737     
  -4.3699904419758011E-002  -9.4478536275909228E-002 -0.20397233159325831     
  -6.1026510291619186E-002 -0.23376120623925067       0.13297839597812253     
  -1.5023551267722086        1.4211466573878231        2.1467495912695075E-002
  0.14806354469627162        1.6247837000595784      -0.52737911439775220     
  0.20697664592928802      -0.13951662157411363      -0.13917474316483000     
 -0.15178129389364498        7.2059547153322939E-002  -2.4142715375790242E-003
 -0.20341735367824429      -0.54211946162148517      -0.20235762841756197     
  0.11590291823462404      -0.25705766046738715      -0.21869985103134842     
  -3.3882515612816984       -1.4309239407948353       0.37895176433039102     
 -0.21169875263447768       -8.8097816595760037        3.4236155597096407     
 -0.17074611429206729      -0.14935545569887954      -0.17809633046767004     
   2.6939839563128190       -4.5681700593216341       -2.6725165803915978     
  -6.3865075386283665E-002   8.5342555494624314E-002  -4.7857459493082719E-002
 -0.17851022084644499       0.19805061114016673        4.1698985135872084E-003
 -0.18087119381986605        6.0280109677676039E-002  0.10029003308411226     
  -8.6935465828856126E-002   3.1739302991615391E-002 -0.18408998729033602     
  -7.5939387056325386E-002  -9.7396513638034032E-002 -0.12905619510576860     
  0.14814398743212809      -0.39868058975536991       -1.7037286122297012E-003
   4.3441603823994236E-002  -8.6731861338880445E-002  0.14390739725785204     
  -1.0881206681139119       -2.5075216549041710      -0.70060744245651152     
  -1.6370188887019888      -0.96465737521016381        1.4851051708639891     
  -4.9632812562739256E-002   5.9118205724459236E-002 -0.12583023715465486     
 -0.19299860189686088      -0.87894757231741727      -0.60792660336062465     
  0.64033796528520126       -1.3940185594086756        4.9923921391073108E-003
   1.6073942386069975      -0.68119507514609901       -4.8226540096719317     
   2.1412945458775594       -5.1799614562186509      -0.90790793928172142     
 -0.27707593354753401      -0.13918145650765432      -0.16063989603178655     
 -0.88624044220006015       -3.7398772707734071       0.49240929560997915     
  -2.5887916273386722       -1.2381137888566638       -2.8951434230369162     
   1.5015552464534092E-003  0.18923140586765633      -0.15125935921480488     
 -0.10810252717947123      -0.42975779248152085       -4.1795712675595176E-002
   3.8348084825829389E-002  -5.7371543756208940E-002 -0.16270636520091725     
 -0.11030417554651829       0.15090953622330530       -9.8034175918474922E-002
 -0.19300405201374640      -0.28718886749618383      -0.17841072444002989     
 -0.15342746801070958       -5.6451672111613865E-002 -0.18144595593513710     
  -6.0752496302014361E-002   9.7945361054687548E-003  -1.8485510546001942E-002
  -9.0179020910334182E-002 -0.12363522938593878       -8.9908757489471774E-002
  0.31905366320333090        3.5249033992515013        3.4977079253086201     
 -0.17562332753230842        5.7619054237337132E-002 -0.17105678611982014     
   1.4908520131272827       -2.7324261128963756        1.3780990184786546     
  -9.9753157652883062E-002 -0.13358769483940464      -0.29791423905076020     
   1.6379574958344119       -1.5658002980719936      -0.99481549830721139     
 -0.51448952600864306        1.0696888989917859       0.35464392511794374     
  -4.2973490757181113E-002   2.3781422816293189E-002 -0.18369255741891205     
  -1.5189682597653889        2.1662303969004024       0.95302085422773375     
 -0.27668710684004272       0.41876025726705174      -0.44494755756987914     
  0.18923086381613219       0.20854018645350944      -0.43096565088978861     
   5.1084452294018465E-002 -0.10206978874718167       -8.6246278621752950E-002
   1.2829277560215484        3.1966556393693373       -1.1372260790498829     
 -0.98292447647226566       0.22580360147491171      -0.13181001376899126     
 -0.21689333863860197       0.28595376228396802       0.16223274396224055     
  -1.4435191303690654E-002 -0.11937060545794204       -5.5830381930072157E-002
  -2.5400381933846115      -0.15838398770003548       -1.4793047695446275     
 -0.45470936847596310       0.34079039263727856       -8.3683196018947692E-002
  0.53510960327502211      -0.61989727314998300      -0.10500912586891044     
  0.46196307340356485       -1.1613198296161322        2.4342566228727205     
  -3.4261519123266471E-002  -1.2743995375257604E-002   5.8872493528760936E-002
 -0.16718553646870202      -0.26988531375701097      -0.24281813448954120     
   2.5554710089902479       -1.4938359622376551        4.5831749363532612     
  -9.1090105850795786E-002  0.21423443810853807       -5.0752001405932438E-002
 -0.18814526245660698      -0.12414873964351447        9.5570537316335802E-002
  0.10122864536900159        6.7961267559397950E-002 -0.20071960565545358     
   9.0818409393636751E-002   2.3295796025655246E-002 -0.41509624471100620     
  -5.3308100644441492        5.3417356907316282        7.4862299898713758     
 -0.14415637509250931       -3.2579331229791009E-002 -0.20317432197742152     
  -1.1560995406638048       -1.5921799406983297       -1.3248417072759884     
 -0.19716385158461427       0.20598464983101655       0.13899913402199288     
   1.2858669730606096        3.2947930963760901       -1.3277222092732577     
  0.28669950147755030       0.29697992447822386       0.14372620688339136     
 -0.87827027905504185        3.7581875251181533      -0.62103730881216879     
 -0.86975197224834233        3.3399198690957710       0.52104363690341071     
 -0.27212640821491463       -1.1883347054653074E-002 -0.21619993058622899     
   4.9085003256960098        1.9547920041569928       -1.9626011813459265     
 -0.33951153239924764       -3.1031221464460110E-002   7.6725189734757920E-002
 -0.30930342430794971      -0.54085608130541218       0.18397630902770201     
 -0.11360875780838506       -6.0902262642481324E-002 -0.11670105780281256     
   4.8268417343460559        1.6983586149999435       -2.0358799540401820     
  -1.1297980459166400E-002  -9.8545678513224891E-002 -0.18820167573056681     
  -6.5899103041832496E-002 -0.20902532221266873        8.1930948429943987E-002
  0.20503635284300220      -0.18497059438266772      -0.20840816371584717     
 -0.15055391137082427      -0.21002364139612539       -4.4498882714617244E-002
   1.2858152183625652E-002 -0.12743181557080688      -0.11809565282078917     
 -0.22078322412539134       -4.6257376618796843E-002   5.3252907625911408E-002
   2.3274547273740143       -5.5982502624485804        1.9368832187103404     
 -0.36767946666519685      -0.14342734219921371      -0.10735412949882737     
   2.1437387228803275       -1.9223258261105194       -3.6111223671495414     
  -8.4533615363214867E-002   1.7322424793117061E-002  -9.9000192225065051E-002
 -0.71158209796604288        1.5701565768020433       0.52741628217357162     
  -4.6596235788486942       0.29593733923483007        5.2304399320105555     
  -6.8355191743456528E-002 -0.24109572398383453      -0.33324407880117929     
 -0.82703023939667697        2.1843896010100359       -3.3356925143060363     
 -0.32161679008028216       -2.1675602233064042E-002  -2.3042011871439234E-002
 -0.25050951232293528        1.5247035472385928E-002 -0.13184821392043433     
   4.8969231092686111E-002 -0.17656905745754217      -0.23848381324680681     
   3.8112453293812893       -6.1092327208447691E-002   2.7103860609095984     
 -0.10131992168614548      -0.40447926648081783        4.1859151105252790E-002
 -0.49701091410743065       -4.3314173644745475        2.3060395955865700     
  -1.8386056793912653        5.4521594560030309        4.9828117460332404     
 -0.38761715152474263        5.2675403691317166E-002   3.9699405329280520E-002
 -0.23907092817248965       0.28775824548117734       -2.1651294738827483E-002
   3.8129659179242625      -0.72742217874807980        2.7844925489949461     
   1.2901082307971330       -1.9029044104890636       -2.1347998516940994     
  0.21956018263172045       -2.3061272966005100      -0.16221372774363105     
  0.22398525459861612      -0.18241812105057359       -8.1359231870852824E-002
 -0.32564174955965347       0.28078661698586616       -7.5228854074822618E-002
  0.57917938090048271      -0.60340053328855980      -0.79795422714818509     
 -0.15015021013244001        9.6551314414000389E-002  0.10035629897869756     
  -7.0499494157542766E-002 -0.14389283115241508      -0.12414087050944508     
  -6.4634241398761824E-002  -9.1192561832066810E-002 -0.15049003414171799     
   2.4932355211983039       -4.2553902577597844        3.6997810956358737     
  -9.2511380204550173E-002 -0.36996065811810286       -6.7203359676644259E-002
  -2.8562336452532411       0.44270054796256669        3.6673874335055685     
  -1.0023698983362397        3.0121129481669113      -0.62549464255835086     
  -6.6567762578308379E-003 -0.55893087248301554       -7.0346206413863480E-002
   9.7775186812136344E-002 -0.17876877203924019      -0.42797924385975250     
  -5.7478720741747098E-002 -0.11629210059862065       -2.0549186817269940E-002
 -0.41400192125127722       -2.6412918703037469E-002  -7.7020846126454143E-002
  -7.2742508649103428      -0.21486863478690607        1.6472719245150060     
 -0.13948099328640681        3.7005612081635254E-002 -0.13050601397555256     
  -6.6686315167664170E-002   6.5239057726070901E-002 -0.14137329707435156     
 -0.29401049944366547       -2.3415820453284348E-002 -0.20688116394883188     
 -0.73686444764422410      -0.45856104857131624      -0.70758072850992004     
 -0.10943707697157931       -7.2594364800760189E-002  -5.0617661846209971E-002
  -4.7919614389231688E-002  0.11010455217208706       -9.6497882132246526E-002
   9.8466750358047875E-002  -2.6118867351218347E-002 -0.12791770217358361     
   1.1744486539541075        2.7814580427925808        4.2733266785336319     
  -9.2471791641107817E-002  -8.1433673437159862E-002 -0.31920157507855357     
   2.1740128937229741        3.2889910835797540        3.7192234843954761     
  0.18975384933505010       -5.5026803820723738E-002 -0.51493194672457365     
 -0.10391412348752072       0.19128464918329754      -0.18917109383307590     
  0.39968295429689593        4.1883424315299189       -1.1501673134463044     
  -7.6047766449191354E-002  -5.6996166495833056E-002 -0.19906257478735598     
   1.3857023904468831E-002 -0.20142924460997541       -2.4881317301150188E-002
   5.9297143540289185E-002  0.18285288888655732      -0.20559033867715004     
 -0.17834594323037700      -0.10314499939087823       0.30936265468792240     
  -7.6130975906409812E-002  -2.6833258689762842        1.0030145686152066E-002
  -5.6039008426152753E-002  -3.5857441087010777E-002 -0.29439706517197683     
 -0.35549860173890052       -1.3545835317267729        1.6960984784656667     
   11.563808407227826        2.2383704298035116       -33.283845739964036     
  0.18491945826755607        4.7999038417731335        1.6708595860740811     
  0.23183829293705022       0.67562765465023877      -0.15500748332554731     
 -0.12805065305686525       -1.1705873890295613       0.35649238015748191     
  0.48449881457433819        1.8378776392685887        1.2786885927500811     
   2.1350226888575090       -2.6811338051987446        1.9405892760942387     
  -2.0467312703030930E-002   6.6549235085863884E-002  -2.9050264509149732E-002
  0.83783996914190462      -0.54789877093401107       0.76276863197958511     
  0.21561293586547622       -4.5257745532677363E-002 -0.13992637079387665     
 -0.14088775901527439        5.3026187538832925E-002 -0.30020118658143197     
 -0.11703729412751386       0.18693690440934607        3.7616120442070300E-002
   1.8366241691121858       0.97003001497965358       -1.2911412809062508     
  -9.9146968655403960        8.0018342238376334       -4.5293924251833619     
  -6.1649394460094764E-002  -1.4771725355485910      -0.28983304821310690     
  0.23031868277933129        3.6822509914630604E-002 -0.24817523189994117     
  -8.6216239743137871E-002 -0.27991090538314445       -9.1918659952667361E-002
  -1.9431782917580418       -3.2547706925397342        4.0077954401549425     
  -1.0394160908314691       0.68763213634915299      -0.96658570602655258     
   3.4964349784229513E-002 -0.13426033636398602      -0.28904575149814837     
 -0.51039030814134267       0.16713400968933881       0.39412108835901782     
   2.6442279449195807       -3.0383545283756739       0.86131751231464115     
  0.79406640996216271       -3.0131469591717512      -0.82470709816183085     
   3.1023677225527013        1.2086465205058214       -2.6103753037010957     
 -0.30309573191179812      -0.55222852308187287      -0.78315823268108453     
   9.3696145992166413E-002  0.18849908551202960      -0.16651868552763482     
  -2.6420152258987781       -2.9559207576664388       -5.6912708806227004     
  -6.5984520481479764E-002 -0.20295875457595872       -4.3939832804290167E-002
   1.1884410764080113       -2.9996379585813973       -1.4363133717352023     
   4.8126043253691346E-002  -3.3484411601230821E-002  -7.2861224212662995E-003
  0.19745595086130394      -0.18422779353579874      -0.14105359442093596     
  -1.2107496989831799E-002 -0.54185841939809976       -7.5717657357219373E-002
 -0.30119658393023474       0.20627686796595637       -9.0577450883431873E-002
  -7.3531648808532662E-002  -7.6086548557468256E-002 -0.31629163924496512     
   2.1433318889546107        5.5557966682482842        1.1168363439269149     
 -0.10870350617417671       -6.5451402585633353E-002 -0.15250543309646120     
   4.1476007691204231       -1.1946598719906507       -1.9298755214658694     
 -0.18493833451214289        2.5715736505045449E-002   7.9064479249962322E-002
 -0.28394252043714319       0.12323016907673459      -0.16423992320548067     
  -7.0184418453698966E-002   6.0634110695291954E-002 -0.14105936029151828     
  -6.6286837595088285E-002 -0.17295208652366889      -0.12467093799259575     
 -0.22027847011158094      -0.11086127694380923        1.0672199048510241E-002
 -0.22200321887289043       -3.6496352751259502E-002 -0.17695263717759419     
 -0.18825992201375003       0.19348859216401543       -1.2813112319715159E-002
  -5.6097675787624056E-002   1.9421648947176207        1.4065618606559724     
 -0.11740173037547523       -8.6578659505600036E-002  -7.1051804132396992E-002
 -0.42944657767712124       0.10501307040458151      -0.39806831536632387     
  0.79048430043362050       -1.5141826457163632       -1.0081920075343809     
  -9.9373216413147447E-002  0.15483595573138809       -4.1832904405936913E-002
 -0.11012348227761912       -2.2587392420664668E-004  -7.5458535643955826E-002
 -0.20400662954719043      -0.53614639757566140      -0.11481739023500885     
  0.35284387928842043       0.14198455993751988      -0.20057397177680045     
  -7.7021475521850055E-002   4.5110692440386110E-002 -0.16262994649697290     
   1.4282337440655320E-002  0.12338349652590216       0.24883666027420803     
  -7.6222739649879884E-002 -0.12201265937505346       -7.4044682890384114E-002
 -0.13989719603020978      -0.13536529710611858      -0.12374282562259445     
 -0.26788129588002979      -0.31079058995455333       -6.8288599203242706E-002
  -8.3658463798155586E-002  -2.1016402133079294E-002 -0.24301644136463499     
  -15.528776956257270       -15.260483332085279       -26.455270416735374     
 -0.98058152829416145       -4.7193736999859972        2.9723903556384692     
 -0.26973725407655191       -1.2959581693601940      -0.51712468391833977     
  -6.8169870799792268E-002 -0.15157560294297093      -0.23180395796560888     
   2.0533800367103155E-002 -0.30033246847320016       0.52319451607018996     
   3.9158972611868124       -1.5432179711098053        1.1621034257755594     
 -0.26074127079787696        3.9139348371604134E-002   5.5181280930398612E-002
   3.6279741984670023E-002  0.38127991042172549       0.13490148404959032     
  -9.5527591743156975E-002 -0.13403299755842715      -0.24359624686633646     
  0.20977492288435209        2.5480421340991839       -1.0062734609969548     
   6.7831287667580259E-002  0.29512498195369241      -0.16564517830610484     
   1.0711187643944664        2.0335468078985985       -2.3469544577658903     
 -0.20990785526788996       0.20242453849112499      -0.31842577280257051     
  -6.8945902558319533E-002  -2.9606950852272242E-002 -0.18786800172410703     
  0.35582774141764251        2.6986346504622589       -5.3490551568383955     
  -1.1259953801588314       0.67009535417022625        1.0022363025745136     
 -0.54703945047303659      -0.22012128346844978       -2.9771019361031374E-002
  0.15467598720951398      -0.10135130420442311      -0.31149281038097509     
 -0.50427419581755484      -0.20510649807181031       0.17305780946342328     
 -0.30587376240790526       -5.9429141835209254E-002 -0.12828244015514023     
   2.6732010874014063        1.9610263204762564       -2.3246275601912019     
  0.68917448262756509       -2.7882379063868026      -0.20098571135374951     
 -0.53419401672624922       -1.1855783389431458      -0.48443470884697359     
 -0.23033274982018337       -1.2568133297467959E-002 -0.12407346377054586     
  -2.0451572902959665       -2.6523076266768819      -0.66171380095640031     
 -0.32989893432016287       0.11632830277283861      -0.14612832636066772     
  0.27242435230547740      -0.22837402327021611      -0.47557900113899498     
 -0.19378486392614605        9.9112396335017033E-002 -0.52888857978559334     
  -4.7365131880489651E-002  -7.8681402435849992E-002 -0.14615474232341880     
  -6.2620165179242349E-002 -0.17647373724814108      -0.30120514313173102     
 -0.25079803389021843       0.23018388878627333      -0.47383096536056657     
  -3.4837930786166073E-002 -0.11405755779843522      -0.16337262685540963     
 -0.96826091875410314        1.4789310317716520       0.88671510187431057     
   4.7025141173139060       -1.5356455894131871E-002   1.8467099801709843     
   4.2485610628236623       -3.8299781004719908        1.5540567768820004     
  -6.2325068253840724E-002 -0.13884926628195346      -0.12718079883314637     
  -8.7860735269655960E-002  -5.0016781185111971E-002 -0.20065621192123284     
   2.3007927363428946        2.6847592711220902      -0.42579425497754941     
 -0.19614486709682696      -0.22627286551493866      -0.87569250497802908     
 -0.36194711335986207       0.26178775561732293        2.1366883250310664E-002
   1.7626163814142584       -1.5086352530217821       -1.5064571683585031     
  -2.7336555005917669        2.1215715358766949        2.2254332262122802     
  -9.3720451824672826E-002   3.6476704878106704E-002 -0.11304558236215830     
 -0.23637093614136448       0.20848701405492764       0.11069763055093065     
  -4.8844638456005833E-002  -8.4636508239608693E-002  0.14164666773241080     
   7.0356668837613948E-002  -3.8160630001687723        2.3522666166826753     
 -0.23504233974399683       -9.1314648882325433E-002  -4.5203453343191487E-002
   1.5440047235316931E-002   4.6762541624713369E-002 -0.18905246344410379     
 -0.24974054735046744       0.40486392894015760       -8.9407081280846692E-002
  -1.5180503953112627E-002 -0.10014592634646510       -5.8705832882275637E-003
   6.9914000627183448E-002 -0.10015748456356864      -0.12429126695279570     
   6.0434509355609816       -1.4817408837448511       -1.4693333014047467     
  -3.2735307452464530       0.51695575040107389       0.79878144440796606     
 -0.11556358012891559        6.6093553566818454E-003 -0.13047566752810116     
  0.98230856786701304       -4.7043781429166707       -1.4140068757523354     
  -2.2163985305649107E-002  0.23583555544505111      -0.39303816992069657     
   1.0501658000126084       -1.1747795885941630        3.4415943011888088     
 -0.13463233252255452      -0.18074443845360569       -7.0702721575744018E-002
 -0.13556375183376526       -1.7258503972242253E-002 -0.27527853717107847     
 -0.30768800796948881        5.6124292802212850       -5.2745464882165249E-002
  -1.8935708792877608        2.3477262553351737      -0.62387002239459843     
  -2.5659023841289481      -0.51929193007165630        2.0422595068261349     
   3.4753711984321325       -1.9340749551232157        2.8824398994438303     
 -0.14788202582606333       -1.7573729915150111      -0.15418971966454570     
 -0.10704828549618400      -0.15095455335039454       -4.1337006907048925E-002
  -2.1546166446614907E-002  -4.4893107724325226E-002 -0.18606703268374108     
   2.1752197229374275        4.6913826878826121        1.0647434262329891     
   1.0020269957112633        5.0206206329795160       -1.8723927722009017     
 -0.73212869273500347        1.8316895181925328       -2.6786316495001947E-002
 -0.15344411140362774        1.9767615860189464E-002 -0.19989053712457641     
   9.0328248715509610E-002 -0.18481429553656512      -0.27026579410683915     
   9.2641396454464147       -9.3883184023607917        6.0012737176653630     
  -8.3888365460804568E-002 -0.25551464858742196      -0.17811173002818168     
  -2.3693814009733889       -2.9163846292088795       -2.2817171154717286     
  -8.4382426787996359E-002 -0.47153758682558244       -4.6793562153860276E-002
  -1.2457102378523324       -3.8774700175933354      -0.85668089556797000     
 -0.26552356760949197      -0.73100749850916646       -1.1916019380039904     
  -2.8468873073384868        4.1486377860433565        4.5365436951048457     
   1.9098474737097835E-002   3.1338560866330371E-003 -0.21566909787657998     
  0.11903820551485744       0.18201701043979451      -0.34395120150579533     
  -2.9948713264271434       -4.6428471790712305      -0.42460300072707735     
  -1.9415782964757953        4.4431469869618798        2.3552513125428085     
  -4.8049883670302079E-003  0.22356845620571064       -8.7762308781455425E-002
  -1.6939528106592183       0.11809539857333547       -2.9617242711328782     
   1.1213767297759516        2.5795049899003870       0.90605695249379903     
  -2.3195094029251822       -1.1153594359789687       -1.8025897926437098     
 -0.10492805621458816      -0.20479215016622715       -7.0758536193815669E-002
  -9.9057229911924995       -8.7400585683026897        1.4872788745801961     
  -4.5876507917906997       -6.5054139388854439       0.35824132267353570     
 -0.29432811311366719        1.1594036017117120        8.0231485078495243E-002
   2.2335584975195988       -1.3048405311697591       -1.5314975532920361     
  -1.1359456673611434        3.0957064792639470        1.2197021895310007     
   4.9648123369779276       0.28762053561814438       -3.7651202172754989     
 -0.38790373016852137      -0.22398596275105281      -0.24857835497455089     
   5.1433496491458805E-003  0.28028484952613364       0.55978686195593941     
 -0.46208594366826933       -2.4828691021037712       0.40311414380081406     
   1.6501952184189494E-002 -0.17479193404030605      -0.10880907322031333     
  0.49186956791938752       -6.1598740690589349        1.7457132407864175     
 -0.40223925705885410        7.4640378998845569E-002  -5.1522860986895548E-002
  0.42205505348073946       -3.5343836050222994      -0.32478084965897713     
 -0.29022454619320492       0.21836949971157418       -7.8266359687489309E-002
  -4.3411520805128855E-002  0.12311258585341592      -0.16487500876022368     
 -0.16415198550830426      -0.23340085842817307       -5.2775664525154121E-002
   6.6068989151579841E-002 -0.38761028970151029      -0.13113202303085048     
  0.22549762981938581      -0.50582177132478789       0.18238929317017682     
 -0.53389819989057186       0.11607857619054125       -5.4400442490430134E-002
 -0.27344499118571008       -1.8132449494757966E-002 -0.21621337248636011     
  -6.6387130289832980E-002   1.9928675064732233E-002 -0.11180163832701004     
 -0.48518128626200996       0.22891293527261647        1.7869626696704808     
   1.2651249145328201       -1.6508177343785850       -4.9894330825929165     
   9.6062552665653281E-003 -0.12527336819648088      -0.19557059125755843     
 -0.22630253065400732      -0.40022257796654709       -7.8862428105041529E-002
  -1.1380962426703809E-002  -2.5220556297978720E-002 -0.39993552919836528     
   2.5792659467108986E-002 -0.36255395826087927        4.8071577510227954E-003
 -0.37164131948146811       0.22419213237239927       -9.4818625790564465E-002
   17.137295252177861       -2.6721204297591834       -8.4060947878006278     
  -1.9302592020287233       -3.4598997463293033      -0.94337798667031736     
  -6.2675140927481721E-002 -0.22699881912692438      -0.21581551121748707     
 -0.13764949711479274       0.86473745373623112      -0.27974122871910373     
   4.4142876626843703      -0.70660051929764267        2.9011314605403036     
   2.7252872037922540        1.2054583417090996       -3.4945135863483783     
   2.3407705090594644        1.5726282583778519       -2.8514132859781482     
  0.12318082756309665        6.6557033684032915E-002  0.33178069571454222     
   2.9711168231187224        2.9735781474794236       -3.5020267684817719     
 -0.91331429498001315       -2.0375911088743011        1.7303823683680261E-002
 -0.12008369843636016      -0.34129596134814622       -9.0470746094816215E-002
 -0.39080503459389937       0.11838861584197556        8.5509898779563241E-003
 -0.22880359096005309        6.3170866542312729E-002 -0.23535032228169847     
  -8.8984672720131941E-002  -3.5195467636260254E-002 -0.53361736789690528     
 -0.13632895640678833       -8.3117852711191934E-003 -0.37111917397526717     
   4.4322584014111772        4.8469823397552791E-002   4.1749374596384499     
   4.0093030266410194E-002   8.9319748480437500E-002 -0.10482139628471608     
  -3.0938619881994639E-003 -0.11872568413531989      -0.21366361813164020     
  -2.5697276935238000E-002  0.39874464014674427        1.0659249081681992     
  -1.6589980119043100        18.280270497953307        10.938564353778714     
   3.2357767497093300E-002   9.9921215588115106E-002 -0.20299012362730112     
  -1.1583401088382304        6.2220065239893957E-002  -4.3321902813443227     
  -1.4440589703612572        3.2375766740793201       0.77365371592299659     
  -2.7576404989898577        1.5758148034036108        1.5804687960677544     
   2.8493808439865941E-002  -4.9604841544111718E-002  0.11303445121718757     
 -0.18791548499036226      -0.12170758783098078      -0.15970287280207815     
 -0.24700441669120851       0.13045962191424232       -9.0840211133655951E-002
  -6.7020435653151376       -3.9670138540182047       0.74516587716319549     
   6.4144865400463779E-003  -1.5847647907887563E-002 -0.19815632545284487     
 -0.62786899732614998       0.12183403212333735       -8.9475623350402531E-002
   5.3221668206530328        1.2285072367389973       -2.9247919386929464     
   5.1756044635419842       0.95475067958210724       -3.4571312602874671     
 -0.13940661841562643       0.28608108745676791        1.7137741021929099E-002
 -0.17261183948598394        5.3877681173700370E-002 -0.16981806646250899     
   4.0158917942842960       -5.0529176750833829       0.67149989295902046     
  -4.2860670712580595E-002   2.4273647111416687E-002 -0.14691322218663472     
  -4.8244176959777807      -0.84553967847293798       -1.5062962871701768     
  -4.8108720694532744E-002  -3.2637658941183881E-002 -0.25018320696998053     
 -0.18008473793231242       -1.4187064505061475       -9.4217947838904817E-002
  -1.3078103833317394       -2.7821499175736615       -2.6826263400371606     
   4.2370093665009212E-002  0.24893037480203323      -0.15752282207979029     
  -3.0145851355441882       -3.3330203613215446        5.6718986638635114     
 -0.11178075475427103       0.21675869266546241       -4.8675521416033096E-002
 -0.59723520151039178        1.4163997694133554       -1.0610596314038099     
   2.6246111139095122E-003   1.8128227117543486E-002 -0.11321463682517856     
  0.11314099624913179       0.33446809470945082       -3.6587967176910152E-002
  -4.4991560932934664      -0.49979490524587483       0.11307597923199111     
   3.1481469712302347E-002  0.19240584497003624      -0.25240354349768895     
  -2.6995921036850175       -1.2154255327971690        4.4900148192839469     
 -0.40231025773965595        1.2719801932410484        1.3577315857673722     
 -0.23587289872937145       0.26062464361028237      -0.17014497744680124     
   16.925509750141483        19.518928648038084        26.802646989008366     
   1.0385872156920837       -2.1369071464492868       -1.5067385495217511     
 -0.20700006320302308       0.19851113351113991      -0.10789387085928562     
 -0.13897233824788924      -0.20629035380562794      -0.12831679375219962     
   1.6651458992029808       -3.1831549322214818      -0.97904239726572007     
  0.50824951330680290      -0.68124598864021790       0.14912538587232316     
 -0.10286276458788299      -0.11929258753018782      -0.30916011077856664     
   1.4241498417764915        5.7240129503011881       0.30683853668075678     
  -2.1350868458815051       0.21167918224527174        2.4492715729465813     
   2.2935975705191405       -5.1267458213380408        3.2426109463056036     
  -2.8976302451834099        3.5853730289032377       0.24336092986237365     
 -0.24991080112170722       0.14997898367325574      -0.12979655647692029     
 -0.70263525275966954       0.86603315512090329      -0.45534840878205629     
   2.3704831814110323E-002 -0.24023408467690041       -9.8747955759938930E-002
 -0.22341031701337857       -3.3380312345822803E-002 -0.17985946716242723     
  0.23219188255750520      -0.70032226110698892      -0.47434996960054615     
  -1.9387144584705942E-002  -2.4267123120200643E-002  -8.2368057507274384E-002
 -0.14220801501988339      -0.14658392379329768      -0.13610504613281424     
   2.0785997409943509       0.71892833866210681       -2.6120120535970672     
  0.50616749751218293      -0.17966606585050707      -0.40530215376559664     
 -0.86584841058817130        3.7502509974597169        2.4811206266028210     
  -5.2437115195417258E-002 -0.18239526861277494      -0.14166028592418983     
  -1.2781107509908352       -1.8891577784894407       -3.5298601296803532E-002
  -4.6783969815084525       0.26168441609626747        3.9433370420767804     
  -7.3121128071960653E-002  0.85546587628073256      -0.45477320939920723     
 -0.22913165352252615        4.0023187605037563E-002 -0.23035796167957284     
  -5.9317704426154694E-002   9.0220196447197074E-002 -0.36828211076345047     
  -3.0266203613023325E-002 -0.21901552423294557      -0.24523677496558233     
  -9.6584474016449429E-002  -5.0223774535777130E-002  -7.3407961229538521E-002
  0.91829857894659939       0.74931928418909211        2.9099561517460799     
   1.7535141616396153        4.1081334088375252       -1.8895827736231272     
   2.3862725844661235E-002 -0.28821319234490178       0.14309514077522703     
  0.45045599649007256       -2.1994325515076198      -0.50236085529189534     
   8.4585992446463712E-002 -0.20345171723293515       -3.4291643997972935E-003
  -4.8331620269718961E-002   9.2919082875653022E-002  -1.8881498754190124E-002
 -0.44008153532932637       -2.3194577506133656        2.9464463362384041     
 -0.10531640258433976      -0.11220136776733698       -9.8458553060003826E-002
   3.9911920603383044      -0.79794239303601211        3.4849816523824497     
 -0.12272177403445535      -0.20174053005395973       -5.6100079303617920E-002
 -0.21624571412815288       -4.7182838139226982E-002  -2.1690903927627223E-002
 -0.38645580949984154       -2.8022511347944037        1.3757716035769301     
  -6.0845144765712962E-002   1.2065106694189063E-002 -0.16928654396358020     
  -6.0736656438600489E-002   2.1602258697387740E-003  -8.2027126312598786E-002
 -0.12061258977219742      -0.35155232786406831      -0.42865000730794345     
  0.76380130421659764        5.1658621531605560        3.6435273315399344     
 -0.10147539295601531       -3.9750494664148435E-002   7.3822759892494469E-002
  0.87084947936732682        1.9139221965583562      -0.16606526552412221     
  0.87919722663137501       -1.5284457058573286      -0.46153173941005826     
   4.8309721764502758        1.5532307018468634       -2.3816008954884671     
   1.2022496073736781        4.5947799799321327       -1.9769924094324840     
 -0.88894914228737620        6.4202472761967142       -4.8555831310692614     
   6.8408567180615637E-002   5.7196857282246945E-002 -0.26991798184474092     
   3.0589059269567920        2.9285859506896421       -3.4753087651755381     
 -0.12996912501901445      -0.31419221833723993       -5.5378995689181823E-002
  -2.1206167068755581        3.2299053106797957        1.7857909498184474     
 -0.11118274748388392       -1.2431721326562346E-002 -0.44639520718269421     
  0.10165005745620867      -0.26669499999009738        4.1101093310673326E-002
 -0.12257766826265275        7.3094584541031987E-002 -0.22446073077787285     
  -1.5724069652942012        2.7831112172949939        1.3255113769644498     
  -6.4475036585644727E-002  0.14392839068237584      -0.10821073909833105     
  -3.9166005602675802      -0.58147670767499737        2.6534418582873731     
  -5.4413431573021268E-002  -6.8104396015930295E-003 -0.14391951041978551     
  -8.7983793127570972E-002  -5.9976137889715314E-002  -3.5929283331487670E-002
 -0.36143353309145093       -1.3610592976406173       -4.5248975299290350     
  -2.3860374112028904       0.57338166131293467        1.0838030455458780     
 -0.20994401486902267      -0.24445282150388226       -9.9868727744303248E-002
   9.1316042746061900E-003  -9.1615301432044688E-002   3.3102247900893894E-003
  -3.9000414794756362E-002  0.12977391023190521       0.13496883731838549     
  -1.5658023278156405        1.9041673288206067        3.0860217303946169     
  0.10444864434031997        5.4192907194284858E-002 -0.18768071418238172     
   3.0031468589740141E-002  -2.8787290361573424E-002 -0.11706693598283141     
  -3.1679714247092830E-002  -8.6398540152883702E-002 -0.17842943356889054     
 -0.13125358546778149      -0.22192436424239900       0.15504452164505839     
   3.5222425025309505      -0.61608925625232625        1.9610756137144911     
  -5.0850158462999777E-002 -0.20066953676876076      -0.33134243749218251     
  -7.0839727624902690E-002 -0.21652504270921794      -0.11320180901236021     
 -0.15354427209865426       0.75908207329735022       0.22501698364164002     
   7.1393836414770942E-002  0.16606617478244565      -0.23409731670721903     
   1.3236188477522106        2.9937665698110205      -0.72552770015322599     
   2.7222790190467872        1.1921012332497123      -0.91936715366828869     
 -0.15458181077253141        6.7749381930459346E-002  -3.5570488637145501E-003
  -3.7172272620760352E-002   1.2652932674503532E-002 -0.15535638164370139     
   2.0327066062886652       -3.0734957550369280        1.0870255598094001     
   3.7106513541511565E-002   2.4266082394698737E-002  -7.5071172121352586E-002
 -0.83074679603851365        1.7012880183378551       -6.4625098191511146E-002
 -0.75522954107912832        2.5777150272265548       -1.1363402274040912     
  0.75622430353788372        3.6354093555651192       -1.1700593705191735     
  -9.0351894184604431E-002 -0.20829590218752950      -0.30976284363192075     
   2.9653301140347423       -1.4614920796380027        5.3694988550467233     
 -0.17062850256557793        6.1474238995634173E-002 -0.23968121814590554     
 -0.10609961305693381        6.9547993076993053E-002  -1.5411156939194518E-002
 -0.19268188153853327       -9.7458594726084424E-002  -9.0980403299892793E-002
   8.6803908135925472       0.24159184183152010        2.9367762574570326     
   7.9328751700978903E-002  0.33141184781559280       -6.6482485657838833E-002
  -6.4956920496110418E-002 -0.13390180253727807      -0.13711080682687582     
 -0.18929904258719429        4.9177130072040408E-002 -0.13807654735704192     
 -0.19980670941827786       0.12874012752997491       -4.1362388071991781E-002
  0.73789159933696424       -3.6425908856990037      -0.75684331005890848     
 -0.26537435008689081        1.6314141174182867E-002  -3.9319947562360659E-002
  -2.1854069422760736E-002   1.0642894821390355E-002 -0.16623798006868054     
 -0.26092764654731421        3.1139698992742510E-002  -3.6871884393223253E-002
  0.61108861094037970       0.80999034623745136       0.54587230563622868     
   2.3113062826850096E-002  -7.6524786623828389E-002  -5.7723719441962654E-002
  -8.0395847542890725E-002  -6.0863597588963952E-002 -0.15134960287407537     
  -3.6190423545112402       0.86846747626578003       0.79452194687517330     
 -0.18266058468889043      -0.10254929742443497      -0.19274169435240607     
   4.0286160216331286       -2.2627561179834736       -5.4304659386336285     
  -2.4687113515873618       -8.8926652955829879E-003   2.7663254014404330     
 -0.44856440404770359      -0.17009163196622834       0.23827576918644247     
  0.22357691815825578      -0.61579494837354953        4.0608402294833139E-002
 -0.62047231392179325        1.6556250482105523        1.1744796635364509     
   1.8902675753537341        4.5102350783227596       0.82574455676869096     
 -0.13074640973510285      -0.13383947641970267       0.18979984524749607     
  -1.4539746094005777        3.6574696055725915        1.6374119466007548     
   5.8007004857411178E-002 -0.10499158105584483      -0.19137615947719389     
  0.56250827138795312       0.43306720908483415       0.13125822307995069     
  0.24969016714512499       0.21304437464857753      -0.13119707142748102     
  0.45132980192847999      -0.52488566246961166      -0.29211824475454551     
   2.5284944271253069E-002  0.25343058003295160       0.66730240868371626     
 -0.10289625019737296      -0.96900829174129355       -3.2242258091938800E-002
  -1.9220368585197845       0.62497328560550292        1.2191039526248093     
 -0.20738370574116671       0.23436661548027302       -7.4576909906097583E-002
  -5.3792617193119771E-002  0.18556367774276919      -0.19678415636449229     
  -2.8952818811055039        1.6703858868334596       -2.6472334250583311     
   1.7600112109004373        3.7073043937624797      -0.76497238250777155     
 -0.81097855902739202       0.90884396195419703      -0.19653445618946394     
   2.1955018235076684       -2.2609431171696062       -1.4928713275896768     
  -2.2143526252169782E-004 -0.27987642189323125      -0.13728525503533986     
   3.4647605729789799       0.14706507643670111        2.5162465618128418     
  -9.4655584895451908E-002  -8.5636329252470236E-002  -3.0410923299737318E-002
  0.20520421992305649      -0.22210090075382066        2.4957223245473181     
  0.16760754077862092      -0.23631309393658159      -0.17977360268897891     
 -0.46285651750564055       -6.1551735280536617        5.2188450147251011     
  -3.1453454246240131E-002 -0.84460275566324039      -0.33924822157953394     
  -2.3991358638073121      -0.49761621851019228        2.6019888045402251     
  -2.6245564368511816      -0.41209542027696888       -2.1577178286267631     
 -0.95576698051382303        3.2378948215076528        2.0792111226318992     
  0.89190554856668358        4.5307077821238257       0.16182182984788329     
  -9.4645205944725225E-002  -7.7730971188721132E-002 -0.18189471170494353     
  -6.4280734448816768E-002   1.9823634548528712E-002 -0.11142360434847479     
 -0.56094811352662466       0.70280096344092968      -0.38280976757109092     
 -0.37147777104357066      -0.45376844805594096       0.57787716109032516     
 -0.40509124986260026      -0.22031971787069912       -7.0127710871193599E-002
  -8.3290812905783981E-002  0.12037216302630602      -0.11626407447668514     
   1.1240364030795083        5.0572872391326964       -1.8848412912533454     
 -0.21081064667095875      -0.14296398015838152      -0.23851466003626934     
  -1.8649733223347917       -3.6421072548045963        1.0506918898577204     
  -1.8195927356382615        5.2608300978560479E-002  0.10777187083645823     
  -3.6024210101973213        1.1017928307410538       -1.3146594139682464     
  0.30894540392281195        3.1536145091820636E-002 -0.31604692650930977     
 -0.11601119255551733      -0.17970715026111900      -0.12056341399132554     
  -2.0836229127265882        3.3399058163647979        2.8749639231368134     
  0.38801181529204565       -2.2768279717779176      -0.50594553073290482     
  -5.7463289400427872E-002 -0.19092778215478390       -8.6882378238290717E-002
   2.2201687966810102E-002  0.16388680599116978      -0.23425261991735455     
  -3.7424618729572701      -0.70081609535031053        2.7139070520412614     
 -0.24207111923063404      -0.57502097399792462       0.26137298139043919     
 -0.10278467099685897       -1.7135100704650640E-002  -1.7158908766543590E-002
  0.41026373013072687        2.6662383108386236       -1.7846283458997210     
 -0.44457774058355776      -0.22622885645285035       -8.3117546775650197E-002
 -0.88992871317948974      -0.33213713151736013       -1.6427353425130031     
  -1.6780655273842953       0.52117754215858969        6.2380340774678897     
 -0.14158267441650291       -8.3040351022742195E-002 -0.11687347641893753     
  -1.8829744348822326      -0.22258847338819418       0.31075363178587856     
 -0.13782756085992262      -0.45530030156756901      -0.23793545456473458     
  0.10447334692298343      -0.13559163857437825       -5.5077229567172432E-002
   8.7483736827178554E-002  -1.7188479240255499E-002   9.3473965123873053E-003
  0.63197585980130622       0.41542973717852316       0.28486147381284943     
  -2.3082747064712972E-002  -9.9037613426439422E-002 -0.12124637414029918     
  0.74797285702923944        3.8777213067302210       -2.1594629436519184     
   1.6706857847172501E-002 -0.35458949798466771       0.11355157430077385     
   6.6650683974401354E-002 -0.14688179451639097      -0.22534948082023928     
  0.66793208912681523      -0.38285857847520449      -0.43276909441892419     
   8.6964376703536454E-003  -9.2516537896877207E-002  0.10164308240595867     
  -4.8329058673663453E-002   2.8065794050939105E-002 -0.21205987056074249     
  0.12735435825654035        8.6455273621444589E-002 -0.22800164800206435     
 -0.27094340521365101       -1.8216589784514993E-002  -4.8003368720132616E-003
   2.1846489391276731        4.6256170584933329        1.1824008748852042     
  -5.2595895731405586E-002  -9.9145241491119026E-003 -0.11412980830283527     
  -6.9356524201015887E-002   8.7768965238546590E-002 -0.53087093520560624     
  -8.6575487033476214E-002 -0.12505253139314840       -4.4476791034071095E-002
  -2.8280920592420449      -0.91573494350843487        3.7193476313131235     
   3.2945938105382537        5.5598004207411815      -0.97770078954260009     
  -1.4512345437141727E-002  0.59075033527840870      -0.40889893824511248     
 -0.42977067528943708      -0.48865957203089955       0.88613674455534086     
  0.22471738707565733        1.5213737909375133       -3.2394757952429236E-002
  -3.3773679897136133        8.4765628417723278        3.9389585536484848     
   7.4001655409058995E-002 -0.28405480705521285      -0.16595215542754596     
 -0.15672641837741463       0.18376558318408487       -9.4919913138812456E-002
 -0.12553585895797167        5.2268245560885156E-002  -1.2762701651404643E-002
  -2.9650772415337721       0.66163340996482256        2.1036229354990388     
   2.1007313985433741E-002 -0.13776631454953608      -0.25462970653696626     
  -9.6566728128532606E-002 -0.16393620502458875       -9.6679467251331766E-002
  -7.1783613177539465E-002  -7.1944826405124618E-002 -0.19945103257118502     
 -0.22237318767818101       -9.4697955482413720E-002  -1.0969376784217087E-002
 -0.11044221117746558       -6.4668096235490219E-002   5.8985549892334829E-002
 -0.11356472584113067      -0.14754578706501087      -0.11650266957347778     
  0.91497916705360083       0.19754195311517753        2.9121780114147198     
 -0.16678096360812608      -0.11367567400471945      -0.17978962942767182     
   1.3931951538090166        7.7168547734152773        25.228103978461800     
 -0.12135946182971177        1.4484739989105390E-002 -0.13567541607351791     
 -0.13636604820547277       -6.9344620963950596E-002 -0.49224647276130795     
 -0.10088106181627923       -4.4456893438175275E-003  -6.5610407521556738E-002
 -0.25198131554225595        8.1316774225396599E-002 -0.21602761875236706     
 -0.33325957812561674       -6.3939668919839793E-002 -0.11578599677439622     
   6.7966892648055230        4.7359687665453460       -5.7699929459464592     
  -2.5772565371020328       0.16133946231327467        1.3816991891453143     
  0.55071296702745021        2.5374837951705866       -1.5518530322129591     
 -0.79868325282269248       -3.7454557181057018       0.40471745233024292     
 -0.18925831617906863      -0.15048208678940728      -0.23365762650856908     
 -0.16498213520063881       0.49802434517631289      -0.38365596362683058     
 -0.15857588619832605       -8.2378943294852185        4.4504008416295902     
  -1.5839708488901205E-002  -6.2653743091559244E-002   7.4333461092363246E-002
   5.2958476540193103E-002  -1.3409690924145769E-003   6.2014462744222273E-002
  -6.2822379687142910E-002 -0.14021738932789068      -0.21844327807459524     
  -5.7305782123625164        8.7607703415404750       -9.0880389625757605     
  -6.7185705216831038E-002   7.3152853168595183E-002 -0.16938083247520996     
  0.22605386531116836        1.0827757857252356       0.24439039804246637     
   2.2461751708634177        1.3627698322637607       -1.6766897088160588     
  -5.0884561411517509E-002  -1.6453259921325319E-002 -0.18572739872532887     
 -0.14458226694273071       -4.5383898832047714E-002 -0.10800032891730321     
 -0.41282269298507746      -0.61650056846490209       0.15581407995216429     
  -1.9191826278556599       -1.3588734565060627       -2.6434459710515257     
   1.2276533585533123      -0.66796367229512732       0.21810924393121434     
 -0.12999806928947147       -1.7323230197064563       -1.2638167571793899     
 -0.22965328666182144      -0.18135438784040270      -0.17327954620855757     
  -3.6425042499737742E-002   5.9462135544923446E-002 -0.16159506730027826     
  -9.2601371247297115E-002  0.12887228026404174      -0.21140204421344444     
   5.7377862618201790E-002  0.30907536269681973      -0.16273202915943127     
 -0.19301497618200897      -0.23110806822159502      -0.36349344163475361     
   1.2268183627678859        2.4694531434735358       -1.9683589345899899     
 -0.68868053402734630       -4.7848474126642593      -0.41179011130343657     
  -2.4010073138136870E-003  -8.4190732514112174E-002 -0.25182910037186124     
   4.6816598200709798      -0.87605501445080369       -2.1355897959796577     
   3.8376558427937120       -1.4512374780570036       -1.9662463905260965     
   6.2075310164863833E-004 -0.20794774953165493        3.7497953868612290E-003
   7.0224924081719564       -5.1896248405370669       0.67710066960121662     
 -0.67072154393749039      -0.46172984879103879        9.8497581799942530E-002
   1.1903714976187694       -18.152591541141945       -26.878088693016444     
 -0.38087337266966148      -0.13749124613564684        1.5433146880785857E-002
  0.21790634746621010      -0.16290116422590231      -0.18965309124705562     
  -2.0739926829079107        2.1709365204264581        1.0903205174435269     
   4.3251737671476738       -7.8820814846577276       -2.9923239456880220     
  -8.2809994319355340       -1.9052211428276051       -5.7052823202887550     
  -1.1179047113420870        6.4277408298010750        6.0179950063727254     
  -4.9102475100178969E-002 -0.24749745210364399      -0.22419473357698802     
  0.45537181442491298      -0.27145823524085588      -0.33888646804336026     
   2.9295509874336632       -1.1316473253929868       -1.5526527971657593     
  -3.4227498114365504        2.3287727811109851       -12.209985776432411     
   2.7084684773253551      -0.76759051415067092        1.1212675185822960     
 -0.14556633691071749       -7.1970513283454329E-002  -3.5060627527992203E-002
 -0.19190646572431902      -0.19646461992037620       -2.9251133947187671E-002
  -2.3138586835625659        1.1149797983299201      -0.48169766265450320     
 -0.20917723882980865        8.0918081767420061E-002   1.6520026645657430E-002
  -5.9974497227509693E-002   2.8208268985866536E-002  -8.6625704491634883E-002
  0.29980929337622914        6.3564959390674844E-002   1.1168544020096333E-002
  0.11798579513244302      -0.12740246072260486      -0.10313974660089800     
  -9.7260078375582926E-002   2.9061354793943974E-002 -0.30692664209631598     
  0.98194475770466083        3.0503337965194168       -2.7498163261999395     
   3.2563335527055655      -0.50487207025674308      -0.47374210932685062     
   1.0999922332142824E-002  -2.4429772590301608       -5.1418601919329685     
 -0.20728923598727300        3.0353839107439495E-002 -0.14708251262188782     
  -2.0530612760497142      -0.26150849436665874       0.53690683260836158     
   2.1378017060656003        2.2132663050543289        1.2670853222741374     
   1.4957758232698526        1.3544892529891968      -0.20030223701950089     
 -0.10547443596133005        9.7269289395655687E-003  0.14574120668793414     
 -0.25609428753961044      -0.10152421683611861      -0.12035944902983917     
 -0.37016729032264162       0.14875388888372854       -5.1655684839332555E-002
   1.4092838303831769        2.4160860959996349        3.0347427234044391     
  -3.1665231958118656       -2.1112124612175776        5.1858872976021395     
 -0.16410506061738164      -0.52782797766939138      -0.16337980582352246     
  -3.0373704669579888        2.4516791026903397       -1.6496842681827104     
  0.17181632449880821      -0.27020981597283350      -0.12703078444376764     
  -5.5224328013121120       -1.3950983195703350       -2.0671799584601609     
 -0.16407529549257593       0.11407392392145424      -0.26985885703807838     
   4.4891522575632417       -2.8156543979254924       -1.8972434139767926     
 -0.14442694109638204       0.15716596764645627      -0.19746769744923209     
  -6.5414300244902024E-002  -9.1152736413306710E-004 -0.17962974121576619     
   3.8561840313872660       -1.4269912872084991       -2.1125405129408801     
  0.13887747534821704        2.3775992628764242       0.32625947868381416     
  -3.0156618391813782E-002 -0.10654082104657535       -5.4645644458224708E-002
   1.1031911298802959       -3.7969094582370460        2.0888257234640064     
   3.0641849461201782       -2.1304209107262335       -2.4662129009721809     
 -0.12793124853093402        3.6345688812511302E-002  -2.4315944735905134E-002
 -0.73044087612266873       -3.1945704935434125       -1.1433556345004683     
 -0.18637855272170911       -2.7544280700103656E-002 -0.16128167373414240     
  -2.7884763066600864        2.7900801129802568       -6.1569605136290750     
  -9.5447990470776903E-003  -8.5530013209375547E-002  -8.2088882455603529E-002
  -7.3832467661282972E-002   3.1771779570032903E-002  -5.4336548248366541E-002
 -0.13546133041132430      -0.11809220517701730       -6.8505133350579867E-002
 -0.22461838055253314       0.28362424053620061      -0.15426012795940150     
  -10.178393361154711        1.8740599141877450        29.315633701143007     
  -3.0104170815209148        3.2362554091809357       -1.4208803120464666     
 -0.12758657646557250       0.13890816482923687      -0.18735921982114220     
   6.1215537351532294        1.0996544584027921        9.5785913308510100     
 -0.14685732439709315      -0.19663583762933393        3.1780879013108457E-002
  -9.9123792650335260E-002  0.10071592395886358       -8.9093229221982005E-003
  -9.5772962670479383E-002  -8.5967197254773003E-002 -0.14825194438940373     
 -0.27846205544953373       0.17745257450356100      -0.15232496776220483     
  -1.0309945082228475      -0.23937230182897637        1.3071726063297946     
   1.8878509291348895E-002  0.18749196815988525      -0.11633671945342099     
  -5.3276618897636396        4.6226746347171659       -7.1107922001442505     
  0.98052574344606280       -1.4306538413491439       -1.8410034380234130     
  -4.4534825036008953E-002  -1.4610134708563654E-002 -0.10130411687989296     
  0.18472087501682741      -0.84925482206172398       0.18874067839685735     
 -0.25124245107009385       0.19430492269575669      -0.12630205853734616     
 -0.68251907200453210      -0.29990129311837105      -0.66663767209873226     
 -0.42020883219830563       -4.0199092743184110E-002  0.30662013278805578     
   8.9880171743348169E-002 -0.28963332374399436      -0.36115104828472561     
 -0.20625024539489772       0.11833962849501159      -0.37652200305947098     
   2.4733054091842208E-002 -0.49828463238415410      -0.23855595929637521     
 -0.10093978652225667        1.2766069533065704E-002 -0.13543989671997547     
 -0.17690528931974231       -2.0599782856502907E-002 -0.17077257654943007     
 -0.27257204988065886      -0.30246374423499495       -3.7801508939955840E-002
   2.3683278802869689E-002  0.36005536708067370       0.11551697759375266     
  -7.1208274386407838E-002  -3.3362007651910809E-002 -0.16980971572137549     
 -0.64810413549769419       -3.3160371639633528        1.2848433995353887     
  -9.9967284947988733E-002  -7.5615278035145658E-002 -0.37108946311064211     
  -2.1378328602176393        1.8482477237780837E-002  0.99910590962485901     
  0.80116605812310104       -2.5700926634100583       -2.0093521977833286     
 -0.13314446948108730      -0.15448272560197077      -0.22494652166411608     
   2.3161166165328346       -6.1375778258413414      -0.51126776592189704     
  -2.5069400378838282       -1.6112598967410134       0.14039851636224601     
 -0.11104916915468653      -0.18498922685490651       -5.4644252666894329E-002
  0.13991653302290497        8.3595841467872883E-002 -0.10247150435292225     
  -2.0396457669073182E-002 -0.31242974835100890      -0.23383644174395415     
   8.9806390212543566E-002 -0.80858593275357016      -0.46986360943440991     
  -4.1325814429423335        2.5701243195899721        2.0309659813746253     
   3.5025581535701296       0.91208566840213423       -3.0548458935763816     
  0.26815327504237479        4.7151991484420845        2.8787889689872723     
 -0.19607543488823848      -0.20241232186525795      -0.14827445711328965     
 -0.28070116341569851       0.25135992104136584       -7.1914867808635485E-002
 -0.31168521581094438       0.32819572023235977      -0.52447023954518857     
  0.24840503152033824      -0.39539898546829921      -0.38553197723123517     
  -2.2405912584101935E-003   7.6236377220776128E-002 -0.32664885790288445     
  0.22897027890332922        1.5326513812849059       -1.5806097126988987     
  -4.3246835855830836       -1.7225465933590132       -1.0963209082277761     
  -1.4263586851372656       0.12904624235601017        1.1748936869010285     
 -0.12738088647855614      -0.18793331456506934      -0.35598918324198014     
 -0.13570137399550508       0.23168560864899151       -2.4749147146085122E-002
 -0.36464674067993047       0.66347992252084287        6.9679461004842527E-002
   4.2663538724746521E-002  0.17026859381158282      -0.23466289521234979     
   2.4417826548549488       -11.727951051735014        3.3673752795725509     
  -1.9863574484847801       -2.1334722893273699        1.6741187169081331     
   1.6096738241244974       -4.2215912857438909       -2.6136666592418085     
  0.31234358514595112      -0.16240590263024668      -0.10066440416040089     
 -0.13743624404099669        3.5377446450733530E-003 -0.19876884771772640     
   9.7849819249663794E-003   4.5955368986166457E-002 -0.18434853134161702     
  -8.1412011706254379       -3.9344046511445683       -6.2935855153895526     
 -0.25448495085935313      -0.20283280760336519      -0.29209604183244720     
   4.3916493371595751       -1.6819974404747169        4.1340657829614909     
 -0.10057682900368733      -0.14769667794282168      -0.18981737745401975     
   1.9491038133600633        1.7645148629444576       -3.3369704349666724     
   2.7431628414021809E-002  0.32064107024842325        4.9453390425639399E-002
 -0.41372447149939223       0.21337662827087098       0.12208792776391525     
 -0.19081876560401242       -1.7469127865516385        1.4061735105250082     
   2.0621694390264453      -0.80890077325794385      -0.56933401628476621     
  -3.4377531527261120        1.3196522062008951       -2.5033210892439328     
  -4.6457816863942467        8.1963458492560335       -4.0790550459909554     
  -8.8942744261131926E-002 -0.33362714153510620      -0.44650711839905172     
   3.8404290340351106        5.2711438135087185        5.4701212488718252     
  -6.0042707337779791E-002  -9.4262554065029536E-002 -0.20619374319317499     
 -0.16154658279022160      -0.12922190801172384        9.2532437290660241E-002
 -0.13658617551230909       -2.6461095732353508E-002  -5.3361678167022475E-002
   1.2878682236276906       0.38385211713764961      -0.22331813005616596     
   3.3296118217626645E-002  0.39304193261747589        1.7529402171555948     
   2.4268131464009954E-002  -6.7435897387182087E-002  -6.2960005030931826E-002
 -0.68361593495115813       0.49422064375017505      -0.29097824186218568     
 -0.19026526033107724       -5.7126927366153601E-002 -0.16430421759488237     
 -0.27061427059128029        7.9096630818040248E-002 -0.31816687609192462     
  -2.2210758980515700E-002 -0.29369244455366950      -0.24220732951200966     
   3.7960895269128152E-002  -9.7269104344715945E-002 -0.13245489426586102     
  -1.6564785409869223       0.57745036825995733       -1.9321188689289925     
   1.0313451382167459E-002  -4.6788873881095525E-002   4.7453809421406146E-002
   1.0915336968660798       -1.7264537426443294       0.59038724989580771     
  0.44328275601708328        2.2707379859671963        4.6498047158403670     
 -0.36829682243615258        1.9763462256804749       0.50540484011608544     
  -2.4691934404154505      -0.50015384574703370        2.6625387129407367     
 -0.25909421225117635        3.9411385250622075E-003 -0.40041182367061962     
   1.9405258487162844       -2.0210738962408969        2.7293384964345040     
   3.2410729459160397       -5.3448225632866020       0.99027211559990502     
 -0.41925862489932320       -26.092281673117558       -1.2279305858318630     
   2.6086704150142158E-002  0.33745213435500798       -6.7322711018327874E-002
 -0.21452778908622583       -5.3343023473095892E-002 -0.25434078187113135     
  -1.8241427512975774E-002 -0.24543243363657208      -0.24796743609231761     
   1.8338876981628834E-002  -5.7780894752833024E-002 -0.18016594681577389     
  0.16030433183297549       0.13202611860868810       -7.1737456988414258E-002
 -0.28030065501874146      -0.12080452637491312      -0.23181033991672703     
 -0.27474072233685370      -0.89279732492271069       0.44660723982040668     
   3.2502762174937145       -5.4047131462308426      -0.73635907509117327     
  0.32294731005073601      -0.53215506868108164      -0.45364254292944833     
   1.0670598978910537        1.6361512976582320       -1.5744926208863785     
  0.61923959202545620       0.88058806825016034      -0.71662717677255638     
   3.4319617089247192       -1.1702213028658752        4.5658257750622289     
 -0.29140525474529161       -1.1315964677863626        5.9341562462587635E-002
  -1.6808927154601130        1.4964191653295531        1.1657752700873305     
   1.4433157524978670       -2.9479001514118779      -0.96272786103095831     
   7.8875538800375677E-002  0.16156682651142629       -9.3309537648229357E-002
  -2.4052600194109128E-002 -0.21715367348047607       0.12147207578596395     
  -1.7979628366226852E-002   8.8556793437464421E-002 -0.12439211427211848     
  -3.4816748510695805        2.3848338481997788        1.8011022091743119     
   1.8868097388641631        1.7329126508650452       -1.6500183723219672     
   3.1498706024513763      -0.68517823103779574        1.9803618574559865     
 -0.12905961409306302      -0.16414928002170592      -0.28094164552169920     
 -0.33678561628551357      -0.10222668348261764      -0.21659638705062667     
 -0.10876631759867157       0.17735241219812070       0.11492196489710865     
  0.23149242939876613        2.4769032407354068       -1.1606810277912045     
 -0.10873338034822230       -1.5993289386362651E-002 -0.17062676716991731     
 -0.40390798600336730        2.4852969151216273        3.6787224842678961     
   7.8027792215936725E-002  0.12002222617177589      -0.42682083237323432     
 -0.43286140909498311       0.17865666975102806        1.9999928231867942E-002
  -5.9978853883791011E-002  0.15442917838547973      -0.21481154391648852     
  -1.6591151340700538       -1.8229850265782559       0.22339815734585666     
   7.7579894781707043E-002   2.6743261390971777E-002 -0.21186955676968500     
 -0.45752116490915617      -0.22551949198530014      -0.50574140433043924     
   3.6431821303752128       -1.8525526559934260       -1.0006517573561264     
 -0.15499073117296264       -6.7483561631325240E-002 -0.96674666090039940     
 -0.35293605347499674       -5.4029630463039791E-003  -8.1050722754676466E-002
  -9.3162571426370688E-002  -1.7000776174528096E-002 -0.26933035678723838     
  -6.8841181950642358E-002  0.11922998125804236       -1.4748880265680251E-002
  -3.6752276976553422E-002  -1.8740214113596644E-002 -0.18556415267765039     
   8.8232045386418906E-002   2.3232649570750739       -1.2364988051793242     
  -6.9132887126795023E-002  -2.4688059624037216E-002 -0.14689343954860815     
   1.1819626821423004        2.9044836299034147        1.3739015015452514     
  -2.9746992463396658      -0.73930348778417443       0.24124281398999275     
   4.9188796500063887      -0.43729183386578713        3.0378529647108397     
  -8.2696932473922471E-003   1.5147995697053235E-003 -0.19507868444866250     
 -0.81920450053999860        5.1816921194506076        3.9386239078184877     
  0.18999114899521061        3.0288196468239610E-004 -0.19381057170265256     
   1.0665092255969544      -0.79517892963462111        4.5519303084827394     
  -6.7436953844080119E-002  0.27882589520362999      -0.16289246754846157     
   1.2330502984413152        2.9653909963385026       0.61018874826967984     
   3.8027969080502695       0.16623131386168427        3.9180652845590727     
   2.9293707252024053        1.8836280937425784      -0.64975974020006866     
  -1.7009439945858986E-002  0.11545045997286639      -0.22375978840145266     
  0.81960270369257071       -1.4830520014774744      -0.48707382320789255     
  -2.5257497353032625      -0.24305107922983105        2.0618598788656710     
  -3.0153877236168904       0.77435010576794283        4.6605802025305332     
   1.9348151364522386        2.3436306064530839       -2.1059243473283660     
   2.2903849098292639        1.1248645851921033       -2.7621744176020382     
 -0.37177069557259368        2.1703945948340783E-002   3.5795145957846455E-002
   3.6140280226810928       -2.9649949543800345        2.6716703685847767     
  -5.4399878221625588       -3.2506672264607044       -6.4450625360339497     
   1.8338190271373362      -0.86525062168584499        2.1386342010311994     
   2.8532549088115493       -1.2142761898182107E-002   11.307071924516386     
  -1.7495969372357409E-002  -5.8412641853887420E-002 -0.25583925358370252     
 -0.52352724212038104       0.18351776625324562      -0.51020685308222036     
  0.86952246158221835       -3.4486471475274900       -3.9395069290613853     
 -0.10000149895445019       -6.5704539559531955E-002  -1.6769884397380124E-002
 -0.46005534321414809       -2.6106118526953073       0.50081474238897883     
 -0.25489897937978406        4.0830337331593858E-002  -5.2655394329134540E-002
  0.43644964896029276        4.6201605452889805       -2.3594703992061774     
  -9.1943476596585152E-002  0.23002830648055614      -0.37859837861394174     
  -9.4271841590324368E-002  -3.6928782401053205E-002   9.2666035137101005E-003
  -2.1444982014154741E-002  -8.2198106324994719E-002   4.9906818388831247E-003
 -0.20181223861316830       -1.9384906836573765E-002  0.11677146622843960     
 -0.26985144669708444      -0.30846658106365493      -0.12743101475347327     
  0.35249872320533998      -0.30474395103737656        8.4820938346270275E-002
 -0.31480109782798199       -2.7131388912283234       -1.3245899984770397     
  -2.7418032013968592        1.5686346233094672        1.6542148452329950     
  -1.8471991730456851        5.1856005514687267       -1.4862962885706865     
 -0.11980400014189044      -0.40585200543582539      -0.44052821340223020     
  -3.1955876645559968E-002 -0.18234926219144440       -2.7369942404874691E-002
  -2.0160659396757414       -2.8292674248070671        2.1737811975804013     
 -0.37367015403293274      -0.21468752097029098       0.14463748774157179     
  -7.8705042948829268E-002   1.0510705075806887E-002  -6.5794877969255400E-002
  -1.0197995781510065        1.4053885970919253        2.9572951884168743     
  0.17814535912491639      -0.60230754917879481        9.4319520971683918E-002
  0.10298667585793490      -0.11524335589037091      -0.20996535690243087     
   1.7823450824893010       0.41221056849436905       -1.0102218528134348     
 -0.11855083666095212       -6.9120007073709175E-002 -0.22471657115032043     
  -2.1428731426037366       0.20865468772388598        2.5827306469243019     
   3.8730197992461288E-002 -0.28063769180567105       -3.3189021405588472E-002
  0.10206939433711489       -1.5264022372552111      -0.23654996082515506     
 -0.13455337880387022       -6.5020560228251742E-002 -0.21422937516302379     
   3.6924822751058306        25.626461871189889       -10.674038217447656     
  0.70926415471986048      -0.50266354573928895      -0.95144406045706187     
  -2.3070239163002517      -0.42911266049695873        1.9280125574553215     
  -6.0099970292085752E-003  -8.2294855311542625E-002  -7.3015591980470931E-002
  -3.5726080697611020       0.95353667954994459       -2.1203808181221748     
  0.65849389459062801        2.0776001100819732       -1.5999884589307996     
  0.13887186089539241       -4.9463514996762097       0.30644332295190474     
  -2.8734192892841914       0.34959840542088094       0.80682424522285212     
  0.25046576569521517       0.22608218536055227       0.18200700586350407     
  0.17530021580790067       -2.8901511616994053       0.80011609776124137     
  0.80625255089940129       -4.9891745338816946      -0.11941248843785932     
   2.4507772883908649        2.4639861114863000       -4.2120189151990202     
 -0.11590282325736764       -3.8000967321309725E-002 -0.26530571789531016     
 -0.13675650246919752      -0.24379760205640585       -6.4431236562556254E-002
  -2.9453065389020771E-002   5.8640512482149271E-002   9.1758865485876043E-002
 -0.77523902955032520       -1.3788207083955459      -0.11858583353432499     
  -4.8692001660444939       -2.1920017490656249       -2.5251769490268212     
   2.5615184153252617        5.6611775461960097       -3.1097472444955097     
 -0.39122577336280900        2.7302512151033076E-002 -0.26945243136927954     
   7.3424378438468579E-002   4.4953466940242069E-002 -0.23624297626579030     
  -1.5919694292186373       0.15275449490833984        1.6278161322156566     
  0.55685927873591079      -0.74831497651491152       0.57814406041109256     
 -0.35275284109518895       0.26753992944479704       0.26778206912012192     
   4.6839470036315882      -0.48591604086983509        6.2789966209579635     
   4.1222639187389401E-002 -0.40965489717460518      -0.23313689113795830     
   2.1501099355809798       -2.5657362315897134        2.3121634832869429     
  -5.3129340970423503E-002  -9.0408766912180357E-003 -0.22449780692008442     
  -3.0498078282213732       0.71529270914578857       -1.2976000991854670     
  -3.0473466912759641       -3.1015252235442734        4.4348274081262566     
  -3.3790271444872989E-002   1.4507599769803673E-002 -0.13801436895747277     
 -0.29397057345260708       0.32764509199177266       -9.1519307912762485E-002
  0.80794913915189681        1.4728456781223831      -0.70841147278499195     
  -1.0601808865403504       -1.8065650786485312        2.3352846028362522     
 -0.14074229207990446      -0.11517819329960942       -4.5027856824932398E-002
  -6.0719401537661276E-002   8.9081967741492213E-002   4.2861627972693217E-002
  0.14580994443648967       0.15438952910864051      -0.33435195538739026     
   3.1815880084372914       -4.6160249505730064      -0.17116279014453378     
 -0.23827292525933305      -0.49386618866971005       0.43427527634325663     
  -7.1989254684362833E-002 -0.25525321636509690      -0.20559206096773239     
   2.5211019025271033E-002  -3.7714846166085683E-002  -3.7817010758648698E-002
 -0.29574939733212446        6.4585595756161795E-002 -0.12249481852818675     
  -5.7322921327502663E-002   8.1077061354129246E-002  -6.8775404675235227E-002
   2.9986224922365530       -1.4434705520070119       -1.3768600881513016     
  0.51511409417766252       -3.7274371390305414       0.38817412730106243     
 -0.67830989192837454       0.23692240114106888      -0.17102066835316854     
  -3.2909448137974278        10.895964128523817       -4.7361126175018287     
  -1.4743023459979696       0.96035897712497542        1.5244875174411867     
 -0.34150235091935510       0.29191112998696789        9.7747637178093039E-002
 -0.10229094254796832      -0.18813632205338340      -0.14379163115241900     
  -8.0107711366656828E-002  -1.4345797892145417E-002  -7.0281160436918427E-003
  -3.4878093252956308E-002  0.25878721184499537      -0.45285951312389866     
 -0.75603294286577560        4.0635433379659878        1.1179889668193210     
  0.15235768135795016       0.14986934112993056       -5.4295188153951172E-003
 -0.15877785418977686       0.10268168947237009      -0.26787370111793546     
  -8.5665655920478284E-002 -0.10715927953885600      -0.13040220836906322     
  -1.5434887174500003       -1.4960978027536087       -1.1876923486209650     
  0.39301616941443185       -4.3947037909817874      -0.64507219157359175     
   2.7037147578834202       -4.0312418960961427        9.5157695750395863     
   3.3540061646085109       -3.7247424792015296       -1.4838613392682909     
 -0.17310714672283289      -0.18786292618611297        6.2430421043993614E-002
  0.17720891016201359        2.0132664246372181       -3.2744131830138512     
  -2.2242615774911116      -0.18413591798704407        1.5104405829762757     
  0.34504606587854514       -3.7870706901895268        2.2590738976114695     
   1.7123260044353996        3.0651276883841163      -0.58934025457156736     
 -0.30268365156684068      -0.10941860037552990      -0.14201149491946050     
  -1.3645552390160536        1.1699767610218244      -0.18080546127944047     
   1.8556562740614566       -2.2400709500238287        4.9573599944380025     
 -0.29769271494130500        2.1204200988274937E-002  -1.5895195519367092E-002
  -8.4319920788662378E-002  -3.4861339319911720E-002   3.8121802834288510E-002
  -7.0717388505359066E-002   5.9554522376487888E-002 -0.51409474187401871     
  -9.1120198145256015E-002 -0.10242426171033073      -0.33884972614679704     
  -2.1812913250499014E-002  -9.1704574529191799E-002 -0.11502576267818254     
 -0.32898463540499367       -7.0630308900416799E-002 -0.31760117086699735     
 -0.11330682482108531        9.5276141585906207E-002  -2.2306189728119749E-002
   6.3010632617726214E-002   9.3259514150761003E-002 -0.13250014266758170     
  0.55140661718115913       -7.2528375787710715        3.1898744985740541     
   5.2386582802720391E-002 -0.14134710346065482       -3.9123769283661014E-002
  -4.9646342475801589E-002  -8.6527182501776989E-002 -0.27123107141635594     
  -2.5585637914892536       -2.2507604283620712       -2.1081516525205610     
  0.38143374455885432      -0.35504493809650350      -0.28210710683670664     
 -0.17276056995054423      -0.10888363596149603      -0.16862537579192133     
 -0.30138157437337709       -24.868055873986741        13.419731341101951     
 -0.18617424712196098      -0.46229614960465526      -0.29439949389715131     
 -0.73615518371349720      -0.39458141361491739       0.42056264662899240     
 -0.39651913834349767        7.4751432632028858E-003 -0.17720092286657857     
  -2.1934866463491414       -1.4015916169871938       -2.0704876183229652     
  -2.2422922533514029        1.3513033853735215       0.58159612892909796     
   2.2826865924633060        1.3892969622485565      -0.37442624783458422     
   6.4095629428542078E-002   3.6048050768613192E-002   2.4764094601366755E-002
  -1.1735314419132112        2.9935883454737331       0.77539265125666768     
  -1.6336069777758095        4.0814030385132236        1.7214958466368253     
   9.4689780647225705E-002 -0.27958886377527609      -0.22703690201945070     
   3.7909962106545160E-002 -0.10760693619417704      -0.14103617924203493     
   3.0515607002881167       -1.3862433223042765       -1.8471094367313452     
  0.30634856334059640       -1.8552512312525957E-002 -0.37808791933313651     
 -0.18823621337732732      -0.17495921185227156       -3.3279444877020212E-002
 -0.36432672352894774       -3.5764108991858320E-002   8.9872637076355233E-002
 -0.13493826606738615       0.12579650772862336      -0.17044843471356938     
  -1.7640499202663191        10.315539290018352        5.2833816606140331     
 -0.15568338029639889       0.31957667432500053      -0.17540014360644912     
 -0.77299081263224922      -0.95089401802209861       -1.0312920758422151     
   3.3290520020568768        3.4076751134486361       -4.0427375148595672     
  -1.4491393618790522E-002   8.5540317764075294E-002 -0.16440653842813260     
  0.34603229673407349        25.746167038897468       0.41871510086021096     
 -0.11032260314327383      -0.14513303966755900       -5.1239778073604386E-002
  0.30388968301167357      -0.24114403987335256      -0.26424480409515827     
   2.8779280861302987       -3.1683449310709011       -1.0901944304102824     
  -6.6061115619489186E-002  -3.4736817226853761E-002 -0.14235363439396059     
  0.43492958195594039      -0.51323467184902027       -8.5008956978380221E-002
 -0.38684850066445059      -0.78935150601369330       0.75656306589309419     
   1.1431501036581193        1.8459159790132293       -1.4971950136271766     
   2.1703379124142979       -1.6947352441027688       -3.1036170484093719     
