 -0.42698998881307404      -0.38409041854368908       0.30146199712396660     
 -0.19586965770103179       0.34799676752236908       0.69221418544599844     
  0.36252982722665306       0.72693970540112751       0.47091409100500109     
  0.23838086433371178       0.24376246190103917       0.16522534606837710     
   4.5100816932568351E-002 -0.24371799193826332       0.75783914483174097     
 -0.14347434665666325       0.34738779251678503      -0.13404521633153851     
  0.56989848634534257       0.68962870055212755      -0.28913057212297094     
 -0.12980716746579993      -0.76523959946027231       -6.3112205953550757E-002
  0.14467723269614088       0.15825858443919708       0.74519321287245421     
  0.13530235612582273       -2.1902269871012521E-002  0.38309345629790992     
  0.72803265742655210      -0.19420364397516043       0.45429173320076538     
  0.42920300715728876       0.60690190412341349      -0.12112269282454791     
 -0.18914007250620699       0.28968980996917665      -0.87716172049301977     
  0.20378128145069729      -0.22375970008078985       0.30117579214531648     
  0.13099980291123203      -0.22443403901883777       -8.3752725533282432E-002
 -0.55729670363668504      -0.30011419939858941      -0.74062404310310692     
  0.36702182325528032       0.85921013333647167       0.33495309161033049     
  0.23608358860294351       0.56417631644698696       0.25769897884715520     
   2.9870236841288308E-002  -4.6867831095688609E-002   1.7490594396572842E-002
 -0.70439800974252054      -0.37225041552595722      -0.53243257252598086     
 -0.65466053885495945       0.11096642622515714      -0.51810229839045263     
 -0.24653137917789716       0.22291289862576466       0.78272833280813192     
 -0.76004667484954203      -0.14591155838181100       0.40822934669446548     
  0.45396133122567917      -0.11255970391354900       0.10025790199500649     
  -8.6970583845702235E-002 -0.42260399040685559       0.40467974293480402     
 -0.68392513939103960      -0.38047872704362917       0.53678953128998685     
  0.64629836157082798       0.39905261706546746       0.44838019018250197     
  0.22621753508918485       0.66942761715232235       0.57272877390957044     
  0.82708658095510690       0.16336653974159457        7.5307332975191668E-002
  0.68440230221887566       0.29976652236123114       0.61664931226309383     
 -0.12930520301969692       0.13293909098524892       0.18250017724556383     
  0.14345389496649893        3.1546850667603474E-002 -0.26000009684518460     
  0.19680505997339809       0.83011796541458371       0.41850457063463364     
  0.73938173427804388       0.43918512347279015       0.31636427704886211     
  0.70608100105078664       0.11773059694349848      -0.35824094220432851     
  0.37890514876999770      -0.13580441031513538       0.32457573117958743     
 -0.32880068983896082       0.68847311447730530        2.7378323480599761E-004
  0.30410073904789114       0.27890324222571378       0.33658011174296087     
  -8.3587647569828907E-003  -9.2656852727884348E-002  0.21380313892876340     
  0.32577251279934605       0.41806198958586333       0.40823147078411176     
  0.25936522037333021        1.2177456553939925E-002  0.12849676328266854     
  0.28511489532321510      -0.11623267624037827        1.4790381749865175E-002
  0.18723978133910499      -0.38302356229883455      -0.34522007325267473     
  0.88041730414148944      -0.25647878555529585        3.6162732624445686E-002
  -7.8939003985968911E-002 -0.13849896120947086      -0.22010221579268732     
 -0.11129208186759477       0.18528809631740309      -0.61767262368630038     
  0.16216770972388977      -0.14876515253450476       0.90347137805298372     
  0.54253869189192283      -0.52727934946853550       0.26780229431510666     
   3.2795569850000199E-002  0.18422537752543017       0.24411601401421198     
 -0.45176205766681249       0.25195005986383651      -0.85088746739516619     
  0.11570284249294638      -0.51262744499970236       0.39150647529457522     
 -0.23959800701874095      -0.82128776232948364      -0.35853546889588123     
 -0.27776812334439754       0.35761757162304997        8.0030676494810896E-002
  0.21299734339828530      -0.26751557382435964      -0.72682683126744485     
  0.89602232300002671       0.10549581178417596       0.31745707073970830     
 -0.39647878497517497       -9.1098525858597137E-002  -5.5684210432733507E-003
  0.71616852546981247       0.46509206129202402       0.44504414801575276     
  0.33202743746443619      -0.90805171759904935      -0.12948042213006086     
  0.45925862527837835      -0.40797426065630227       0.67854247204214102     
   8.6688635105843542E-002  0.38301645707282062       0.16562303025968780     
  0.48637588570414242       -6.2612023644521578E-002  0.25756549361720676     
  0.46602772498263367       0.22564774088637563       0.12840408711313386     
   1.9707705925454202E-002  0.60313499259442704      -0.59694338443966533     
   9.8909945027152474E-002 -0.26635799584855696      -0.29058091584907952     
  0.43519876782811495      -0.64225695223392854       -9.6437931679921693E-002
 -0.18213712635036708      -0.54847909681466034       0.21778225754030897     
   7.2074474402648425E-003  0.47495430540966110      -0.73230243281828500     
  0.64722669541483813       0.25425696407508519        8.5862890836305800E-002
  0.79982755983822518       -2.1483538553994083E-002  0.35328645561941413     
 -0.48904564407686929       0.51393411237522213      -0.28534721059964663     
 -0.24091423434294193       0.87315931825490978      -0.14628810100217118     
 -0.14534723649598683      -0.25191649318943687       0.67556193165454392     
 -0.75056005258703806       0.49256489312146745       0.35909047710054665     
 -0.24436256752211372      -0.31238644635820395       0.74782459657425782     
 -0.18653102402789079       0.43309248640216236       0.77022898176954246     
 -0.82865004538555775      -0.10876915376781472       0.23668415456070027     
  0.11181957708928254        6.2617599174010163E-002  0.85939437694062548     
  -4.0954195894682119E-002 -0.60792051755202325        1.0676572575070811E-002
   1.0332751387837106E-002  0.37530958834312994       0.27862957072306832     
  0.38313187744997501        7.1605971078686881E-002  0.61416053236596513     
  0.11692724452606897       -9.9716604029795972E-002 -0.81641198345350707     
  -3.7330203740102999E-002  0.91911933270308888       -8.6516071970157427E-002
 -0.15946437593086082      -0.49368842356546344      -0.35628922712559058     
  0.13683477842999864      -0.20622622366708376       0.55220604323278355     
  0.14887493333740087       0.65155306352916098      -0.42491620989935114     
   2.4196391732132817E-002  0.38055183471714460       0.60973504034946435     
  -8.1289446401204293E-002  0.86838381469574155       0.34129489699313342     
 -0.54903424234648956      -0.37378995708998825       0.45425774563507632     
 -0.63557588768198281       0.40700479612465412      -0.49668968135157571     
  0.38506122822157457       0.53985065654162634      -0.51352453310386537     
  0.30884951341718470      -0.26525023702345685      -0.75870518567372980     
 -0.41518384963172228       0.44685320308476378       0.44497835291883786     
 -0.31549274917820452      -0.43013045262801908       0.64211039744870924     
  0.29936473008135794      -0.37838081442906274      -0.44459318217382404     
  0.62129046283292322        3.0688855424835834E-002 -0.10476698009540618     
 -0.17455274000249760       0.89039262117188966       0.17455220479774314     
  -5.9014047590974450E-002  0.84073691937765405      -0.35799744069907508     
  0.21883025044536020      -0.45765757942728685       0.80919662421689931     
 -0.48224200020458735      -0.52981277091614309      -0.61541983171343173     
 -0.58494610339076669       0.72532266122623168        6.3935331867871800E-002
 -0.26250682815146226       0.43833481058118817      -0.31455113759562797     
  0.57934372475160389       0.57685789804980647       0.32868031631019085     
 -0.77177654011926711       0.28840125378213521       0.54184975591901174     
 -0.22874063664260036       0.68383395281177140       0.26887840415033420     
  0.54866549695896716      -0.51708551751306353      -0.16097563329193851     
   3.6505336855200521E-002 -0.38405796541510312      -0.72992169137301988     
  -7.1631595577777124E-002 -0.74109623464323637      -0.61743773643612754     
  0.38762736327048480       0.63703934305280607       0.43023622155661306     
  0.45279624542599350       0.18534161935927551      -0.77322770192999479     
  0.16795100261215501      -0.73374044478442202       0.52174751902410366     
  0.65271106377175125       -6.1030587729257478E-002 -0.29934531737091119     
  0.61836790272091680      -0.54787756198325888       -6.8685294379724898E-002
  0.62185534558660238       0.47706744555090186       0.30613416954336947     
  0.26582148321841037        5.9290930822325498E-002  0.94410739956532608     
 -0.74511669064458164      -0.16984903261099363       0.62612587554191557     
  0.22722416478661964       0.76420162343939047      -0.35188623457517365     
 -0.51510040831129034       0.72877337995123193      -0.39979788610197387     
  0.63490024968558079       0.47850133583223714       -5.8521287605462977E-002
 -0.10044324558678715       0.55708075792434986      -0.50918726683034377     
 -0.78043095403029716      -0.10407748042304983      -0.50294281688289799     
 -0.19861630350767853      -0.43657687857637861       0.37684505050963601     
 -0.77701709386458173       0.24517402952797751       0.24328611999782807     
  0.41816525556332013      -0.18600061616870922      -0.58008992193351461     
  -9.5989871012016059E-002 -0.29736705388797952       0.12038058436726100     
  0.15502561537699633       -4.3848035533220045E-002 -0.25896156155090327     
  0.25777286618984541      -0.72611811056994635      -0.21360601910582258     
 -0.14509426724766569      -0.26459568217069040       -7.5434325231082539E-002
  0.18390973273207240      -0.15074598186637619        2.1042057533289724E-002
  -6.8387046247561589E-002 -0.81322383872833104      -0.47176622623329462     
  0.10556853534996312       0.83601550646285749      -0.40218443313299462     
 -0.29744353932579876      -0.67712184216645677       -9.8958586872100962E-002
  -8.9378056460766533E-002 -0.16854922363674102      -0.83121971165870279     
  0.78380409102326964        5.1969320809497628E-002  0.48618161068505816     
 -0.87018704244591094      -0.16006415682451453      -0.24368689071202956     
 -0.14756565001517771       0.19625040235665192      -0.70738875979223859     
  0.22885932476730309      -0.74908755473272204       0.10948070347812630     
  0.24914572075046701        9.5081762263857214E-002 -0.21806619577572386     
 -0.79412229445995031      -0.16320062189154033        1.0303014968773064E-002
  0.27029708947983139       0.75307306085258829       0.17675895093827312     
  0.12440404586662251      -0.17192938315414294       0.36447064699982124     
  0.65053928459522636       0.20288856094186208       0.28501868586575468     
 -0.25127111929664731      -0.22483131131162451       0.19162515678085132     
  0.26156962580227000      -0.24586038464115295      -0.27657878015574372     
 -0.48480198420776249        6.4556888542830456E-003  0.75042142988919192     
 -0.50909178167458669       0.82058255448296591       -9.9846190838844620E-002
   1.8748196971584398E-002  0.68526749233620066      -0.45998307799649918     
 -0.81114604028935799       0.20197782492993291       0.54574321366733103     
  -1.0300064547228965E-002  0.12293320101762467       0.39213769090821715     
  0.18442493762950199        5.2221124821103894E-002 -0.79506878392836600     
 -0.49682470911551374       0.59082777333827774      -0.41934043500520651     
   9.3226493975602731E-002  0.87586748194884712      -0.30690121521134661     
   6.3431460878031365E-002   6.5373023458307047E-002  0.12061166963864288     
 -0.69569960013309795       0.18588559021049508       0.34880264156211344     
 -0.10155294578680642      -0.17273977542011543       0.73493503365546475     
 -0.34950286212217196       0.31259202658068447       0.34332290993297115     
 -0.72228765111392301      -0.10431698450226018      -0.54855503631869840     
 -0.18704384502439531        6.2346258793680671E-002  0.52564299762403177     
  -4.7881612147858098E-002  0.78830474626452418      -0.54063482228339133     
  -9.2161503237672429E-002 -0.83882075641471154      -0.36381003105295767     
 -0.62595146711100169       0.25579707701519688       0.41298187053584617     
 -0.33572107718318006       0.60189074097541162       0.60144074946903747     
 -0.42165480720659237       0.47362132703011867      -0.61907243315052618     
 -0.34925975103201423       0.82494339337665112       0.21883266129118334     
 -0.42777564567473902       0.71804523795319342       0.24867300277660512     
 -0.32947583910140876      -0.14443527715166696      -0.37408945578431374     
  0.89452037454250000       0.28492378847092370       0.15163028075621260     
 -0.66175349204726142      -0.71089255717269650      -0.10757798488402134     
 -0.20554085742492398       0.41818133682977504       0.45168386431009866     
  0.51765123740360552      -0.85052168646358517       -8.0443159150802634E-002
  -9.8743827890261052E-002  0.19542144206829659       0.39004640298310606     
 -0.60881545093586098        7.5366027353306064E-004 -0.49067498830958212     
 -0.19838444600557439       0.13568951430755929       0.83095596984425735     
  0.61558829205923860       0.12795428215850030      -0.74882019305261049     
 -0.59197901718116652       -6.4598855084689988E-002  0.50476504896116925     
 -0.16550200796018574      -0.91590497978943475      -0.21096618486355903     
  0.28440820800203070       0.45796257665602619      -0.30975009545402782     
  0.28682710480547197       -1.1327931261202330E-002  0.37262814198257466     
  0.27007803326483915      -0.28818346336297690       0.23024699351929878     
  0.80255649386016248       0.30746061783689421        2.6048006797014155E-002
  -9.3128685561039648E-002  0.27645012152363790       0.20041499853314723     
  0.25295254853938065      -0.47869001123495630      -0.21655301458299245     
  0.66649193347095848       0.22857639321115780       0.15929742426065954     
 -0.33043143674608139      -0.29493201201190861      -0.51205619948181258     
  0.14475584056258928       0.37604103440403547       0.41861884647523528     
 -0.15394193984427906       0.74409629129003696       0.46026126507603621     
  0.38085462300103845       0.22053082661132570      -0.83849432594761064     
 -0.67473544485972825      -0.23196191981764835      -0.69256735348592957     
  0.46668605114319528        5.8672374859151416E-002  0.30460872172629272     
 -0.34651625689001253      -0.32190885070953329      -0.72513784660239600     
 -0.26282390446352738      -0.87504863411482803       0.29948547098564776     
  0.61770365880823475       0.38736627900195780       0.58714047568361594     
  0.65864861820256071      -0.26997550841188311      -0.13993555358275345     
 -0.28226861525012270       0.32760645917199538      -0.40971946358565442     
 -0.18639972921860676      -0.30006875971815239      -0.68159102986610143     
  0.20736199815370721       0.36396360941716105       0.83726827242948831     
 -0.17512905840270543      -0.40911124588314590       0.87900330810423921     
 -0.73544498871139952       0.47877086797390023      -0.42449064615430288     
 -0.15727947814938939       0.57254569190498728      -0.25360135248088272     
  0.13344038449720486       0.15950900910675150       0.40306035390706912     
 -0.22638294224378563      -0.53723002759444549       0.63362146916550854     
  0.32620583519249213      -0.91838601785585228        7.4656227878267686E-002
 -0.18769036467006642      -0.25151454616174002      -0.20301265674458785     
 -0.35264417133747872      -0.55918674303778715       0.43081993855396428     
   5.3326310909877217E-002  0.14442629584969682       0.42840869249415797     
 -0.57463729018043663      -0.14699885050877640      -0.58556439139700212     
  -3.0863874907532028E-002 -0.52217187630113082       0.17030927308901730     
  0.60662943749428178      -0.14299350185767146       0.14798672311056457     
  0.58141301904521259       -9.8106473790710330E-002   5.3881493173126953E-002
  0.43852986668605959        9.2347015694314347E-002  0.15123382344762021     
  0.39401932656104721      -0.25345224706281705      -0.48434841041951493     
 -0.15209679804106904      -0.96852987788509970      -0.10881231516754047     
 -0.39457985322403988       0.44189274732015088       0.17236091694886188     
 -0.80819314419022825       0.14015167974804324        4.4924865282669334E-002
  0.82512780441860700      -0.17980789594954499      -0.37640465546133317     
  0.76939078579188613      -0.47342657212661537      -0.16241245427732540     
  0.15104268043850233       0.40986611404364803      -0.89022317366961201     
   4.9860888740777598E-002  0.72146945394778716      -0.18423719822325019     
 -0.43573813477881151      -0.32653954825574882       0.13499133353601903     
 -0.48817971523408188       0.16181154435318826       0.39075833966544610     
  0.30090620392959638       0.70019680038976417      -0.52798135591367712     
  -2.1465440249066017E-002  0.44007440528294611      -0.61587139518144285     
 -0.85209846198770878      -0.24663527092495471      -0.14439886917784236     
 -0.47834586641419857       0.53821977566117196       0.24942822049976901     
  0.10772526701384202      -0.57907865190721375       0.22573382574434425     
  0.28843306650899908       -2.6530939560562183E-002  0.89959125187571243     
  0.74973244380367809       -1.3627509427171327E-002 -0.39105897268913919     
   1.2151534579188621E-002  0.73836435885642770       0.34026063578769516     
  -5.0501540195472532E-002 -0.47307992037838797       0.65107515705672181     
   5.8410841201136229E-003 -0.21299385595021733       0.47666033379941991     
  0.83917172573115528       0.18319658468207073      -0.15248077989802947     
  -1.2448423452954988E-002  -4.9230619099910569E-002  0.32578748419676806     
  0.46972946670496796       0.40429836350684156        2.2962314952243143E-002
 -0.25978609474167591      -0.71040273467485526      -0.33689745674840937     
  0.34349322560016921       0.24208656084014543      -0.52947653277427520     
 -0.70085960921216017       0.40065709747445682       0.57614421511485525     
 -0.36021570475129744       0.58804257635375745      -0.66300747436471175     
  0.20521133249819565       0.74376195906625298       -5.8740646472777512E-002
  0.24295354850630352       0.45132120390025809       0.33765471141709913     
  0.27888736070378939      -0.83065481601592994       -9.4593847996679331E-002
  0.32258193411095615      -0.14537948729696906       0.72778366699656216     
  0.53047180241414527       0.57479872502330853      -0.18337384652431013     
   4.6221441807008483E-002 -0.21798075566021813      -0.38821490877154452     
 -0.33034473233032596      -0.25247816266114165       0.38414881364159154     
 -0.16179620457308572      -0.50069263438551381       0.26682116941278100     
 -0.24914117611967759       -8.8443185352990207E-003  0.29006588143668927     
 -0.88558296197646458        8.8821134497396315E-002  0.18592493903200016     
 -0.22321343842779229       -2.9921265746377233E-002 -0.22563051569234654     
  0.70915499520425973       0.51909235673580156       0.18441940038937407     
  0.18994235213185487      -0.87087317604159897        4.1476866640048134E-002
  0.56346196919614733       0.26624004079415869      -0.13691149058701033     
 -0.56434790487812969       0.62994082438885202      -0.34209056425342310     
  0.67731022240485927       -4.3325924547131196E-002 -0.29401429373143262     
  0.24100830373430632      -0.30517381410327493      -0.89593737687182451     
  0.42967109361483236        3.9379987234758093E-002 -0.44131156102540159     
  0.58356895417007593      -0.27132189875946033      -0.38407550515500610     
  0.69760683384839994      -0.47944923230576575      -0.14223598359487530     
   3.2899772809437865E-002  0.56430900310150900       0.11721957473539531     
 -0.25440304474022746       0.63221856063822179       0.30189201828935142     
  -1.0361432509765321E-002  -5.6320780121889701E-002  -5.6969287046017732E-002
  0.40202999083430635       0.47717240598449656      -0.11291235258744135     
  0.34052396162002196      -0.11605957753650462       0.65620285582764815     
 -0.61563687307769499        8.5362690285018542E-002 -0.62332629652257887     
  0.58787396596536645       0.71886769146723928      -0.24751234582150511     
 -0.27001875321340918       0.36318308154711909      -0.21506055716552061     
  -6.9841708793477158E-003 -0.15128432070598874       0.31509151919194844     
  0.19857605535902834        7.9264170072217578E-003   8.2225820645555114E-002
  0.18836261366225987       0.58009817701520028       0.71772956950711064     
 -0.70621409695899029      -0.53467599943669075       0.19669748096181991     
  0.38113112402621929       0.77910340304737702       0.23934352891734653     
  0.11008955361830008      -0.32653693764297231      -0.33782940170482856     
 -0.25381633825210126      -0.52934627329481065       0.52079239814926548     
  -7.9711122333711401E-002  0.10377965625225719      -0.93941351672825335     
 -0.32497285459538650      -0.50848822040129094       0.17965673524192896     
  0.50471275359569356        7.1634059544500500E-002 -0.55206772345516808     
 -0.16306455369037057       0.28405573981188609       0.52734292142672945     
  0.40005214530271005       0.10577238625670865      -0.53202579068035394     
 -0.63486624513946133      -0.64605848594095905       -5.7688212553459579E-002
  0.47961374255163031       0.22840093508892145       0.32824418814211126     
 -0.71468047751436869       0.29501671295788184       0.20814268706559017     
  0.48540283638606119      -0.48935817918735264       0.20830666995298006     
  -2.4605057225841512E-002   5.1896266027414324E-002  0.23193302163808194     
 -0.38624094862969555       0.38268307414421276      -0.41948270124320114     
 -0.21580866481746772      -0.15983362669233200       0.74015436434385362     
  0.70811775402377164      -0.55742377287467082       -9.2276212503010532E-002
  0.57218496801040608      -0.39142755872768142      -0.43692861087263235     
  0.33036032812564314       0.22970583154195387      -0.10734698317977402     
  0.16485226543521125      -0.91274829309392291       0.10445026493353692     
  0.23086522193321235      -0.21868722390275117       0.52235079061719070     
  0.53297121602027320       0.64175664799732313       0.33134162888002150     
 -0.75196231980934369       0.59111518341016067       0.23724180886046109     
 -0.47826854588739393        9.8526055797600695E-002 -0.78199568463355273     
  -7.5815254241110699E-002 -0.32850156463974334       -2.5568775178961091E-002
 -0.31493777052695066       0.12582851787342916        9.0953586047873097E-002
 -0.64456805043008925      -0.52771214618723972       0.20871416889447969     
   8.9699829094342903E-002 -0.22212913668940829      -0.28869519224072421     
  0.86563120207042032      -0.17535749898427294       0.34264738511290044     
 -0.45353838066411795       0.16189408377499706       0.12567764120329503     
 -0.23132778877764132      -0.38333191155651786       0.38036568743544596     
  0.32801764051554233      -0.42334130759389210      -0.49991153787456505     
  0.29953307030727910       0.40678568324693926      -0.34242578753142205     
  0.54229048459353013      -0.46577626123119042      -0.14236466546765000     
 -0.76608431397212606       0.47126364276999738      -0.27313364551410829     
  0.34708215295060324       0.24865298309434034        6.1935016747390395E-002
  0.88444557481526087       0.18944730421729838       0.11199809414912472     
  0.56515985540850111       0.29734238033918520        7.0087389182991828E-003
 -0.38887557265145289       0.48085456341627814      -0.71559940871823258     
  0.67831130925419925       0.48570100500901969        5.9056738381359303E-002
 -0.59577084130738944       0.38149313582853228       -9.5712292013706308E-003
  0.62692022417047089      -0.12192747749232932        4.3917227881051242E-002
 -0.77077414537462041        8.8805941810521274E-002  0.29920091843959223     
 -0.54942206309925057       0.15880309258447814       0.68132758211560041     
  -3.8653661423018376E-002  0.12902475726561519       0.89031611575571035     
 -0.17511652645552656        5.5235729815331244E-002 -0.76297719215537851     
  0.29566222139803183       -4.8042533752369894E-002 -0.44609311402367863     
 -0.11527994972105952      -0.52680898455442093       0.28739361907096134     
 -0.48313354160400868      -0.56001192001780287      -0.28689309736523222     
  -9.7165847438355324E-002  0.40092596447381917        6.5908105987684110E-002
 -0.10319114650647263      -0.24728647339212792      -0.80066846698838268     
 -0.50756038841889817       -1.7803988115452821E-002 -0.44661151246112213     
   3.6169309135171961E-002 -0.74319500395918114       0.24757120256402870     
  0.57274525954346900      -0.39723529509591443      -0.58733856536601781     
 -0.29634252452963716      -0.53105202794083128      -0.72789201825017058     
 -0.24011444009901337      -0.76118629922616199      -0.38011083281227470     
 -0.42123953907215506      -0.69955461577840672      -0.31367025898740952     
 -0.12893059262128037      -0.28764681380835544      -0.62473575706892071     
   1.2055788812048799E-002  0.39353111796532264        5.8730964329787694E-002
  0.33983955443527936      -0.62507063513777184      -0.57889054114770033     
  -1.7189489973505272E-002 -0.56722879495320011       0.40809750768109249     
   2.9507361841617757E-002 -0.11883856675599641       0.17259640752926675     
  0.16673212689823486       0.28460151031947828       0.92403079385535170     
  0.25714798877260331       0.17467372337339032        8.1161564345751044E-002
  0.60016738647998502       0.55183704771628828      -0.42018629811245217     
   2.5641306658908646E-003 -0.64576226841891049       0.57201077848181414     
  -6.9891134651158066E-002 -0.56817100473451176      -0.73825078266034028     
   3.8976465081046532E-002  0.44855563334152287        7.7105910951376748E-003
  0.53726324994574992       0.34713115253440646      -0.53696677927701919     
  0.63503221762921702       0.74312612802313338      -0.13083392515520254     
 -0.49496519244115889      -0.73040272866338440      -0.20036279210544369     
  0.23747514198826594       0.18307102145365833      -0.70767149043302668     
 -0.34111954056966232      -0.46963190341137573      -0.12634956672298076     
  0.25466493222898173      -0.64859831983003413       0.51669395963584064     
  0.66134498637919392       -7.4899248702803053E-002  0.69966070412885240     
  -6.8522764062795380E-002  0.41638580156820687       0.75561393630370699     
  0.71161095449645395       0.50367085750355045       0.40483690018867685     
  0.21187398777092736       0.58088364106192436       0.59413176182524541     
  0.64035594940314322      -0.21649722455760395      -0.26323411357459187     
 -0.67429609239810373       0.47627765485985385        5.8972566035495638E-002
 -0.30655538926351178      -0.83434866914957706      -0.36775360565521176     
 -0.77539626262327122      -0.43631959015792343      -0.23865434487895187     
  0.48472872677879247      -0.36738739676252319       0.40400553797584798     
  0.32603753354187975      -0.38470305553131573       0.52069351498345717     
  0.29083224307864192        2.7639635810082032E-002  0.11847803532817185     
 -0.33191224089539595      -0.33543744469864040       0.83051702472374778     
   7.3469790275404123E-002  0.61851125164134602      -0.73266052699698214     
  0.47489237428309117      -0.13955137078278340      -0.65645670818803148     
 -0.65568522752486558        7.1322224879146797E-003   5.9295687706211957E-002
  0.17043960942096706       0.31143180613575339       0.64011286339322360     
  0.15351542059727113       0.22934819322063069        7.5684456276548240E-002
 -0.34866231898802408       -5.8517845969479872E-003  0.67987971373656830     
 -0.10055455574012553       0.22395780958707642       0.26142800465452476     
  0.35209359354896019       0.58212008977833640       0.55693579613923150     
  -3.0432157778836143E-002  0.14153735011733526        6.0216341198515398E-002
  -7.8182580873084245E-002  0.53474267887269500       0.72040596523304479     
  -1.2931780337194144E-002  0.10293845996830528       0.70978690696073798     
  -6.0250435134249212E-004 -0.63479244662051648       0.62400066839565405     
 -0.38128040502640520       0.26517036756276302       0.15560321603722735     
   1.0458939819705870E-002 -0.87560007450530619       0.26567230435508676     
  -5.3621676386903010E-002  0.66648130147198703       0.33680218326289796     
  -1.5992376171130356E-002  0.59421423207703905       0.48644358344774363     
  0.35646455842947739       0.12494295276742048      -0.67608571964434183     
  -8.2026726239546946E-002  0.14992249404656258       -9.1441449246003448E-002
 -0.44183879045568403        6.7386451100700559E-002  0.70223034760344516     
  0.48016058063089984       0.83656135341050941        9.9336616657225343E-003
 -0.45056887357011732       -7.5722901661245984E-002  0.36889659946866810     
  -8.3103189169956918E-002   3.0122751305015846E-002 -0.26263714411243816     
 -0.88893675768792169       -3.8140725143615904E-002 -0.36582191337583297     
  -7.6411590327405743E-002  0.60878862332136741       0.58069801906154683     
 -0.68454491488096259      -0.51849168926340417       -3.9295580582125476E-002
   6.9359285291181863E-002  0.66725025888362999      -0.19448238173097487     
 -0.80984853250897315      -0.47493041174255429      -0.11958813722015295     
 -0.44581953389995138        9.1889872366045705E-002 -0.28760486536388441     
 -0.29743202043870015       0.58188832155952397      -0.42614732635921276     
  0.58046130454944778       0.15105686543898239       0.52492062972837727     
 -0.12053346576568050       0.89782472961016924        6.0497476113911340E-002
 -0.48764588426002142      -0.77809119838692697       0.16893757906681614     
  -2.3272833854972162E-002   3.3268625448128572E-002   5.8876855482289783E-002
  -1.7992369147340776E-002 -0.74532996305915078      -0.34418442520798298     
 -0.51642780436882174      -0.51902676092480038       0.14287537136961342     
  0.40732024505871245        6.1027537425599944E-002  -2.5219612015203622E-002
 -0.48985115275721669      -0.20333499080640208       0.61172399059500149     
  0.11183260107670254      -0.28017150379055256       0.15696879641717493     
 -0.23430887656784302       0.54329963334584397       0.37539546264128265     
  0.58516845280318763      -0.51868082883188849      -0.43327462040621140     
 -0.39770710836283379      -0.19456946520427068      -0.56532231386582554     
  0.83105991704141158       0.13173118058796765      -0.50299739069343863     
   5.6756370004619944E-002  0.46987355397834135      -0.24424984798320223     
  0.10975669750034973       0.49926349218354060       -3.4757603872497399E-002
  0.50828226352500960       0.36602950105625520      -0.64509689212540144     
  0.90814657063529136       -2.5832096663830646E-003   1.7998341206282971E-002
 -0.48721579241657070       0.15627800010616852        9.6045194905500106E-002
 -0.39182440322785977       0.14169327613737803       0.77672584982584203     
 -0.97690928534531685       -8.1738209541695611E-002  -2.2260154587941047E-002
 -0.75436486018655191      -0.21362477827742976        4.2767938682454328E-002
  -3.1779550457057902E-002   1.1716460826921194E-002  0.51011298545356809     
  0.52147842799932853      -0.21622924757091833       0.66748363536443633     
 -0.44384663142456254       0.74225460359690065       -3.6463646250184160E-002
  0.75751274809056368       0.24077815621439080       0.36086358416220987     
  0.55586638159270640      -0.58318654007351611       0.40266672741644383     
  0.29951412992006948       0.51578213254679084       0.55430245594837724     
  0.24947890727529998      -0.29181768538492020       0.51336825674438236     
  0.84705682031504681       0.10441682166745721       0.10163625722678421     
  0.24743017167455691       0.22928287061077449      -0.47845685852036685     
  0.42090650974224597       0.47215632361044857      -0.74112225778355645     
  0.54557211614472056      -0.10543097403150468       0.37730385962544993     
  0.29224123068742797      -0.25218217633136947      -0.51843377087011344     
   7.1376734209729356E-002  0.72477215157921138       -3.3031191770097744E-002
 -0.46013897122207115       0.27810578416207832      -0.31132953803840085     
  0.57680008060258903       0.16349444428995105      -0.18774451143653095     
  0.14046429434514132       0.33247735684639673      -0.20698547075130597     
 -0.21881458043575272       -1.6812186848938770E-002 -0.76257642413949278     
  0.21557225699466376      -0.31340969780382949      -0.69296048432550250     
 -0.45596169221354493      -0.37495659034047241       0.76588859623641492     
  0.14921313795552915      -0.32153410298947793        8.5513778854334144E-002
 -0.76281367306610914      -0.60984542595173652        5.9923287088814947E-002
  0.18958588946722740       -6.8713421106401064E-003   2.3686797365965451E-002
 -0.24836420220571556       0.21131479517852275       0.18805916818167823     
 -0.96839535225745232       0.11239281407460573      -0.11862308721936705     
 -0.13014758080376534       0.71287818262320235       0.42135266763538382     
 -0.57004490055086277       0.43323042662797689       0.33168337461541147     
 -0.71509407210285958      -0.64887009572265353        1.7466923423864973E-002
  0.72542646025280233       -1.9318644551406729E-002 -0.60597880825174000     
 -0.83675614247765129       0.37150698686841299      -0.12393596259178144     
 -0.54067112086297064      -0.50552999033442014      -0.54802588372885530     
  0.45564517518240466      -0.60717437058713775       0.46930125491276187     
  0.38686061315598974       0.33809306987091997       0.63364199517137298     
 -0.32688899458498633      -0.41559300972727548       0.22800644929454156     
  -7.6471840050289647E-002  0.58402678525193119       0.17043286186451670     
  0.45464328623643790       0.51922951783461657       0.45781812625386298     
  -6.3191745776950567E-002 -0.55286492188755720      -0.41583619534149641     
  0.13310215461766911      -0.65851898370516759      -0.16202519139362714     
 -0.48733447819808162      -0.12489000590976101       0.82274310845556342     
 -0.25797013511789679      -0.51994630946321585       0.31504785171830463     
 -0.49202671239866397      -0.69656044960572328      -0.28751725251954385     
  0.38888744805300418       0.34714707321782878      -0.25753703772035941     
 -0.59468564645032118       0.25134677664761529      -0.61598167013871941     
  0.35216434882220726       0.17848440832776483      -0.81607617566611246     
  0.33031541952179294       0.57513713708922420        7.4100442362343630E-002
  0.18193703482101409       0.54357542699134864      -0.29110747820905380     
 -0.63602059573960168      -0.45397974230598470       -1.9716046663614747E-003
  0.59492884557698922       -9.4121468366488201E-002 -0.63499863621297892     
  0.61048182615234892       -1.1160744476668080E-002  0.36563272713373307     
  -6.2620332792687403E-002 -0.98268052311700826       -9.6513814188399633E-002
 -0.55627532332894480       0.13484818344875815       0.67684678570890733     
  0.50402065218389136      -0.45910935762326777      -0.39727637215586964     
 -0.30552842400743585       0.30159847061768830       -9.4419393458221965E-002
  0.14694877107120127      -0.60794964244805405      -0.10547804678348643     
 -0.14919025249288961      -0.13169802952049109       0.46723684280960437     
  -5.8241177346051193E-002  0.84140972765126643      -0.27032878099442270     
 -0.13901436255391425      -0.74813193850845183      -0.47531369596491652     
 -0.55078714802775508       -1.1447677782645139E-003 -0.61459505494755740     
 -0.52998247874338755      -0.54074603452829328       0.43998970109392038     
 -0.48356056874055425       0.49218872748639786      -0.38182853534681382     
  0.48189549539798371      -0.35498176021479133       0.43445937451879424     
   9.6926027431839021E-002 -0.64891895264811894       0.57907408102776858     
 -0.42380410954993064        6.1328611940595724E-002  0.35139355637752240     
  0.20340023801044857        2.2220049231036352E-002  0.63235227682924644     
 -0.30605937339522243      -0.45268322533756472      -0.81684166796831537     
  -1.4863408487412109E-002  0.37443284255526788      -0.59617401678706083     
 -0.12267960619878859      -0.85857174569259265       -1.7164786334319636E-002
 -0.65968738114068026       0.17417414129208855       0.58183399918740875     
 -0.87271517270506138      -0.17478953848884549        9.0719314275967022E-002
 -0.28380854390083837      -0.69303887156060495       0.66075164266572106     
  0.32598309630391320       0.35958360041448029       0.53644720172443905     
 -0.11786911948921219       0.26692597533625723       0.59567620035541990     
 -0.70510714116903817      -0.32119290389961447      -0.13833617871630557     
  0.23331319249309107       -8.0094442837497268E-002 -0.56731572932310492     
  0.70883866601997958      -0.60982399593554393        5.8597103812280810E-002
  0.76578525694534760      -0.32033352636328549       0.17817435308429011     
 -0.38757690684713603       0.50142387391569576      -0.58589415116907617     
   1.6288341220069447E-002  -6.0291290662369899E-002 -0.20900364301006097     
   4.5383891147675152E-002 -0.42410946494340418      -0.89533752436513203     
 -0.24960063610590855       -8.9748959465504624E-002   9.8995419555460942E-002
  0.48200798696565406        1.5487604085810038E-002 -0.84792416904829926     
  0.69699912244848494      -0.32786086328840652      -0.20135073816165730     
  0.24119391566302834       0.58878184905956066       0.57825845748786220     
  -5.6680525434646689E-002   6.8293387544765105E-002  0.92983330596196534     
  0.35420009303435579        8.6847894138530668E-002 -0.76588453407658030     
 -0.50319890228138586       0.20849715297299290        2.7060547278099999E-002
   1.2373179296671364E-002 -0.15665177133783656      -0.42341337266751267     
  0.44010143914507927       0.23376769897036456       0.14499917694827846     
  0.14147010013826597        1.0779187470807554E-002 -0.98071196937003913     
  0.30338709241100725       0.30805386696193832      -0.59404132223024964     
  -6.6732295266049624E-002 -0.80534075218094903       0.51843451520986883     
  0.15092631910611279      -0.22398473524056570       0.33762370416015558     
 -0.20584568039545964       0.52038478869293880      -0.19511654834004877     
 -0.71356246749357066       0.54025392024192775       0.38882940733622456     
  0.89928410422854144      -0.12253803839014910      -0.14682730576742378     
 -0.51776515495351305      -0.32455063544400842       0.66499939493753724     
  0.43331962048218109       0.39753046710795648       0.57596515273093596     
 -0.25977517031829600      -0.88485042079338994       0.33647337921125814     
  0.13989868477914083      -0.77377533531852882       0.59756567087473444     
  0.49117004368299566       0.42079391326452309       0.22775724856776600     
  -9.9552642771547975E-002 -0.21089487955494360       0.22349232535948371     
  0.56172365250587253      -0.21112226913054430       0.47365904251603863     
 -0.68143718035432532       0.20534850236745064       0.21817711182212646     
 -0.65671129646869153       0.38001660299447093      -0.46301156551893990     
 -0.34217391585533535      -0.20109573015130197      -0.68260454948240690     
 -0.22469547879012738      -0.67081281403222370      -0.13358787273028011     
 -0.18406471564330765       0.18460341733727495       0.72439618670590877     
 -0.50205582102163215      -0.73984112060950891       0.41561081978357678     
 -0.76693262623339409      -0.23406224950377660      -0.54874266817455963     
  0.48725534018705158       0.10741275947864032      -0.20257790515629417     
  0.29854375753628204      -0.25160471263546264      -0.45145065696482900     
  0.18751404394802579       0.22636878852440825       0.18382699440808081     
 -0.34754525559367694      -0.19376267954848117       0.12930864331430819     
  0.46116084613296038       0.65483890302736147      -0.31265684164809482     
  0.25757837732325228      -0.13714386877321064      -0.55644855660113668     
   2.4052609062424593E-003 -0.35324014452225472      -0.51833268363742957     
 -0.49706838224768823      -0.64525656072845228       0.45862356784435471     
   4.9175499165845418E-002  0.42958834713047306      -0.72178723053291383     
 -0.66532424547428282       -1.3479074065835296E-002  0.28530512857608442     
 -0.23479439891485543      -0.31258175274208255       0.32694288278164113     
  0.10763112636701544       -5.3638196768069156E-002  0.15659960386968197     
 -0.26797283123611926       0.40874778529003253      -0.48346159235363984     
  0.40403103983989430      -0.34751078345758013       0.13764344031754208     
 -0.16600439405269049       -1.2155821674476354E-002  0.24366290883214173     
  -2.6694604123316850E-002  0.58233059770978690       0.14100907464132106     
  0.19248341451267573        5.9820685436027150E-002 -0.31660041963830093     
   4.2841536232151027E-002   5.9804152931584760E-002   5.3962166195559332E-002
  0.25627955836202365       0.27363374520930461       0.42130912407407833     
  0.64346214825395764       0.18024738047716571      -0.49329948025642506     
 -0.31562872174923540      -0.40148943644297697        6.4288414643209099E-002
  0.36160198847876734      -0.62256329338880156      -0.22053421032253337     
  -8.9360814763524810E-002 -0.78090380425198214      -0.51480963751614439     
  0.34510179269969515      -0.37386800941081633       -3.3057176637481443E-002
 -0.49419856667915263      -0.72777516218112392      -0.42692718203852620     
   5.1350692525845995E-002  0.42752593603668193       -4.7132656791024588E-002
 -0.26745566909895763       0.41727918329594033      -0.61851087930173831     
  0.39707157165932477       0.55495373613598376       0.32958067660121926     
  0.23010391703502009      -0.32876215212384169       0.12929688979537726     
  0.15416883209646073       0.69779783985647648       0.59889780022132411     
  -5.8096135357492230E-002  -5.7009881183805976E-002 -0.39366415490558038     
  0.51940308248953981      -0.16321876909249164      -0.12351908237153868     
 -0.38737949976066527      -0.27347633749612243       0.48330835602305616     
  0.71730227710247652       0.14714119714866578       0.51565937452171351     
  0.15861753769305945      -0.14368012109239570       0.90305977640551294     
 -0.20158004151389661      -0.72394668211705981        5.2116198673157400E-002
 -0.32238391404650341      -0.33006561205736495      -0.52024133972278663     
 -0.78961785471129398      -0.16406509850388110       -1.9917735556601309E-002
 -0.12817259305596795       0.37975419441238267      -0.64769964933410273     
 -0.76866194824294731       0.50123029108708173        6.6983670939908715E-002
   2.7489640798552006E-003  0.44903011133676018       0.16470339325309585     
 -0.23016990852432909      -0.29222015856715522      -0.45318291527570004     
  0.19141416514014709        7.0072736061418867E-002  0.29018695525745503     
  -6.9840299848078422E-002  0.46526743578220447      -0.84258863948681961     
  0.68292063577433659       0.14410784648802225       0.27824606456793477     
  0.56090512117645952       -3.7739588772367147E-002 -0.59814021926236405     
  -5.8665825990243781E-002  0.33340409758954143       0.28622074198493525     
 -0.41592015458533932      -0.41875969053195500      -0.65172753176923037     
   6.9376425715326331E-002 -0.92219235193398119      -0.18095374422431534     
  0.39710858932409854       0.22549901583978221       0.73499569547658050     
 -0.12470313330159188      -0.20084311519383857      -0.14479800654298303     
 -0.12101211139648259       0.67502435695911545      -0.28952992607090966     
   8.1508653902539682E-002 -0.32830476892593968       0.36213730241629599     
  -9.1612750899174492E-002 -0.48998953369453158      -0.52531560010496192     
  0.91339798206850831       0.25603455789756291       0.21758572902218881     
 -0.16071355698144726      -0.86079351247457725       -9.9938189425644725E-002
 -0.43534033928684501      -0.64669738628120987       0.21798994100629110     
 -0.60637901671983563       0.47380397319860840      -0.44425490485844704     
  0.60544602898478272       0.27790407038233644       0.20877794321778684     
 -0.26690249201210481      -0.33707377674974426      -0.45547230081329776     
  0.45491727474843385       0.11889666938826891      -0.27688428454558922     
 -0.38008315934786291        4.7007543277458597E-002  0.12884020378481734     
 -0.45872782518331073      -0.38063663019715960      -0.40427697632673310     
 -0.16138555394410026       0.65987607323889985      -0.26594726566095545     
 -0.37446958849119738       0.44631719789109042      -0.32510397005794872     
  0.30375119343884938      -0.73476717918889989      -0.46242784318825664     
   5.6588799159138413E-002   6.8151737191823519E-002 -0.76031065545260335     
 -0.51750439408506377       0.30176228371944214       0.16654627840812045     
  -3.0992667879238479E-002  0.33502635541746667      -0.37590709335713962     
 -0.61095363314620599      -0.23842597317262654       -8.8655362546462946E-002
 -0.44832428113064005      -0.37277179842661035       0.55254255360843141     
 -0.12732810360645222       0.79354609872945747        8.6326975027744030E-002
   1.3496010868560908E-002  -5.3580662335754113E-002 -0.97422916684052208     
  -1.2983208789120036E-002  0.60794384287974212       0.25022810547542790     
 -0.39625862764768316       0.84340978375386699       0.34339124276732141     
  0.23988712155533978        2.4840551421859480E-002  0.63286984208332853     
  0.40417371999186702       0.37102141865509608       0.48197708479926699     
  0.67118482153648584      -0.47300496683916726       0.43919969181321672     
  0.72373087537302294       0.58387756830571969       -9.1681426101596505E-002
   6.6021436534746764E-002 -0.46888992239857868      -0.83945712949942575     
 -0.80144414425729715      -0.50282997422517239        1.0016736326387327E-002
  0.40560315082327919       0.23395947194746969       0.64968458130062601     
 -0.85187777548007049       0.29195085921941616       0.25791045118606848     
 -0.16516456414723904       0.46329092725544618       0.35433819602763905     
  0.81623148307640037       0.20017218026912550       0.35364140555623097     
 -0.69905257996199688       0.11471051526320462       0.12181093536189840     
  0.20954182429126472      -0.37582112403834705       0.17929158993474562     
  0.39246206523609789      -0.20637969350826199      -0.10555863406449092     
 -0.27403164552280146      -0.67266138810423626      -0.43644484742272471     
  0.17268016526673763      -0.12829475637458210       0.81327364176853656     
  0.29923134257819373      -0.34614527708175435      -0.81909554635539994     
  0.32989027005517496       0.47629425641028300        6.9691398697486098E-002
   9.6874490345425293E-003  0.34144858667076289       0.65112830708409797     
  0.96530059437849780        4.0488246896198184E-002   7.0539492606356682E-002
  0.59985020717203641      -0.33935542016113979        2.6022198282887758E-002
   7.7672189633912633E-002 -0.56333987871804592      -0.75693946871744389     
  -8.7501509154594745E-002 -0.86584219419629160       -4.2646340743886145E-002
 -0.73477950849491303       0.24042376600535856      -0.26682812365490161     
  0.37040803036000969      -0.29465202088475589       0.34656182708092370     
 -0.24470171732500287       0.45525272166632147       0.54775454136460655     
  0.43045120724125968      -0.57875179908479091      -0.46927868821058544     
  0.16023067073664926       0.27718782935734493      -0.79244632466003750     
  0.10150212548394169        4.1326592976381193E-002 -0.13736001644452728     
   8.8082278572655645E-002  0.34497230121597267       0.10329767793487313     
   7.6137755252086561E-002 -0.27000616739308220      -0.14501567513127603     
 -0.23373270278734593       0.32924415268518564       0.62820311707239040     
  0.17666074695099704        8.1501908736292650E-002 -0.17411861096641404     
 -0.16617543277408789       0.27550748144702941       0.52013149689203630     
 -0.49973626906746543      -0.51894463310239469      -0.51957173177192784     
 -0.46989010649403323       0.47596916795845856       0.44665788804522683     
 -0.81957433805419444       0.49747145249879998      -0.12199152613861422     
   2.7543306992989156E-002 -0.19075593883089989        8.7055930282381802E-002
 -0.40713852622341801      -0.55209304576124651        8.6841048146404157E-002
 -0.35261503571310776      -0.30009923019710899       0.14450485554996476     
  0.23509275533416943       0.82909041218958779      -0.29669838773395091     
   1.2315513349216928E-002  0.42659446134682777       0.69793777355459585     
 -0.63677541286160422      -0.22158235869453960       0.42879741164353830     
 -0.43493693097930308      -0.23320591805428517      -0.55011302024506381     
 -0.81063667064826739      -0.42049323886404322       0.14440055527753962     
 -0.17183150007525616       0.20463183480786248      -0.34401622532804560     
  0.61322706135846494       0.15819162816003729       -8.0336467102998493E-002
  0.32685288176115163      -0.28191569685867546       -2.8346437467816035E-003
   3.0663391629345234E-002 -0.28273233575093426      -0.43624223065474887     
  0.30590472321352302      -0.38223765832684109       0.37171447483775383     
 -0.33021345393482338      -0.56205182539179221       -3.0329239646805898E-002
  0.18720953444506905      -0.26427372231156959       0.61744828799405704     
 -0.53771909518920125      -0.35949454320367930       0.23214273269597616     
 -0.38871666824197337       0.19541708655938128       0.43990652082115062     
   2.1218771121319657E-002  0.19195403463403690       -9.6926233466630776E-002
  0.75992506212866018      -0.41260680843189818      -0.15636553194844605     
  0.54759990419545812       0.47437226074060457       0.22552352563967953     
 -0.15977249896622359      -0.34399170326059342       0.45047289096726939     
  0.29760500836973025      -0.94649318058745924       -6.1709389335890541E-002
 -0.11091090440429938      -0.11151390962627897      -0.25840322817556660     
 -0.39732711190193970       0.67488703171699704      -0.24814536382794411     
 -0.70088098660325138        2.6531479489333123E-002 -0.16061056393055398     
  0.83763963907764005       0.34351337827193074      -0.25336994698306309     
 -0.27498548384171956        9.4667738975994120E-002  0.79286188984878470     
  0.12599128443475421        9.3219010418130327E-002  0.31423072432842375     
  0.12557127073506819      -0.73026254191919204       0.17094209410699920     
   3.1269645586250921E-002  0.62140082842816491      -0.46044490528451543     
  0.47830098629844975      -0.53370860535608278      -0.33390868366593102     
  0.25646646781940913       0.91237464945040625       -1.7335025103135195E-002
 -0.31279274560747855       0.55615587522438703      -0.66026602120130318     
 -0.43624669703022295       0.61249912087711245      -0.43368932738978133     
 -0.70986437527088442       0.44690837737457983       0.52955760764927662     
  -4.7741641585154683E-002  -6.6850112130212691E-002  0.81903410022274237     
  0.39009417330602209       -5.5107928660281767E-002  0.22548267101481398     
 -0.10888551488770153       0.60782638321878135       0.61466685148981692     
 -0.21476586247273929       0.21850671781697914      -0.32713263356765038     
  -4.7237758673362391E-002 -0.36762019899442322      -0.44516492168594346     
 -0.25378886020176056      -0.78508099596332859       0.30551429457711032     
  0.31850366573855254      -0.74727450776381876        1.8109087611365194E-002
 -0.72977317802842068       0.22706031435713644      -0.27502643256112014     
  0.90522421285337962      -0.19422634497520661       0.15464355654744047     
 -0.15358959795579108      -0.46995708508301698      -0.82627191676629430     
  0.37456655637731856       -6.9683163809154099E-003 -0.44637592980847618     
  0.90249681656930369        4.0722081914431989E-002  0.40913620959749908     
 -0.73694584298042065       0.42124826050529196      -0.10969257085990576     
  0.63415275040180707        4.2707021600816387E-002 -0.52034200829161481     
  0.44376132970141285       0.54504097432494492      -0.44735578340975263     
  0.55490122716193335       0.19774286454298851       0.78115863672376062     
 -0.17258864080529782       0.60333560764124738        7.8785149270354571E-002
 -0.40178572431342635        5.9204707276796914E-002 -0.15807310082627463     
 -0.38872175888922872       0.31160783206795667       0.52359335482188807     
  0.41873972828930217       0.66034864333320442       -5.3179353987278050E-002
  0.69160299646874257       0.63794210339907320       0.21156710095075762     
  0.43493036402158730      -0.17522330787064333       0.20355352247571507     
 -0.29476528106664285      -0.70027121238851187       -6.3749081476537017E-002
 -0.70427597701143629      -0.22918430264926423       0.48161795496826826     
 -0.21529348034209014      -0.65918629211189628       0.19896283883908589     
  0.46835353915807498       0.10899827512626473       0.85972042322742914     
  0.36151937983198945        2.0301680242013790E-002   6.0456311052307449E-002
   6.1495650300813658E-002  -4.7178501080242470E-002 -0.74196573776797836     
 -0.31279671827100786        2.1478527464986021E-003  0.74907345075364207     
 -0.13310455207494790      -0.45337012441934282       0.74919809169374063     
  0.27295383714648247       0.46345857859721401       0.74535218186334762     
 -0.13043381803408458      -0.12847292380599321       0.56303481846474324     
  0.29264306967686798       -7.2702675078720108E-002  0.12869967901994317     
   6.2346314614644613E-002 -0.70979643295764150      -0.35792743728630738     
  0.24281832527928587       0.50289212064723277      -0.80259236762894914     
  -7.8271093158859814E-002 -0.17094333771448050      -0.27643511861660325     
  0.46294777218117605      -0.64857317619936294       0.57991350507255313     
  0.69880600593697351       0.48467497161070899       0.43919630664782988     
  0.82525682568507497      -0.41460491685729745       0.29947057444186809     
  0.17027262802053381      -0.91954036699361563       0.29566181279058651     
 -0.79996531094486500       0.24094361686079505        1.9105091095104644E-002
 -0.42476778151590672       0.40053672296468595      -0.34736907770887121     
  0.38073285027840387       -7.8752801080728782E-002 -0.59268546939152311     
 -0.65775220542369239       0.25889301372664314      -0.14155513547523624     
   7.6352224517452369E-002 -0.65011718269567287       0.70120122569812948     
   4.9985263080182911E-002   4.9904055042984397E-002   6.0732796767023867E-002
 -0.17995476961719148       0.26299418017058890      -0.28363877435640961     
 -0.92327320803928414       0.10154337178285898       -2.2459263366242082E-002
  0.69633247316234637       0.18903921943549148       0.28277652708112161     
  0.23806737580275239      -0.51141796537131712      -0.47367286459219005     
  0.87607266471817735       0.16620083507085021      -0.26576828563204469     
 -0.46239616480602574      -0.40164024894653100        1.0532964420197589E-003
 -0.50150166506345395       0.27262558364402079       0.57558260702201436     
   1.9606054591852221E-002  0.29512868503579320      -0.43289551052519754     
  0.21742950923479040       0.15676798366590602      -0.70563419066783695     
 -0.32055854542218543      -0.21234388138803842       -7.3709553871408540E-002
 -0.17761130415865931      -0.42282061009776645       0.61166266272178649     
 -0.16657767446575000      -0.90280754373121685      -0.15775634860232030     
  0.20679101109292278      -0.41606443819636585      -0.62337551794666257     
  0.62928037836949002       0.10131879257696769       0.44784081135101822     
  0.25534748467485374      -0.63303101855716370      -0.16318995295260813     
  0.11159162955896021       0.57908889656753448       0.12443522687353380     
  -7.3251876279138558E-003  0.93822084878799439       0.30685574642502145     
  0.34721066806624723       0.48258089434927637       -2.2159598226642901E-002
  0.88993234032465363       -3.7928841918503070E-002 -0.20178061493673163     
  0.51592021810622990      -0.80993991027009848      -0.13490124150046756     
   7.7611052571095171E-002  -2.6829393811996272E-002  0.34924011590526832     
 -0.73178648912438149      -0.11770154684370353       0.23761712198625662     
  0.44342906111101033       -1.4868293363348517E-002  0.27924680882377068     
 -0.12282144657779792      -0.35101089099009952       0.22782577108931651     
  0.14509483532757050       0.17065584715042995      -0.67399863059097587     
  0.52792414869631110      -0.18354089119339956       0.73689784768150490     
  0.68613366515454444       0.12747008633896886       -3.3385001696305316E-002
 -0.14591567233145375       0.78495886740243870       0.17337345054170086     
   2.3375143263529772E-002 -0.14641867124315985        8.4031013133004873E-002
  -3.5633513338197066E-002  0.85845107904195672       -9.2209500409761225E-002
  0.49526169377395790      -0.62686351687270114       -2.6341034659145987E-002
  0.48684089305931322      -0.10056891897994018      -0.35942371934001516     
 -0.37347855074759856       0.38264849282765606       0.72291308447878944     
 -0.30178632842264380       0.63901540890866704      -0.21602045097319122     
 -0.22739932997006299       0.34515915771606243       0.42639670667965329     
 -0.41959145183545649       0.36103103310791579      -0.66704879140768591     
  0.57222334645590622       0.25111570930890947      -0.48795888124572723     
  0.42162912977639055      -0.30641566985113261      -0.38073431387750811     
 -0.82288420500851123       0.22866577907971478       -5.3747218484978036E-002
  0.16610043988260259       0.63789136708853977      -0.26007580044218725     
 -0.41251665252471975       0.68720417909645370        6.9529829873806098E-002
 -0.42003937910428468       0.19595903085555072      -0.31286500570292469     
  0.64846728127061815       0.43870293015676237       0.31599756926165234     
  0.77643363354541828       0.28027899084874219       -5.9544279538027094E-002
 -0.44521633724862281       0.36842054942250235      -0.47840458664840535     
  0.28981932755692436       0.43280619329729580      -0.45422310334317684     
  0.18064157250716628       0.21442177948086152      -0.44707196687241163     
 -0.70580201719444591      -0.15547249776824371       0.38169386508891118     
 -0.35059107827983949      -0.29831606215366774      -0.78751213457910352     
  0.29186813482090695       0.25462285283191854      -0.63374079526944183     
  0.32880527135275500      -0.32667960667035523      -0.48663887046356286     
 -0.31800124172241612        1.0902277462349005E-002  -7.0014085582549165E-002
  0.64146290156303376      -0.69563550722532430       0.23644514244478465     
  0.21649521729316451      -0.42403455713349808       0.46940406848292099     
 -0.68113224132389472       -4.8968315058677332E-002  0.58261299525077959     
  0.52881740552465495      -0.51412208923884117      -0.18951998399451495     
   2.4147315057725622E-002  -7.4771502984983279E-002  0.52092904152759034     
  0.64794782506274895       0.14507066769934168      -0.49421204886454845     
  0.71582311950564359      -0.11776346774646167       0.31047026066073513     
 -0.57088177971017762       -2.7321337032944558E-002  0.47973064570929719     
 -0.14483190586293732       0.54796251779326821       0.48012560319630765     
  0.21151532052905112       0.24842134567269583       0.26239754235629220     
   7.8238871905989840E-002 -0.15755691196437613      -0.98206912339709918     
 -0.24851954985184602       0.71016899037541026       0.49997834874389729     
  0.29164460863652214        4.5411452810147565E-002  0.11203457743491547     
  -8.5097939908202427E-002  -8.0437683882264743E-002 -0.16244911483589525     
  0.54209676546509766        3.2305079799949059E-002 -0.22197459381264278     
  0.12752729041145508       0.64522511224822243       -1.6774375259497657E-002
  -3.4765506332041195E-002  0.78793427805451199      -0.59654198087031163     
 -0.52204938337236118       0.25381947518946546      -0.63262992538990603     
   1.5191418391210474E-002  0.69158869246215793        6.6088862445628796E-002
   1.9437692788784255E-003 -0.81556534358281718        3.7102312810774155E-002
  0.52421965283667760      -0.29857737919113314       0.40711154789543513     
  0.27863717487967138      -0.72731901087875817       0.30801846613831729     
  0.42909360057582951      -0.54394039164259134      -0.28363566445148286     
 -0.72219427624665000       0.34663241336195827       -1.2686850934784671E-002
  0.92135453685448021       -2.8439690539690008E-002  0.22937531411650017     
   1.9529940129886281E-002  0.12390515355524119      -0.13168138973417953     
  -2.5709982873754485E-002  0.81186273048346058      -0.13808102117193544     
 -0.12805714858306202      -0.81598871412214447      -0.42417741867195607     
 -0.41912997753411124       0.40032090433729844       0.52054286395169225     
 -0.47106427178897686       0.41530372539203508      -0.70916066891557972     
  -2.6384355647382628E-002  0.72615516114770629       0.33475865209925970     
 -0.31555864097265196       0.86009337111190343       0.32754686865948046     
  0.69394650139090974       0.31894949671761230       0.52036011019425388     
  0.42875209686066995       0.33358098572170464       0.17064973103123668     
  0.53946707665669746      -0.47018227044843663      -0.53467925106436232     
  0.32287653209563832       0.78597454351212936        6.2459413223175698E-002
 -0.26054994525901065      -0.17491823834870285      -0.55348050369373680     
 -0.27058089274130442       0.46095654061766944       0.55247459849083103     
  0.70310739272834044        4.0898686267303717E-002  0.48392427974109598     
  0.56873883148958826      -0.49648325785737391       0.47875772814496997     
 -0.39452848759822878       0.34031982454499671      -0.25375673076010064     
   1.3072390733279060E-002  0.64704049149783804      -0.16673616375646066     
 -0.32672595689242845      -0.31471074353185924      -0.74189652713371379     
   1.7205075916810121E-002 -0.79873032458568016       0.39175378938855004     
  0.17013795041571136       0.18908943758395200        8.1020005923069932E-002
  0.83428677688342889       0.28124301934163171      -0.18748577688058177     
 -0.71508541330454056       0.25511019886179892      -0.62334334940368130     
 -0.34819686412965972       0.27331195768769589      -0.19738440137881749     
   7.2348883845924597E-002  0.48524218035284306       0.41445894142002404     
  0.45329455520104883       0.16941511374044418      -0.18107178211375816     
  0.34420284607218654       0.41163961122347387      -0.12972163398820444     
  0.11970257103288311        7.4327814359769026E-002 -0.53198912168773982     
  0.32582473985161720      -0.32169414306857019       0.22876374374493016     
 -0.18345532840180973      -0.56567025510013202       0.33546739045512436     
   6.3734333512506014E-002  0.66621435550067809      -0.30467757545237673     
   1.8763841101934669E-002 -0.30663098599524641       0.35919439902160277     
 -0.58099255080119172       0.74941348796383989      -0.19561415303311075     
  0.12161128716036032       0.66906398249141186       0.26661362283163059     
 -0.20613504308084410      -0.77192856017692579       -8.6670349076751654E-002
 -0.85367510879261266       -7.1753208106478603E-002   1.8061274607816067E-002
 -0.77875615175000823        9.2526020667248590E-002 -0.41320816487007023     
 -0.26016478343105881      -0.75703425216726083       0.52290415845005755     
  0.24297286608614188      -0.80792135941107168      -0.13925552946875755     
  0.16854428512845379      -0.36180658200835175       0.59180105909752834     
  0.71103321857719592      -0.33288909966833041       0.51835479699609366     
   8.0447756550904775E-002  -8.6372354169213836E-002 -0.62360470594616868     
 -0.19707943109054510       0.51767588138818488       0.77457872693443119     
  -5.5623953163370460E-002 -0.74537045250653866       0.24481529518521880     
 -0.75452909035891147      -0.26741824375834700        4.5471083027315888E-002
 -0.73381026008004380       0.42289610874462275       0.10740350273677861     
  0.20085372826244272      -0.62861066088852879      -0.44484328450153626     
 -0.23015246070900172      -0.40727690863891441      -0.28725570687344010     
  0.20985828272260165      -0.41079237198137475      -0.20421502756655577     
 -0.10389407923653056      -0.62171759699696338      -0.60361744864523958     
  0.12287166196555588       0.31288112293486320      -0.49620542564086173     
  -9.8323499640784420E-002 -0.86107925140772967      -0.41144407493865853     
 -0.52215736028566562       0.19232737551536652       0.10900173892564781     
  0.70776623808506589      -0.37204129086741777       0.22380405489017743     
  0.26202671391524052       -7.5744594794678096E-003 -0.42653824752779079     
  0.21951527401614931      -0.62165839224978403       -7.5094990789856805E-002
  0.42831087762187653      -0.70544370891723018        7.9761744463879691E-003
 -0.10496042931309583      -0.49877396762381770       0.20201533450199907     
 -0.79408045635847302       0.18971027547013569       0.55851503897799737     
 -0.33056682770443530       0.32401812720044132      -0.38242857502931926     
 -0.60735077958566097      -0.27091331942701458       0.51071848066835479     
  0.69322916598432405      -0.34703814834540153       -9.3661370498001675E-002
  0.42545894468025713       0.25037363276193153       -4.0709432788266900E-002
 -0.55100508943437898       0.30108929470153167       0.28879937670673506     
 -0.32010472110281990      -0.81649429940447005       -7.4028688500868592E-002
  0.34851015138019015      -0.27557750200803893      -0.20139272624026608     
 -0.29881265430694842        5.5198425192174307E-002  0.70749240718504547     
   1.0434151152644190E-002 -0.30652163451630976      -0.42229237886909560     
 -0.62135790470413643      -0.23178455963685587      -0.69337266366036721     
   2.0267512912786154E-002  0.16536987610807821      -0.21393575597339995     
  -8.8585221741364600E-002 -0.47701750425199996      -0.85500699740328023     
  0.81622014551752498       -3.4258250120144607E-002 -0.23973673154761477     
 -0.23566987978721585      -0.51860357541560920       0.47648910392261568     
 -0.38802710039014382      -0.13462595324161228       0.47047645834092977     
   5.5383006652948057E-003 -0.69582033674303345      -0.44940351761013292     
 -0.70881176416323544      -0.12444370718976273      -0.59235479886822562     
 -0.58341779830022233      -0.50604882186471445        1.5732882101660437E-002
  0.83036467370422662        2.7860628446805341E-002 -0.33566403872495981     
 -0.94400314917682704       -8.0764317679488662E-003  0.22292455411597004     
 -0.11352035603482169        7.6595464308263306E-002 -0.84580351717513302     
  0.41269158457710753      -0.18399654876282451      -0.89082025362523309     
 -0.79128667623106153      -0.37087325792010689       0.35205811436395840     
 -0.93733018255749878      -0.24579558097341847       -3.3478083488156861E-002
 -0.50652818946032607      -0.49310846378997369       0.23143166657828787     
 -0.58381912390315427       0.16759615556354651      -0.75934331853981840     
  0.48574663865901641      -0.28812054058470293       0.69420708055922609     
 -0.47205795510746884       0.75682337608908867       0.30104984725513984     
  -5.9797722923364167E-002  -8.6998680473250461E-002 -0.17375916813372203     
  0.40426988410338222       0.28149309920169674       0.49260526603407345     
   3.7865810942657632E-002 -0.57449852481657093      -0.68506644031382125     
 -0.73087664104115824       0.61221293811637911       0.26759426645143342     
 -0.58056157301672895        6.5577695120575766E-003  0.38480638414903223     
  0.73534533437122118       0.62652655925539102      -0.11256320598804023     
 -0.17331433175078609       0.33480472444509973      -0.25650542041661334     
  0.16767178821930348      -0.88555056156962342       0.22337992005168494     
 -0.88600397877257786       0.33213986653086525        2.4287804671052359E-002
 -0.24696021271882890       0.40620987031833966      -0.45574514472763022     
  0.26589286537217854        6.6783161999796045E-002  0.68316605287360432     
  0.63589286850149118       0.29680040077555231       0.12917825033010050     
  0.37184533630179506      -0.30623041770196768      -0.49672150671947496     
 -0.51871138278587403      -0.28993203425113834      -0.24421588507828107     
 -0.69777938462663935        4.2129150554535935E-002  0.13294594906609561     
  0.73979345859847712        9.9240178886141922E-002 -0.43201683824030790     
 -0.10545753370494640      -0.39301617826362895       0.37805433963375723     
 -0.29709888370531667       0.52172624764226727      -0.46898578179745803     
   4.5688325861322661E-002 -0.47567330087048498      -0.36100855676090277     
 -0.13762599014042923       0.64132284642193138      -0.44781339427113764     
 -0.28883164508629999      -0.73190170037863900       0.39318598633396012     
  0.20487091658044690       0.72587211980371902      -0.62532172661234720     
 -0.12178969869316791      -0.16266428948760642       0.55444070704275028     
  0.23027019188759446      -0.48988887162955752      -0.72955832279088551     
  0.73199225313489968       0.12826123230179468       0.48963869790758874     
  0.46871571967808329      -0.74592113771488500      -0.15480588453577857     
 -0.28912610106323233      -0.58441299012920866       0.20528440239260165     
  0.68943174945038233       -4.7939436489249747E-002 -0.72002476872518284     
 -0.74422911712094830      -0.49184615306521512       0.23551049221341025     
  0.32177196670343294      -0.44093910331203945       0.34945142047735062     
 -0.45131609882644741      -0.56043225271624209       0.35618187302885662     
 -0.74510508411199161      -0.39153163110591060      -0.24464338694558091     
 -0.41135164290369791       0.32373638148222000      -0.38546418982075803     
  0.14426045820164937      -0.69862524622998190      -0.27520159830598728     
  0.65682830655137037       0.44208190535494601       0.15798571105394935     
  0.61571706124925840      -0.69445745664045733       0.21528913005297998     
 -0.39151956382459563      -0.77183384345771922       0.15475026000302883     
  0.10091937185685820       0.97843739317807443       -1.6588665774514059E-003
  0.45155006519790797        2.2923550616594297E-002  0.86001196274839342     
 -0.49425467423291175      -0.63454602482594336       -2.7557172065471452E-002
 -0.48252911679465799       0.70374412826304034       0.19474509520336200     
 -0.41441411751153912       0.68362290514170931       0.29130209116576178     
 -0.49784627829831263      -0.74090177234939536       0.40144034263285316     
  -3.3674907095029967E-002  0.59875097353742723       0.72695002681846299     
 -0.38886492776857901       0.34602933941254344      -0.54776945167421121     
  0.82410107422469558       -3.2569667624200292E-002 -0.13010096066190768     
  0.39635407079152785       0.15634543101302337      -0.53718333250889350     
  0.86638085409935128      -0.22347072621100322       0.18587330894236578     
 -0.24424680035148119       0.80118992097875152      -0.15270677941259372     
  -2.2956178723701655E-002   9.6415704814086581E-002 -0.57523800897468746     
  -2.0570256857342602E-002 -0.70162697406658514      -0.49015162549081570     
 -0.57689357957928544       0.33249059386454116       0.23969028960875394     
 -0.50714496906752216       0.77531534320007056       -6.0636696085953644E-002
 -0.84726455848468285       0.37055160720559921      -0.15790529311554341     
 -0.83141557214087369       0.10612500425750700      -0.47773707933345716     
 -0.28986332034241297       0.49194950996227615      -0.40687128281613621     
 -0.46353207278125830      -0.11094740800421657      -0.55022562283137344     
   8.5943186214592807E-002 -0.46681539416621831       0.44726716703853436     
  0.13429487082695118       -8.4375037287759830E-002  0.81118907052040656     
  0.27246207369819275       0.32638357553967340      -0.88774045046538730     
 -0.17228147528306989       0.53578648543234642      -0.32081366577262638     
 -0.62029530745070394      -0.10622615882357257       0.57522862999414659     
  0.43394739493646078        7.8624431300038281E-002 -0.28514091785716328     
 -0.31882834542199112        3.4421143314633108E-003 -0.70646502595276972     
 -0.18025886811178385       0.68040165477791659      -0.61923585944326254     
  0.59203750614383710       0.17796787826055704       0.64522160331652412     
  0.14071733999342201       0.40579626617522713       0.76916949122904077     
  0.10527285262006460       -5.4104639267648455E-002  -4.0138139866038626E-003
 -0.18061777958393577        1.3041823694737080E-002  0.14783417328219930     
 -0.52147075163807077       0.14948774090106248       0.27950391960546161     
  0.61900866226716167       0.49688380462962273      -0.30511800516776022     
  -9.9803192785582029E-002 -0.39250992306092369       0.81342966604791733     
  0.68124497048610644      -0.19151967858468949      -0.26027194983639723     
 -0.63616011383153726       0.43520692930333493      -0.10228988446206788     
 -0.85968855443898362       0.38896898040231409       -8.3183182701976541E-002
 -0.40840459435871906       0.73555740761884403      -0.48530908699994185     
  0.23171699244795224       0.26437339589356262       0.30465000890666838     
 -0.29914724545776034      -0.48350672598968608      -0.67915013399521162     
  0.17767578335610459       0.17300360190920691       0.49460628334870793     
  0.18320774154374145      -0.19634619906091988      -0.35087385478159611     
  -5.2851745673322702E-002 -0.45950952930193140       0.32816653453154010     
  0.49056663778145632       0.42167642641208647       0.72383952824980979     
  0.10880633265314546       -3.7377154474329669E-002 -0.83128731917485932     
 -0.26512828115381692       0.46652593109011620      -0.32706879186980642     
 -0.35096559863811522       0.12880255782878341       0.51435370609112241     
 -0.60648314686787441      -0.47972837045334510       0.53616166146272626     
  0.93982966741576424      -0.23534875106849881       0.20860647729255741     
 -0.44090740789437216       0.30136116802509205      -0.74214467725377753     
  0.16932957748248156       0.26719545022505631       0.17389153430176368     
 -0.88187391528525749       0.29241467361188350       -2.2018833836548943E-002
 -0.38520196985258665      -0.39024518607733094       -7.1955334921749506E-002
  0.24325231264362795      -0.42762652221479064       0.75914882188323651     
   6.6196416443253928E-002 -0.40595418360683649      -0.68073618681059744     
  0.18307225247327066       0.65297826353637134      -0.55689453374122544     
   9.1630026833289691E-002 -0.81328916204964175       0.55196456830557394     
  0.38749388903470888      -0.37896596934222937       0.28389794173414334     
 -0.50816457073120924       0.15881524875609432       0.26164686302630935     
 -0.63638693123099088        5.0536028837144899E-002 -0.53944533781368365     
 -0.15974884163499015      -0.20736932943487640        7.2445393133730343E-002
  -8.9649919560135308E-002  0.33199999444828387      -0.13069540051062570     
 -0.17929680385984881       0.86662792225771967        5.9526584705374946E-002
   3.3319458256525034E-002 -0.43972366705094612      -0.29376052852199064     
  0.25352947128898656       0.72151282397261574       0.38753169408626831     
  0.53536997259125874       0.19659279864504176      -0.20428384649960049     
 -0.34178130942905727       0.64561038788540248       0.29270010768323379     
 -0.78044497928029366       0.31040839337085707       0.31643800382113757     
  0.32932319539671789       0.32901068193687794       0.55214161112128302     
  0.41213055356772615      -0.61701741954007583       0.26542447037261252     
  0.79105989394154252       -2.7720888456988335E-002  0.48580851766527988     
 -0.50552581301514243       0.66822416540014995       0.12868547177440867     
  0.51019733760662411      -0.22822466818286222      -0.17883378078323076     
  0.31029676883446322      -0.28007571293009886       0.49692795147577273     
 -0.71537508824561036      -0.38868259723035825      -0.25180671367349000     
  0.63380611505782847       0.56220579629045775       0.51774975561608305     
  0.28352177857576649      -0.40585643670802835      -0.22899757784565108     
  0.48206225897734289       0.22933160935558072      -0.20391842164197926     
  0.91787881518632852      -0.10574831221033554       0.19725343302124018     
  0.39746483310857994      -0.40714846988239661      -0.41866946280445660     
 -0.30361036430159871       -2.8280580764883306E-002  0.69551513685328625     
  -3.4923390889661426E-002  0.90954978519868912      -0.30588597151626878     
 -0.33091968337444067      -0.83207833558562205      -0.43624178526634327     
 -0.40863095409667621      -0.79907014690837053      -0.34957244133132997     
  -1.5227481337881570E-003 -0.43739684630664066       0.19471619015792477     
  0.21467374269207645        3.8666188540106970E-002  0.71680395110224149     
 -0.71752280271369717       0.52280757749522933      -0.30790805990427383     
 -0.17665863015530822       0.68282304512871761      -0.50887037992045836     
 -0.24739853747727369      -0.25894135548921898       0.60553489325965704     
 -0.30960376342612839       0.51595274335258878      -0.31709028445630005     
  0.30408597786945329       0.68907213173438231       -3.1808829043242004E-002
  0.50143335369562425      -0.19853017335730658      -0.38313167540632459     
  0.88002556006317700      -0.32556220707146910      -0.24659253715012117     
  -4.4699697086700151E-002 -0.45174246867962126      -0.19778063095082071     
 -0.70591180713512647      -0.52105602342823232      -0.20887007098462385     
 -0.53417823479381632       -2.6173078668874406E-002 -0.24905846004783727     
   4.8829237890045847E-002  0.45765588073454877       0.45882917932996314     
  -8.9427602649070140E-002  -6.9970231466077767E-002  0.29039403405676639     
 -0.56976827736220181      -0.23534057962674715       0.37171601266522475     
 -0.81905731776906499       0.25825276122645452       0.11709511296287656     
  0.80414311590287479       0.24564125841805942      -0.11040008714173363     
  -9.1921172979529148E-002   9.5610208786002751E-002  -9.5123029083988508E-002
 -0.25070144708102055      -0.65218903955540730       0.16258875729985406     
 -0.60845888783406810      -0.33820289313102592       -1.4986976356151011E-003
 -0.76136288245238892       0.33248776648435580      -0.20554265061374874     
