  -7.0407225990241393E-002 -0.20096190091638969        7.9294035048186898E-002
   5.4380198694363030E-002 -0.32079025839430320      -0.27717248197165223     
 -0.10401684317561483       -4.6998396286269069E-002 -0.17217267097953282     
   2.6926361872180907E-002   5.5300619698302786E-002  -4.5630899036687156E-003
  0.11772834381860695       -7.8408746468596469E-002  -1.0137579162076246E-002
   3.4848904224841479E-002   9.3217367763675965E-002 -0.12228985455513919     
  -5.0618028411356999       -2.7516659076313674       -3.8141617896144320     
 -0.27430999777984316       0.22269822546629239       -1.0880584170188277     
  -5.9999695884635440E-002  -3.6740681843577733E-002 -0.22815554867424886     
   6.5790388210688526       -6.4873220687226905        6.7909077740708881     
   6.7358282757221402E-002  -7.2572545971859359E-002  -6.1866972128265731E-002
  0.10769844955946155       -2.9533846418816345E-003 -0.10370721865147806     
   3.5417395139845915       -5.6584211355304808        4.8646290779759838     
  -7.8440566348393234E-002  0.26938601641708138      -0.22343464519495854     
 -0.24168615472239632       0.30739808238081395        6.8928369866752201E-002
   5.9320186224785587        2.2719542144423315        6.1654461974369275     
  -2.2771349923870385       -2.5004641997289734      -0.71601107575575684     
  -1.7196401215160626       0.18821066718702115       -2.2053302728052189     
 -0.98665322714052017        1.2884253602952136       -4.3817698517487162     
   4.0288541160727869       0.60666118507121580        5.2790645478107336     
 -0.53777046695032804        3.1959741489932911        2.4311185258603749     
  -1.1473993487719794      -0.66504656161427522        1.3945033106921427     
  0.28785912650004158      -0.37887688318512786      -0.43241431703394273     
  -14.122000997955634        10.263531436100340       -3.4880049493673457     
   1.7743196595829889      -0.59457067354172222        2.5077956828802437     
  0.17717671030609350       0.10776315095965838       -9.1670458481796835E-002
  -2.6550401019825195E-002   2.7881885533910158E-002 -0.14484606738778694     
  -1.9661696935291739E-002   5.3928704851097360E-002 -0.25213927674842124     
   2.1520380501206895       -5.6395193089717610      -0.23360592699622582     
 -0.13174591134164398       0.17919679435003877      -0.20525878658676336     
  0.79675192445436316      -0.73319367339853136        1.2557752649786236     
 -0.14079544143819259       -1.4150885708419172E-003   1.5927676958920250E-002
  -3.4086267787117528       -33.329240670774752       -21.853810398419682     
  0.11482952346501023       -6.7656577763145181E-002  0.15557464232502213     
  -9.4488996741004475E-003 -0.48125363912175290        9.5970834091770776E-002
 -0.90758461013695468        1.7051724743266632       0.39419703829746833     
 -0.11419342232706831       0.21539163108724291        4.0757866003259258E-002
 -0.11180956356666928      -0.20204705595983383      -0.27275319017318489     
 -0.12731397948981488      -0.10933000418371827       -9.3792353505522313E-002
   7.0223191314853189E-002   9.4162683536823721E-002  -1.9883670006657479E-002
 -0.33092884813345863      -0.15281700328312994      -0.16348915081119023     
  0.38575022221214517      -0.22410596927277621      -0.42425155364195621     
 -0.12746502889771449        9.3419999772688840E-003 -0.13772640489801635     
 -0.66126188077029735       -1.1057247814408881      -0.88962909044318583     
  0.16495335211754836        7.0900956836641604E-002 -0.15335685653234829     
 -0.35055402678067454      -0.58896878147602549      -0.69758452168879659     
 -0.11580958573598239       0.12353321626754961      -0.21582717841575433     
  -7.7429788369558869E-002 -0.30795625938773519      -0.24644391091530707     
 -0.20223340474827989        2.1310356257957151E-002 -0.11803859530678563     
   6.0866308217838405       -4.5633847365479498        4.3066113143090030     
   4.6252772536058931E-002  -6.9164304887174344E-002 -0.21922911303027759     
  -1.3709621446039384        4.0273747270178042       0.72513887380812347     
   8.2185997736019117E-002 -0.11748665107909237       -1.0933393856118216E-002
  0.83492378647030885        1.6002691872469497        6.5380973411142559E-002
  0.25408374243503012        2.0622140695534936E-002 -0.15958858763789949     
 -0.19686569753502098       -4.6141336845140213E-002 -0.12276157584910796     
 -0.27375742261944158        7.4363471290850830E-002  -9.4968125006079096E-002
   1.1314015755139404        5.1263515036046474       -2.7965632353008849     
  -6.0838097620235267E-003  -4.8328088133926805E-002  -1.4889874034871624E-002
 -0.13577544660677318       -8.0678836240256173E-003  -7.3457516159437658E-002
  -2.0490364284277546E-002 -0.22673485971107721       -6.2745388867700785E-002
 -0.23526878293174175      -0.61148105442816514      -0.22223586117216343     
 -0.16767315929953208       0.28258378894368463      -0.24235889570522989     
  -1.8719150722289057        1.7630813010389417       -6.8484238345629736E-002
  0.12078619223076970        1.7364765149278230      -0.68060779660677029     
 -0.24644643233534075       0.15255062808943956      -0.10781643106084883     
  -9.1925996369688706E-002   8.3802350954742724E-003   4.3087774428295658E-002
  -6.9827456651749414E-002 -0.31042945780454279       -2.0428977703836334E-002
 -0.33533429754658889       0.10491188871615660        8.3595801954168020E-002
  -4.4419400422932158       -1.8302865318189829       0.42195914832931691     
 -0.19203519273355860       -11.647694244655540        4.4842862087825948     
 -0.12979277249899435       -7.9682943452555902E-002 -0.17245616744215506     
   3.6232575470005126       -6.1909028488240354       -3.6106114247541718     
   1.5432185647236932E-002   4.2260593602096268E-002  -1.1114329801645405E-002
  -1.2298441580433358E-002   8.3083812817362601E-002 -0.19195236531259768     
   1.8130553111958259E-002 -0.21587633981248711      -0.23889736113860824     
  -8.9459267795170314E-002  -1.3698012403710109E-002 -0.30178719622571820     
   4.1028736265987312E-002   3.9275902871308666E-002 -0.33644084852670997     
 -0.35283035485638392       0.37476048100601594      -0.25237696531257237     
 -0.21030433886450001       -1.2869949037822121E-002 -0.45065515448709031     
  -1.3452929825088149       -3.1284203204639005      -0.98693986116904509     
  -2.1763363432985656       -1.1127249436948945        1.9298254636475787     
  0.20905928274253116      -0.49772556370721482      -0.22407202918513489     
 -0.14141041188511139      -0.35632105951308662      -0.52910351754307794     
  0.59017703679353362       -1.4470097374136544      -0.14910254865283759     
   1.9504323342306580       -1.0060511999472832       -6.1631790309527350     
   2.8654197005127644       -6.9240707032498454       -1.2035944931816065     
   2.5853743742950810E-002  0.12261483314658977       -4.4764747421610629E-002
  -1.2389419957912335       -4.8547844935857931       0.65634725926374904     
  -3.3679419049518105       -1.5995409544842698       -3.8856204845320041     
  -1.4614125117226904      -0.34789180444796386       0.50865668494481198     
  -3.1402089289388660E-002   3.2875113757421054E-002 -0.17286351842373218     
   9.2542168424692137E-002  -5.3853361307774149E-002 -0.23781825680503010     
   2.2578624168616522E-002   5.8000064638159390E-002 -0.11703700353161019     
 -0.18475347857139088       0.19845603600125838       -1.9531331080105217E-002
 -0.12766747337360393      -0.22044650737983887      -0.18466697058432188     
 -0.13584604178818857       -2.2969817667466853E-002 -0.22175196658030130     
 -0.12769426209420864      -0.22593482104221568      -0.17858661418375438     
  0.39321185888985544        4.7487567536875197        4.6735004450258346     
 -0.11791929643708977        3.5907903252003305E-002 -0.10699818061889935     
   1.9232441630927037       -3.6090028027415575        1.7465763912264198     
  -7.3223315343030768E-002   1.4545832182508147E-002 -0.24243288438960517     
   1.9867613693765214       -1.9764142395432616       -1.2444529097107193     
 -0.63454989309054000       0.84658459436713540       0.34677459771872804     
 -0.15140973917025677        8.6886464195383303E-002 -0.13903287151313704     
  -1.9432885929070067        2.7334924299415597        1.1400080511134669     
  0.25158585752729273      -0.40015196553808452       0.22356392659701479     
  0.91338397978154318       0.93048828986135534       -1.3481255482945764     
  -6.9295087805870931E-002   7.3792250668808221E-002 -0.18534110216122057     
   1.6790546263489077        4.1722368476211802       -1.4480663904776572     
  -1.1174894888888125       0.17743739789551224      -0.32023895341430619     
 -0.17324751810649378       0.47259506337683438       0.64756424153335301     
  -4.2012533307192540E-002  -4.7891644003505644E-002 -0.19524203566369328     
  -3.2212060906556634      -0.21683177756366956       -1.8232352752205692     
  0.38923319816139734      -0.32101069210510796      -0.19716992334403860     
  -9.6465358902236231E-002  -7.4011455142814389E-002 -0.24663018438151846     
  0.54014786272234061       -1.4905982725335198        3.0447278884759230     
   9.1965651816216978E-002  -9.4161328541014860E-002 -0.17417418992566100     
  0.22004533721164726       0.49113065977009562       0.27460783767582014     
   3.4468748169990260       -2.0588311953603924        6.1438579130326580     
 -0.17505581959002509      -0.23731295730946728        1.1901609072790611E-002
  0.12112318703462745       0.18050334660435818      -0.55758005518001486     
   2.0774528654460434E-002   7.0715385746122732E-003 -0.12349892962072123     
 -0.33076373264728010      -0.13430628775001074       0.45244700771489615     
  -7.1662351223659204        7.1545208395480087        9.9995133956672273     
  0.23899134887427842       -7.5425265744530470E-002   5.2625324377949083E-002
  -1.3906420544010154       -1.9442442720206627       -1.5789347400509719     
   8.5795613009536614E-002 -0.31431214956451770      -0.26384623978337457     
   1.6310924971526044        4.2921310395607515       -1.7797472509907413     
 -0.25848228122901451      -0.17272930501515998      -0.28415724497732209     
  -1.1568679462650178        4.9007415031382493      -0.83143369133656975     
  -1.1854249608938674        4.3079503088934326       0.66023669460667567     
 -0.15363013637839404        3.0474685364265709E-002 -0.13774255015173109     
   6.5994716902818826        2.6525466761028800       -2.6848332026648918     
 -0.29068740138184207        4.2787452250177618E-002 -0.25753311840565679     
 -0.28407606837570809      -0.76505611852594468       0.32780449759365665     
  -3.4415038512323234E-002  -5.2279816410864328E-002  -5.5101936350515981E-002
   6.5028093628431858        2.2856364224629067       -2.8065572026283379     
  -8.3872418211555486E-002   2.4652683668466117E-002  -9.4005038443817093E-002
  -7.0815091298748412E-002   8.1008031213592666E-002  -7.6179558774841533E-002
 -0.39383568920910650        6.3463730423680642E-002 -0.20915008232419594     
 -0.21184763798478989       0.22813584325885228       -3.1574403427856376E-002
   3.8246349362682702E-002 -0.22071464884629735       -9.0725136373978721E-002
   3.5879184404251606E-002 -0.24056185485882531      -0.15441244550751951     
   3.1303236153154579       -7.5725767716673031        2.6158855872064235     
   9.1881812861368248E-002   4.6584480509110793E-002 -0.29768098098509305     
   2.8248122498682644       -2.5672907719148812       -4.7907843248500850     
  -1.0254284197228533E-002   4.8434151957216252E-002  -4.6428081351192536E-002
 -0.87522265879614458        1.8010936660039243       0.43132868876414354     
  -6.3081491953129403       0.42527904514080073        7.0323499851396072     
   2.5655810773489440E-002  0.26919814307314710       -7.1753271338065902E-002
  -1.0702249045935179        2.8652068707987781       -4.4124638765310662     
   9.8202673189857356E-002  -1.0126713225946830E-002 -0.20724144615801901     
 -0.26023631267872860      -0.35348343064795973      -0.44183797444003658     
 -0.21684478067382798       0.37073579496389941        3.5111958935118814E-002
   5.1724540308008731       -9.0195996914789467E-002   3.6620949091429185     
   2.1441279864402741E-002  0.20311835743772358      -0.12580489513318799     
 -0.66702920598484783       -5.7878419589653562        3.0406123428449114     
  -2.5010763551469894        7.3858354263271959        6.7450151317877642     
  0.35043524039091994      -0.14528120034883832      -0.21579797641158624     
  0.15636425759786540      -0.25774926072203419      -0.11994476560542058     
   5.1306431474863237      -0.95949691472632614        3.7287733176453384     
   1.6171875894995125       -2.4285618314210282       -2.7151674474433949     
  0.22001821870111871       -2.7581808736787696      -0.25468533936748972     
  0.14645172643626500        4.2521045890833914E-002 -0.14488128760169744     
  0.25249799608961782       -3.2567859627212321E-002 -0.17202958156610909     
  0.26257401784350903      -0.53809180023287029      -0.59752669887885168     
   2.0963515010284189E-002 -0.26892102511612487       -3.9103540800496772E-002
  -2.5603871941522246E-002  0.12701013904676045      -0.11468004561732725     
   1.0892471375970421E-002 -0.15794731143011939       -8.7015838629979636E-002
   3.3229025447569160       -5.8190160109145479        5.0058262775823472     
 -0.10732060161297034       0.24704319349882398       -1.6743311065872540E-002
  -3.7960638571199223       0.58938475125124434        4.8567489845801877     
  -1.3326990151538785        3.8733120284327529      -0.75622450110470618     
 -0.15405375656054307       0.36480200272508645       0.11982444710924796     
 -0.25142184520908173       -7.4398394051610429E-003  0.19735370696787302     
   7.8998993305992235E-003  -8.2333320381688432E-002   1.2779991447729889E-002
  0.25269274275212045       -8.5950480526173739E-002 -0.17841784225309043     
  -10.749702061919811      -0.29615249750819767        2.4710321126753496     
  -3.2125141705974795E-002 -0.13952712041512944      -0.13569469359670838     
  -8.1842696192174783E-002   7.7864564577636380E-002 -0.10578761112546133     
 -0.18137410887328706       -2.4948063887348253E-002 -0.14874105954371095     
 -0.81490459614462929       -2.3177436213686663E-003 -0.82274706464694758     
   3.2509195490128297E-002 -0.19203623986287971        1.3970852265466491E-002
   6.3883884955600045E-002  -4.8516954080754550E-002 -0.18398898945435116     
 -0.34913831556487712       -2.4076984657652525E-002 -0.17399960587927868     
   1.5676941741854853        3.7944299247974689        5.7847543408613804     
   3.0369239937521914E-002  -1.3770838012454300E-002  -9.4479105996285798E-002
   2.9512406179384292        4.4700851784070075        5.0421676459886235     
  0.33938174862064086      -0.14885347863372034      -0.59919323058730201     
 -0.16084334927635413       -9.1374232856576823E-002   8.2463198663023332E-002
  0.59552251141775825        5.5553084797883070       -1.5540464546027564     
  -8.9458596696849579E-002  0.59927287419402997       0.22968371668397644     
  -4.6790890258760286E-002  -1.9239107528226034E-002   6.9518487245929961E-002
 -0.13302391217349943        8.9745386688924889E-003 -0.12052405532018681     
  0.14933290127681423        5.3775158844131921E-002 -0.58588674491995940     
 -0.16717247718567244       -3.3632136263078278       -7.9313786213326506E-002
  -2.6463020589614760E-003 -0.16443399268835354      -0.22875229947505177     
 -0.49316857631841182       -1.6983825221611981        2.1055455907404137     
   15.438517299406818        3.0520262311591058       -44.420541910127454     
  0.24395631111541252        6.4274332177217888        2.2423089976139274     
  0.19165547693206306       0.78557657133045689      -0.35068440898264536     
 -0.14707904124608756      -0.99659952614224379       0.17146451330907259     
  0.57436639883481999        2.2793400122273426        1.6390299839954292     
   2.8135134414362826       -3.6116288310136699        2.5483142655546516     
   5.7860164214614818E-002   9.8614044725680958E-002  -1.0193235586967039E-002
   1.5259192389358502      -0.93403837169884762        1.1060091104944190     
 -0.28531483948793718        1.2946290299156456E-002 -0.28628902578833199     
  -9.2781171539816937E-002 -0.13623306056449075       -3.7979768562451825E-002
   6.4303286722153893E-002 -0.25911582102974628      -0.15517891887675694     
   2.2510909231678551        1.1553112788442343       -1.6809032679194402     
  -14.111080562955072        11.515885015296393       -6.6070548613637108     
 -0.20769317047803534       -1.4840387584644075      -0.29345198292964014     
 -0.42656960843641101      -0.26438796846131390        5.5469553979725535E-002
  -2.6745184514761967E-002  0.20166730300497446      -0.18333550751072927     
  -2.6396082887910501       -4.4049481435813469        5.3937515250126120     
  -1.1909612761556196       0.60308520136131105      -0.98917738290361934     
 -0.27803087987133318        6.2462093348734378E-002  -6.6845526208504910E-002
   3.0495788287269978E-002 -0.13758186553407759      -0.29607878788641823     
   3.5028152303911093       -4.0228328717817972        1.0805613663943088     
  0.98535510643255009       -3.8525637779623358       -1.0841283059364422     
   4.0807462888510893        1.6170189739604481       -3.5029075958749685     
 -0.25967912350434658      -0.45061821410973507      -0.50727973604513854     
 -0.27266650508962464       -6.2855490367534336E-002   5.8675190844392447E-002
  -3.5788083682904697       -4.0271732151485509       -7.6933192185030652     
  0.10060380105104944       -4.0952238078291861E-002  -3.6095353619838136E-002
   1.2759848066020265       -3.8367708957526632       -1.7993595083055023     
  -7.3004727219674881E-002  0.12783065194636004       -3.9603127470281330E-002
 -0.48200455306320472        8.9864109204500723E-003  -6.2898863204008601E-002
   5.7831535954857960E-002  0.36929568638233778       -4.5152964032352347E-002
   7.6799133996049377E-004 -0.22461296080802076      -0.32233793188409160     
   4.3405107654591463E-002  0.16815627165686564       0.18231476443769426     
   2.8726627689280018        7.5075198876068852        1.4881730693901349     
  -2.0297536198937621E-002  0.55908018879025456       0.11286225286769302     
   5.5324401939882373       -1.6102690389923850       -2.5674286506735999     
  0.13178929490777097       -5.1420185395909451E-002 -0.11873155442500055     
   6.7126756714262718E-003 -0.11106396468357131      -0.23914461336340970     
  -9.4102699267867435E-002  -4.1694022345882282E-003  -8.6145156123551767E-002
  -2.5110542574287862E-003  -8.1550344102220007E-002  -6.5243361416867540E-002
  -4.3530288443051429E-002   5.7796159454353228E-002  0.10526398958538082     
 -0.11005702378968871       -6.3649199197083950E-002 -0.16160304766963129     
   3.7628953816083811E-002 -0.33407944075343143      -0.18330499567729816     
   1.8419493946738624E-002   2.8375060157265031        2.0166268578613455     
  -5.4803345559485572E-002   6.0712303473528635E-002   7.3975724051686554E-003
 -0.87285844172186922       0.27089431246309054      -0.76704477387178716     
  0.80725373695844360       -1.7786339467279151       -1.2036228320386371     
 -0.24620610430126824      -0.28517580921218583      -0.30123772613851330     
  -4.0618019497324645E-002  -7.1389095814954409E-002  -2.3417316079413455E-002
   6.4249717828928250E-003  -2.6644763420250135E-002 -0.78670140469313576     
 -0.29705634888994842      -0.28000816889081981      -0.10218439904585616     
   1.6924266884949475E-002  0.11479809196889250      -0.10090886654925570     
 -0.34704628555512840      -0.29742828936945404      -0.31730292253779546     
  -8.8943130458612171E-002  -5.6144096941754824E-002 -0.14650702639208812     
 -0.18518559795622036        4.4789193480602438E-002  -6.1832368016405237E-002
  0.10789692113569878       0.21134763424243153      -0.23482609288094525     
  -6.9086874141221805E-002 -0.17043816766349967      -0.18226643161029452     
  -21.299963004721477       -20.945482949971638       -36.301327808074525     
  -1.3217175093241234       -6.3268361107931330        3.9994421851154289     
 -0.31015221594047448       -1.2122362118117647      -0.41028038919266974     
   9.9131087728174510E-003 -0.14898700565815742      -0.16318489786915868     
   5.0279654763379748E-002 -0.41164678328074977       0.48669598798863928     
   5.2102012826468691       -2.0694161717760600        1.5299371889713616     
  0.12744030551955771      -0.13976380897531271      -0.26230040263160903     
  0.17264838396258395       0.50000180604721967       0.21214673759399177     
 -0.19274922500200964        3.1533205082626428E-002 -0.25480939012048115     
  0.19065232734451001        3.2291556405023747       -1.2757902610874097     
  -5.3477719946020290E-002 -0.46456720766016790      -0.22651269855485040     
   1.3316875721697863        2.6172959970518797       -3.0190409792066921     
  -4.2253833648370355E-002 -0.48634433293375573        5.0015327320863889E-002
   5.0859757580905468E-002  -8.1434732005832150E-003 -0.18851730254023089     
  0.54092686052247285        3.5358723847687989       -6.7962883759872703     
  -1.3437621405290292       0.77827218465153547       0.94932553704207312     
 -0.16113662441411164      -0.11538858425165041      -0.10903821302186574     
 -0.41469288310515040       0.18395042296952679        7.1246032932810593E-002
  0.48800533757143988       0.13325480876932325      -0.37481037697853808     
 -0.12886560905150174       -3.6143835341477797E-002  -1.8258611077493703E-002
   3.4881821693521005        2.5770666863551361       -3.1229855802721094     
  0.85969521454438169       -3.4541735619237004      -0.28316581151979681     
 -0.71415327800956863       -1.2770499366482448      -0.59982120576000686     
 -0.17517270278742714       -4.0097536075193063E-002  -9.0959504199506547E-002
  -2.6026134028041166       -3.4659565130466596      -0.85650637253887696     
  0.26384534842596741       -9.8454349597377089E-002   7.4932504748632292E-002
  0.58557757556543710      -0.25798250763266367      -0.29978540935433962     
  -6.1334601741065232E-002   2.8302267684267631E-002 -0.20639050794314295     
  -1.8792842642343825E-002  -8.3765170017543605E-002 -0.10985568283549135     
  -7.9061379985535894E-004   5.2159288266070331E-002 -0.15897789462118844     
 -0.13083262068575757      -0.40679597242722398      -0.96601459930978906     
  -6.0534398162320601E-003 -0.14526045854508948      -0.18765515688000153     
  -1.0347498208077419        1.7959686025473567        1.0452377061514475     
   6.3227364550480916        1.2577547277932158E-002   2.5289653421613263     
   5.7530311554584799       -5.2222701290922249        2.0770561149199671     
  -3.2526858785729938E-002 -0.17355954611302801      -0.14046179589170690     
   5.2207486904132697E-002   3.0498458765720160E-002  -8.3558721240070410E-002
   2.9566054993834561        3.5256296167518379      -0.58922896918054213     
  -5.3440325535336827E-002   2.9869143896516393E-002   3.6544165584557503E-002
   5.6622235921004800E-002 -0.18454425324473378      -0.21792337437040171     
   2.1860132583315979       -1.9300395918303643       -1.8839652263357551     
  -3.6653095647233886        2.7908575652507546        2.9868085731947911     
  -6.6120790798917944E-003   4.8214269752658905E-002 -0.13670693146949717     
  0.10484179648464856       -6.2177708392781847E-002 -0.27297307714131841     
 -0.27693541267031202      -0.12216038286373476      -0.27582201860983718     
   5.9862943500176985E-002  -5.1192511026991143        3.0712521442640255     
  -6.4604343687457572E-002 -0.13839873274944159       -6.2168286547041637E-002
 -0.14671005325069855      -0.14897095543785563        4.4920918251454937E-002
  -1.2634894400132466E-002 -0.18886551606782551      -0.10278533165667041     
   9.1162141389846268E-002  -6.4510919646374523E-002   5.4212472325283728E-002
   7.0632930448772308E-002   3.8919552475946827E-002 -0.12781007625113541     
   8.1893061874914039       -2.0138072873502670       -2.0203072506470456     
  -4.2111602561274593       0.65647487609286936        1.0348534677951164     
 -0.17730847550778181        8.9723806791882882E-002  -9.6537081029441613E-002
   1.4142804669168927       -5.9073776874774024       -1.9933568753799493     
  -2.1116106736113988E-002 -0.27368153386579164       0.35795094850958237     
   1.3699096689385017       -1.5696349680565482        4.5028488324968130     
  -7.3814847821433272E-002  0.12274450951940885       -8.9186093538983727E-002
   4.0866118898186136E-002  0.14251990719347551        3.3932474196826753E-002
 -0.44878843802844975        7.5632163343076639       -9.3503167570211099E-002
  -2.4162808212909965        3.0477658623721626      -0.75869285294000444     
  -3.3576288373396967      -0.62596241410457765        2.5989869472626395     
   4.6619078977600594       -2.6288068965774780        3.8762475120319286     
 -0.38448813853687047       -1.9622310695160072      -0.22909903413984550     
 -0.13967542377244005      -0.11401261534134022      -0.10855902318842935     
  -8.3214378250327251E-002  -1.5407181985833641E-003  -7.7703714331193163E-003
   2.8809165041558318        6.2881452723004170        1.4296082487074722     
   1.3317475226874598        6.7174237651951589       -2.5678594331045064     
 -0.96893931403446998        2.0847855033042952      -0.20799207931089328     
   1.3760458371540680      -0.63703045314690643      -0.52235284641677604     
 -0.32868954233932735       0.11323670248274606       -1.7910562884274658E-002
   13.360598580767096       -13.397803644149533        8.4806244114604539     
  -5.0825601083516005E-002 -0.14817536014299901      -0.15985147520608567     
  -3.1464733882179652       -3.8489406770181462       -2.9686241593446194     
  -4.5178284162095912E-002  0.32297274979405965       -1.9709318121287258E-005
  -1.6204004736430733       -5.0813336879848245       -1.1582176273569322     
 -0.28969834449571397       -1.2516380303146617       -1.2819082474706709     
  -3.8550123934421809        5.6099968174712993        6.1111435466410970     
   4.0889840349656544E-002  -1.0022371535465794E-002  -9.4217445570657560E-002
  0.16626825770126652        5.7010295118342701E-003 -0.16012981348708766     
  -4.0262014960087775       -6.2714735465734703      -0.59721931486429591     
  -2.6618862973688064        5.9780819528350966        3.1415678447312949     
   1.2769402527931517E-002 -0.25075647574899634        4.5910315719170577E-002
  -2.2587717174232100        8.0541793795898806E-002  -3.8182492152501908     
   1.3838705066137529        3.3153898646055984        1.2196239377328879     
  -2.9566520339364599       -1.4769289559165122       -2.2699989549944526     
  -9.1374020249167208E-003 -0.17143993101366364      -0.17931947795044317     
  -12.781111428306588       -11.236585097987840        1.7668623793132023     
  -6.2083793771048246       -8.7729421894030217       0.48778196811936841     
 -0.36090429040982747        1.2513428931445187       -9.9983988079288974E-002
   2.8203059680505849       -1.7106265514329109       -2.0342870731926497     
  -1.5061463411093010        4.0117292234913364        1.5421795358684594     
   6.6988223476907809       0.37786993021470983       -5.1262480411217899     
 -0.11588943887186751        4.2006381491076321E-002  -3.6342127334765433E-002
   1.8774499310410912E-003  -3.2817621937519130E-002   5.9813014201233222E-002
 -0.52260489158352963       -3.2175949539296096       0.47738709025489229     
   4.9413769090149414E-003  -1.9587030825119527E-002 -0.13496632005416739     
  0.66713613053468979       -8.3185781821720646        2.3113490515614470     
  0.20307115344141169      -0.27319273919414988      -0.22642251023810822     
  0.48466099908854382       -4.6136058765321604      -0.41119814768129370     
   6.8654286180550861E-002 -0.20146933066844441      -0.19560821939114820     
  -3.4952620106171450E-002 -0.17247388689704418       0.11076176703374734     
 -0.22395434042001744        5.0372943572343461E-002  -1.8949831808681226E-002
 -0.27009195086615778       0.24461969822049318      -0.14098123487549027     
 -0.14119121290991762        9.1808630829744733E-002 -0.20629389372242149     
  0.62773306622160685      -0.17184242816457790      -0.20277617052860913     
 -0.15670301724122682        1.2809854734318570E-002 -0.13608844798440733     
 -0.19114374172703949        2.9493383585588531E-002 -0.24144368640103717     
 -0.63003750568336647        5.4149615759846302E-002   2.2491240974989561     
   1.6509414901821766       -2.2164023857442756       -6.6660001858216908     
  0.36315951564167714      -0.15808118856978828      -0.40788549826489179     
 -0.12478700024532234      -0.54716584766677034       -8.9921630481813800E-002
   7.5635556561152575E-002  0.15471900518144288       0.15878757494879558     
 -0.12363530382229332       0.44491304715641933      -0.19707189443032913     
  0.17749434822638091      -0.15437225718144945      -0.20401809200653070     
   23.293125750068821       -3.6414243181661683       -11.430850605446270     
  -2.5331879652009262       -4.5268755634032098       -1.2472703924481412     
  -7.6628530291420971E-002  -9.8421527331672781E-002 -0.29192817413812261     
 -0.12870344674375134        8.4616554697307139E-002 -0.21114561784950564     
   5.9644096038340173      -0.96708213844260071        3.9468608643445817     
   3.6401151508433212        1.6459505652316839       -4.6289652696749819     
   3.0399118434913510        2.0621988029478273       -3.7742365022452429     
  -1.8359761848172354E-002  -1.0183706550092535E-002  0.15423980118793093     
   4.0019574543011265        3.9804651795996415       -4.7197462354046626     
  -1.2647342784006248       -2.4025654870298041      -0.12697825152928305     
  -7.7452455589493541E-002  0.29396611172369630      -0.20086981577980212     
  0.19398986620598102       -5.6276740530787198E-002 -0.27075895953122847     
  0.12318412945400467      -0.11098716939529524      -0.13504479554882459     
 -0.19689857721377418        7.3229167467104547E-002  0.65821995657376375     
 -0.14633543896955387      -0.16827547545164814      -0.12406716820455725     
   5.9692427634347380        3.1511366446798889E-002   5.6108848453904221     
  -2.0479789497764113E-002   3.7939669038100789E-002 -0.17163132491581487     
 -0.45876577481831737       0.62805944351977716       0.28359726743555219     
   7.5566268201910647E-002  0.48106250277663570        1.3747335073326963     
  -2.2694745570419439        24.869563921855619        14.874984609626217     
 -0.19701355475600130       -9.3309609427060070E-002   4.3973597686078177E-002
  -1.5436305664985881        8.8431550457081287E-002  -5.7556871934214149     
  -1.9251990453702643        4.2124906868665750       0.97177229728460157     
  -3.5378175615588194        2.0726362469238753        2.0274214930147108     
 -0.30825732947610407        2.2004158671148265E-002 -0.19709490417541825     
 -0.16758370189772623      -0.12249514862522634       -8.1920516667848345E-002
 -0.14698746427514384      -0.16325223361925839       -8.8822532598311868E-002
  -8.8395415682574594       -5.0451242104425731       0.92226931375196775     
 -0.23845322218224274       -4.8411088548999386E-002   7.6778380474593847E-003
 -0.80844737087624841      -0.10686543239174531      -0.17269274015686722     
   7.1583150884281617        1.6630942766090762       -3.9925378835119658     
   6.9886607510125547        1.2904945320870420       -4.7115989215486147     
  0.28466888355656872      -0.51505878131456195      -0.18583794397326830     
 -0.14815284868621789        2.8731805582018922E-002 -0.13631515710480255     
   5.4090738570292070       -6.8387857363013707       0.89192359622565531     
   1.0042233828238128E-002   3.5092199023552553E-002   8.9267757439459652E-003
  -6.4156223066507003       -1.1817524344419050       -1.9924279908442963     
   3.0526298561862852E-002   5.6016875997876130E-003 -0.13867678458910304     
 -0.16941848143231705       -1.3837049460216235      -0.31648383023902704     
  -1.6875110569752623       -3.6883300791054912       -3.5623858920025100     
 -0.18443185488982053      -0.40393070472148584      -0.33580708739152032     
  -4.1084098492125083       -4.5431458218372409        7.7056263927175923     
   1.5480934377276974E-003 -0.29161481256437011      -0.23356642786457962     
 -0.72765241878876386        1.9126028174515124       -1.4758456220002185     
   5.6170759417252553E-002  0.16327888085522330       -5.5668119151338617E-002
 -0.16369569178734469      -0.41438804225402781      -0.25566548895665331     
  -6.2258362976982200      -0.65823929985446294       0.13506054973314524     
 -0.15299531015211565       -7.2718673155381386E-002   8.8830300886353242E-002
  -3.6978406599195965       -1.6454275183883487        6.0373523654308796     
 -0.37532109732577856        1.7339118931541089        1.3966370790516305     
   5.4260919043584710E-002   8.2569768615569999E-002 -0.11161328451728715     
   23.229199571466442        26.774390734781488        36.771657728619644     
   1.2100902618695026       -2.7589402379775381       -1.9396491330228540     
   9.7054776560204919E-002 -0.14890008501414362        6.7233205830309450E-002
  -5.5168719826154823E-002 -0.18250147106261991       -7.3774284924291861E-002
   2.0970446439924628       -4.2011058215735888       -1.3154410606113038     
  0.40126508843772785      -0.27074321185445710       0.38349709116100106     
  -8.3623129960239267E-002 -0.13890015726292787        5.6655514935993599E-002
   1.8911240120348503        7.7470575833422552       0.41081099384654263     
  -2.8098532361762754       0.26795224084731012        3.1749946085062835     
   3.0830237614391134       -6.9735297644350247        4.3922250658266764     
  -3.8962424985807940        4.7673471955435813       0.28917486981920393     
  0.16953110487518577        2.5628169996315786E-002 -0.18558137050254711     
 -0.63695404146266088       0.84533427322991062      -0.39579926092768136     
  -7.1433730656568675E-002  -9.6915115194497359E-002  -3.8767686236025577E-002
 -0.17274326591044464        2.9606724361091571E-002 -0.13605546220962811     
  0.15055066946856066      -0.23518960647103021      -0.16175634413232085     
  -5.5843782899273685E-002  -7.5018784234659767E-004 -0.12193402475228901     
 -0.11457063603119497        1.0424883799436962E-002  -2.1737900538454067E-002
   2.6912294659105913       0.96185790257544557       -3.3805441001385992     
  0.31010449932108530      -0.27791919095200279      -0.32012008299139594     
  -1.1954339242004544        4.9915828110705975        3.2810427193473073     
  -4.3198313801995826E-002   1.0789657895121010E-003 -0.10363463976640380     
  -1.6123243342498410       -2.2404747788598214      -0.12676713004777548     
  -6.3060095112907995       0.36965098262094326        5.2982239993270879     
 -0.21642379945688694        1.1304293099557019      -0.58654283948876840     
 -0.14843407119961544       0.26845701877079142       0.50399134952311420     
 -0.26047093825827572       0.21935248436377663      -0.33265340930695947     
 -0.23553032737111460       0.13717367551773310      -0.16545150787487484     
  -6.9386321942857071E-002  -5.2610125481593738E-002 -0.10495184346800826     
   1.1813271883398941       0.85649160198386820        3.8849147543261280     
   2.3550119444577993        5.0736897222680586       -2.5908068437442631     
 -0.12115794208898552        3.9755290174659709E-002 -0.21094387505602324     
  0.49415767998915827       -2.6873139487778008      -0.63647560387066260     
 -0.11607950994623707       0.20666462416885462      -0.37565915771011105     
  0.18312798067284577      -0.12489470494306927      -0.10292717394376166     
 -0.59108601321374943       -3.0354695583244764        3.8362559744369169     
  -7.4605959520944967E-002  0.56396898400261530      -0.26456774915908049     
   5.3775812870836672       -1.1002313535114210        4.6811553109870765     
  -6.7437071041889771E-002 -0.14461640179204319        3.7679332920048575E-002
 -0.10417019813145909       -4.0041870242564163E-002   2.6297824489885300E-002
 -0.55011011680233468       -3.6940796281707389        1.7718204767547809     
  -3.4828767056955909E-002 -0.12925092701838056      -0.22769461543163436     
  -7.1065837707208174E-002  -8.3269110318549236E-002   3.7108284230103386E-002
   3.0104268074232457E-002  0.13338146102481863        5.5369562240681090E-002
   1.0091810383330047        7.0129977427549406        4.9045499031232547     
  -3.9666314095100491E-002  -5.1855594378473827E-002 -0.25590101329196624     
   1.3620669544779669        2.2719357779862954      -0.39480755500457265     
  0.80877641770818109       -1.7619407226470147      -0.55746747697704824     
   6.4926520694743424        2.0862525647444419       -3.2297997200745852     
   1.5853860060044684        6.1363636831449320       -2.6294309794109103     
  -1.2149457604869371        7.9643793309567341       -6.2548335289214716     
  -8.1362174147117980E-002  -9.1171193149226434E-003 -0.15615786291150111     
   4.0434477366640325        3.9393173859917763       -4.7530856708731903     
  0.10586356223106534       0.56360138916051772      -0.37165281111915782     
  -2.7764579824728028        4.2448928254242846        2.3590122542927490     
  -4.1455386502442598E-002  -9.8674860451572644E-002  0.42616292381984300     
 -0.19702687633381055        8.9853409656031807E-002 -0.24769079187963369     
  0.15286003253130093      -0.59069500564993871       0.14101879372803955     
  -2.1557591411188746        3.7889467754492303        1.6783871186766020     
  0.17425403982538573      -0.20686823808908400      -0.16595304714102085     
  -5.1963988572949846      -0.77774835038426748        3.5271710645881300     
   1.2667529457815012E-002   6.2566221039922843E-003 -0.21791435814432861     
   1.1251514419573418E-002  -1.1071594220359278E-003  -4.2304817504018093E-002
 -0.51063719543377273       -1.8148352579175560       -5.9629711629636502     
  -3.0301188966172821       0.73993168062714720        1.2259278349458893     
  -2.7736207931720235E-002   1.7528387703257976E-002 -0.14791811318725745     
  -4.9097979045209156E-002 -0.11991581188221699      -0.11086642353199827     
 -0.33565915382184514       0.24999166667992156       0.17233734267817707     
  -2.1219481312760293        2.5937561327809613        4.0940852474249496     
 -0.10053265025581333       0.12336889648924522       -3.5673108166114700E-002
 -0.11372086216377239      -0.12884446913704869       -5.6378387671906005E-002
  -1.7476707366069100E-002   2.3447132819330078E-002 -0.15123244393776292     
 -0.24545005282514604       0.11688166802493101      -0.36915496295219086     
   4.6406216655210493      -0.83390484681627985        2.6485687610018616     
 -0.29919991636570753       -1.4682239898805440E-002 -0.33348637590396579     
 -0.25097214760528047       -9.2306900750202120E-002 -0.11626777132413091     
  -5.8688261407511849E-002  0.57712245619158142      -0.10377753997808188     
 -0.25947760432132061       -9.2430780094514067E-002   1.9375794159397934E-002
   1.6878644902191124        3.8666981900576016      -0.93353944367147146     
   3.5022067402589037        1.5592798104611378       -1.2290192617220528     
   3.8707460333636007E-002  -7.1324747928955087E-002 -0.24954738263058063     
 -0.36994514445362636       0.14865721416943342       0.17098633259068916     
   2.6290784240040450       -4.0696483085255393        1.4473002982060381     
   5.0271502722696378E-002  0.13191840304778582       -4.2625711338326822E-002
 -0.98848146281584637        1.9201407680027964      -0.13644826300471422     
 -0.96339798873924964        3.2362637836320332       -1.4340494210396741     
  0.97578705517421449        4.8647832594880942       -1.4868096439923124     
  -9.4136633746913001E-002   8.4978732605762736E-003  -1.0122029359096842E-003
   4.0167693089081995       -2.0162233124918387        7.2886971923997796     
  0.13512043089304027       -6.7211539243438225E-003  -9.0544914348809000E-002
  -8.4118123309775666E-002  0.12493906505395906       -6.2027847363537850E-002
 -0.20067653398964047      -0.13738128374141872       -5.2066662479621273E-002
   11.699118978628244       0.35130873497920995        3.9211899373745820     
  0.10029731819192970       -8.7684765972178155E-002   3.7668970791804755E-003
 -0.11340284502235538       0.10817253405785610      -0.12523340781082340     
 -0.12039523620176439       0.11924216334116894       -4.4602291881984654E-002
 -0.12007972806062721        2.8411324159815836E-002  -8.3280247946234343E-002
  0.92655943025339249       -4.7467318498632025       -1.0599051922264129     
 -0.11726500782022353      -0.23924717917948587      -0.10756494922775478     
  -3.9292047393066111E-002  0.17494927401547078       -8.6799371933027392E-002
  0.24083359101113386      -0.24658427107159550       -9.7262662310383344E-002
  0.93175393001658435       0.98040191951436317       0.78231083831921011     
   2.6156468842325281E-002 -0.11782294159781209      -0.21663514142344614     
  -5.4898803900049621E-002  -4.3508153717867940E-002  -6.3055190045521556E-002
  -5.2805179014572552        1.2465737035922044        1.1505767717272934     
 -0.22171985154154727        2.2371234457163651E-002  -9.8524985609356117E-002
   5.3205673691168673       -3.0076149705326714       -7.2463711256894516     
  -3.8767854166552747        1.0598695257704908E-002   4.4397127070560591     
  0.27362248109188914        4.4857030648161315E-002 -0.45951230125113146     
  0.36484644313992126      -0.75283692119699386      -0.14546325185162121     
 -0.92226704267829729        2.4092945205824763        1.6190172286860540     
   2.5218343741715916        6.0559787085196000        1.1039069356719242     
 -0.21021155500479713       -8.6329196407345030E-003 -0.27665455091683155     
  -1.9436466321805432        4.8303248825155976        2.1519972600192956     
   1.5425205928738183E-002  -2.9357616379424412E-002 -0.18401255804680766     
  0.75690934240417374       0.43409126639224804       0.22841749996022886     
 -0.18379841887874107       -8.7284869090384770E-002 -0.12117815145319166     
  -6.4138201500351003E-002  -8.2161347398589657E-002 -0.15559451915924294     
 -0.29904303431180501       0.14683428619031322       -1.9401530055814194E-002
  -9.0604702747662733E-002 -0.31006274340266932        5.3141629904758739E-003
  -2.2314916027229903       0.81241269236317082        1.4517021436280648     
 -0.33464268602233121      -0.36808166689978167        9.3835439386175126E-002
 -0.11372680778294120       0.21464599089851119       0.13995418452158159     
  -3.8543185240239088        2.1941072017119945       -3.4602719135075395     
   2.2791135442975947        4.8859885821978475       -1.0535866546883887     
  -1.1611417693890478       0.91461888944573744      -0.62970779878700123     
   2.8384199755532733       -3.0287259085274507       -1.9582944017444097     
  -9.4457402379353669E-002  0.41426919256317585      -0.23016073410017568     
   4.6158891513419515       0.16482231443908199        3.3672740909388255     
  -6.5416698139758325E-002  -4.9674430828803379E-002   1.4840508233906008E-002
  0.22014578875819721      -0.30605135576536968        3.1273466114878268     
 -0.22289085820305218       0.23558710500637556      -0.14951071626516213     
 -0.63799042254039595       -8.3927663926631784        7.0722067413574505     
  0.26548772002988114      -0.66405160364682791      -0.31754231363500862     
  -3.1333897813679576      -0.61399876679069243        3.3739492581387425     
  -3.3722129975630910      -0.57165968269110490       -2.7445643611622761     
  -1.3176498621788451        4.3085351517086039        2.6899333516665882     
   1.1894460464024281        6.0175086545185854       0.18891623728246551     
  -5.7912825105619375E-002  -4.2736669730422769E-002 -0.16073351945440470     
 -0.11118563514666219        3.6056882403967740E-002 -0.12601037899741208     
 -0.54980611938663937       0.11131536237391544      -0.40492519125941684     
 -0.57972405906165936      -0.39656694841598417       0.11325603147398583     
  0.16549452288187569       0.23844911919183329      -0.23224616155161912     
   1.3826980138786924E-003  0.15458908886948966       -9.4723799420499702E-002
   1.4882399211390596        6.7197685535738874       -2.5321202411305177     
 -0.21656207590644053        2.5876613453313310E-002 -0.23294232629029041     
  -2.5079869925243283       -4.7965021101400174        1.3492034171058782     
  -1.9831226226693905       0.10487921896847419        4.8951160369734237E-002
  -4.7264512047301253        1.3756852795429970       -1.7853451277501287     
 -0.51706608907102292      -0.27046862249313486       -3.2464862853912459E-002
  -3.1470042074510200E-002 -0.16015962058778141      -0.11992558469066902     
  -2.8084696782504603        4.4671454739040417        3.7966696714390058     
  0.49869536697692357       -2.6864239153454319      -0.69638329236422791     
 -0.19402312291488241       0.11477711288223816       -6.6630336922167077E-002
 -0.28712359928199327       -9.7437638140555838E-002  -7.6419736425647311E-002
  -5.0184271671905565      -0.90626687035203224        3.5341365460177885     
 -0.19231365340100670      -0.32416102529559870        4.4386263345960124E-002
 -0.13040929791155806       -1.4792321514355200E-002  -3.9307532372795675E-002
  0.49875483855277486        3.4519725055520780       -2.2990108084773646     
 -0.82235942411258323      -0.60024918305574937       -9.4203632056990005E-002
  -1.0669261398386554      -0.31542368994338632       -1.7746069887585076     
  -2.3040722596863641       0.71225334982064414        8.4789558299814427     
 -0.15498493386128559      -0.11395994223579947       -8.2443717169568359E-002
  -2.2854211946544907        2.3656924696686780E-004  0.39864687366331458     
   5.6738468405784642E-002  0.21612366320729726       -6.4870101736597574E-002
 -0.10927807330702224        6.1779905058088218E-002  -6.2292794518337080E-002
 -0.26347460196550920        1.4747483912928129E-002 -0.25454782558067973     
  0.10928696216619978       0.15801116342904298        4.6108855951858936E-002
   5.0263016029596999E-002  0.10520006751651899       -7.9679551993927650E-002
   1.0162761860383882        5.1156438958052171       -2.9225928998520203     
  0.53696876013537265      -0.28172144193957754       0.24776372188845394     
  -7.1123264616072102E-002   5.8766225030068446E-002 -0.10040134558068783     
  0.10735503827283427      -0.14794118673043524      -0.30442263049235146     
 -0.17539584610411801        4.8268499287681253E-002 -0.32231824437397599     
   4.9326354939831965E-002   2.4606516112677931E-002 -0.38977154259714442     
 -0.29243658761541191      -0.10438764825181619       0.12540402203196660     
   1.4855962086630450E-002 -0.10362207442233656        1.3746439855676026E-002
   2.9162774918670800        6.2498761800655735        1.5222640835781558     
  -3.4897595866943902E-002   3.0543932088890760E-003 -0.13403140791390813     
   7.5673169253823058E-002  -7.7926101218886559E-002 -0.65681697302328490     
 -0.21007416976294152        8.8727945464612809E-002   3.4777746483144370E-002
  -3.5570452122232337       -1.2615819842357137        4.4780891067897217     
   3.9800997881456497        7.1268700280159551       -1.2734078632309533     
  -8.8646292679830124E-002 -0.17793685918388288        3.9304928125173035E-002
 -0.49240032332101652      -0.68594981766928143       0.90973954892316866     
 -0.13453811371334146        1.9241211379462211       0.20669484533441415     
  -4.0414389666274984        10.572625999332812        5.0148522745322790     
 -0.32351981122755968       -6.7759796088573646E-002 -0.11432454833943485     
 -0.10206920277106443      -0.33175449457478540        3.8283470306931161E-002
 -0.10599164046189589       -3.4652446313859470E-002 -0.11035141269738211     
  -3.8685655564716406       0.87453685517243296        2.6870279821888223     
  0.13774923566318603      -0.12456563877083159      -0.56338078902380884     
  -4.9946901484186408E-002   1.0472058268279270E-002  -3.2953626724115316E-002
   4.9298097544929108E-002  -3.2482482375504336E-002  -9.6435764515598654E-002
 -0.13722819060662941       -5.5589941590013375E-002  -3.1783828415043076E-002
  0.55879861011224041       0.17679226465882589       0.34972324351764550     
 -0.10126035854022633      -0.13839598307035897       -6.7728144698776443E-002
   1.1871081264146783       0.22293604201325590        3.9101818631266987     
 -0.18317027147409248        3.3602554634669879E-002 -0.20941214705426267     
   1.8842542519847345        10.553453363599663        34.468349272990189     
 -0.12539668785554528       0.10103540420669238       -9.4848606217631359E-002
  0.13923525586058785       -7.9437433702489235E-002  0.16547043425120780     
  -9.1222602564604405E-002   6.6450916023955475E-002   3.0894997925087347E-002
  0.53213492522491490       0.47045838048680072      -0.45937771154025620     
  0.10121254158868102      -0.27522824232342386      -0.18990374905844884     
   9.1871895659641378        6.4290064358300754       -7.8197503625346281     
  -3.3075250092085358       0.15226297028345048        1.6655501949876101     
  0.59838332160534169        3.2324542576019257       -2.0253240764286815     
  -1.0218629133059636       -4.9084524881480842       0.41652423331130783     
  -8.2862295886853246E-002  -5.5161619470604897E-002  -7.7775238428050009E-002
  -7.3398674045999757E-002 -0.34496478723406626       0.11802453747378208     
 -0.24663306774340757       -11.064955674829994        5.9398691806203532     
 -0.26884392311442395        9.0324161463253241E-002  -1.3475150917282850E-002
 -0.16306290199824761       0.20970916585483262      -0.66330366944312658     
  -5.8476838781257839E-002  0.12045485990453397      -0.26904999218995490     
  -7.7599675380439148        11.876268294861099       -12.335290542852785     
 -0.16130872844317529        7.0353735700615927E-002   2.4492154434900973E-003
  0.25385411102538408        1.2806578544577965       0.37519128224837345     
   2.9344612338771165        1.6823250051316097       -2.1977976925557980     
 -0.15560500362953700       -5.2060967646959132E-002 -0.14537554395105143     
  -8.9185203850913025E-002 -0.26887876820705808      -0.10737966510102825     
 -0.27618700249126238      -0.45537720956033934       0.12321739026199882     
  -2.5431151506022891       -1.8423588535638968       -3.4777783670402873     
   1.1791460906364961      -0.75772760177747067       0.11177551571764693     
 -0.29680323677121051       -2.0554626670002194       -1.4836031205104787     
 -0.12279481169269384        6.7783968640389283E-002  -8.2866334164709964E-003
  -7.7791635067836706E-002   3.9751594085525636E-002 -0.17937800204390802     
  -7.9471402698376784E-002   8.3487674843973181E-002 -0.16549044959221426     
  -4.0626535924541971E-003 -0.28032977869085357       -5.2460317683484754E-002
 -0.29175646420466494      -0.65057581703779432      -0.69267233509611881     
   1.6487837474494575        3.2137425862855622       -2.6291863550810750     
 -0.90315320648235042       -6.3406757889506489      -0.55383737107619024     
 -0.40997980051130589       0.18952290055866813       0.33525464896178986     
   6.2947729072884924       -1.1818172656738353       -2.9436780211670550     
   5.0939265203356543       -1.9772607143910810       -2.6238229663341786     
   4.1404859678916280E-002 -0.12763057816091256       -4.9165704742151831E-002
   9.3792356997238535       -6.9332277023825730       0.89328728180132633     
 -0.81738247025359723      -0.45997146315765108        7.3462110551739984E-002
   1.6070052617457173       -24.813971137949423       -36.766792583128172     
  0.14457156363774851        5.6031920653924677E-002 -0.26885163216809044     
 -0.22108883724641745       0.14995228546433373      -0.14638540906369982     
  -2.6509740278644123        2.7555924726773098        1.3992157356089907     
   5.6205280202549162       -9.9225374826774377       -3.6633803893261736     
  -11.277339290242425       -2.6202513834886267       -7.7874661770379499     
  -1.5378979338446914        8.7774590691528616        8.1986298434272253     
  -8.7840999882411286E-002   4.4107107419960538E-002 -0.11573126139084237     
 -0.41232556281337890       0.18740666158799449       0.16023813789645053     
   3.8058476964700079       -1.5300786934899557       -2.0605311787898475     
  -4.7997255406541592        3.2500805500440859       -17.074408199530470     
   3.5640819622426294      -0.98326321383864645        1.3925923216454286     
  -9.4565338113133474E-002   8.7237250456071572E-002 -0.26312501476202471     
  -4.8721876958204707E-002  -3.3800835100650795E-002   5.7275155986435452E-003
  -2.8789498572089043        1.4156129564605031      -0.56164891184030419     
 -0.86539611372581293       0.30396048999906033       0.74841109267886907     
 -0.19199237166605218       -4.1658086959438720E-002   2.7383381088207814E-002
 -0.18008030324058619        3.5592788547235361E-002  -5.2710171434900699E-002
 -0.22118036411947520        4.0498126067377252E-002  -3.5827078640748397E-002
  -1.2653391788760179E-002   3.7313099915513709E-003 -0.25800131778531371     
   1.2584160763116066        4.0181910745441192       -3.5874611441276163     
   4.3255770137756082      -0.76753292014335428      -0.63736599967435315     
   2.8231305433839789E-002  -3.3099972173990482       -6.9134370604533002     
 -0.15779711964571777        3.3497295198188184E-002  -4.4971711104816417E-002
  -2.4311009256534888      -0.29563499903262075       0.53727284359224226     
   2.7484027172771630        2.9278038186876332        1.6693172540395878     
   1.7372816195556271        1.6166441202047985      -0.24080573217807807     
  -2.8869122102822765E-002 -0.19035135731338726      -0.29994642740885047     
 -0.10290860889145947       -5.5882288254852079E-002 -0.12069418813106726     
 -0.29458188698001792       -3.3320780345816238E-002 -0.12958259941949982     
   1.8588300384943901        3.2259848370992117        4.0266508271145884     
  -4.3249380854105466       -2.8630936510964764        7.0313505318575977     
  -6.0726929027563277E-002  0.35708349148815693       0.19036815059928155     
  -4.0113666514961270        3.2167791617874362       -2.1719990165038396     
 -0.76899181858673138       0.43585182267100653      -0.14821962252762425     
  -7.4068208295650857       -1.9031905747472402       -2.7883258348249784     
  -9.1536889648531308E-002 -0.26006609711608281      -0.17138334538760361     
   5.9888471875792204       -3.7764018945952542       -2.5530077551001811     
 -0.16859860042571542      -0.12644327993799676      -0.26797976502127790     
  -3.7163458421334498E-002  -4.3968036001132652E-002  -5.6598525337768629E-002
   5.1244545944106559       -1.8716919898931477       -2.8327964304896405     
  0.14026445437567289        2.9145897743123492       0.41249340417157448     
  -8.8064535856164819E-002 -0.14842085656172557       -7.0258488309995232E-002
   1.4440209592758926       -5.0609475661361651        2.7575822368818135     
   4.0327321016740809       -2.8511207341351539       -3.3171188700014342     
  -6.0373729817572476E-002 -0.18512855883790594        8.5711679041906748E-003
  -1.0781513081859420       -4.7476027624237762       -1.6539288403169479     
 -0.10117326306512819      -0.12234379139100307       -9.6251246169257468E-002
  -3.7868410553880008        3.7460141514240126       -8.3318295908002735     
  -7.3867062472896358E-002  -5.4482646177795330E-002  -1.3149840192048689E-002
  -9.7196865491883347E-002  -7.9167265014449650E-002 -0.10140122987622649     
  0.12135621740733682        8.5553659417694383E-002  0.18357085143784538     
  0.25873926741757092      -0.82899094401950069      -0.22724316949372603     
  -13.518676590790260        2.5654702524419482        38.948845942601729     
  -4.0705446019413767        4.2957174303518819       -1.9309201672889125     
 -0.20366189595633397      -0.14771259682562238      -0.21334314658000100     
   9.7141356875787643        1.7700272120715674        15.089885512860409     
  -1.1745890376430710      -0.65569611272424133       0.80564136066589220     
  -8.7936792015027757E-002   5.0119248344365264E-002  -7.0060267074559909E-002
  -5.0227583889028350E-002   1.7591447071309989E-002   8.0584475835578054E-002
  -8.9898637654179547E-002 -0.21251266771802632       -6.4594297636223263E-002
  -1.1824721615054583      -0.30996714857297503        1.3430019403822753     
  0.17198967639273000       0.94232791157607232      -0.35165603921670457     
  -6.7803959689842896        5.8629006862946120       -9.1149835910307235     
   1.1443743665355670       -1.8433655620811851       -2.2634095828205276     
  -1.3705234319988248E-002 -0.25464022650910767       -7.2097686130684749E-002
  0.50794345954011555       -1.0261601766633144       0.18597885830544883     
   3.5521968004470189E-002 -0.29920662373912993      -0.11192703969696902     
 -0.35675380977306204       -3.5049021971340563E-002 -0.38141466583019235     
 -0.28080371981422464        3.7006191360638298E-002  -4.3894221969554288E-002
  0.39523035095213449      -0.59508306726444038      -0.63430940775427658     
  -6.6999444950351844E-002 -0.27910425740570133       -4.3940377602277446E-002
   5.6323638171657132E-003  0.12859072957315112      -0.34002277810043557     
   3.1543540964874502E-002 -0.62246318021125779       -5.0255566608018457E-002
  -7.8165788897368083E-002  -2.9185989768915923E-002 -0.11484763588191407     
   6.4207821232542303E-002  0.23968779684319583       0.12432101065498870     
 -0.22087126556631018      -0.23090671381043104      -0.43610093802694261     
  -4.7236200553418184E-003  0.22360680736082786       0.11763510139381995     
 -0.93435734639536761       -4.4711790993458695        1.6235404973317018     
  -4.2353628713602494E-002   5.5823397999517882E-002  0.27016677576967235     
  -3.3112646955770022        7.1524211339630717E-002   1.5892753405877624     
  0.96741677969927709       -3.3199696511492403       -2.5836323217102279     
  -4.1489686070814588E-002 -0.14219278406630886      -0.15433943312150858     
   3.0988723951925174       -8.2626393848425330      -0.68996378511176992     
  -3.2075056476667632       -2.0045858159012404       0.12433090653008232     
  -2.3128062234301628E-002   8.3214549211833341E-002  -9.8038991748215620E-002
 -0.38691481602867939       -3.9588574306575586E-002   7.1086946749373450E-002
  0.24067393283984670       0.20890448623580737        9.6485322307207716E-002
  0.31136416646669507      -0.66726258916950409      -0.46773675665874520     
  -5.5332781471711270        3.4755929839654356        2.6933808718003522     
   4.6305500596752500        1.2198856693201374       -4.0685987892419266     
  0.31664025306371490        6.3327571246637051        3.8388036395426108     
  -8.4708481301865327E-002 -0.10607303128012027       -1.2918725319874520E-002
  -7.4058834688258593E-002 -0.23491812794983014      -0.33126863820357044     
  -2.8792519280274846        3.3951047162901720       -2.1843571228308054     
   2.2108950800294735E-002  -1.3021572963261955E-002   3.7210771373743148E-003
 -0.15226804973034341      -0.21055270037597718      -0.14408396837655285     
  0.21839465120993398        1.8660854418058961       -1.8550609020519713     
  -5.6972845099035840       -2.3211599296402552       -1.4735062400108840     
  -1.6333027425504805       0.13166691990464255        1.3253910586285091     
 -0.17122435014607060       0.21469723441289745       -9.1114936059796967E-002
 -0.15434979923893738      -0.21374030314054479      -0.30274432059634493     
  0.10642350196332181      -0.32450815831415447      -0.19645748675951494     
  -6.0312284555220516E-002  -9.3364570254613324E-002 -0.11366811337134367     
   3.0308937818090840       -14.920890505846788        4.1892313155244931     
  -2.6045698790701497       -2.7994202941482702        2.0921827492886411     
   2.0258940290093115       -5.5570193617027952       -3.4974337077170241     
 -0.60165722083059370       0.26412086741389929       -5.3875224987965820E-002
 -0.15344430339991139        8.8713363681662327E-002 -0.22247060301830157     
  -6.8362244190612473E-002   8.3742687430301513E-002 -0.11426539453296000     
  -12.741175659908563       -6.1556563160583142       -9.9031366394406444     
   8.7448047883489352E-002   5.9387957759362245E-002   6.1077238007017254E-002
   5.9703976064267668       -2.2902541055400349        5.6119725812027692     
  -5.8267730244881022E-002 -0.11981516797280030      -0.24270162707198628     
   2.5701721310642314        2.2879781605806899       -4.4301341634898703     
  -9.0343011620060087E-002 -0.58698576467256736      -0.30574280726510877     
  0.27269642041063313      -0.67908274484626807      -0.37217112749607745     
 -0.16016828870627187       -2.3378613541080417        1.6170198949414054     
   2.4896159502123627       -1.0250762256510040      -0.78318124082163321     
  -4.5384680714709278        1.7324492896780195       -3.3110146468025756     
  -6.2799436315577726        11.006811290879552       -5.5189117245875696     
  0.12341072836520940       0.15100057401703570       0.19592797052883248     
   5.2126013328549634        7.1554308692811599        7.4197810683566443     
 -0.12816886865605653       -9.3538716709056557E-002  -7.0358048673668822E-002
 -0.14683552835375266        5.1080582674222587E-002 -0.36324952190016258     
  -2.2371862186288408E-002  -5.1245919932540296E-002   2.3864613063425276E-003
   1.4801549441139743       0.73331914028315548      -0.22253533063143593     
  -1.4420264758921386E-002  0.53318434782053281        2.1287787168746792     
  -7.4695012173491851E-002   2.4332929640852471E-002 -0.16444825386288278     
 -0.39372010158416743       0.16368678769433073       -8.1658096397504709E-002
 -0.23013350401712643       -2.3883385074904093E-003 -0.20190882180298758     
  0.27519142669943009      -0.16113221189001053       0.38458024805047031     
 -0.15057481204711964       0.27266917099165749       0.16289000397869682     
   2.3670208595993752E-002   9.5164577646861856E-002 -0.16803091613612545     
  -2.0340341558282105       0.65783802826537097       -2.3808857639305478     
  -1.5253389685603049E-002   2.0642689702542936E-002   2.8271208697924075E-002
   1.2882926172308524       -2.1048355480609660       0.59464055627789125     
  0.57804393876541971        3.0835163004260848        6.2633643549465630     
 -0.66325734919147128        3.0938506861771660       0.80708858518126159     
  -3.2339362467593031      -0.66410603537734514        3.4138073268166447     
   8.3019428767778600E-003  -1.2356249280067576E-002  0.15642756422091678     
   2.5726597016652351       -2.7129517529442619        3.5904310581882632     
   4.3364751969071396       -7.2039497956940322        1.2967619897073794     
 -0.54805101052216754       -33.229227815174177       -1.6709363656073519     
 -0.34852794170796070      -0.27947841241665411      -0.15092887713095013     
  -1.6267858558794663E-002   7.2667727464594701E-003   5.6898640024233157E-002
 -0.14171736638883409       0.17985084307863403       -6.6057259385158369E-003
 -0.43312916891799441        9.0168924982010609E-002  0.11534741185103987     
  -6.0002430820607813E-002  -4.7395947509417488E-002  -4.7982997234844969E-002
 -0.16792284361295490        9.6366933467013985E-003 -0.11660122525472766     
  0.13327900929225833      -0.95582814990780418       0.51985831646227976     
   4.3772965276414375       -7.3091215823375650       -1.0108732213070892     
   1.6657620695913755E-002 -0.22626856820457264      -0.29934712787427420     
   1.2938897039928701        2.0122220147878593       -1.9909051925475203     
  0.41088531407753554       0.84590896684250616      -0.73792748822751009     
   4.6448247512513667       -1.6053178225272424        6.1880625882675417     
 -0.14442796843002079       -1.2554760195030026        5.3151799100491018E-002
  -2.0988599214617296        1.8184280852852694        1.4211041219248037     
   1.8702142769517927       -3.8229603581102607       -1.2362516004900748     
 -0.16872365607957399       -6.4410007702124433E-002 -0.13890595520198362     
   6.0188783239684657E-002   3.2512840052728927E-002 -0.30236270128065718     
  -9.8385446858737749E-002   4.1581150038893261E-002 -0.10448826881604044     
  -4.6401903903343902        3.1343732313210459        2.4371146336246556     
   2.3784082466624894        2.2768986828146209       -2.1609102108480345     
   4.1631380427087965      -0.90584701029407622        2.6259683494682164     
   3.4104455757688674E-002 -0.12540460924667396       -9.0074377154008609E-002
   4.6864673228225316E-002  0.10996342698454854       -7.6455595664938425E-002
  0.18098342814761068      -0.10775573248816316       -8.6466275821139110E-002
  0.30552098672465089        3.0602887163859389       -1.5219841572083763     
 -0.11893904387715309      -0.22597779081360914      -0.24558175896655712     
 -0.56877642437401699        3.2966837308296650        4.8690595058897568     
 -0.16448284628058477      -0.12679304686988838       0.10168845142806268     
  0.27822711570829411      -0.12715033302769882      -0.11736692119048750     
  0.24669225520383770      -0.23623496245910730      -0.16493972435292878     
  -2.0269741255698062       -2.2753864520002915       0.11955756727431839     
 -0.56266967906557364      -0.18269046760496707       -1.2381459632854606E-002
  0.21089183797619071       0.28895504169538316       0.43498405050318867     
   4.8347547842636063       -2.4611224913150940       -1.3425292039791590     
 -0.36034751082129168        6.1281843124613586E-002 -0.57519449763538866     
  0.22848943028567045        3.3542647136077026E-002 -0.11071678449421420     
 -0.10556497605639127        8.6841712262023377E-002 -0.23812865888569443     
 -0.20727398160590998      -0.11224265442193285       -5.6018800289376093E-002
  0.19204886906770516       -7.3651924762816609E-002 -0.25583539063811017     
  0.15329728190556050        2.8946510154873373       -1.5228263338791708     
  -6.6606721660598542E-002  -1.3657080462323742E-002 -0.10407894855714508     
   1.4674694379591742        3.8468313983006590        1.8143215128835386     
  -3.7629269033276289       -1.0124581930409797       0.25526517489995998     
   6.6708825227912838      -0.63769020655999509        4.1249895567521770     
  0.12098858358985490       -5.7962598067362739E-003  -9.8116700335321924E-002
  -1.1325986594226680        7.0282153578009376        5.3032219309803637     
 -0.31666465217822543       -6.6663793615076919E-002   3.3909823388341691E-002
   1.4097111009948504      -0.84993651830010397        5.5640471376319942     
   5.0759228200442583E-002 -0.28649700104826148      -0.28221729386184385     
   1.5847760858574336        3.8365926116753650       0.74291711379945280     
   5.1737687159155996       0.21180770972659616        5.3265255083855472     
   3.9022662268457324        2.5120397286049188      -0.89871040642145350     
   5.2036947923839285E-003  0.13029510120576765      -0.17936158073881811     
  0.78935429392639866       -1.7597428739316481      -0.64701677216637010     
  -3.3277475042894991      -0.32608671977540921        2.5849660582374869     
  -4.0909870326223903        1.0301893689258941        6.2715600454709630     
   2.4913310108690756        3.0594841158720683       -2.7583530073932967     
   2.9802929679198784        1.4932270092190856       -3.6683999375506442     
   9.8892893806456827E-002  -6.1772362967051249E-002 -0.26494638418367122     
   4.8691239386451928       -4.0174220775970628        3.5728480862023915     
  -7.3799017560925071       -4.4344588281131490       -8.7362093224315434     
   2.7436170996036684       -1.2853173986807331        3.1211793781243609     
   3.6499863623843614        1.2963946279971448E-002   14.467360567748100     
   6.8432868205523206E-004 -0.17509869059841146       -7.7421723769615702E-002
 -0.15449727472750452       -7.0380513623422555E-002 -0.12473921411797520     
   1.1262068496224342       -4.6654762201589470       -5.3415456250729996     
  -9.5317772865836953E-002   8.2720280919552747E-002 -0.24339377751374139     
 -0.50130738691881138       -3.3526491037180968       0.59057181823807714     
 -0.17466246382242395        2.9838867157582157E-002  -3.3362692143025750E-002
  0.61804719005358144        6.1825608677901513       -3.1598278812562719     
  -4.7785275995370302E-002 -0.14397979104288369        9.8461069559917069E-002
 -0.25650706001243695       0.21441835291668376      -0.23933913299701584     
  -5.0976242086310963E-002   3.0743751505640047E-003  -1.3761288172237481E-002
   2.0006771512109355E-002 -0.13791805827936629      -0.25730951087022796     
  -2.4501369078240742E-002  0.17782675849801693       -6.8327419629863995E-002
 -0.26441591232863748       0.12316737064669138      -0.10463992853710567     
 -0.47399487272355245       -3.4497408215401899       -1.6441580793356358     
  -3.5730187646085376        2.0187827213453935        2.1239740911010982     
  -2.4983849574529073        7.0094542888849283       -1.9957767438086649     
   4.1889974995652508E-002 -0.15930259641208608       -7.3371999472039678E-002
 -0.18031239827717011       0.16946419256836107       -8.2249803353803760E-002
  -2.7449916735381565       -3.7788067627705240        2.8783420629291467     
   8.6836887736599769E-002  0.17611552273450554      -0.29625795860393572     
 -0.13248803250404587       0.10269309516454486      -0.22061193287294639     
  -1.3761190462058019        1.8077266000182195        3.8758437119063132     
 -0.14754012429781108       0.11669068333820594      -0.21339367063830186     
 -0.43530231025275645       -5.5395283785039967E-002  -3.9041161338581785E-002
   2.1120868409645914       0.42979635771341290       -1.2864673550625148     
   8.0739411750968076E-002  -7.4742303353748964E-003  -4.5880456552200313E-002
  -2.7928310568476964       0.26385061357483613        3.1969792508974937     
  0.54843508130099894      -0.76213890363035341       -5.4273238433061380E-002
  -3.0435243537738486E-002  -1.5174412722815862      -0.25425640714973585     
  -3.3694506487988732E-002 -0.14284230422332464      -0.23665354460048807     
   5.0424638524009211        33.917933747930448       -14.056397451462185     
  0.43210963606260050      -0.46111623414152458      -0.98500633109356073     
  -3.2653601966963723      -0.60682002221452092        2.7402262803618269     
  -9.5415094547913512E-002 -0.11500987758508939      -0.11442574709379533     
  -4.8315635315995982        1.2454893170068968       -2.8778464859936381     
  0.79217771520089730        2.6171831107714194       -1.9862390026783090     
  0.20125781841836590       -6.5934943216787563       0.40067884447999513     
  -3.6500531900855133       0.42983448614049641        1.1065589390285151     
   8.8274533477834486E-003   6.5504549440340828E-002 -0.27805200746259900     
  0.15357929483882057       -3.6789349565366538       0.97319767282993053     
   1.0423621600312520       -6.6440405842589847      -0.14431666537885099     
   3.2918148308241943        3.3098362659753198       -5.6517970531330111     
   2.7218871107744201E-002   3.8214625486226970E-003 -0.19380055261896934     
  -1.6602138834225420E-002 -0.15054295449220156       -6.6945576433739912E-002
 -0.16889492983467730      -0.30963293717999901      -0.29016327140329512     
  -1.2081658098253332       -1.9116432367053384      -0.16596700834431774     
  -6.5191172746463621       -2.9622887877654085       -3.3966332566793227     
   3.3850174441057255        7.1706657649324947       -4.0105407488442433     
   6.1746456686235608E-002 -0.11420304867921365       0.17913330445268244     
  0.66456288396761865       0.17057956995699095      -0.22628693148932993     
  -1.9720463325874715       0.15570347832959516        1.9450410285664956     
  0.42868128564849844      -0.69324323503420859       0.47239726690925199     
 -0.33743532288650879       0.61591793009527807       0.46324587432061365     
   6.3675629929604503      -0.68197278450955934        8.5434132260263826     
 -0.10369111241683852       0.10577625081972650       -9.7330569648030302E-002
   2.8359423517402611       -3.4521717104132157        3.0527158017958191     
  -1.2167076081606189E-002  0.12243439442528854      -0.22721685562715646     
  -3.9311854562922126       0.89908211653322245       -1.6412487107912912     
  -4.1371323068618056       -4.2096602908905449        5.9868100146208505     
 -0.11602358864738288       0.10073573044537394      -0.11335813625808472     
  0.37842213289575671      -0.52067624765021225      -0.23389893957907235     
  0.96881065878287620        1.6962859998910418      -0.91594998543166350     
  -1.4234297489900261       -2.3601758407506117        2.9375045361734986     
 -0.11489755819282295       -6.7299529155568791E-002  -8.6782500678616009E-002
 -0.11021010490567090       -1.6732191032645043E-002  -6.3918466173722294E-002
 -0.20630066848376885      -0.17601467221642586       0.26787376301679811     
   4.2936606300579685       -6.2435454132206711      -0.27102973395284707     
 -0.25728597437932416      -0.12707895497114838       -2.6641143065308667E-002
  -7.8189420738552659E-002  0.27573792591779434      -0.22019087845938456     
  -4.9669195069433250E-002   5.4070779317476135E-002  -4.5721845376072642E-002
   9.8013759136651918E-002 -0.13511105405224388        4.6835260180415179E-002
  -6.6662090318996864E-002   6.3879986491486365E-002 -0.11516595040994321     
   3.8986435392410668       -1.8986543204666546       -1.8451370993997667     
  0.60274477336413956       -4.8937004249034555       0.46821109100446284     
  0.20159598896959952      -0.21260939642712626      -0.13883308831125693     
  -4.2290466009479202        13.734877953669852       -6.0731414123413927     
  -2.0388315576767919        1.2379358589829097        1.9366038824623708     
 -0.32973703004087385       0.52389282523055636       -5.9126262086517341E-002
  -2.7580827261635396E-002 -0.11430477042367247      -0.17342432963721655     
  -6.7027116445707927E-002   2.2094456043004435E-002   5.6539073875880079E-002
 -0.22106044174269698       0.69625066800202484      -0.85031156402411168     
 -0.99515579360642636        5.3624990304151083        1.4541918174070358     
 -0.54196562928797476      -0.39209509061701903      -0.19775023023207780     
  -7.1277164384127067E-002   6.3397530006508093E-002 -0.20647702925201292     
 -0.21905410577787635        8.8151495612367126E-002 -0.24427373490639678     
  -1.8147500038363764       -1.8596763873763322       -1.4436341361583003     
  0.49268709216531731       -5.8096401295894609      -0.91797522541914967     
   3.7775732563729898       -5.6544466077622859        13.343538977245350     
   4.4405298825472332       -4.9808898877678374       -2.0015499436930280     
  0.17201704519365363       0.47015793887578344      -0.52756920870542101     
  0.26236824688665372        2.7190852429427368       -4.3842020747682851     
  -2.8024403752132065      -0.26992640775421833        1.8377927447661879     
  0.45814223253252145       -5.0378492914871247        2.9951522427210331     
   2.2347371962477225        3.9733815291128614      -0.79260132253314985     
   5.6789814801735450E-002 -0.22544906736118164      -0.15768423926201364     
  -1.4952382849784369        1.3658469952911025      -0.17520479290434107     
   2.5101308207901689       -3.0570883424031563        6.7081929538669618     
  0.19336447866318063      -0.18546943369715771      -0.23808633873253462     
 -0.13817069061472828        9.9190920072998789E-002 -0.16518026641904315     
  -6.9823909462475936E-002  -4.4753644102901752E-002  -1.4413903929486674E-003
   6.1330972914410295E-002  -2.5670085197804407E-002   5.3110304562175366E-002
  -4.5756387498456307E-002  0.55278911523421015      -0.34967482504993935     
  0.13050504986377795        3.8371563133969930E-002  0.29445596797442303     
  -4.8643854947080310E-002 -0.30841983511063403      -0.29825688723766691     
  0.18177242448027914      -0.43387141215592223      -0.53452000398442312     
  0.59225756483327596       -9.2080637549855968        3.8483770701834707     
 -0.28110029249687002        8.4643754877456151E-002   5.7089392278314791E-002
  -7.7197958993982770E-003  -1.1092198121852408E-002 -0.28006894854724973     
  -3.3969345785829406       -2.9051892220231679       -2.7594882432272247     
  0.57971331943675097        7.6089576621632279E-002 -0.47180889470398429     
  0.48414218143232779       0.18561528126045865      -0.19626037737260738     
 -0.22873010448427458       -32.701435478593055        17.730471854432363     
   1.4342064026667177E-002  0.19318472853238311       0.19485342616373658     
  -1.2293576691998720      -0.37915959995551080       0.43636161695386566     
  -4.2759540781063143E-002 -0.13537266270897491      -0.23019910814513014     
  -2.7974254617791883       -1.8063915165366515       -2.6354079414895439     
  -3.5546488200277961        2.2290088327633204        1.0751577099229477     
   2.8384947201881827        1.8210332121227082      -0.51148864987010101     
 -0.28502883692169356       -8.6533627633311377E-002  -2.0891478623323769E-003
  -1.5209915815364290        3.8984193982080622       0.94844452778841726     
  -2.2294698822565704        5.4068104761514730        2.2793899593942202     
 -0.37076719615915171        2.9543412112995496E-002  -2.6403444714432008E-002
  0.12467678792511291       -4.2876018123690088E-002 -0.12006718932017692     
   3.9824716946714944       -1.8570482958663335       -2.4380710669777859     
 -0.32164747029340129       -7.6289780060127765E-002  0.11338621413932776     
 -0.16481654230728335       -7.5259620047647413E-002  -1.1090307269768894E-002
  0.19868473202125525       -7.0630813823179761E-002 -0.17135055200456875     
  -5.2326020229156119E-002   6.3850736413423620E-002 -0.14661244967090892     
  -2.3792161851635747        13.942901497606323        7.1276018611987357     
   9.5844051748109043E-003 -0.76353165038717918        2.1626006370226110E-002
 -0.67476501644550202      -0.99474192439719633       -1.1399788238982751     
   4.4672615767198520        4.6051787061309861       -5.4885791274996754     
 -0.15140245621122883        9.5163536296096751E-002 -0.14328036400870808     
  0.42365039743956845        32.557655804385178       0.42087491265154958     
  -2.4430549427226084E-002  -3.8622845223034344E-002   7.9365139704811932E-002
  0.53536874494535369       -7.0796313199304989E-002 -0.29546037950021198     
   3.7940618516501559       -4.2329676635685543       -1.4788109770468405     
   1.5934322666408422E-002   9.1105006338000283E-002  -8.9749349665546013E-002
   3.4910196029474601       -3.7868817684758667        1.5016993978227706     
 -0.31237850933108435      -0.58783262932836200       0.59023870274480106     
   1.3740258263861538        2.3440885526110780       -1.9005233805840793     
   2.8198228944338859       -2.2345383017428024       -4.1319169029294764     
