   2.0591511203233992E-003  0.20416151112469555      -0.41847245500283836     
 -0.13342457488888421       0.16715242506417435        2.2957271006463102E-002
  -6.6279115430761121E-004  -2.0819976436947583E-002  -3.1425615546133698E-002
 -0.13295996979071159      -0.11314657768055508      -0.28495112206914730     
 -0.26364031588996595       -3.0434436991963468E-002 -0.17799774029891807     
 -0.10954647732621803      -0.20168726603630305      -0.15822774981030865     
  -5.8436804494222772       -3.1615185170892790       -4.4252238492471800     
 -0.32084294899661775        8.0993368044699129E-002 -0.81285861350566868     
 -0.17989761271984345        2.3224183937710551E-002  0.16495672772888129     
   7.4093414001199749       -7.3174362715660290        7.6168083869255492     
 -0.15951193539590627       -9.5718516582180085E-002 -0.24000751182775884     
 -0.19391845270834110       -2.4575402190308845E-002 -0.14800039425304112     
   4.1224477589712807       -6.5580292568925138        5.6113674155159234     
 -0.44562171907836778       0.28516978028342110       -5.5295204355777228E-002
 -0.24266894801064934       0.33799432684583308       0.10027789360005990     
   6.8800942827501075        2.6285371202839913        7.1464487314854157     
  -2.5401985387863406       -2.7711192779374123      -0.79361372574912281     
  -1.9302954599650095       0.20040953903258077       -2.5645552703663981     
  -1.1300353499570936        1.4806933845522019       -5.0396725646136629     
   4.6672188245177271       0.69100153677364995        6.1102707634730899     
 -0.65100622121376461        3.6419053213196109        2.7266069294312625     
  -1.2425244715688271      -0.63830775273524409        1.4179901336855809     
  0.67587246822655966      -0.44531002942427439      -0.63043689897542154     
  -16.295996284515706        11.841648007757849       -4.0296635142369279     
   2.0950764565856863      -0.71159383358405370        2.9462178786167170     
  -3.3877720192062206E-002 -0.14776849010668816      -0.11075470671561047     
  -9.4079722175889197E-002  -9.3838534341124560E-002  -4.4006499172081895E-002
 -0.11026719196589721       -6.7436805934604147E-002   2.6532870979055712E-002
   2.5082524989208697       -6.5080578577924033      -0.27497782898938389     
   9.1165962979595339E-002 -0.37239080796286406        7.7200573342378023E-002
  0.79298366140028487      -0.77078238031304303        1.2405922567792316     
  0.10317252616792431       -1.4323592076500830E-002 -0.28217966187505644     
  -3.9609435887263995       -38.671936744510106       -25.359601576996855     
  0.14845480244138262        3.7284990576539542E-002   4.6267441608760229E-002
  -8.2117755999443459E-002   9.0063825327999059E-002 -0.17446554073912768     
  -1.0238496635737901        2.0253376472994939       0.44644660897404842     
  0.23717924358171721       0.67189000590935577       0.13905602622985705     
   1.2518430633089510E-002  0.16300877146952203        8.7983163658685651E-002
  -1.0865326169817863E-002  -5.9715535554906503E-002  -7.8628153162189574E-002
  0.29254306200785885       -1.0166895598703891E-002 -0.11015735618904009     
  0.26950226476568040        5.9305964896847446E-002  -1.6712269813966224E-003
 -0.25762994178333071        3.9777290915043742E-002   4.9514202306320379E-002
  -2.0890828584036028E-002 -0.12316014985774140       -2.6668766828160315E-002
 -0.52369707790882636       -1.0841935365143835      -0.82396934953233758     
   8.1305142604505984E-002  -5.6903899068083234E-002 -0.14690874473700444     
 -0.17640263843268286      -0.21108016982424624      -0.57785519248427997     
   5.0634854222593062E-002 -0.21586094204014417        4.0181642259136584E-002
  -4.4002084896245602E-002 -0.68327153023853737      -0.48225786069907972     
   9.4388782878408767E-002 -0.10411222278399752       -3.8880932902436285E-002
   7.0508542697506211       -5.2890861917546133        4.9803800360905370     
 -0.14198971278982042      -0.34024496996177939      -0.16365908791191194     
  -1.5846520215974176        4.5694402231405924       0.80540996734600112     
 -0.16890855372223207        2.8303321376419426E-002 -0.25294122728520602     
  0.74201282956136105        1.6789532835400971       0.24073991249677620     
 -0.20754134414372119       -1.6810025881684131E-002  -3.7746558140601016E-002
  0.40639658254087507      -0.30142887625090892        1.8184719465265679E-002
   4.2782178092229131E-002  -8.1900784295894827E-002  -7.0622188659258317E-002
   1.2812991989020979        5.8867230880624657       -3.2008851292489093     
 -0.24854113271454675       -2.7520778183888560E-002 -0.14460562065740221     
   6.8620169982993695E-002  -2.0028028859800434E-003 -0.10528837017514123     
 -0.16520919018955499       0.49918379149726094      -0.20654463281857305     
 -0.18806757082853517      -0.37810618649369332       -7.9100260407513917E-002
  -3.6897952314929650E-002 -0.10015258905845169        7.2691367269307264E-002
  -2.0675292024964049        1.9435612983906085      -0.12334954868075819     
   9.7122728728408173E-002   1.7456965077882376      -0.75413464607222180     
   2.3551242962785206E-002 -0.27968890268304414      -0.16337662266805922     
   1.7839418229838460E-002  -9.3821088904805255E-002 -0.23134736143411602     
  -4.3577298376852397E-002  0.35461438990891753      -0.24563902101212284     
   1.5872369135459728E-002 -0.10046835830513241      -0.16638957909762725     
  -5.0668185448552387       -2.0665937051050554       0.44620703317603405     
 -0.18007363354507408       -13.361318572721709        5.1248143854565917     
  -8.1303434367364355E-002   4.6076132917553636E-002  -1.2602545156653948E-002
   4.1824365954176548       -7.1678482104626440       -4.1751581546565459     
 -0.19895254336337928       -7.2901992813369149E-002 -0.26045547162347221     
 -0.14551417654298257      -0.42513379506998550       0.16403969717308797     
 -0.21367624214239075       0.25984765200760374        3.3051847920148883E-002
   6.7530210265138099E-002  0.13160684605366574       -8.4906388382059855E-002
  -4.7418784232851022E-002   1.9213526821063929E-003  -6.0602559232456235E-002
 -0.25857165297631807       0.34298040451093925      -0.14390042868307376     
 -0.22681817601370724       -2.1146655246707041E-002 -0.83423747424989680     
  -1.4922497434064828       -3.4840521237509594       -1.1541143785774219     
  -2.4862665300223084       -1.1924297759603464        2.1817926135589647     
 -0.10543761496003831      -0.54020539530398570      -0.22031000403596898     
  -4.4252029865063103E-002  0.12777979586137592        6.0158315826251356E-002
  0.51921490040460794       -1.4003701771824690      -0.24352079969847862     
   2.1554178311324921       -1.2017026492804730       -6.9665225659846497     
   3.3009468093119274       -7.9731777120762137       -1.3813449243443015     
 -0.13276128722882735      -0.29468451820999375      -0.18542528542977815     
  -1.4458598199223323       -5.5181216360452527       0.75000265709999026     
  -3.8316883572139551       -1.8150114233674044       -4.4757488843814937     
  -2.3657105368060569      -0.70236034807992731       0.91916431834569312     
 -0.15843645976262666      -0.14663716080138905        3.9597364299727621E-002
 -0.15498357054496020       -7.0183995168605698E-002   2.0698824364440482E-002
 -0.21693596243860333       -9.5766206245260999E-002  -2.2499918719471580E-002
   8.3777830942533923E-002 -0.28810982268036556      -0.19511719863296043     
  -3.5233216339488949E-002  -3.8262540043776539E-003  -5.7790725607876743E-002
  -3.7835355099516021E-002  0.20935401273944360       0.13785261106921087     
   4.7341429378706730E-002  -3.3629446625103684E-002   4.2597676940148724E-002
  0.43726302735731065        5.4843646757250673        5.3796061468956333     
   4.7522683861002842E-002 -0.16396402825133846       -8.8180074932843841E-002
   2.1791488978272366       -4.1295080099086050        1.9633639534613758     
  -4.8171810067461004E-002  -4.1733585904227266E-002   8.4433311245793813E-002
   2.1792841434277928       -2.2090862326442933       -1.3869373288905746     
 -0.62826860444545751       0.59393454460552864       0.28277139479904190     
  -1.7567298870192836E-002 -0.10741690071843391       -5.0402729782306539E-002
  -2.1896842826491905        3.0615350463369762        1.2461810273018650     
  0.62142998416621742      -0.52864137842638137       0.46381129176013836     
   1.2998174924445347        1.3201763384023220       -1.8389040443016889     
   9.5514739256824396E-002 -0.20347747076773676       0.11312804488710730     
   1.9132561829633967        4.7519325287419960       -1.6349919323296371     
  -1.0329119111946656       0.11530110456248607      -0.40424940481887650     
 -0.11694362250376882       0.43289255294485707       0.71312634436394218     
  -1.1838999170410428E-002  -4.4838661399163399E-002   5.4566136620019237E-003
  -3.6151522885934009      -0.25145472901151622       -2.0217287773541113     
  0.82459530030985584      -0.19474111424447463      -0.42062563664838443     
 -0.22451165139837950       0.38808059389652938       0.24205697581389429     
  0.58376449185708013       -1.6822923454103242        3.3964702778440694     
  -6.0162353536042740E-002   9.8122063143990995E-002  0.11494680205918263     
  0.40329376034664721       0.49787664087722178       0.42378384319521911     
   3.9837883319283418       -2.3991535797886825        7.0829998430108763     
  -7.3894283442193842E-002  0.16435575414642936       -4.7704917419132284E-002
  -2.4413162570848239E-002   2.8424141425721031E-003 -0.47107209078001644     
  -2.3170693567106940E-002   6.0075846243515814E-002 -0.23205156368276852     
 -0.27432694680559389      -0.10503025651993034       0.54208384403871623     
  -8.2751540333789091        8.2497520881285862        11.517886113902433     
 -0.29200710896088589        2.9807538193691373E-002 -0.30243479832647596     
  -1.5178290374201511       -2.1350267093250994       -1.7134464110788523     
   5.3666762059217339E-002 -0.27415361568693219       -5.5734817877353467E-002
   1.8355262025982948        4.8835960774079084       -2.0459250774138349     
 -0.38448757342902162      -0.33991070570400822      -0.53067384617144897     
  -1.3228035818812967        5.5800824603666017      -0.95676031134959061     
  -1.3762612100514720        4.8769303909242439       0.74389231641308540     
 -0.17370046511688758       -6.5527664112801115E-002  -1.0359273749270630E-002
   7.6164553415254916        3.0703664096198793       -3.1210115480610048     
  0.33413696661205355      -0.14889899831103601       0.13579526026188815     
 -0.19409591810702723      -0.68479869732252208       0.27613000318101993     
  -1.7872537018701765E-003  -1.9315792527221164E-002 -0.12515922628498102     
   7.5116050213834393        2.6405228960425275       -3.2714574160299579     
 -0.12644941458243658       -4.6231743828517677E-002  -6.8166254275192517E-002
  -6.3112003071858144E-002  -5.1573649981160846E-002 -0.12267877069055209     
  0.10028085524498229       -7.9955085989579913E-002  -5.8025403389211069E-002
   4.2262969995529191E-002 -0.20433364004236737      -0.16424143125045790     
 -0.12476001398732560        7.4081193895664005E-002 -0.10772093384723376     
 -0.14325789480731391        7.6939890465363148E-003  -1.3059632242479281E-002
   3.6140397491473473       -8.7623034379085230        3.0247757893168283     
 -0.16343557131635733      -0.11794882880101798       0.11865403337983606     
   3.2325237056070408       -2.9535966107719762       -5.4965784140295204     
 -0.11853286399005229      -0.14884057254191349      -0.18232993933505559     
 -0.96531550202057415        1.8856430019087285       0.35624920320641801     
  -7.3024044471421696       0.50327182947216054        8.1187511858770804     
   9.2753007930783463E-002  0.23604021391743571      -0.27807105870956783     
  -1.2149191540581987        3.2709056168466395       -5.0545622983629563     
 -0.27950680522662585      -0.35796996359686545       -7.8509651113493575E-002
   6.0524138576226620E-002 -0.20104125601743850      -0.14156121563683460     
   6.1329285881927410E-002   6.1604197631740402E-002 -0.19601551910083279     
   5.9895220845399777      -0.10876442514626285        4.2334839432372542     
   1.0565207282853893E-002  0.31997987349116458       -1.3359111737783688E-002
 -0.76872661454422708       -6.6619350739186425        3.4809786784982473     
  -2.9008785202290768        8.5527466634143714        7.8082383925600167     
  0.17427917114371763      -0.17738711481241964       -5.4147727392395921E-002
 -0.16203974314580019        2.9028057642363613E-003  -8.3813339745588869E-002
   5.9225117118251784       -1.0985752480022528        4.2960642484934040     
   1.8072899638384261       -2.7365359438827861       -3.0531377652099789     
  0.21704967163685809       -3.0001734609107249      -0.31115696788751507     
 -0.45948303158108722      -0.13716035815504277        1.3771028411291325E-002
  0.28774307220211470       0.24316807085308650      -0.25828228012500126     
  -6.0000126929488438E-002 -0.29472263660088655      -0.24003546718849672     
 -0.15021087453931015       -6.1445185041493926E-002  -8.9549426033647666E-003
 -0.15502698667057987      -0.16790834493478943      -0.10590510144954664     
 -0.20606670434883489       0.10099884455434155      -0.13599688127303167     
   3.8239768496793607       -6.7606276961157183        5.7915187157954566     
  -4.7259463298589488E-002 -0.33287114321281747      -0.18943121209334796     
  -4.3599380370500764       0.67674763640874114        5.5689569479324463     
  -1.5273687016667878        4.3792720175968469      -0.83245859228945018     
 -0.17731201206519334       0.42011629704929249       0.44032907763830575     
   1.9762257128856459E-002  -8.2847498497889707E-002 -0.22124341487061530     
 -0.15205428029633833        3.7692426149955528E-002 -0.16119858147004365     
 -0.33757411733859743        2.5809287562047201E-002  -1.1615651636765045E-002
  -12.848105350995349      -0.34525633721794158        2.9683105571145276     
  -9.7576963455079949E-002  -1.0449153965472401E-002   5.4142384653566135E-003
  -6.6331599802164035E-002  -7.2174871316176920E-002  -9.8187297901603646E-002
  -6.5206770974126804E-002  -2.7110082780645518E-003  -3.0676687846668677E-002
 -0.73091222815843904       0.28273334731933408      -0.76621326131648404     
 -0.12487205610383960        5.4184014470874148E-002 -0.15219687208864549     
  -3.9979354441976997E-003  0.23865061393485684        1.5712350665779466E-002
  0.33279824638994732       -7.0384552830491942E-002 -0.12795146046663450     
   1.8038423393595457        4.4040463089480273        6.6937900018697025     
 -0.20610582326003693       -2.6992497912828626E-002  -4.4227516294656738E-002
   3.4186575319535679        5.1810745740393171        5.8383795473538873     
  0.14022065779940807      -0.15350643492856256      -0.27256664929655533     
   5.9103215616007655E-002  -4.4246430535400472E-003 -0.30946691295631212     
  0.71352692646230798        6.3721074638757864       -1.7962336367373417     
 -0.15826063367360640       0.51418223413456610       0.26088001678212214     
  -2.3513380291377346E-002   2.4821552024253450E-002 -0.30005323956092395     
   7.8171476115525829E-002 -0.32260985638776757        5.3614878091807393E-002
  0.50991679524689426       0.20836872683192181      -0.56525489154337261     
 -0.22160641673852019       -3.7508873036158294      -0.13349201254933155     
  -9.4563228088841211E-002  0.12014022295789753       -7.0983105944448484E-003
 -0.57251457287681606       -1.8896422917657105        2.3287201134767446     
   17.781305225772204        3.5439917918608739       -51.154193696500897     
  0.27898811635168808        7.4051742906343563        2.5854682455614806     
   7.2832276501364715E-002  0.62591907520643653      -0.40558532501452355     
 -0.13762323255447084      -0.71164344644987132       -1.7150306766047243E-003
  0.62120154479026912        2.5271699746350120        1.8407889338337815     
   3.2182118151359003       -4.1676627062398754        2.9114441037610788     
 -0.19495619553928117      -0.18244819245862742      -0.18389120773193371     
   1.9049115724389378       -1.1489027123649451        1.2843097211921570     
  0.11581537078148751       0.15670081379959008      -0.23681508721188768     
  -1.7352728762374481E-002  0.27449572712302150      -0.20436879194918312     
 -0.24807731862474119       0.11523616345625132       -7.3598991962928975E-002
   2.4818686930418372        1.2582831047467324       -1.9038406235250571     
  -16.647659960553018        13.640012577076902       -7.8629507892866277     
 -0.27519417978414051       -1.3719813043576190      -0.27957980905980667     
 -0.12820758270170757       -6.3670372269948233E-002  -2.3660730279894106E-002
 -0.13242635614290749      -0.28434159189014790       -2.3924793169467664E-003
  -3.0589476903420625       -5.0972011968864832        6.2274743801559094     
  -1.2205155942602619       0.51696292883399297      -0.95125725842720932     
  0.15214978804170104      -0.12468201079793338       -4.1220860887941621E-002
  0.10589239698105649      -0.64021650313613832      -0.36294648802614554     
   4.0149377957066346       -4.6114014268331083        1.2114091140360619     
   1.0968819377334473       -4.3452883841500380       -1.2371873117854804     
   4.6645111728673507        1.8613878506495334       -4.0375220000743335     
  -9.1485096963656379E-003  -2.1232080889952869E-002   1.1871650558936738E-003
   7.8687605619664393E-003  0.10616086618386367      -0.14390790601488621     
  -4.1436642947989455       -4.6730949097459611       -8.9003519039887280     
 -0.19795183749401013        3.5411171527243983E-002  -7.1239925858689601E-002
   1.3243280095193790       -4.3304155424654027       -2.0119463081896973     
   3.1395841935239831E-002 -0.23439223916845064      -0.16041134388060360     
   8.5199024978310084E-003  -6.8599654222134432E-002  -9.3638042995049756E-002
  0.10742244635599354       0.15206564157040567        1.5682609604639609E-002
 -0.13121673600076422        1.9263804271720725E-002   1.7869991708785039E-002
   5.8779513462597667E-002  0.20886375874972204       -9.1875379355299158E-002
   3.3115287418032682        8.6831388106346292        1.7114078322272421     
  -1.5230170594951478E-002  0.38477471021005150        6.4097432901946402E-002
   6.3609347953236783       -1.8612477880400018       -2.9508771713902275     
 -0.18311404038388604       -1.7041637496204926E-002  -6.1382626773210824E-002
 -0.13403994662144655       0.14687188066379475       0.12047356510060304     
  -9.8722091085326463E-003  0.14390832865464329      -0.15243616028303986     
 -0.19114073059358205        3.7679809870204270E-003 -0.15374871895728678     
  -5.4264785831830517E-002  -7.8094188197064929E-002 -0.28281100839785661     
  -2.9420785403722262E-002  -3.0652635627847515E-003  -2.9377404954242018E-002
  -3.1023958522083485E-002   3.0905632381889200E-002  -6.9417992740254120E-002
   6.1613152061835499E-002   3.3635931574049049        2.3726396068969153     
  -5.6870448649846639E-002  -7.7029095317530022E-002 -0.20006564927183554     
 -0.98409266921776861       0.31657400415087827      -0.86425103457665642     
  0.79802284123742762       -1.9043311189530003       -1.2971264786833605     
   5.7917663048592492E-002  0.11625647074526570        3.4343759800688073E-002
 -0.15135663915515873        6.0328470191599162E-002  -9.8297673851295661E-002
  0.13997339804779885       0.38647057853643568      -0.80683388795712085     
 -0.14938010793995460      -0.57780015013351227      -0.12507008218781718     
 -0.16657393826852976      -0.11740010440878576       -7.0709850149438995E-003
 -0.31823793284571122      -0.47500534373670905       -6.9789325358774079E-002
   1.1476926204797443E-002  0.42048716097083899       -7.7109971561421554E-003
   8.7552007523229586E-002 -0.11886268108575559      -0.19202185047442721     
 -0.11599156770096472      -0.13460998432512086       -7.2275867897480792E-002
   2.3829594064511780E-002  0.17230613479837681       -6.3698112982081043E-002
  -24.789434423579291       -24.382844782292768       -42.254618349876701     
  -1.5267872149586705       -7.2941203708877138        4.6169620434834080     
 -0.30342739033804822       -1.0448599141193549      -0.30898772590595780     
 -0.14682768663308468        7.1117353350023088E-002 -0.11249360078000456     
   9.1302191237213094E-003 -0.29179038048758310       0.15511654289392587     
   5.9851985437001183       -2.3849980266522604        1.7502830681430510     
 -0.20816178693740614       -9.8549897710419540E-002  0.12500784327994210     
   8.0045694163127581E-002  0.19316775291541993        3.7962103489850151E-002
   7.1300475731286339E-002  -8.2940752417410710E-002  0.12487139731758479     
  0.17905366691031191        3.6176681532239385       -1.4373233177756979     
   8.4856469045455046E-002 -0.13293650661692921      -0.18552765031052160     
   1.4844725168016346        2.9616128840748490       -3.4132559185112794     
  -8.8445632072308988E-002 -0.30351012218802875      -0.16538249915951220     
 -0.55262378873191487       0.63775984637743899       -7.3659556578978658E-002
  0.65245050048122677        4.0394349495136641       -7.6661364123187514     
  -1.4335947628503076       0.81669185158097168       0.88030163986012000     
  0.41028207230305413       0.31176215205553354       -6.3343331251096121E-003
  -5.2007347420549244E-002  0.11409237422772724      -0.12951122345449301     
  0.89437470815374531       0.14307637706290882      -0.49991685584186801     
  -3.4530207283482085E-002  -9.3781617835511061E-002  -8.1822378230048107E-002
   3.9730960202892218        2.9439985534296729       -3.6004320148059450     
  0.95617302796518078       -3.8375038040450917      -0.33311691175485331     
 -0.77551390096447959       -1.2505703991655825      -0.63866613912986803     
  -2.0392460918925853E-002   4.0602612094922316E-005 -0.10264033906762272     
  -2.9299304273343849       -3.9458823644802079      -0.97184156731220561     
   6.0960566601591860E-002   5.8996415386045178E-002  -2.0795714647493708E-002
  0.41186454406885148      -0.16059702394938224       -6.3652010132949563E-002
  -4.0710411143370047E-002 -0.26455202377816217       0.43624908860295603     
 -0.19207971877719754        1.9906734407856622E-002 -0.12225282010687233     
  -7.8773571168241560E-002  -4.6132838513523747E-002  -5.2800172363069713E-002
  -1.7687177607026573E-002 -0.73945220924118671       -1.0070235677562402     
  -5.2070118796759692E-002   2.5978205897478492E-002 -0.11135028385888306     
  -1.0583762169852688        1.9576782973852651        1.1197397104577713     
   7.2963822569013290        2.8881996617023252E-002   2.9396935847604699     
   6.6588355990801658       -6.0611407774029411        2.3918727214442721     
 -0.12875499743931820       0.14960784866270735        3.3347711076983422E-002
 -0.14684385394411320      -0.13519830580645037       -1.5540910295605179E-002
   3.3438245814621235        4.0252408040231575      -0.68793454487224415     
  0.15617794250568579       -8.3180895102813374E-002  0.55532597621996227     
 -0.19052872608402580       0.12172419322218753        8.3514465898890944E-002
   2.4279955550699079       -2.1742756587559411       -2.1008228999677780     
  -4.2222598027903295        3.1906253578138104        3.4410422102297069     
  -6.5607448523524806E-002  -4.5237315520221089E-002  -5.9925049451276871E-002
 -0.25026369952727517       -8.1368436534634495E-003   3.0560230871973633E-002
 -0.29544879730601847      -0.32611405970482449       -9.5060884534653209E-002
   5.5369538005631921E-002  -5.9001436859193266        3.5003952665496163     
 -0.18045430934802600       0.29351700621158133       -8.5342527824903161E-002
   2.5033552448783320E-002  0.10761056173039676      -0.33964847927610015     
 -0.31599894606494805      -0.61643880568744502      -0.19841376703920602     
 -0.13560964319428687       -2.1930127333129802E-002 -0.20091245518732928     
 -0.14806857827215919       -6.3070804185932347E-002  -7.9129153562511934E-002
   9.4823426033555389       -2.3346449406675323       -2.3527090307632625     
  -4.7626672032696709       0.73817045544586057        1.1742877620284562     
   1.5478030831735778E-003 -0.17322159761371703       -3.5723518626033290E-002
   1.6736051636752183       -6.6270012447740223       -2.3407712483416927     
  0.12093267406778013      -0.13620872268321621       0.47259503396716107     
   1.5604331789378456       -1.8054687571254002        5.1348790373661899     
 -0.37002521273160482       0.22376607466231557        2.5491652075765134E-002
 -0.18695046512393318      -0.29812199551279178      -0.29925704129415276     
 -0.53375878670676280        8.7368080113030295      -0.11820627369064461     
  -2.7214404910257084        3.4575581809487423      -0.83686306854047032     
  -3.8180007638187079      -0.68176819561071689        2.9307341478922702     
   5.3748129569234164       -3.0463995593580426        4.4732180889024145     
 -0.51742339518168567       -2.0250150042984254      -0.27262350550475362     
   2.5559784956253918E-002   7.6942732187794766E-002  -8.4756371385875717E-002
 -0.10659639951943078      -0.10418271528708714      -0.15081713537634669     
   3.3039533859045127        7.2475681650196782        1.6487943640672154     
   1.5320548949231039        7.7363430372635404       -2.9861878957411272     
  -1.0979685535618322        2.1873794333340726      -0.31153538603692904     
   2.2820626774871049       -1.1760343891728839      -0.78531217798768327     
   9.9295129441282784E-002 -0.10824675705114892      -0.12427710038059668     
   15.836940776750135       -15.821586470562943        9.9793829699442256     
  -6.0974677591319644E-002   5.6469869755085729E-002  -1.5845095195292029E-002
  -3.6108367228082776       -4.4056551423840009       -3.3787147908123316     
  -6.1168739807900760E-002 -0.11429228462906658       -5.1069963641724468E-002
  -1.8433124237798246       -5.7987222347616765       -1.3385120582844452     
 -0.29512551211969734       -1.5137735842629401       -1.2757009187292760     
  -4.4628910152741588        6.4912621146372951        7.0603401983315139     
  -5.4770987110264291E-002  -9.0681724766364019E-002  -9.8722357119673240E-002
 -0.39208733688871034      -0.10239878960842645       -3.0338892545140349E-002
  -4.6462095344841439       -7.2509037593059862      -0.70127576584681928     
  -3.0949379422854024        6.9006048117945884        3.6138621196685943     
 -0.12315328727989087       0.29114077209320272      -0.24124600919605121     
  -2.5929336226959925        5.7173170374617374E-002  -4.3227033015139416     
   1.5356872786160523        3.7474426324682568        1.4028326532139459     
  -3.3279465458183517       -1.6899515657801378       -2.5436005558367598     
 -0.14191204596092588        5.7702161281610556E-002   5.8480756761944322E-002
  -14.518756132224254       -12.745272188698067        1.9357412038894437     
  -7.1864632002209321       -10.141351913349919       0.56583607777341904     
 -0.37615044919223739        1.1909095275547417      -0.21215194043361271     
   3.1616491334689441       -1.9498127246786408       -2.3296306272269467     
  -1.7272434766701505        4.5542084851307543        1.7304307970692403     
   7.7434208895923122       0.43257221297382487       -5.9461749597332663     
  0.39340404359686776       -5.9829866557012980E-002 -0.20750527377412770     
 -0.22755295850377782      -0.11346294919404745      -0.58409476485685174     
 -0.55383811932963301       -3.6481765752524846       0.52362714168693880     
  -6.1843773459230408E-002 -0.38321838303979089      -0.14383603451636437     
  0.77279345664139532       -9.6193673766510610        2.6519709922554591     
 -0.19144156885344835       -2.3406324157400141E-002  -1.2467786898149051E-002
  0.52118822999917236       -5.2528587058696461      -0.46311414113507793     
 -0.17857410539161392       0.22831665298108536       -9.6114111468575247E-003
  -4.5659612969605856E-002  0.26510809854860856      -0.19587775370155128     
  0.11607775461349600       -9.3476697950508059E-002 -0.16920359564138507     
 -0.51446673226322404        7.0856096072335908E-002 -0.10813072528810580     
 -0.14508878051047649       0.41892873314632706      -0.39581290224383536     
  0.91691947148759756      -0.22039107589180093      -0.26370926468121342     
  -6.9020456709591671E-002   3.7351667314236378E-002  -2.3916760037794894E-002
  -2.8764881228604041E-002 -0.12950306900018083       -3.5628841127174044E-002
 -0.70995752768760978       -5.3207542050086501E-002   2.4906226345164453     
   1.8826152135895295       -2.5563872666650220       -7.6734732487911685     
   1.6081667027815265E-002  -4.0512231215671587E-002 -0.10965263572462569     
   9.9811108749928903E-003   7.9703576309586494E-002 -0.10728831260219447     
   9.4540155745777107E-002  0.10979142970771209       -8.9834041221367456E-002
   3.7086307636213234E-002  0.15947756931683785      -0.15018772516866657     
  0.28073015570559490       -6.0995157024297643E-003 -0.40227891217917461     
   27.014756629348771       -4.2274444944836809       -13.259541208426249     
  -2.8917683738947688       -5.1622995488521690       -1.4285555249931627     
  -4.1119513110963922E-002  -1.0615935079416121E-002  0.15228307531015622     
   7.9058289203821686E-002 -0.47240673575316205       0.22186382642365063     
   6.8964512385438166       -1.1236923930931397        4.5764407806900254     
   4.1878646234944297        1.9103181627908088       -5.3076792121646585     
   3.4561827957452973        2.3532130803784375       -4.3245345321068012     
 -0.22453242660262832       -8.5767187186134089E-002 -0.49040033991506249     
   4.6249941840023654        4.5817483179515133       -5.4567347176074188     
  -1.4633221549916269       -2.5908125653702054      -0.21525213388235923     
  -4.0197233095749234E-002 -0.32313700583811816       -9.3961506490951308E-003
 -0.17274751389218879        4.4131370428313069E-002  -4.3838587269873698E-002
 -0.40005658769367825       0.10901233465526802       -2.2216215518429460E-002
 -0.24955862484051461       0.16504124785511032        1.0514252294669983     
   5.7494045401238952E-002  0.18738643956951204       -4.3189200777160021E-002
   6.8947029526789851        2.0801241310557952E-002   6.4755133653247103     
  -9.8301160536589452E-002  -8.0015239029447155E-002  -6.9610519622509262E-002
 -0.61696969907831434       0.72175365408389536       0.42719612478570890     
  0.12764682860799412       0.50378357526408102        1.4804724721562388     
  -2.6385716716204306        28.853413488404840        17.254914405647447     
   9.5696724264394989E-002   4.7028509592765638E-002 -0.30659545530333493     
  -1.7743519530082901       0.10398142932117936       -6.6072194101966266     
  -2.2085315856926306        4.7892286236772801        1.0893434232575321     
  -4.0000942009571308        2.3650622768269218        2.2957129462452013     
   3.3190764538139392E-002   8.7016269588826335E-003   3.4640272770782937E-002
  -4.0931777031555622E-002  0.18369225150411778      -0.19404866681005625     
 -0.12670417845445639       0.21449445660436051       -7.6132312427469137E-002
  -10.128953477546721       -5.6952939683083912        1.0288733037030056     
 -0.10053280294509007        7.5766061041837481E-003 -0.12159720262821716     
 -0.56890175098097062      -0.22409197101905368      -0.19183517287813590     
   8.2638755002951072        1.9246898146336247       -4.6363617822469925     
   8.0808624521693009        1.4927403010600067       -5.4672121236447735     
  0.53718826490546701      -0.48180866842806513      -0.10512338983345745     
 -0.19081039354352661       -7.1955411548666956E-002   5.2224964207873391E-002
   6.2481452968234281       -7.9152623675699534        1.0245885435494266     
  -5.6653050813254717E-002  -5.9065010883393214E-002 -0.24584211732227787     
  -7.3706032487483846       -1.3840903532628068       -2.2844180536171765     
 -0.14504198084065525       -4.5258720925268919E-002 -0.13428445599222735     
 -0.15425712136145137       -1.2745965958626013      -0.43734451827859000     
  -1.9139011151721930       -4.2286353042102167       -4.0866411968971272     
  -1.4032802106082770E-002 -0.13460180947690911      -0.27202919221008531     
  -4.7684044899824789       -5.2731735025160944        8.9322487291428541     
 -0.18912743628350015       0.25417852403553959        3.9074575044704365E-002
 -0.79519868736984423        2.1819525962631761       -1.7034656529614847     
 -0.14079569216547960      -0.23611685777934904      -0.15984212081647806     
   2.8687466309505284E-002 -0.44087686733623316      -0.28100597598004090     
  -7.2611929993038880      -0.75321672955047658       0.14783908623846223     
   6.0471941925452299E-002  -1.0702769757348298E-002 -0.28231540682770501     
  -4.2988026641843486       -1.9041556226066141        6.9677387179254655     
 -0.35550701418403580        1.9847313223593599        1.3919190228628930     
 -0.36374567367454008        2.5438180605041188E-002  -6.1690902282596292E-002
   27.040666420747055        31.161339348458650        42.799327408909619     
   1.3060764856333467       -3.1196360385323114       -2.1902422699588855     
  0.11850630785751022        6.7357186916043463E-002  0.20150270847378787     
 -0.12226869358308103        4.7986031209301394E-002 -0.13375192323963547     
   2.3505484368835199       -4.8046067656183871       -1.5157459780812348     
  0.11128639342225866        9.0077189367830324E-002  0.28637819367136375     
  -2.4591524744291892E-002  0.11577830758461173      -0.18951716614853226     
   2.1721126823965302        8.9650923910769791       0.47327627241668302     
  -3.1521844859931183       0.28916771499776495        3.5975611149709970     
   3.5588118107676503       -8.0867853963319298        5.0848508690321337     
  -4.4944386523203859        5.4753292996857423       0.31649323826309272     
 -0.29378547751214368      -0.10116122024527402        5.4444916655836152E-005
 -0.50835572671268969       0.69970347772901575      -0.31160882873664064     
  0.15867906680826083       0.23085048319390589        5.0290040129765522E-003
   8.3865670927749270E-002  -7.8305804426384476E-002  -7.6071450866834686E-002
 -0.42589385906182137       0.27589474733553138        3.9524643504266911E-002
  -7.8376450652049446E-003  -3.1595445048064261E-002  -4.3570378093755247E-002
  -5.8310868595096384E-002  -6.7010054046856685E-002 -0.20541355850873858     
   3.0535098303478727        1.1072618389975499       -3.8352034583548318     
 -0.24153388936442391        6.1902446907809633E-002   9.5010573968305895E-003
  -1.3939147353604633        5.7354094053792899        3.7593372445323077     
  -4.2193504296016192E-003  -5.1069231041307998E-002  -9.2087004426482544E-002
  -1.7929704769608379       -2.4265672027377363      -0.18230527990053005     
  -7.2863363752744883       0.43466249390294359        6.1142381265072681     
 -0.28991511959670324        1.1718051057127532      -0.61174012573387793     
   1.9599728189599919E-002  0.14241708707635006       0.57720135820676477     
  0.14346249946884790      -0.24124073776206256        6.4067894395219274E-002
   7.6954967840288033E-002 -0.20628640404508505        2.4035075769401587E-002
  -4.8047565213345404E-002 -0.12194610190910581       -8.6462285536176464E-002
   1.3360461100350611       0.91739795704214133        4.4616504741971577     
   2.7146164877494412        5.6503868928518424       -3.0112984367220736     
 -0.21709249423833893       0.53459354915976898      -0.35450897187458008     
  0.51057566448930347       -2.9572548898305087      -0.74472046229379996     
   2.4565293425565161E-002  0.14323467885772570      -0.19857286656862883     
 -0.23065851556773737        1.4736291810484005E-002  -5.7982847326783798E-002
 -0.68144540192571035       -3.4621454178010365        4.3648505774912323     
   3.1231728285401543E-002  0.37682421954939926      -0.18689490074598261     
   6.2119451543851092       -1.2820955901320210        5.4001123831342266     
  -3.7814856113244574E-002  0.11078078045822352      -0.24551598904056629     
   3.1682298106428856E-002   1.2363470658268599E-002 -0.21080226760926926     
 -0.64736458357826610       -4.2205424297327303        2.0027183650810478     
 -0.12528319041587915       0.11356195948238096        7.0792837532028530E-002
   8.3916927693292148E-002   6.0342497311359600E-002   3.1515858363682217E-002
  0.21910955898940598       0.31898729658113778       0.15121842681144401     
   1.1566357451058957        8.1262899642838793        5.6642770749052502     
  0.17431764279641071      -0.28846528440880520        2.3986280890689354E-002
   1.6420373271469955        2.4615509107316833      -0.53144094242703810     
  0.72892105832732867       -1.8529342425406499      -0.63654715039119658     
   7.4925818067378493        2.4076573962344558       -3.7394078675428744     
   1.8149461118680730        7.0617402836754000       -3.0212994116719840     
  -1.4116870565108659        8.8952622756708042       -7.0988059172512914     
  -9.2569669852789013E-002 -0.15414877047316064       0.35497867051060367     
   4.6317784538987778        4.5510562196633009       -5.5177214570352913     
  0.18583372057863123       0.56110918280444655      -0.44680090179491672     
  -3.1674730337607038        4.8515833168001308        2.7008819761951210     
  -4.9394432866182267E-002   2.3913940535592055E-003  0.24247494274815465     
   3.3527110656796949E-002  0.21386913213825348       0.16007905768435121     
  0.10427493710214046      -0.56818067614273704        3.3956298423456592E-002
  -2.5017607627734759        4.3875985830488196        1.8858633425431628     
  0.10043810463950317       -6.6046525190606872E-002 -0.15214849176793649     
  -5.9604262583435039      -0.89742609020508068        4.0512487339705761     
 -0.22673980339421035      -0.12026873161227024       -8.1282134349159096E-002
 -0.18343618688032551        5.1176173286476790E-003  -3.5695432895712510E-002
 -0.60026359497371307       -2.0869327355738316       -6.8243014597562395     
  -3.3998137996002464       0.83434865784308732        1.3034213324011750     
  -8.3372455281324837E-002 -0.10454766919754227       -5.4898451917355554E-002
  -3.1690153047443083E-002   8.0899333599618942E-002  -6.2081209969019766E-002
  -1.6952867987451565E-002 -0.11113439144143232      -0.24537961467880912     
  -2.4546271517408398        3.0060331409337788        4.6951433197998966     
  0.46499140494048763       -1.0729330027891486      -0.20195448172126534     
  0.16402991811638637       -6.1196578487370215E-002 -0.17144737880257557     
  -9.8375544203270798E-002 -0.10859954384072502       -1.1112880330243432E-002
 -0.11441678044192989       -5.0287136891691064E-002   4.7581344686947032E-002
   5.3078991648948453      -0.96486093247683469        3.0604460255117534     
  0.26002452780057295       -8.6743519701543009E-002  0.12771052648634648     
   3.1582431976346775E-002   4.1862330579410155E-002  -7.4824986881577862E-002
  -3.2762458257448709E-002  -3.2526108338720452E-002 -0.23370247143922029     
  0.12453249342250015        1.4794270992724193E-002 -0.25035478142362622     
   1.9028380297537006        4.3830249692711920       -1.0585775277774327     
   3.9593079231873429        1.7760417171722298       -1.4129833812524504     
 -0.24078139588617320        2.3172214469067937E-002  0.10169092882041014     
   7.1418337470576590E-002 -0.13600444493703728      -0.20378161754872248     
   2.9838215925260947       -4.6635105273372899        1.6616952275596166     
 -0.17921087235059285      -0.16034034891085605      -0.14897309978994439     
  -1.0611937419893369        2.0182508145963896      -0.18076127897759670     
  -1.0836557031306349        3.6171011740875527       -1.6062742941637151     
   1.1068409039894596        5.5973275826072113       -1.6759521887948734     
  0.31150122240272732       0.11318276450692860      -0.23322535360332738     
   4.6506625620301802       -2.3507762208438687        8.4449226744857580     
 -0.33952760944494625       -8.8883564841246182E-002  -5.1552201142187955E-002
  -8.6172636144597789E-002 -0.26242986034629284       -4.5008462307051786E-002
   7.1921650842281026E-002  0.10750088195140245      -0.14795498271669635     
   13.522236152903472       0.41751154138503171        4.5156809523064290     
 -0.52326169835741976      -0.11741992492747397      -0.35878357256352644     
  -7.4981257637466395E-002 -0.20807092081918491      -0.11713376049372845     
  -4.7750475334902676E-002  -6.1906838692555533E-002 -0.19104345863518760     
   9.1223505275301667E-003   3.7903638885386282E-002 -0.12742290968557757     
   1.0378656695872683       -5.4020884136141083       -1.2403482953592688     
 -0.15263124153847155        6.2500789899004233E-002  -4.7700063711336657E-002
  -6.8298848394527392E-002 -0.20401161336124601      -0.17932066061355709     
  0.42959089374472403      -0.25437594448537609       0.15913754112378117     
   1.0785328494759121        1.0374892132491997       0.88274125394762082     
 -0.18639030754870933        4.6039705036515971E-002  -6.1762375987811508E-002
   2.8442168260089301E-002 -0.30274884444969796      -0.31390354822670119     
  -6.2746070518157016        1.4725237134779525        1.3635459304211048     
   9.4226655132617604E-002 -0.10439836662553308      -0.16004554570540458     
   6.0993627190362023       -3.4567707546472510       -8.3412751350308820     
  -4.7222957317584173        2.2492307226810660E-002   5.4439995532199923     
  0.46104449171251999      -0.10537354495129941      -0.58453793649744645     
  0.29896382767275637      -0.57970636194667402      -0.26705329304624181     
  -1.0986262147152224        2.8453003674780519        1.8718937246698102     
   2.9006951845257731        6.9847852433943647        1.2705640790645421     
   8.7778294174191571E-002  -3.2330691293662721E-002   7.2682053942844049E-002
  -2.2368345288052223        5.5313844733104629        2.4591674565743604     
   4.0243414092623594E-002   2.6454220261796561E-002   6.7570360229008211E-002
  0.70932867742784944       0.33969117821813011       0.22171977852850563     
 -0.13617655277106930       -4.6480473056799532E-002 -0.12033279989137752     
 -0.30091787963531608       0.35441132062700165        4.5275737394155677E-002
   6.2646030078360726E-002 -0.28456738472302961      -0.47785547843544046     
  -6.8064702234046912E-002  0.50696426112389958      -0.25947305802009035     
  -2.3959190869594753       0.91663360445324604        1.5757887817065503     
   1.6533563328635835E-002 -0.33913347013700823      -0.18359162901057563     
  -2.3460937248460174E-002 -0.30244223636280909      -0.32451174303384933     
  -4.4277995569215571        2.5062059687874911       -3.9452637628632328     
   2.5876554885885223        5.5890700946338709       -1.2272594670042256     
  -1.3054826434001374       0.85746765378868339      -0.86301402281707362     
   3.2180320129152626       -3.4843477452927489       -2.2343934655540978     
   3.2034601759987152E-002   4.2370960999584484E-002 -0.12825117944801215     
   5.3064667762552027       0.17385391849862536        3.8775810910677864     
  -5.7886161828899663E-002   1.6428169656726383E-003 -0.20485491975985698     
  0.22677467606520557      -0.35528551478780851        3.4874327954957485     
  -6.3897902115889318E-002  0.20849887388350677      -0.18782763228071517     
 -0.74370576309321246       -9.7436202755681016        8.1907535162667138     
  0.31077982246382579      -0.25568271818720467      -0.22157595926893892     
  -3.5758456382216299      -0.68323944310292817        3.8330494647016602     
  -3.8120385038017921      -0.66670282446814644       -3.0893805136169150     
  -1.5349433232791057        4.9481432170809985        3.0527887204750019     
   1.3675751872385649        6.9085620535960039       0.20456143672506691     
 -0.14683013737977704        3.5136303405555978E-002 -0.10506215370649882     
  -3.2825138633800051E-002  -4.6281235612631214E-002  -6.4505304428924437E-002
 -0.15473938321185551      -0.31458688888320580      -0.16828799517038803     
 -0.41633917457693226      -0.16688431212073934      -0.30585789502423000     
 -0.12053560454448592       -1.0165393185655623E-002  -7.0674002556735518E-002
 -0.16967624776134352      -0.25623160641779819       -5.3113487621052911E-002
   1.7051308284150815        7.7175749599323042       -2.9219987072664950     
   4.6715211794618496E-002  -7.5169995131485617E-002  -1.4354972530481448E-002
  -2.8917608455738324       -5.4859989606935855        1.5266028398384011     
  -2.0246704824195829       0.13190135277743184        1.0869357578302425E-002
  -5.3953074546237429        1.5378539622920666       -2.0666747325039463     
 -0.50849631140521645      -0.50788123419469922      -0.16250418938161360     
 -0.10869671222865991        3.8908244034888455E-002  -7.6372887596329223E-002
  -3.2435309726313752        5.1439217039400873        4.3489023122735349     
  0.55998530138651936       -2.8995367359792210      -0.76952839202209555     
  0.13114416816353372      -0.33806942110948918      -0.16404019340320239     
   4.0843360395061604E-002  0.13448121458589826       -8.3792363696272867E-002
  -5.7860878559552029       -1.0268833910147750        4.0248454286635349     
   9.7371051923341514E-002  0.45984338657757301      -0.27492730958991801     
   5.0922279457557874E-002  -9.3966260451540870E-002 -0.12619998740221072     
  0.55162847890812250        3.9119194929850081       -2.5985939428126228     
 -0.83781928597885302      -0.67504612116797769       -9.9710817829699247E-002
  -1.1454294579938524      -0.29756151058060620       -1.8043210823493703     
  -2.6817636144346517       0.82743339606551181        9.8298875571263764     
  -3.7574618890262222E-002   8.9950199604103484E-003  -8.3386761561430836E-002
  -2.4856895048540602       0.13393030378456491       0.44323098304221153     
  0.23263213300111707       0.39953051130052580      -0.19755759694371611     
  0.14986395135035685      -0.17560656667123359      -0.19954508511849173     
  0.21181223919714776       -9.0332031144016278E-002   7.0694897289149600E-002
 -0.37537393435449307      -0.30712924640561434      -0.37133262730916156     
  0.20521353004860404       0.15226886079108204       -5.2309292441623106E-002
   1.1821170862198671        5.8561686035106835       -3.3759285481161241     
  0.57060265362080986      -0.10702359343791128       0.13526502289147221     
 -0.26582876384935866      -0.22617249981025384        1.4954197157438063E-002
 -0.39467235226795661       0.25112875070897439       0.30792070007457994     
  0.17108448621790423       -7.2661016817642948E-002  0.28422773522191064     
  -6.4335275859104507E-002   5.1141504204486859E-003 -0.10144552858600238     
  0.12774202314902641        5.1294643434416760E-002 -0.31447751665333601     
 -0.17790445846511421        9.1729903595581030E-002 -0.26062550792421812     
   3.3548390771637648        7.2272321217091884        1.7243132744845122     
 -0.10301289122269239       -1.6238141764599680E-002  -3.4763037050788131E-003
   3.2914845350592178E-002 -0.14284306283037498      -0.16964723708917201     
  -3.8076359832579353E-003  -7.9229286180136083E-002 -0.25532685186512011     
  -3.9931193663131639       -1.4685546981794080        4.9298715224225491     
   4.3919245444919319        8.0702828213380595       -1.4517349212527610     
   1.2554947166940460E-002 -0.22042208064018745       0.17726839847945347     
 -0.49031024395080308      -0.74668678618530460       0.82027535696314191     
 -0.35402236152939376        2.1109687012546661       0.34242671563317656     
  -4.4422219670378729        11.838035484073695        5.6644489245404728     
   8.7783303317091194E-002   4.1696971531082941E-002 -0.11548212330529678     
  -8.4011991620475956E-002  0.17860364680136998      -0.15623475794291453     
   4.3382448833872787E-002  0.19182865704899693        4.7711418334261499E-002
  -4.4046137965312244        1.0003632803758122        3.0319511721245127     
  -7.6292305872392455E-002   4.2630615786410295E-003  -7.7029519250519679E-002
  -8.8802577800028190E-002  -4.3003392126246875E-002 -0.19238771499922933     
 -0.14305265522302146       -4.4635331918235058E-002 -0.13211766593301794     
   7.6892312213049374E-002 -0.20149456845608626      -0.13566799988031317     
  0.71232854595817119       0.24947065809507341       0.26334620094986244     
   5.3415505017901335E-002  0.12316315077129189      -0.16682672274226149     
   1.3471659066736312       0.23789132726307580        4.5000825951750336     
   9.1116510629344602E-002  -6.8111523355522938E-002  -6.4329030988084943E-002
   2.1811553645216577        12.268522597220574        40.055202908342409     
  -8.4624922644013861E-002 -0.10050420071893457       -7.5057250631321210E-002
  0.27376568919381522      -0.16421884298038267        9.7701566813549481E-002
 -0.11686057467575443        6.2747958410384524E-002  -6.0426190892134982E-002
  0.82728921995920246       0.46321971818334995      -0.41031554909471213     
 -0.17668645749676828       0.10124042423158264       -1.4786467791324158E-002
   10.631217861318328        7.4517403351143852       -9.0580445470094713     
  -3.7332768641856195       0.14314453075800540        1.8257947052010128     
  0.62326366583889947        3.6380313368654766       -2.3031503924249721     
  -1.1571297990987952       -5.5992831450840379       0.42533387520131521     
  -3.4645530847197688E-002   8.2337760023248451E-003  -6.1750046107718934E-002
  -4.5585858660196689E-002 -0.23938118154747348        1.6046209016901049E-002
 -0.29980803908593262       -12.772319283918154        6.8391131043253095     
  0.11277909617996973      -0.16698462215182580      -0.10887886766010554     
 -0.36969007125051423        4.0875622855997801E-002 -0.67136301031832923     
  -6.7358119118507476E-002 -0.15455919948538621        8.9411518302540155E-002
  -8.9865959898546421        13.759341992754244       -14.298022662392068     
   6.6627827661435934E-002  -8.4024991895502776E-002 -0.26180032993733693     
  0.24465992711887230        1.3077363911891300       0.41829673198707878     
   3.3378788286288756        1.8697191722675623       -2.5052209037034232     
  0.18564663466014267        1.8115220563332719E-002   4.6358920653767455E-002
  -5.4174940583677389E-002  -2.9080074460863838E-003  -9.4138296546266945E-002
   3.2938552614873606E-002  0.12755959369442896      -0.20845195295426602     
  -2.9135656480758079       -2.1293000424589121       -3.9710289868908184     
   1.0644640747236085      -0.76798135239097143        2.9972333475406083E-002
 -0.39429834781846967       -2.2187106190039683       -1.5922621999823996     
   3.5195713694922678E-002 -0.16209631705766750      -0.21621308384231294     
   5.7938286785125269E-002 -0.12648709046971374       0.11637473795418848     
   1.6869393429716040E-002   5.7628475218069644E-002  -3.9805999181187705E-002
 -0.11156952282175371       0.19340905017948268      -0.16071677488971881     
 -0.27095197533493343      -0.69192883955374773      -0.68854269801310597     
   1.8980987077450906        3.6532329064586282       -3.0204915281887570     
  -1.0312763476556701       -7.2729091258938343      -0.63909278944034009     
 -0.19069948735048189       0.25477461827578995       0.29350820346416961     
   7.2635528371583060       -1.3662297109034669       -3.4296960827165979     
   5.8475795266341715       -2.2893333271351324       -3.0244460889298406     
 -0.14077515540774127      -0.10742398385364668      -0.19745568924854512     
   10.802004959193662       -7.9860172045573945        1.0237442054030927     
 -0.68827186070726010      -0.33853874370979692       -3.4349733610802759E-004
   1.8589136516441433       -28.841670045596114       -42.745841369986991     
 -0.25410685445460102      -0.16262467056525653        6.1620128526382704E-002
   7.3490896195637756E-002  0.15961696161159300      -0.17504058701510039     
  -2.9888915310782580        3.0984031657872846        1.5798289084163910     
   6.4024595368196104       -11.154113294321485       -4.0683201867174974     
  -13.087407796204149       -3.0522559614645246       -9.0453602522040786     
  -1.7916477094465424        10.196455461011647        9.5153754936412618     
   2.4837270283133657E-002 -0.27557434109460766      -0.11581093855894332     
 -0.57006905320934387       0.38332635447297403       0.42847362778101311     
   4.3253327992041806       -1.7701840541174443       -2.3625779161746272     
  -5.6320088017123950        3.8069194882992421       -20.014531117813807     
   4.0680867769861191       -1.1108448575907066        1.5511469269947031     
 -0.30232407197909494       0.28286345063234664       -9.2098562306058632E-002
  -4.4362611501551491E-002  -6.6235727526474303E-002 -0.19647631078646507     
  -3.1984889249920179        1.5863911753232882      -0.60583334835877045     
  -1.1291936560195088       0.37996850491385131        1.0410553014915380     
 -0.20735481320641552       0.14020385092574841       -2.5744825336463117E-002
   6.6671917163163303E-003 -0.19107282391135771      -0.36306578157188263     
   4.3155331125009029E-002   4.8817114847022780E-002  0.11976402712214561     
  -2.1441894005538562E-002   5.2391652966559107E-002  -4.8613796387367104E-002
   1.4232845686169213        4.5958395919326822       -4.0866706861576336     
   4.9590547519068000      -0.92500562781048934      -0.73562905815198421     
   3.8634007085148650E-002  -3.8316198114099920       -7.9790370130874413     
   6.2572451850829339E-002 -0.11997287559667355      -0.17458025557538531     
  -2.6213930609228853      -0.30931905055228004       0.52648037791109215     
   3.1086780455788796        3.3518947509919075        1.9067918239487496     
   1.8544584016094767        1.7514101201553105      -0.26474140003654228     
   3.8191207470695321E-002 -0.45124726842886720        6.5799094871929085E-003
 -0.13819350089268648        2.0854423294492372E-002  -3.3893392956816364E-002
  0.42601623146684520        1.8929178188908949E-002 -0.10500716711232351     
   2.1272332498716833        3.7109573753375322        4.6199184432278866     
  -5.0233180404545941       -3.3164634554552186        8.1434564081048073     
 -0.10835260965107414       0.31743883476467671       0.39528807399805210     
  -4.5928665720519275        3.6734399356186627       -2.4839814447712123     
  -1.1350299328388043       0.63703742436755895      -0.13441485433179881     
  -8.5409162105519307       -2.2092422179322377       -3.2225623511334915     
  -2.6173413652362844E-002  -4.9790468742149444E-002 -0.18251474538932094     
   6.8905340818585401       -4.3543458067225354       -2.9476755530044070     
   2.3290379174670695E-002   5.7096484630405044E-002  0.12345184182893161     
  -2.4376865072981285E-002  -7.3332451692714783E-003 -0.23619793088717692     
   5.8838611122819193       -2.1407651171333537       -3.2573159812292563     
  0.13783636007154210        3.2134845341531255       0.45967260096836449     
   4.7229278953434678E-002  0.13595071705253489      -0.12515788488174889     
   1.6475116680416968       -5.8183614632779346        3.1574901792514494     
   4.6121253567588507       -3.2825018368917473       -3.8263365772256295     
  -3.0925245765890973E-002  0.13771408470484767      -0.26543079526484858     
  -1.2859564718234946       -5.6752368674714715       -1.9581298789600652     
   4.1828085437973207E-002   8.4878573789976930E-002  -8.5733249816370455E-002
  -4.3890975081272883        4.3225261748471118       -9.6436960468244823     
   1.8043236947897442E-002  -1.5391900337445794E-002  -7.2471349701984891E-002
 -0.15999117203725635      -0.14494369462022338       0.47601127240648816     
   7.1278347233821912E-002  -3.1709174450515368E-002  0.34326791350225117     
  0.37939633719157623       -1.1510123651500441      -0.30737956829037844     
  -15.538313637482680        2.9835184128760019        44.773371449785394     
  -4.7058443193752568        4.9299467754062922       -2.2368436584054905     
   7.1408652102987996E-002   9.2352299047705172E-002  -4.3461687390426353E-003
   11.885769977780175        2.1752349931962986        18.421334650101830     
  -1.7023148113707405      -0.86804171809147124        1.1827639908391234     
  -5.8449299322464829E-002  -7.4294272993193300E-002  -3.9916102744427279E-002
  0.53466799332097503       0.16304510799992064      -0.44729551954935887     
   5.9819955137919760E-002  0.22516334599439553      -0.15619044517280495     
  -1.2391233361411655      -0.34559603252869625        1.3150695850864305     
  0.19994176334305855        1.1459133308086544      -0.44820512535029733     
  -7.6575630461329025        6.6117075419726712       -10.325191788557277     
   1.2332597387622324       -2.0792981593768358       -2.4990974470144942     
 -0.19622905238651253       0.14022033910069384       -9.9588826919042681E-002
  0.62911139599389210       -1.0022147197617963       0.13622943155989242     
 -0.25157970513924505        6.9949370631759183E-002 -0.12473719700561761     
  0.25200982594803617       -7.1472374936281530E-002  0.25723187897455840     
  0.29603495752005338      -0.23274358974821538      -0.22565468292930480     
  0.42098886455307655      -0.60284866138295068      -0.61322851734786132     
  -6.7085481036923786E-002  -3.3018200174621960E-002 -0.22480002035214600     
 -0.21452580407288965        1.5731421251785550E-002  0.21470850518822274     
   5.5568008674308715E-002 -0.37335882880272098      -0.10635950995849799     
 -0.13497898648320686       -6.8646946260719960E-002 -0.10510835610170334     
  -3.3531082485470015E-002   5.5746877533807790E-002  0.12900107525361709     
 -0.16928517963590783      -0.17094137320105890      -0.47446859155017890     
   1.4661637802576262E-002  0.13007764286789564      -0.12421515388508450     
  -1.1048757798332360       -5.1583681727236508        1.8227943829374955     
  -5.5607097100159181E-002 -0.11294003591567300      -0.25055728512687059     
  -4.0007631640424117       0.10655884189816203        1.9389129086702874     
   1.0646211649432702       -3.7615706461272191       -2.9204393138465630     
 -0.13385575000784472        1.2572088711874718E-002 -0.16740594540981008     
   3.5705574451730491       -9.5429108222652790      -0.79777247816872843     
  -3.6144885412230123       -2.2322059578910487       0.11312851361955481     
 -0.14021392731210153      -0.26026897394777876      -0.13018218826829675     
   3.6384234780568857E-003   9.4808942010871866E-002  -7.3958242938707355E-002
   8.3032502319015322E-002   2.4704846267730243E-002  -3.4920262303596288E-002
  0.31486729472866454      -0.34922845671590969      -0.31507236586123361     
  -6.3745608684954824        4.0196778335402534        3.0911532017432708     
   5.3059621200516087        1.4049044617448774       -4.6763839635482354     
  0.34535257965955879        7.3060845268706620        4.4162005886264266     
  -5.1534321538497969E-002   5.2781635021235444E-002 -0.21687337300397205     
 -0.29009742561020946       -4.5366548615951831E-002 -0.36714732843643827     
  -4.4196272311278006        5.2343185952306044       -3.1765945624047873     
 -0.50506596204425092       0.21069142184272160      -0.26738698656467130     
   8.8296824191545900E-002  0.18573113050281298       -6.2179598622211188E-002
  0.20871334333077401        2.0443327078933051       -1.9965893333040694     
  -6.5195508699368112       -2.6798972143351838       -1.7000455760742481     
  -1.7238519994656751       0.12943167205467770        1.3834878746203843     
   7.7039494621824224E-003 -0.20219315195200158      -0.14914429004617744     
   5.2924692356356169E-002  0.20341546655433043       0.15606354117959428     
  0.63194579520700300      -0.68218046300205148      -0.47145774465072787     
   4.1167349602825948E-002  0.28360266085257746       -5.9024101167798985E-002
   3.3867852884983378       -16.850088226650175        4.6857400334092842     
  -2.9699289070098440       -3.1931658694373111        2.3372905425805204     
   2.2753836684354520       -6.3586811188978585       -4.0278063217221476     
 -0.59050428886155304       0.40332604322999577        5.4465953897440800E-002
  -6.1787203872756005E-002 -0.15836193742359381        4.8117782290852437E-002
  -9.5683323711716183E-003 -0.18976761066021244       -5.3131438153002170E-002
  -15.521499976792395       -7.4982188183948848       -12.084856533850845     
 -0.13256221333874815       -6.2367607789594812E-002 -0.22562682190688305     
   6.9216497702362663       -2.6567242548118180        6.5024329865662143     
 -0.14738989884467174        4.7886342801805412E-002  0.11520387244318260     
   2.9417152185457907        2.6002772506141767       -5.0825578632273061     
   5.1418242745162997E-002 -0.68079329207055417      -0.27745030579617752     
  0.42548810117244479       -1.1943388102995627      -0.44146174403582589     
 -0.14126371024570303       -2.6733248779264134        1.7260934177683038     
   2.7208325268480702       -1.1468389130023129      -0.90659420473299313     
  -5.1964371164517855        1.9787634738263400       -3.7934693432396651     
  -7.2671462856128404        12.704579504851107       -6.3887893612396764     
  0.11230930726202509        7.8594727175423040E-002   3.8215399275104887E-002
   6.0410860814265650        8.2932301611610413        8.5970002223992861     
  -1.2527762273247664E-002   2.2217499444688822E-002  -6.1721972290738614E-002
  -6.7416451359579105E-002  -5.4470873618113723E-002   2.3495634522773666E-002
 -0.11742190257730489       -4.6915149578964407E-002 -0.19158767432789112     
   1.5305084806558473       0.91536906929780593      -0.21835470257226633     
  -4.6081186623861320E-002  0.60795758222086327        2.3154705977918666     
 -0.75745969964554727       0.29330500154281686      -0.19003561767983149     
  0.35122987444419596      -0.22971012417010875      -0.14488767244463327     
   4.5791478611174115E-002 -0.12673505565240697       -2.0396718280641192E-002
  0.31471959317244103        3.4819834757287241E-002  0.46653641353344039     
 -0.16261549157609956       0.61984146796899164       0.32855957005779385     
 -0.14420018388327477      -0.13499534526879603       -2.5594022146828703E-002
  -2.2453667432685926       0.69954896053215909       -2.6321818168440374     
  -7.6321769817453824E-002  -7.9902761525620619E-002 -0.12486905249597705     
   1.3878098632166278       -2.3067733429739516       0.58590825319607331     
  0.65894196916674885        3.5727688965940350        7.2334755696543427     
 -0.83851369481795379        3.7470352101105018       0.98254758943562603     
  -3.6827670412694178      -0.75899880708434764        3.8534453079892592     
  -4.3769558498572829E-002   8.9723030688414446E-002  0.18950328594071456     
   2.9502545677918799       -3.1270063937596890        4.1035742611325299     
   4.9963660960052678       -8.3240429449722360        1.4809918028145415     
 -0.62592220195973469       -37.544246767122473       -1.9387879092293028     
 -0.48790618874792241       -6.9840843196118607E-002 -0.10702651351457412     
  -4.6870003800274514E-002  -9.6150927296634991E-002 -0.24741243445405531     
   2.8474958351729439E-002 -0.26429908798110918      -0.10434476828390345     
   6.2749913969308235E-002  -7.6586720556962515E-002 -0.15984416577185093     
  -8.6476460535127017E-002   1.1321505106470585E-002 -0.16751285944876929     
   4.9932970677147755E-002  -3.5613222503496446E-002  -6.9459349234473458E-002
  0.35919127322562633      -0.86764765324288351       0.46823067392774170     
   5.0558706803537783       -8.4564078659916468       -1.1761843278185335     
 -0.26756424007159307       0.35341133229228955       0.19502228922363130     
   1.4201727958023638        2.2276397631697189       -2.2263529817660741     
  0.22414427715985227       0.72216003344555491      -0.67384648401621183     
   5.3753981863503908       -1.8676833555272834        7.1649129922836172     
  -4.1155159207027711E-002  -1.1952312937499383        2.5299900372808461E-002
  -2.3358710229407276        1.9987427159866775        1.5631825287946590     
   2.1215397168104797       -4.3416932033452031       -1.3988017789324023     
  0.16580000483346857      -0.14754912617817498        8.5919911507395197E-002
   3.6398805022860505E-002 -0.12542072544573379        7.3467582465638864E-002
 -0.10405810808528333      -0.38758370498390382       0.11596165461394205     
  -5.3341960628836977        3.5832277278968419        2.8182522365651828     
   2.6646357601002721        2.5965138748332839       -2.4617816654037141     
   4.7692696927134826       -1.0377277463047487        3.0112965159292875     
 -0.21534299215714992        5.7290878349476715E-002  -9.2885744273792120E-002
 -0.23958179489863202       -2.7521971897757829E-002 -0.18297503098300047     
 -0.23925240192574168        3.7772659517848715E-002  -5.9968329099633670E-002
  0.34307367060605581        3.3909915233255425       -1.7300150444218154     
  -2.2069316073730864E-002   6.1783331033731660E-002   2.2692058572048174E-003
 -0.66808681629218103        3.7832461736699399        5.5818281227049189     
   4.2657153837920098E-002  0.14431242829221089      -0.35832315050228258     
  -9.8425507341704147E-002  -3.0177323530822274E-002  -9.4572833381961791E-002
 -0.30562328610957429        9.1457320690848352E-004  -1.4197482352434124E-003
  -2.2288541449147945       -2.5285795734058123        5.2444571873649766E-002
 -0.28960480690728341      -0.12925335280468567      -0.18883951009769492     
  0.32888961223018420       0.60168032184747189       0.84916671543008748     
   5.5465072253416956       -2.8251166550217186       -1.5482524616533373     
 -0.13672994882565656        1.5224800259467283E-002   7.2886296659258970E-002
  0.24326945187670612       0.14020424068445103      -0.16320464386624128     
   6.7149673601772819E-002  -8.7394132738339125E-002   7.6642803182954661E-002
  0.14058155777044468        7.3923524183855907E-002 -0.19383581239209141     
  0.48708255828038932      -0.17777063032298937      -0.47401344537928752     
  0.19716748680960131        3.2263228465131819       -1.6848987799915853     
   5.3158452904244948E-003  -3.3670632548045192E-002  -7.9447244939745074E-003
   1.6350940220835284        4.4060174882768495        2.0740893501781943     
  -4.2218709553126486       -1.1731618989051644       0.26225166231917174     
   7.7249476361502847      -0.75899185298369809        4.7797275355173516     
  0.36814917603726671       0.10521157804507560      -0.13383595555605510     
  -1.3216986229699852        8.1413914691643203        6.1256160267072559     
  0.24979182746579340        8.2920357305535277E-004 -0.29774609611037167     
   1.6154933502295190      -0.88227229753469516        6.1682426191039426     
  0.26577602944726614       -6.5801371608737835E-002 -0.43774516427631016     
   1.7911225591954605        4.3505095395302984       0.82010103317246119     
   5.9994957976045216       0.23849460906780498        6.1741882117752889     
   4.4796406243205498        2.8856928381903728       -1.0482301913413243     
 -0.14960288889684697       -9.0537636208830305E-002   2.6948639174166466E-003
  0.75283533537403480       -1.8818226378455318      -0.69555642907787041     
  -3.8001241368640706      -0.38020277516825629        2.8919509193740702     
  -4.7386626932340619        1.1839693888034535        7.2406734709470086     
   2.8202929917618027        3.4841711284061461       -3.1459823366832826     
   3.3902408134207942        1.7135749180271951       -4.2078220567666449     
  0.28065212240483084      -0.21344026222509180      -0.46962179121682074     
   5.6240928413819127       -4.6506910410033582        4.1148081927030269     
  -8.5512878051822394       -5.1492825704219447       -10.119663384629801     
   3.2856052157018540       -1.5362428843568261        3.7056371717553924     
   4.1313688046922437        2.8111118817167532E-002   16.376751531383942     
  -9.3356567581225000E-002  0.14025585659625109      -0.28218432037182195     
  0.38023832046276501        1.6462859688990691E-002   9.1491672531226850E-002
   1.2803201154597168       -5.3968482692465551       -6.1841051391260891     
  -5.7461413958618118E-002 -0.24989706475922380       0.15230447559853000     
 -0.52390348454001712       -3.7719966947960564       0.63164867690863258     
 -0.36855886912709734      -0.11784941938750836      -0.12640502937397191     
  0.72776590242487371        7.1207138537605621       -3.6402700765824427     
   7.2884032282718822E-002  0.20845648362177571        7.2108146803564144E-002
  0.11603740605984075      -0.25476332471623175        1.5671332967289564E-002
  -4.2671633522566053E-002  -4.2852353860715696E-002 -0.17157873080350347     
 -0.18723695350282488       0.13833400865799095        5.9899845710902719E-002
  -4.9382174391680980E-002 -0.30836356310521484      -0.26823678816898916     
 -0.33370811619380153       0.28235008309473064       0.11295101549440541     
 -0.56804010035716646       -3.8781404240863644       -1.8285742951859887     
  -4.0647554681572817        2.2870919244289820        2.3965942828557236     
  -2.8902086689892670        8.1069276632131970       -2.3023766649018356     
 -0.26865350850842440       0.32553091612538909      -0.10085543814088840     
   5.4858730357797071E-002 -0.34905464987154933       -6.0061812303412350E-002
  -3.1807150897967733       -4.3462122058298576        3.2984293159727298     
   1.1017571578222161E-002  0.24155434385476998      -0.19419448408826367     
  -2.5709913575297162E-002   4.9242536214832988E-002   6.3797791831299466E-002
  -1.5888556535246758        2.0464742778619756        4.4197168957632034     
 -0.22900130493085116       0.32165885987637766      -0.45707292845226427     
  0.17871347172767521       -8.9313713353121396E-003 -0.11831103936045348     
   2.2801480508322207       0.43452909434158454       -1.4375510889602892     
 -0.12792716825494821      -0.12342555256384206      -0.41012585253433853     
  -3.2357700516628443       0.30688164521519495        3.5599071361095347     
  0.66721437688227936      -0.84287752181942810      -0.11010324802866077     
 -0.12965277669759490       -1.4103811601923879      -0.26020622540829397     
  -8.8776791976742181E-002 -0.16798116368523627      -0.30897256287170183     
   5.8586907972163624        38.931127650182965       -16.101442423652099     
  0.18674753780362832      -0.37772655898113405      -0.86703467261422240     
  -3.8416495021495485      -0.71002970774612129        3.2152736593766185     
  -3.4283598086101590E-002  -4.1645553850662240E-003  -4.6468987582676841E-002
  -5.5838696118793463        1.4202184854342303       -3.3310943708220964     
  0.86757867609162076        2.9275053241015301       -2.2067275205186587     
  0.23902245154251203       -7.5814893242249903       0.45649701144957200     
  -4.1019494013249362       0.47641667896451589        1.2831704912447475     
 -0.39265079670166531      -0.30559306676432929        4.1993141512835876E-002
  0.13822053225473943       -4.1391518765687492        1.0711903054718022     
   1.1836256943726209       -7.6368816670860218      -0.15947660885668208     
   3.7974924939616126        3.8183543296099636       -6.5172128123082409     
 -0.16268665279882508      -0.10208838271456246       -2.2888967746813253E-002
 -0.15592265027977642        9.5236816178587341E-002  -2.6235564121536173E-002
   3.5875040997184415E-002   5.4198363381792639E-002   8.0388520341673889E-002
  -1.4431194707560029       -2.1927417463096051      -0.19437357434100683     
  -7.5118432496800045       -3.4257268772330836       -3.9210743620489001     
   3.8810423158131044        8.0796853455954007       -4.5532604232460896     
 -0.11715792193819913       -7.2888542941182563E-002  -7.6713589633394696E-002
  0.64379328798917312       0.12514077544206254      -0.14769228633427095     
  -2.1831086570578901       0.15575218806198482        2.1133044772895784     
  0.25732589820117574      -0.54209336023554044       0.29273279023807980     
 -0.23981299447507889       0.64389542719398185       0.40268041070239835     
   7.3837707740709053      -0.80046070249940238        9.9100611591741004     
 -0.21161051046668625       0.35121375231560281      -0.46266956186585717     
   3.2455425696424030       -3.9829167382368023        3.4935570293877287     
  -9.5712146840755560E-002  -9.6294922290556015E-002 -0.17857342822765979     
  -4.4504368368545197        1.0069168705073233       -1.8436467323859003     
  -4.7937730326899777       -4.8773630088318143        6.9218806165152120     
  -2.0890276305237512E-002 -0.11004966008907713       -1.5361750916248444E-002
  0.65210087380012438      -0.52318327907828799      -0.38652615801897089     
   1.0426661380197086        1.7948388067393644       -1.0242386972688953     
  -1.6382058715311392       -2.6864403901857439        3.2892144074802410     
 -0.10175650027121383        3.2409902449554828E-002  -9.3019439754699382E-002
  0.19077756651443303       0.16693337992738042       -1.3713357797022319E-002
  -2.6037474558985831E-002  -2.5125046857009836E-002  0.20064551320854904     
   4.9624668313490377       -7.2232503354098823      -0.33145427911271491     
  0.33650051325135161       0.20398882915521754      -0.31596992058819007     
  -2.2630687849817914E-003  0.18497259813685135      -0.33458076691271693     
  -1.5290640237374205E-002 -0.11765886203152513       -1.8696401367704819E-002
 -0.15348040999446719        4.4094170417819586E-002 -0.18460977855502078     
  -8.6297356573641210E-002 -0.13046355293687381       -5.6093041357345032E-002
   4.4319436825801102       -2.1680114430784938       -2.1263064053165133     
  0.65366665013509062       -5.5870634162242725       0.51407482627516787     
  0.48367908916172514      -0.64048543836276206      -0.40460896070434005     
  -4.7959022926331532        15.450052911461484       -6.8810228859791982     
  -2.3654582476820303        1.3951766282832352        2.1673242722416415     
  -7.3402561339411518E-002  0.18941484637040598      -0.19751983122564554     
 -0.10214242640094233        9.7549589938372306E-003  -3.3204612195753269E-002
  -2.7032356850698613E-002   2.1802712995244760E-002 -0.36856539032085078     
 -0.31124991714426004       0.81373548744462354      -0.92856902580648182     
  -1.1389774927593097        6.1383181128679940        1.6549479187648577     
 -0.54796602414007489      -0.38357415919231058       -9.3469377094156106E-002
  -1.8513378351064667E-002 -0.13975003360340765       -8.5204155605530268E-002
  -7.0436482293841640E-003  -7.1489262429964506E-002  -5.1301094008782896E-002
  -1.9581784819129706       -2.0614814635242498       -1.5839961587315470     
  0.55231515964821454       -6.6555608061285429       -1.0814262636005521     
   4.4264859226420370       -6.6353537276444765        15.656559738803649     
   5.0926499692062066       -5.7355657735567096       -2.3126067706458970     
   9.3301916404920887E-002  0.48926989308255264      -0.80819412988173966     
  0.31326514997695432        3.1399724340206427       -5.0452185990670024     
  -3.1352757789397674      -0.31900839156453625        2.0228153305686698     
  0.52367313994838716       -5.7876084587256864        3.4355196176683225     
   2.5424969500473162        4.5120136767951591      -0.91534018874553036     
 -0.20461421555100084        7.9517324003872181E-002  -2.7011444325343248E-002
  -1.5336204687154533        1.4474736697320916      -0.16883413636542860     
   2.9045963861715545       -3.5491864393007213        7.7623150303864588     
 -0.36630884029890182       0.20385192148426134        8.1682356177634599E-002
   9.1309494678179434E-002 -0.23220281571948329        3.0026720904465516E-002
   4.8279593707973321E-002   4.4208260872384268E-002  0.14259341653747817     
 -0.41274144833371518        3.4136361483140289E-002 -0.28516946641810492     
 -0.14683637337622507       0.45620022333028676      -0.15875462462151585     
 -0.12118017103656017        4.6618060524268520E-002  0.12295491112003290     
  -7.2162201569857531E-002  0.16832501463307858        5.6255638222266424E-002
   5.4592681303312889E-003 -0.52339759794043472      -0.38396866142909081     
  0.61673676820172729       -10.387088359417659        4.2449666547915434     
  0.11080572017426631       -9.3454435994004395E-002 -0.20007644232965124     
 -0.14780508551588942       -2.1217554543042496E-002   1.4606399773892321E-002
  -3.8959836573345563       -3.2943880355707718       -3.1473646367236370     
  0.38727237815152410       0.29431251416545540      -0.41226399810501763     
  0.31366198294251163       0.16670487627038533       -4.8879056954657274E-002
 -0.18480121701183885       -37.437658121911888        20.336829798133277     
   8.6104725904969870E-002  0.17037437653459145       -8.5782563467510911E-002
  -1.4221432598466015      -0.33352646500474958       0.39073575728037530     
  0.14707210982199526       0.14818784689619210       0.29371578391974162     
  -3.1521519643875959       -2.0435478487771421       -2.9662110958743773     
  -4.3348619650088001        2.7514045703291568        1.3697631828693326     
   3.1572058052665404        2.0721274221054773      -0.59362253821494915     
  0.24252232955180206        9.2109954866054139E-002 -0.14102365761395524     
  -1.7250868082358004        4.4356579047130582        1.0474598007456957     
  -2.5865359810658348        6.2001031721586344        2.6136026933453529     
  0.17081613777867921       -2.6891380298758167E-002 -0.15473431093714596     
 -0.16540801107649472       -4.4773763566743575E-003  -8.7209481712223619E-002
   4.5358414228741495       -2.1376246219075012       -2.7884728469793933     
  -8.4469881631785149E-002 -0.19433619043547062       0.38671201719768045     
 -0.18235596558377620      -0.22248550704983872        1.3834819121593586E-002
  0.23954853476766466      -0.12380489547175165       -1.7771916953886604E-002
 -0.13337621813004868        7.5992105436290480E-002  -9.5178076857909046E-003
  -2.7509972552958688        16.134899574003533        8.2420300762028536     
  -2.9787897289013179E-002 -0.95986584386929386        5.7056166875213470E-002
 -0.57629149942032021      -0.97059894285859150       -1.1383391473393665     
   5.1525886624198520        5.3262926130467489       -6.3595544742813512     
  0.16353040587078679      -0.17982679465676929       -2.3877700930081121E-002
  0.47057368819079537        36.675883777371368       0.42217024553566884     
 -0.11600660811596203        1.0385750363961597E-003 -0.17351407727839716     
  0.20619570850691854        5.1361481160981111E-002 -0.18152662217967033     
   4.3417507523390304       -4.8706170733979084       -1.7120572745276623     
 -0.14194077025650043       -9.1832600409203519E-002  -7.5383088717564981E-002
   5.3262680412647931       -5.7554895798138013        2.4560013070332438     
 -0.20793342560565325      -0.33906873559204120       0.32122925309002504     
   1.5019256050673022        2.6277989741591323       -2.1334613820315687     
   3.2071485265041555       -2.5574566126254181       -4.7462700650968728     
