   4.7605862533879162E-002 -0.28025507961975143       -5.3374535403907408E-002
   4.0847289051700944E-002   6.8931719834421312E-002   2.3447050990138021E-002
 -0.11941776340935409       -2.9476067257646028E-002 -0.10060778609269863     
   3.2142663224459342E-002 -0.13858958995719636      -0.21110825370110628     
 -0.29714747445715645      -0.14741661606149600       -2.4176984242530272E-002
 -0.13945250834193362       0.16725139722160529       -4.3489057558481745E-002
 -0.64068533671875727      -0.42564859726236703      -0.37241141620190066     
  0.12756414150076040       0.31774476889569836      -0.53969704407195873     
   9.3200286324269979E-002   6.0340782382122510E-002   8.1779552261304692E-002
   2.0418715518204515       -1.9549373486387480        2.2751791214985664     
   6.6325729250422988E-002  -3.9606201124885450E-002  -3.6300398627932731E-002
   3.4605489329068345E-002  0.12969152228447078      -0.26560749407230116     
  0.42283826674249597      -0.69056623681954088       0.70451953570873060     
 -0.15352203179487478      -0.20566055052983173      -0.15608023855444725     
   5.6144343305418440E-002  0.12434330132175114       -4.7457154347429739E-002
  0.70512213442270733       0.29486520408011929       0.75676257971371264     
 -0.49283491883870273      -0.64029368816449617      -0.19085105712926873     
  -7.5394735151155176E-002  -9.6108011741325577E-002 -0.15184479226013889     
 -0.12636488096553686       0.11952704733066546      -0.39831356588997396     
  0.46813382928047653       0.11096061405491410       0.61768742654473952     
   6.6112007627988342E-002  0.49906234676195554       0.54929963985005237     
 -0.18126792827453508      -0.39599962762937313       0.42197263189742829     
  -8.1099873051365470E-003  0.55825444800568558      -0.18657178722725382     
  -2.3035705588247919        1.6838210792999961      -0.54539383749288561     
 -0.23074972705891453      -0.29144351740520064      -0.11025477319956468     
 -0.18052929850065841       -8.7330606446516301E-002  -3.0553653724177912E-002
  -9.7334502664431347E-002  -2.0214419151491844E-002  -3.0755773834716955E-002
   8.7742415725334519E-002   2.1204918275840177E-002  -2.2440605669404774E-002
   8.2015541835930197E-002 -0.67007326791588184       -2.7203032667528330E-002
   1.5829891886969500E-002  0.11708105531774203      -0.14345375136328029     
  0.25695849408490529      -0.16672366633124033       0.44813892744237988     
  -4.2231305605049445E-002  -4.8789840759643363E-002   3.1264092044973872E-002
 -0.41286121953275773       -4.3485071850402282       -2.8372355099710607     
   4.1847669963924285E-002   5.2471629242540355E-002  0.14579945154157126     
 -0.22034180144771590        4.7181567814709877E-002  0.11581234647268579     
  -1.1512609808780883E-002  -9.7741846521540193E-002  -4.2782791968196593E-002
  0.33261705093735139      -0.42082127959572913      -0.24656066361871479     
   5.1426036708690219E-002 -0.24776863835218715       -6.7456365773877550E-002
 -0.12166630472080986        2.3127643347072790E-002   2.7846332151576610E-002
  -1.7941311411800803E-002 -0.13544426921563349      -0.11575924493309993     
  0.14551744929132698       -9.7820775874671063E-003  -3.9730992905965710E-003
  0.48710079856571670      -0.29118256952086119      -0.29084172028734595     
  0.17477141877334876       -3.3028481851710263E-002 -0.21432175026258482     
 -0.50236567824280898      -0.23720575088366297      -0.40087639159801747     
 -0.14686330466161909       0.18473633971782311        2.1032052501681844E-002
 -0.15058382122527619      -0.58119684566583596       0.12834953307194369     
 -0.12268415090744725        1.1712974382465761E-002  0.20796070720668483     
  0.11652418497265275      -0.33587596931319691       0.15848689818605211     
  -8.2168393975264292E-002  0.16874472137606739       -5.6156669966896784E-002
  0.75219608671918603      -0.55872490450385237       0.57834446424766450     
 -0.19195800840382088      -0.22349172421717828        6.8555459411492381E-002
 -0.16055540771047253       0.75904044220479372       0.25462110459507220     
   4.9009724573876711E-003   1.5917115956604527E-002  -8.0943319440957520E-002
  0.77699828344069011       0.47925127128138961      -0.81196336629551569     
  0.11888188439893425        1.4597169303506095E-002  0.16101010955420142     
 -0.37575488871018348      -0.38593281760677950      -0.13892022235617277     
   8.9520566480321723E-002   1.7028276944425571E-002  -8.8870740697001085E-002
  0.11996904640055772       0.83658559154922107      -0.42723073513623988     
   4.9481247047533032E-002 -0.10824502590857027        6.5939931080874148E-002
  -7.7530443305068489E-002  -3.6204907531604741E-002  -9.4399697757418549E-002
 -0.11079832498260501       0.17654117757751589        2.8445169604061856E-003
  -8.4970959456813877E-002  -6.4240556601601467E-002  -7.0246981234807493E-003
  -3.2963542332050663E-002  -7.4458276771161014E-002 -0.13260979265307166     
 -0.11136675512544272        7.2324120215185028E-002   8.4545804496775484E-002
   7.8803213115218512E-002  0.67230812628891046       -3.8834533646222032E-002
 -0.24791691307976246       -9.9916655591756831E-002  0.16002764108981296     
  -1.4426968882086205E-002 -0.12275278709954335      -0.18377455153335182     
  -8.7716008010939706E-002  0.13649776584674750       -1.7610870691192840E-002
   4.9231144308196625E-002  0.17567230065886275        1.0962688818407687E-002
 -0.72012074739462417      -0.39841004133283414       0.22790840129443402     
 -0.25352743168247288       -2.2913722511189771       0.98759549527679669     
  -6.5304157636439861E-002 -0.25086151203812113        1.1584946538119756E-002
  0.49952706493523147      -0.76281303544805212      -0.46283148469502350     
 -0.17140809367139453       -4.0227273189461579E-002   2.2152596149320643E-002
 -0.34421923343025113       0.18818746944802342       0.19530059830961971     
   4.4086040508447874E-002  -3.8340146725374197E-002 -0.11073229659234379     
 -0.24151560578303960        2.2655832756977433E-002   7.4821103573147876E-002
 -0.14622175556551098      -0.11462043026284596        3.4702273855609950E-002
   6.1241920037438065E-002  0.38388789430903519       0.13854281087461839     
  -2.5426676634278101E-002  0.17179389721449970        1.9852307730785501E-002
 -0.33127918658810135      -0.70381231907626118        2.5172280576811805E-002
  -7.4450005422085158E-002 -0.33313321383463962        8.2452599328358522E-002
  0.11581490974455287      -0.20560230920221817       -9.0781391428612884E-002
 -0.10457409039890005      -0.53441110180922080        3.3259913658590864E-002
  0.30328669126740593      -0.57869760930732994       0.20209411562400001     
  0.77497230269061246        6.7113737510819060E-002  -1.6372848515070177     
  0.43286791109258099       -1.0730386156118212      -0.20617951563044501     
 -0.15844817068785227       -5.9782624100773389E-002   1.4318832195098545E-002
 -0.12160397271462665      -0.86360150600800079       0.20339803615989696     
 -0.61975142219196067      -0.33616259992180630      -0.43533589640592329     
 -0.11522573191079083       0.16372939890588753        5.7615588967654459E-002
 -0.28369841627964060        2.8352388143341203E-002  0.13970324844762172     
 -0.23528699850590323      -0.13865526567921257       -6.4069678656936149E-002
  -6.2506034256667842E-002   1.6313296477410959E-002   4.6908355483350466E-003
 -0.20985257923203610        6.3999464551722906E-003   1.5713348315063340E-003
 -0.17534051006169771       0.10029993307750444      -0.12242531646959666     
  -6.2312760145656600E-002   1.9620747071536923E-002 -0.12775836909511132     
  0.13618922496804636      -0.21753590425491401        2.7434005288366880E-003
  0.12488967900353097       0.63043957745193491       0.69770948913152209     
  -6.3208496480781307E-002 -0.17143205549123844       -5.6083238019741674E-002
  0.37557966134660425      -0.53723542260866997       0.39889749335135566     
   8.5657486515600748E-002  -7.2118327849362812E-002 -0.10897948827963161     
  0.50752199414014343      -0.38545320986401782      -0.29556595394814478     
   1.9550427728119348E-002  0.53409103755081100       -7.0309215757692584E-002
 -0.18741663798995958        3.2554944238139372E-002   6.9809596280292138E-002
 -0.36790439175228756       0.59446196925351147       0.38137831716957377     
   6.8543395528690057E-002  0.60330607572525585      -0.11430213578147513     
 -0.11398515404949788       -6.9652955201749966E-002   6.0228594840511154E-003
 -0.36844849422146031        5.0558595210502294E-002  -7.5848421830966815E-003
  0.28026481120190111       0.76807173569156373      -0.36127723998969702     
 -0.12037965714988814      -0.26569008868640481      -0.36777399736478628     
  -5.3447540248562405E-003 -0.13915909928451337        3.3967982353040067E-003
  0.10621669666626847        3.4718004415954892E-002   2.6836514810272432E-003
 -0.64834741558440867       -2.1281671189122931E-002 -0.49983569245253134     
  0.22360877447506891       0.42183489589732920      -0.28020838659842662     
  0.35839027250361549      -0.37316289037344069       0.21055091238849605     
  0.20564613931346012      -0.28987373996691546       0.72900640665588867     
   6.5847655287348802E-002   2.4319604625637897E-002  0.10167110489424130     
  0.30502554801330051      -0.43051987193388941       0.18445481782347042     
  0.47835697225047868      -0.17860742300571578       0.91646143315298878     
 -0.16644495559099987        1.3995685847255438E-002   2.0407313005753165E-002
 -0.21854425005478259        1.4424705431802019E-002  0.14038704138213323     
 -0.15051413250994314        6.1330669727420711E-002  -4.4275599632887422E-002
 -0.22318927707433478      -0.14298089591828636      -0.11029649846970185     
  -1.1278300482955217        1.1892248389174926        1.7271218461748967     
  -4.1699909509619000E-002 -0.15713515795684319      -0.36052415341286181     
 -0.36629246282498007      -0.40668686218998573      -0.40400023903784910     
 -0.39530240779209513       0.19717319864642088        2.1969642116248786E-002
  0.36860496383118285       0.76289252519014372      -0.19046293770250283     
  -5.8597737591443572E-002 -0.10419950590877763       -1.5172291015321620E-002
 -0.18741349353561768       0.90475686346250705      -0.10672804967446370     
 -0.14225201584048733       0.81058564472590566       0.19298331887332668     
  -8.3667810820830385E-002  -8.7957888015475980E-002 -0.10672611305526956     
  0.87704434430527178       0.29828969850432524      -0.26588338201924033     
  -7.9894222542312821E-002   1.8950572410253656E-002 -0.21520443306780274     
  0.20198226838349898       0.47168140979170886      -0.16170101646290355     
  -9.8832763107035704E-002  -6.1566083567107181E-002   2.5771420993300473E-002
  0.93230082181494889       0.34094385619734996      -0.28471865253829581     
   1.2186095751600134E-002  0.19663870439422579        5.5902945411595135E-002
   1.2050927259177020E-002   7.5199898418844252E-002   3.6079943497706282E-002
  -1.8929008515662409E-002  0.14343037094142222       -5.8386139081909082E-003
 -0.17600776819988370      -0.14593083661416414       -2.2414501109929430E-002
   6.5350654478840406E-002 -0.19659055435852643       -5.2743548262143322E-002
 -0.12980353602305830        8.3643447472868046E-002   7.2883728962063507E-002
  0.45011130926383752      -0.99357290629631978       0.34568177859570520     
  -3.8000339751894079E-003 -0.26439898696749314      -0.17357038019038723     
  0.49608176088347966      -0.37585281698438122      -0.75042383790307654     
   3.3752149720093598E-003 -0.11829868508411719       0.11968504721029243     
 -0.16056769758409850       0.47650025225235432       0.43356671488105858     
 -0.83777327511146182       -4.3039480280599781E-003   1.0408573872205307     
  0.26752564008954111      -0.31203303932253557       0.20721797926307159     
 -0.21909497122399621       0.49641490176351172      -0.67816761557270877     
 -0.19475224291342319       0.12934373353601081        9.6110607619932838E-003
 -0.23127995882460814        9.3701148696843470E-002  0.27953012408432976     
  -4.0568502995917841E-002  0.21663064368506385        7.5707163327341398E-002
  0.56921332036540773        5.3028041896791582E-003  0.43533621410939882     
 -0.21590421898023676       0.11523129962742372       0.19839613422137137     
  -8.8704800349176383E-002 -0.85955354138784179       0.53840733706360966     
 -0.30896313794414715       0.98419147674476914       0.90616315153139515     
 -0.25465719953346833       -6.6353866740791162E-002   5.9898753664190209E-002
 -0.25156082142355995       0.19790905275874021       0.25705063932813049     
  0.69759383996210145      -0.16615057202615194       0.53990851743603063     
  0.39251022839572502      -0.51724178030255241      -0.56136416932452193     
  0.14698635800349935      -0.77043303370176663       -1.5565015423114616E-002
 -0.35081347642741112      -0.10175384032574107      -0.21702192501179929     
  0.14750917964709828       -4.5633468008851293E-003   4.3320873551900167E-002
  0.47460620895689198      -0.13693313550871039      -0.33862285603739589     
  -3.0752099052566810E-003  0.13191631319754465        2.7441711367138650E-002
  -1.2210894339583937E-002   9.3299184240464156E-002 -0.10651400349960657     
  -3.2153291924610264E-002 -0.14611104136404274      -0.10679252524526264     
  0.44783127584907578      -0.61959123603854172       0.64862963007701369     
 -0.30386650375132312       0.15135712813706975       -3.6714056587749205E-002
 -0.60801396852947343        8.5055661380929320E-002  0.79584695578212128     
 -0.15072406977112668       0.74131645020800729      -0.26484486320017320     
   5.8037822937037381E-002  0.41994295705998802      -0.32367762034837794     
  -5.4286980273204666E-002  0.38722721680296379      -0.18522777524892725     
  -1.2395526263353321E-002  -3.0070643935989827E-003  -1.8125555213048088E-002
  -8.2139918082518276E-002 -0.14912462388435263       0.15389489029496217     
  0.14362233160478044       -5.8548557619423902E-002  -3.1589432568857233E-002
 -0.28845579631095619      -0.19248516003830754       0.15008435876481191     
   7.9722851149610849E-003 -0.10580364763895038       -2.0019023843373479E-002
 -0.20901912620561433       -9.6715298150096638E-003  -6.3607244997238854E-002
  0.24507774368749291        1.5154147307020764E-002  0.22531724430584890     
   6.3058874535778372E-003 -0.13032924623708630       -9.9194185067274121E-002
  -6.9205452096242126E-002   1.4568934248090106E-002  -3.1560476898875076E-002
   5.1527055363488235E-002  -2.0469775994446611E-002   1.3795527052144849E-004
  0.23147150939082564       0.40181581199241612       0.69916903355437898     
   3.1910145038692606E-002   2.9767642042775256E-002  -1.9426172764998119E-002
  0.33093803694542517       0.51313092971458896       0.60479332921567819     
  0.23705799370761593        5.1907604803113197E-002 -0.25848580693820128     
  0.10383727310362768        5.4928925961903706E-002 -0.13539294128632073     
  -5.0345568765741464E-002  0.84980140533149029      -0.18852802882038461     
  -7.5560114787240604E-002  0.25452061393705327      -0.40558636787055730     
 -0.12234984523213681       -8.4932809726337613E-002 -0.14735293262913274     
  0.12870434616012794       0.18988610256863508        6.5777437264409488E-002
  0.35126937066504660       0.21847459087981527       0.17961040499450714     
  0.12159381300814781      -0.69367610055743834       0.14594864014210657     
 -0.12317740482295192      -0.15349364119035883      -0.16613697129030616     
  -5.2084223153057281E-002 -0.28629466901073181       0.27403718449656300     
   2.7316280669328292       0.38369642341544247       -7.8987106838365726     
   3.1966718400664465E-002  0.93467426791156860       0.30905115649303977     
 -0.29152564959982130      -0.30755921172395351      -0.36124352717201402     
  -8.2263974287295941E-002 -0.46954330574103170       0.18400439683912248     
  0.11879961469393747       0.47462885935549487       0.17599083427497236     
  0.46100682530154585      -0.42935413959107149       0.47081788631936611     
   1.0198344639945126E-002   7.4827455832110461E-003  -7.4147898324830375E-002
 -0.15549967531900691        3.5092659985088641E-002 -0.42368487821082207     
 -0.11083517287844218        1.5587492408886752E-002 -0.23886864479933068     
  -3.8332953340530544E-002   2.4207924601685103E-002   4.6462895565695918E-002
  -3.2427181190804157E-002 -0.26728487415301283       -2.5689989387800125E-002
  0.54551591933263888       0.38920191784751279      -0.23172464267676543     
 -0.30123764519454438       -4.0766042521127532E-002  0.21747224876569871     
  0.19412497455778582      -0.57708085046762070       -7.5699701166119293E-002
  -7.9388319118191275E-002  -3.4057819369917620E-002  -2.7961589139830739E-002
 -0.10443801111002007        6.9988990754065242E-002   5.7162195974490175E-002
 -0.31247236168256093      -0.54843126832391775       0.73353277373058745     
  -9.8652001512861451E-002  0.31671719886077837      -0.27008364596102147     
  -1.4231289020411379E-002 -0.15201006058848732        6.2432180808044274E-002
 -0.13333552055964648        8.4132261561083957E-002   3.5594248732803785E-002
  0.51743992213680001      -0.65161045814756191       0.30136216442362174     
  0.25284365821972560      -0.80480843081305387      -0.13430334558297338     
  0.69107283489563320       0.22724237854856658      -0.46955087625944475     
 -0.15948292791276650       0.14923188363959397       0.18515735803909342     
 -0.16468462774969714      -0.31235267590642629        3.3207725636727456E-002
 -0.46684431199950965      -0.46833048345767525       -1.0337974729582109     
   2.9050377178273655E-002 -0.10512893927370219      -0.21342243727800056     
  0.87049516967214868      -0.88468158805221120      -0.48529899076543676     
 -0.17090577792164857      -0.12428670470369121       -3.6493657997195852E-002
 -0.22385997516657635      -0.33201483167882312      -0.14717360738066426     
 -0.46980311062431351       0.18872972338383767       -2.4162366710396607E-002
 -0.19353839312549662      -0.23779125165285894      -0.12525149780102310     
 -0.10564541341271216        2.7543955700495570E-002  -1.6528010684613521E-002
  0.42486027410144789       0.98214773525273569       0.23549795951216174     
   7.1881982822722165E-002 -0.19213044031671694        2.1850844569849984E-002
  0.79459474599780588      -0.24151621220050853      -0.41362059999736189     
 -0.14051154690875731      -0.33051096711112737       -3.7657246965954690E-002
  -9.1592013840478964E-002 -0.10820773066515769       -9.3474120343260164E-002
  -7.6909973934182321E-002 -0.18681479930376188        1.1660785494926064E-002
  -3.7944654962555526E-003 -0.11185630047656214       -3.6028792840311928E-002
 -0.13906690429936150       -2.4855539184655086E-002 -0.13553466249283147     
   6.7982932002240731E-002  0.11449695676635704        6.8938738113084874E-002
  -2.9979050879704261E-002 -0.15945718717759849       -5.2867863627690369E-003
   4.3861866625095565E-002 -0.19633998789041301      -0.19186217612371925     
 -0.11896359764302361       -7.7589687134819009E-003  -1.4393845573233924E-002
  -7.2211194692157477E-002  -8.9667249049166352E-003   4.7859467482712290E-002
  0.42955497885378346      -0.47210437157847457      -0.27067238870626864     
  -8.5562364143281396E-003   8.3558718683355727E-003  -1.1678192469433243E-002
  0.11855562548113213       0.21143051650249214       -2.1048403266053797E-002
  -1.6578727549755572E-002  0.51876310317726959       0.16822911773036459     
 -0.17029063009331355       -2.6155214142400744E-002   3.3698086594606519E-002
 -0.11195080371616767       -3.3525393483186679E-002 -0.14082386406427214     
  0.14107937828495903       0.23738638667311368       0.10303660501404041     
  -6.3653906145783201E-002  0.21108184238528041        4.5207559310173388E-002
  -2.6661705340447605E-002  -1.6006877299239650E-002 -0.12374104604667657     
   3.2899200934820780E-002  -4.7323870288928260E-002 -0.21074097664571953     
  -2.9637049636716276E-002  -4.1518623070611521E-002  -3.8111098717319339E-002
  -2.3733877479400403       -2.3015524773728329       -4.0111518704390861     
 -0.17222848492301654      -0.93409784554366815       0.54328107139087811     
  -5.5404418888297488E-002 -0.40933570029334809      -0.26023004780226811     
 -0.15735640977043003       -1.8445279589587513E-002  -5.0082942804322524E-002
  -9.9105875039932567E-002  0.11120539661028132      -0.58196229210217920     
  0.79193208030969786      -0.28707130587715962       0.27794062550338933     
  -5.5916204771173213E-002  0.13999927130462864       -9.4725334916358622E-002
   1.5285171433891489E-002 -0.57293404024384176        3.1232620357902422E-002
  -8.9142151976791553E-002  -3.0307054044050787E-002  -3.6887760272616713E-002
  0.12796726482087462       0.63957501309190312      -0.36112745524090917     
  -5.9381174755395614E-003  0.24177865949417074       -4.9460514299414407E-002
  0.36805375513555472       0.53649401245541839      -0.57633863303633115     
 -0.19504765895844353       -7.7594910567068687E-002 -0.25086389585626750     
  -2.7375980873501560E-002 -0.17489337649520489       -3.9623084970186011E-002
  -7.2052353300436578E-002  0.74427352004977942       -1.9538510012932278     
 -0.24045071119178768       0.16170926313800760       0.56920001447157453     
 -0.35730993516640230      -0.18897937795238270       0.18841862408418586     
   9.1067466339871672E-002 -0.21334044073622749      -0.16193971043493705     
  -6.7443945388561619E-002 -0.12926124630135430        3.4405775204737962E-002
  -2.7012437617970803E-002 -0.15968172409190590        1.4550420985090972E-002
  0.63101955696313083       0.43948270657840977      -0.39899828007564941     
  0.18849977011619068      -0.92392925789372993       -4.2640961279365799E-002
 -0.32357769383832563       0.12261014964532101       -1.0154076250981716E-002
  -9.4945960575323743E-002 -0.17579135152294215        5.3628962428674829E-003
 -0.53513295619412193      -0.53197135846476251      -0.16469312429344959     
  0.10994598739366737        6.6026353279485417E-002  -6.5182050850556200E-002
   6.9102312483344669E-002  0.26792085197177057       0.41693379059048202     
   3.3499326487196127E-002  -7.4048620513595273E-002 -0.27231802924852427     
 -0.14613682237976211      -0.22969983917128645      -0.12207602794873948     
   1.3009576694567124E-004  -7.8514712336692025E-003  -2.0560141818316082E-002
  0.21886974241730900      -0.70543474209105428       0.58968026247432936     
  -9.3393228805775802E-002   4.0814969652009432E-002   1.3557060230249916E-002
 -0.50945264508158972       0.34372714524771653       0.22463188143845925     
  0.85774495458010125       -9.0955744513685502E-002  0.25273819669601427     
  0.71529108577126255      -0.58165718124948518       0.32375364876265483     
   2.3582895229985530E-002  0.15122600925443574       -5.9936285502682179E-002
  -5.0500604851624296E-003   3.9980121378290490E-002 -0.10645217697151914     
  0.60849719512073519       0.59156376340518957       -5.5347650635066060E-002
  -8.2980651401108010E-002 -0.22623991865139007      -0.29605526707557916     
   4.9195262947254348E-002  -4.8848777503604141E-002  -2.1079335061725688E-002
  0.53634706919311936      -0.37843983556715716      -0.42412161602525761     
 -0.45324622251147484       0.46568845474875697       0.33819536359936853     
   8.2003071957100188E-002  -5.1268700261798569E-002  -8.9602782813329646E-002
   4.5703232045042785E-002  0.19644651049505829      -0.29989812645843084     
   5.5334823332080004E-003   3.8765325626485041E-002   9.4669394806406001E-002
  0.11962445155344599      -0.70482503514423733       0.54277182295779824     
 -0.18262710997411183      -0.13670080888684449       0.12277485800702843     
 -0.10368986628358987       -5.6731386271543234E-002  -6.4072983723004087E-002
  0.29104964719090382      -0.17959893193877341       -2.0909226227407745E-002
  -4.5292020349502901E-002  0.15883907599928071        9.1749224220718795E-003
   3.7332799802207405E-002   1.7755730504972693E-002  0.11160690021736702     
   1.0359421619129452      -0.24771238221275210      -0.19650644154602132     
 -0.80412598432171400       0.14256186807856430       0.17940017944175810     
 -0.17227607972565290       -2.0488854113238881E-002  -7.0608058761229817E-002
  -2.4887484499691134E-002  -1.8107318897339180       -5.1915853797501701E-002
 -0.18427477567798448      -0.24268901768685511      -0.44810374494198807     
  0.25725455874909253      -0.22303789230626744       0.81438072415244533     
  -9.4629640079071264E-002 -0.12868618471729210        6.4814993243827931E-002
 -0.20891000824915151      -0.12794799261276901       0.13738293636291757     
   1.9905495704105890E-002   1.0120911507557853        3.6474196301674380E-002
 -0.47092857240259772       0.47193700194115912      -0.23126885179027482     
 -0.50272248665992902      -0.14585085378416990       0.56856032769520048     
  0.65815266921105509      -0.29311286772635881       0.52266853823383819     
  0.29196108119200559      -0.47256262751312766       -6.0447171730183970E-002
 -0.30722173131604386      -0.18674280699300871       -3.3792397511488693E-002
 -0.28733858972408022       -8.4270356406614677E-002 -0.16776543654647660     
  0.46389864683024779       0.89099404833359785       0.23046174689879029     
  0.24481155993574394        1.0047665798288878      -0.27260659348794658     
  -7.4386648629379673E-002  0.59993351206862300       0.26360171654418246     
  -6.6579474596841021E-002  -4.0693885035852750E-002  -9.1070137922063671E-002
  -4.6515750702177790E-002 -0.21019960369452217       -1.8101680162361349E-002
 -0.10057421754990645      -0.22024333967377652       0.32544496249675686     
  -8.9553585785768081E-002  0.17871479108368230        7.5493341298215125E-002
 -0.47956718873409282      -0.62287014612686564      -0.58319875113969144     
  -9.4437650151662396E-003 -0.35942597447587765      -0.14691684271546657     
 -0.31687096552960065      -0.89877885196820118      -0.12299146552547582     
  -2.9326567958263775E-002  0.14263418387766838       0.51091848519197136     
 -0.50633905930160994       0.75674093555981348       0.87162733213065235     
  -5.7157014485113129E-002 -0.12862838672659954       -7.1202085462909098E-002
 -0.19322384355176209       0.32327936387074657       0.13744837780590069     
 -0.54781172959016289      -0.78947236648764518       -2.5851945772059653E-002
 -0.23979253202333692       0.80009668133605549       0.47130703326374607     
  -3.3775007406500648E-002  -4.2790689863542300E-002  -6.6562000443220706E-002
 -0.26343009038818521       0.17096047687223764      -0.70847524318885458     
  0.36725554884526718       0.66890648457163282        8.7510558309257275E-002
 -0.58607699812535607      -0.19853598397347416      -0.53434201811250892     
  -2.8301998635344675E-002  -5.0183202205973297E-002  -4.0680184471921180E-003
  -3.3344126478512610       -3.0339739993119630       0.84590415272441455     
 -0.84605895296135225       -1.2680435831666068        5.6362684964424876E-002
  -8.2730688914363096E-002 -0.18188743216199754      -0.31788785270860132     
  0.61692762315694438      -0.27493187161156352      -0.23999347926583514     
 -0.24077176263496350       0.77481528384129572       0.33993726501125843     
  0.91149081558209943        8.7228001706585775E-002 -0.58586071683690266     
   6.9907679642553705E-002 -0.13281876104174423        7.5528557619917627E-002
  0.17549164091979999      -0.35891271325462115       -4.3874886427405634E-002
 -0.20040030146282489      -0.36336932193693089        8.4712547022747303E-002
   6.9608697752477036E-002  0.26023273370616196       -1.8692587219187522E-003
   8.2732960363059882E-002  -1.1237636854781918       0.41589548781731062     
 -0.10165011196137569      -0.31596815704505860       0.13243094749565817     
  0.25251447989256376      -0.78567920916860479      -0.10308565515880529     
   4.6269494631123988E-002  0.25679340860068678        3.7285341534105766E-002
  -2.3525798597098298E-003  -9.4500659732684525E-003   4.6999695095198329E-002
   8.3703480867114155E-002   5.5830444258699215E-002  -4.4347030231256926E-002
 -0.38954257599402525      -0.29795413972313839      -0.11389323594584617     
   7.6351542613902739E-003  0.34913307068501276       0.19142708266668121     
 -0.22317789427828733       0.12331920639991899       -3.2248894469864363E-002
 -0.26275059662320949       0.10688972448610241       -4.5425053338999100E-002
  -2.6264769099789510E-002  -3.2953531897454095E-003  -9.2254756272044561E-002
  -6.5814952514505559E-002  0.38693640496210518        6.8422870290295784E-002
  0.34369757852854083      -0.31849527841801223       -1.0232120679538688     
  -9.0178870023678401E-002 -0.18160787430385245       -3.7596324355528128E-002
  -8.1003098146879421E-002  0.39332860774755712      -0.11529342768429827     
 -0.14900910466178985       -1.1963164287271911E-002   8.1576040600206227E-003
 -0.18744173519302235       0.24164655656337794       0.37438227615189473     
   4.0400987685587988E-002   3.9025076937034352E-002   5.2324679625119976E-002
   3.0945686319237895      -0.46130082873889539       -1.5066136179132532     
 -0.42722566279750712      -0.80587354124624033      -0.19279096340072246     
  -9.4945760793878498E-003   3.2425754126664652E-002  -7.0554961191701904E-002
  -5.9170197435920148E-002  0.59281596692621741        8.5202317105937883E-003
  0.74106628105503936       -9.3136411247686832E-002  0.45116881240032569     
  0.51970520049608171       0.16598736467622721      -0.73816270902133507     
  0.60103174301608886       0.35882047740168926      -0.58457483917723896     
  0.13166218827793713       0.40083311501483210       -9.8437117600008121E-003
  0.62476663442360136       0.56036942965914915      -0.57377271793635320     
   4.5919402409900743E-002 -0.66091971382130599       0.25321091211745383     
  -3.0285980703564280E-002  -2.3611496868215114E-002   4.3570722520017572E-003
  0.14521790728102554        1.4536560506707864E-002  -6.1796616479484485E-002
  -4.5282226921897636E-002  0.10517640989718521       0.14150996720164896     
 -0.14326701341214149      -0.19691729311059458       0.27042366056578415     
   5.6606767255737073E-002 -0.25589630594962387       0.20154063487668175     
  0.83617965595014687        7.3228941160895331E-002  0.81496624522958305     
  -6.6526186908521218E-002   8.0363367193770324E-002  -6.1302180222681607E-002
  0.12645822175288790       0.28373365576165499      -0.15445703385108009     
 -0.14368980366942452       0.16955435572262673       -2.7576037564702019E-002
 -0.26718234909476302        3.2528198751212205        1.9609460382575632     
  -9.3667473816133578E-002  0.11419151461527710        3.1782522049149022E-003
 -0.23169387753210433       -4.1566031085343560E-003 -0.87098322929584371     
 -0.19727748720948676       0.71795549087295540       0.27745807513900278     
 -0.68746445719521188       0.37572761205882182       0.44829379149268711     
   3.7852421961839085E-002   8.3421732891346342E-003  0.11408883635561103     
  -5.8681089185143642E-002  -5.1964485858002889E-002 -0.12522917699716571     
  -2.0265415095560173E-002  0.18660047774407329      -0.10899970456146413     
  -1.7693732166571283       -1.4709844868423425       0.33034309767395925     
  -8.5105293870305465E-002   9.8440015086885366E-002   7.7944025535307354E-002
 -0.25103388582769914      -0.18400416032269154       -7.6432448382769093E-003
   1.0152189708235151       0.21091833679740637      -0.45076748396573063     
  0.93745638776041063       0.17030540799844429      -0.52782029360384541     
 -0.42968465758033242      -0.19559901388375123        9.4044721465292372E-003
  0.11049920478062394       -5.9670058962081104E-003   4.0635426740853790E-002
  0.75328830660053525      -0.89961056080160384       0.15329285944371926     
  -5.4976084592337340E-002   6.9864982430975400E-002  -7.8316491990783166E-002
  -1.0277404637685870       -6.4401736851530431E-002 -0.35014901009788613     
  -8.5532594518521077E-002  0.13391117222159335       0.11468502959096258     
  -9.6388059418634833E-002 -0.47143821402845326       0.21289444989744474     
 -0.36553904477056848      -0.53591347477987206      -0.49398877715879219     
 -0.16137492795211497        3.8161407924206484E-002   9.2655616175616073E-002
 -0.48480889429922641      -0.52809404119965420       0.95014906061775672     
  -5.2681084528600569E-002 -0.39700727162219057       0.14052132518565877     
  -3.6315992450654693E-003 -0.27909128553742596      -0.16366568580014990     
  -7.7071921916986707E-003 -0.12691083978549403       -7.6870427645480480E-002
 -0.21257516665154833      -0.42175591094704967       0.30024914276372583     
 -0.26136764860039480       -9.8216409477951933E-002   5.0849959949820202E-002
  -8.9033500483588299E-003  -8.3604925375017208E-002 -0.11828129161987587     
 -0.36652494269233610      -0.20044650013356605       0.82160921169419066     
 -0.38267184330718002       -5.4191832851857760E-002  0.77362547124582648     
  0.30713238605107751       0.47648376888168886      -0.21395988823562750     
   2.5570394865604436        2.9810978902036327        4.0796290801519222     
  0.45432636619000732      -0.43025919334087387      -0.30031756154765454     
 -0.15938567846794907        1.3117823485833673E-002 -0.14314906674720690     
  -5.6685601214325081E-002  -1.8831699440584312E-002  -8.5190360990454669E-003
  0.49340683907166222      -0.62871993581233554      -0.16364406990322283     
 -0.35041051850538663      -0.11110051250044264      -0.41930982337678946     
 -0.15810652781686063       -9.3687774746299246E-002  0.19720423135679369     
  0.31970824723425761       0.97610842073238535        6.0079151623968839E-002
 -0.45530449015208430        3.5171956946167454E-002  0.68456785828253697     
  0.44939663895797993      -0.82794072291093368       0.55628428665894558     
 -0.48829882076249082       0.72518829475068980       0.12794310096850678     
 -0.27444082847026258       -5.2744513206039845E-002 -0.10959677620568480     
 -0.10588758733330722        4.0309998142568609E-002 -0.13223913371573537     
 -0.14719633206987184       -6.6066994601527429E-002  0.27682431274263564     
  -6.1996046477025009E-002  -7.4573736293193651E-002  -7.2510963635865983E-002
   1.5852724584283748E-002  0.30987541952384812       0.18856995930617174     
   7.9572701865689641E-002 -0.16917125417981335       -9.0797275128690874E-002
 -0.23101456928933065       -4.9530034841929027E-002   8.4464571196291444E-002
  0.51984472809773430       0.14738911638089708      -0.65037777381721540     
 -0.49449775514377337      -0.16098700583881373       0.18356000094182176     
 -0.10379537681378004       0.76180571375013728       0.52953095458673849     
  -9.3632653879799826E-002  -3.5242124356911720E-003  -5.6026992924846392E-002
 -0.20516416267114745      -0.60275933092771039       0.11749308246634706     
 -0.86861336550187762        8.1655367549681723E-003  0.76913137562543554     
  0.14694268991719631       0.17491557607488817        5.7069776909456929E-002
  0.32452928484063537      -0.41119505140448942       0.19432452253950655     
 -0.16760892201470631      -0.14331130347795434        4.2866495505001122E-002
  -9.5617689204990350E-002  -1.8099564527417730E-002   4.4958167807518504E-002
 -0.20421975180312255       -1.8494511768587133E-002   1.7626110589900712E-002
  0.20678639243448316       0.40116517251625650       0.41748257271498773     
  0.30725411127385954        1.7675392590119028      -0.24796885215964984     
  -6.8502021162904866E-002   6.6059274145991900E-002  -3.4065557099391783E-002
  0.11421903725507807      -0.73592806189826210        1.5786166161148763E-003
  -5.9864996328457792E-002  -4.0224226824054757E-002 -0.10094413486401049     
  -3.1336142655147600E-002  -9.3351902349129767E-002  -8.3005275451571228E-002
  -8.2633219394398619E-002 -0.55262008342618552       0.71207917378440611     
  -6.9378176254426979E-002  0.31428090109874818       0.15709118586688003     
  0.72929655438638863       -9.2562470372910544E-002  0.65087595913989005     
  -1.2246642847228211E-003 -0.18055933069172764       -5.6342825930497088E-002
   2.4176497599285744E-002   6.5433916866528705E-002  -9.3085220062873161E-002
  -4.4286080421290864E-003 -0.48770538201746461       0.28425066841112989     
  0.12311226366534536       0.16634986228473073        9.1664481404215015E-002
 -0.15616801865197316        9.9369918590667322E-002   5.7993189845280922E-003
 -0.10511933425773894       0.11074954801395356      -0.14342700498058583     
  0.17625441606306791       0.86405415605422664       0.69293710803035591     
 -0.11563751597385305       -2.0746662803580146E-002 -0.11962990396918621     
 -0.41532935616718708       0.58586436947941334       0.28955409542006416     
  0.51541043634965644      -0.41586759716257160       -6.5106334737805319E-002
  0.92164772936615103       0.30345814046806918      -0.39206571120817651     
  0.27319016973141869       0.92398496187057089      -0.41746643229663677     
 -0.14206559042632447        2.8527673686821231       -1.6337223749734791     
   5.3168771816606314E-002  -6.2381514679667720E-003   1.8358255602246555E-002
  0.62189346756395703       0.57176750004197385      -0.54418481618344205     
  0.19319625807821034      -0.36073004018239829      -0.35211078276499896     
 -0.50169819956829997       0.75384327763696279       0.37906493819251597     
   1.4785644978970818E-002  -7.9563056406517493E-002  0.11477205063864918     
 -0.14683800008586742       0.11348383525718539      -0.11421941177380007     
 -0.17353896815087771       -2.5782176933609114E-002  -9.7294300073755294E-002
 -0.11342979310244913       0.24313642389692175       0.32087883045534948     
   1.3032422746367452E-002   2.6025831809803664E-003 -0.10908600054161921     
 -0.79063276788167935      -0.13507143969466723       0.57570344681502472     
  -8.7818384695980717E-002 -0.19914521418869308      -0.22539287688993023     
  -6.8168909047932380E-002  0.15463150691813252        5.3991484865884280E-002
  -1.3771691875014114E-002 -0.28167336757016748       -1.0646073380440046     
 -0.55865188368701191       0.11310346902855706       0.52033671874126231     
  -9.1239629326542504E-002  -1.1424384325873879E-002  -1.7779343173994801E-002
  -3.8551607143734512E-002  -2.8378824991167655E-002  -2.4623684195730466E-002
  0.20162107281600647       0.10754071255902921      -0.11450540659705177     
 -0.21087528221679303       0.22102909875485702       0.56943618037525812     
   7.4942863338410673E-002  -2.5530036700544434E-002 -0.16337158123040596     
   5.4972746738165157E-002  0.25103559366447048       -7.1781967624556159E-002
  -2.2364052641362361E-002  -8.6879751796147014E-002  -6.2239497368128213E-002
  -1.3642028679570185E-002  -1.9643446595302625E-002  -4.3972287779872436E-002
  0.77807307695798966      -0.10817097025530895       0.32819779874545812     
  -6.5106174632274916E-002  -6.8319028270583435E-002 -0.14273813515542769     
 -0.23320538074497207       -4.3812962044784555E-002  -4.4223443715837918E-002
 -0.10595958614542578       -7.9194700810997720E-002   6.1323945952197582E-003
  0.13462195878620223      -0.12980514827251599      -0.21905829908116872     
  0.37073987004683806       0.78284726905742041      -0.22547734331567607     
  0.64076724449608968       0.25887870468174673      -0.15216643840699048     
  -9.6130829058409754E-003   2.8858879829088656E-002 -0.12244539860533973     
 -0.17878986538851727       0.41908317739135281      -0.24031860929714130     
  0.54242997569369256      -0.62864665164477185       0.19818963897293487     
  -4.2098170316569671E-002   8.2513848093806227E-002 -0.11047352369411559     
 -0.17385348707612019       0.62790674834755311       0.10221634125857000     
 -0.17916925853110549       0.75464897409851361      -0.30078832245607889     
  0.20427588772008234       0.58003896497832208      -0.37875157308570634     
  -8.3276174491674904E-002 -0.18687939889753630        5.6965141130258537E-002
  0.51043629335144181      -0.17715649043949591       0.87941254115727685     
   6.1146682661520887E-002   6.4309284254059317E-003   8.8232430103053705E-002
  -5.4662770021790250E-002 -0.28389643428998484      -0.18488666153518085     
  -5.5287284380280702E-002  0.10816688605708549        7.1236934225023349E-002
   1.7485523669299701       -1.1288889882205722E-002  0.67515348660915009     
 -0.47035826283976090        1.4651717953013848E-002  -1.5557941499682147E-002
   1.4688410375533456E-002 -0.24206027261196122       -6.4279527053802438E-002
   1.7510211521240042E-002   3.7314924908228013E-002  -4.4306150540978653E-002
 -0.11946017818881566       0.13528491255954087       -8.8247884501107099E-002
  0.21521158553617004      -0.83220842192544631        2.7317040196706954E-004
 -0.15218524249690174      -0.23070929947782434       -1.2779717583892781E-002
   4.1174926352149581E-002 -0.14494585218117753      -0.14530505690737280     
 -0.19142339634373851      -0.15971243932481025       0.11032863592894813     
   1.2128864116338012E-002 -0.46862811233512819       -4.3995968230976019E-002
   2.9941907732728971E-002   2.9945941702077018E-002   1.2835786180016375E-002
  -5.8560434086466891E-002  0.10714717740722164        2.0820516320905709E-002
  -9.5738209569568453E-002 -0.10959319843177374      -0.10602985513055070     
  -2.4442158751577375E-005   4.1409118980609005E-002 -0.10594160488109923     
   1.0284711716927204      -0.53800488921330580       -1.2238163440347491     
  -6.5236846355545400E-002   1.5995057080164229E-002  -8.7334575977173104E-002
   3.1170705142743328E-003  0.41001025711162253        4.7482567022806565E-002
 -0.10821555524739009       0.39001279939524153      -0.44448842623853330     
 -0.10675940283251129      -0.11526962242006965      -0.20175520709016903     
  0.39157470477563616       0.85662335929046673       0.17212246703422965     
   1.7128674645164984E-002  0.18631955945640744       0.11455702436733212     
 -0.26570454019841194       0.80804599686821754       0.36692157755707305     
  -5.1467917436662944E-002 -0.16431406113739824        6.9710748360275715E-002
  -5.4761396295052403E-002 -0.53648460889044280       -3.5497405619549587E-003
  -3.8448666279129538E-002  -5.8102090531496932E-002  -7.6193849775519726E-002
  -7.6441033530831717E-002   1.7684187440814299E-002  -6.8548120946356955E-002
  0.34641584817965543      -0.10140990421996281       0.28579759416924327     
  -9.4697944056353733E-002 -0.52239954349087225      -0.24805430974333409     
 -0.89467416255027454        2.3366624556552001E-002  0.51401911586912186     
 -0.14717696582302950      -0.17461870096995222        3.0288069740727515E-002
 -0.20909130848796126      -0.11134751280458584       0.13222651788730674     
 -0.56691116728217539       0.37154427856707217      -0.63683099044018321     
  0.44905971576429876       0.81282755898381454       -9.4442726142126690E-002
  0.31034676367675107      -0.35802941098930108       0.13183263453782307     
  0.50258717292423694      -0.32671560800232136      -0.30624092672718467     
   8.5745239111550391E-003 -0.19269043692818927      -0.22741955362556027     
  0.71253750122325443        3.6922820091824418E-002  0.48969893313985924     
   2.7070177230565665E-002 -0.10671609002618919       -1.3234004414006880E-002
  0.11049268330575168       -1.2657936007834783E-002  0.65919458264606212     
  -6.7560832392900311E-002  -3.4716685562945160E-002  -6.7848879958274128E-002
  -6.0434535466919015E-002 -0.99840701413410238       0.93755784963183231     
  0.22758193418572911       0.22611649955056315       -2.0387090280895113E-002
 -0.55411016876766128       -9.1760324292813861E-002  0.66663603416075423     
 -0.67343361365037124       -3.0931846562424172E-002 -0.60192390147125940     
 -0.10526907004844396       0.63069849996475136       0.53553419159173543     
  0.17446764992795638       0.96156896264917513        8.1215442796913298E-002
  -8.3131449229591856E-002   9.0524973790688190E-002 -0.19475411606480611     
   2.4713197729774556E-002 -0.17673334753615577      -0.11621188740839472     
  0.15648909674530317       0.44637088376993928       0.12242943526286802     
 -0.28510558834107474       -2.2836925989853516E-002 -0.23765641923466080     
   8.3366039542918838E-002 -0.11314464522889733       -4.1607304473275271E-002
  -1.6060725746756037E-002   5.1411915692702079E-002   5.6519727453883770E-002
  0.24036221610633351        1.0767372467974232      -0.34302305242568809     
  -9.7830817957274926E-002 -0.13355299981043128        8.7928078073932894E-002
 -0.29288660309764714      -0.80962457406148003       0.29339807477414692     
 -0.74720861834189656       -9.6216575570098897E-002  0.17149442880180843     
 -0.79735438143581483       0.38479358384702583      -0.17724527849222699     
  -8.9922645042116334E-002  0.19670164699801226       0.18594728209172157     
  -7.7774080697172376E-003  -4.1522730289143273E-002  -2.9506953210412940E-002
 -0.35958069411684224       0.65711226664497158       0.64864598851503719     
  0.10873518988352371      -0.72740879684445092       -4.8996506414592696E-002
 -0.12947619465975982       0.14663303819300338        6.8744926227919015E-002
 -0.12463142295677626        9.0925423606709757E-002   5.3519916317308180E-002
 -0.72364060518207685      -0.16496911983603058       0.69622640216918608     
 -0.10582866061674136        2.9935309052741960E-002  0.11900449862948788     
   4.1809412410631790E-002  -2.4150505452501629E-002  -4.1823498635123121E-003
  0.19423130140372172       0.59129451313172809      -0.38022971105394754     
   8.6188752014311726E-002   3.9194229205107234E-002 -0.11330834712584520     
 -0.20058155474958911      -0.24055662950442996      -0.66396947586520449     
 -0.23209132812757044        7.5746848427327984E-002   1.0187802660384306     
 -0.16311453085159525       -8.5074049458634921E-002  -8.8026162538628550E-002
 -0.26414086319856273      -0.48410813901912103       -2.2983897008701647E-002
  -5.7509102749588335E-002 -0.11304131670621072       -7.1118706584442720E-002
 -0.21221689831698493        4.7412859227879217E-002  0.18671498830520758     
   7.3095068680106456E-002   7.6928056860027655E-002  -1.2999995518579308E-002
  0.41133050747789396       0.20054035521244232        5.4543599821089431E-002
   2.2751525377613383E-002  -8.3811359842810337E-002  -4.9924997893105900E-002
  0.23092592983198845       0.82321167541732221      -0.37156998264831065     
  0.25884283006119757       0.31546199499332467        7.2216706179486445E-002
  0.22068515365817604        7.3724702877228793E-002  -7.3033463999313902E-002
 -0.25811143330981778       0.10706071863472381       0.11200335884022519     
   3.2683800011091058E-002 -0.13374839992797269        8.1225888613136829E-002
  -9.5461538788288544E-002   7.2371159494745596E-002   3.4416059140480328E-002
   7.6091087577897759E-002 -0.45643062486447006      -0.15438845015873728     
  -8.7962278523662535E-002  0.11343578418485248        9.8504927998214475E-003
  0.43475158914580725       0.83683580528164325       0.29090714771920634     
  -8.0559693344761096E-002  0.10404421505217983       -2.4307665048058806E-002
 -0.10859147440079571       0.39093317564024621       0.17567414742171886     
 -0.13024933205102171       -7.7983096103545591E-002  -2.7163577799159788E-002
  -1.0923061457445453      -0.10658539296851074        1.8736100166747509     
   1.6819060295809616        1.9206779082343060      -0.29644127422857897     
  -3.3247552395755005E-002 -0.26978405768842550      -0.23659297313272426     
  -3.7087795734457432E-002 -0.26879597746932204      -0.69505928976666742     
  0.62886058100023001       -6.3083464216237256E-002 -0.50610591591834453     
  -1.8514389258456456        3.6684680131359912        1.4724407926233842     
 -0.27649805296582131      -0.35702804280883205       -9.1117226889356889E-002
 -0.30169620617261450        3.8566676204296553E-002  0.15896109114683213     
  -4.2273243999838457E-003 -0.26900357929909285       -2.5198013755946630E-002
 -0.68594606336653008       0.11378029436671196       0.59746050802617201     
  -7.4016594133646890E-002   2.2357119055462213E-002 -0.11571698922881106     
  -9.8175652039541789E-002  -5.7009322522759531E-002  -6.8723659808961668E-002
  -8.1899408686336245E-002   3.6123132664263424E-002  -3.1054316417694690E-002
 -0.10646904715352333       -2.3675459041650911E-002  0.19602212405671351     
  0.11503494905720035        6.1129431295029846E-002 -0.27287918818820639     
 -0.25756300240300184       -2.9451822331077779E-002  0.13489500884160141     
  0.15888259368402857       0.10327752741225159       0.31018814745701495     
  -4.9239938946251637E-002  -2.9176645277457586E-002  -7.8324513795105119E-002
  0.27339741938370221        1.2497472107853400        4.1614855889053555     
  -4.8224471414396217E-002  -3.6359099133308023E-002   4.9095092968533850E-002
 -0.13885650029001378       -4.8208801443231961E-002   1.2727816958304569E-002
 -0.11673224334828368       -4.4472319062480933E-002  -5.5715854051889297E-003
  0.31787535769865560      -0.45187588257807132       0.18095649019688678     
  -8.1765501649817607E-002 -0.12036798764326831       0.12188971030506014     
   1.3124583215641052       0.85349469091558461       -1.0708194524117938     
 -0.56719512918179937       0.14726275688424567       0.51308373485888614     
  0.32261058494066425       0.66321252131844488      -0.33431623404174410     
 -0.13249103146380403      -0.91597273208917129       0.19028697261880656     
 -0.14934691238119691        2.1811228290286252E-002  -8.4057319880704084E-002
   6.1425794943346018E-002 -0.38793724284252340       -9.1581803950435012E-002
   4.3066527585129799E-002  -1.7470697165400488        1.0231423528969783     
   6.3098733622658401E-002 -0.14409160677842281       0.10786561242230684     
 -0.24089520697689745       -8.9106334857346051E-002 -0.46489237974116598     
  0.11605985564124834      -0.24820365324839005       -8.2123444212366864E-002
  -1.0941467168906749        1.6409768015999040       -1.6683878562542125     
   1.6273926490447801E-002  0.11730950609144769        4.6697431280000694E-002
  -5.1457176808309760E-002 -0.37891488999289025       0.15234183493078210     
  0.38364054753859522       0.47310517216995546      -0.33085192896095983     
 -0.23567702907918922       -7.2604012446403396E-002  -9.6595065256286639E-002
 -0.21518223272624851       -2.7503882871385808E-002  0.10385884760201083     
   8.7941504943914783E-002  0.50825285048356061       -6.6550769178004412E-002
 -0.32908405569787003      -0.14201723666848501      -0.44998192129204206     
  0.58280734402616230      -0.19110918867567545       0.23146708737894911     
  0.20789702700497278      -0.50881126878460070      -0.36893902161086173     
   1.6599225552184460E-002  -8.5561447529722751E-002  -2.3274421605126348E-002
 -0.26651810855201308       -9.3058618206754463E-003  -2.2265076367817077E-002
  -2.2628830661721867E-002 -0.13167850198856701       -8.2834987542041216E-002
  0.12687597572932938       0.22111112800940169      -0.21621873961582558     
  0.15243160180625320      -0.33954210326313483       -4.1154650498240145E-002
  0.12008199281925311       0.53766495321367125      -0.28697374478818294     
 -0.16398959171881802       -1.0418061977716022       -7.2309087464992816E-002
 -0.13545765991254460      -0.10337999831414756       -7.7056475537946131E-002
  0.83593460447690848      -0.17280089298205714      -0.24154306194372707     
  0.82269344031726255      -0.22907761856960168      -0.41663075212152734     
  -3.1908215959059669E-003   3.0444385291742516E-002  -9.8818706685203164E-002
   1.5997249465647438       -1.1822116971717327       0.17841626124569371     
  -9.6093901592748998E-002  0.42006307119825009      -0.20796934344203399     
  0.24042273636171443       -2.9676196921318492       -4.3362207095402399     
 -0.11151754854538246       -7.8250433041408881E-003   4.2431606088044332E-002
 -0.16517013508206260       -4.3159311385600585E-002  0.13876443947333580     
 -0.53618704023562236       0.61760725782027970       0.27814808508434324     
   1.3520821890321399       -3.1952431720708474       -1.4487111578424787     
  -1.4043259336885612      -0.26649033585102105      -0.92807218695975191     
 -0.15659689418584963        1.0232650555361482       0.99783408389154982     
  -8.4885245018154996E-003 -0.35540817683776027      -0.10410657680259647     
   2.4973473706916327E-002  0.13062295765067353       -4.9302029934658285E-002
  0.69575053712433599      -0.21588451369324257      -0.30057347858243283     
 -0.27422972067367973       0.22040595480077166       -1.0810546253678697     
  0.49438933683575631      -0.21612827654930575       0.37568913436748419     
 -0.28163209410526358      -0.22014903562415761       -4.2278384967129642E-002
  -9.0416052172548278E-002  -4.0108953896559177E-002  -7.7400089859829393E-002
 -0.60666791974778767       0.22633514426115817      -0.20735887871231234     
   5.6629183856705210E-003  -9.6521872252107094E-002  -6.4467525720953420E-002
 -0.18671001496939718       0.40022354514767927      -0.16855053358971125     
   3.1151270665625511E-003  0.10389878287073015       0.19837344319257399     
  -1.0449061815322009E-002  -8.7522384924599891E-002   3.7137173320348986E-002
  -5.6916472550830675E-002 -0.12937722483896194       -1.5579779496710702E-002
  0.29744766571090514       0.68803438736031830      -0.67650959799880461     
  0.51086809024367175       0.10159788912309110       -8.6355135008974709E-002
  -3.0512703419164490E-002 -0.40187448843754581      -0.96314166433006354     
 -0.12632568890623941       -6.8294085785803746E-002  -3.4116051566622237E-002
 -0.64284138659687828       -9.6326902509304604E-002  0.32655417890219018     
  0.55021045762127863       0.43138588702463493       0.23527679305081256     
  0.53394625421804109       0.44220163518125138      -0.11882838380435239     
 -0.15191622793578999      -0.21710854674531044       -2.5339656311733263E-003
 -0.11849599128828925      -0.18672554381616652       0.19684044305785428     
  -5.8798566992408902E-002 -0.18754555050220434      -0.10382457156427921     
  0.30317285495073015       0.46933981058350749       0.63052765057651272     
 -0.47294973484926139      -0.36168714902230126       0.87521789886121282     
 -0.13352752052686553       0.23030839258314895      -0.40096125661302318     
 -0.65294366119900094       0.56820308541300202      -0.36787817487423324     
  0.15326186530957181       0.24729115380858918        2.2496923164340159E-003
  -1.0912499095905390      -0.20887077206707608      -0.37721945104206839     
  -7.5017357851778876E-002  -6.4286756064646691E-002  -5.7747960453955555E-002
  0.94701598541696108      -0.55851782938805605      -0.35974563894707545     
 -0.15306781492900262       0.12130565167955139      -0.12631298213981976     
  -8.1130562773886861E-002   1.2311791300720718E-003  -2.3523766955160747E-002
  0.79528568425101775      -0.30239578658447597      -0.33094761719681126     
   6.3553702692961747E-002  0.70942423710075941        3.9270446776416196E-002
 -0.11392625407087516        3.1001166934464933E-002  -3.4225856004822440E-002
  0.26187778078560120      -0.75788793597639459       0.45771272040052396     
  0.70204928382874809      -0.39023872760509798      -0.40665050782735174     
  -4.7310245231995576E-002  0.28367448394121625       -5.2785853705955565E-002
  -9.5190751530172660E-002  -7.8919160112844888E-002   1.2235926813378888E-002
 -0.17959373189468558       -7.3272160829092478E-002 -0.20769276217750265     
 -0.47836942510867364       0.57182303801855072       -1.1186853559090415     
  -9.0081401660465341E-002   2.7162624908101595E-003 -0.10626923781053005     
 -0.16156939429915990       -1.0736139469422531E-002  -1.4022235051556463E-002
 -0.34323260154876850       0.11753045957006646      -0.15507505397799182     
 -0.18385159459710373      -0.37548406312308608       0.11996084979149786     
  -2.5641720931616256       0.29797996454764980        7.3561887646757214     
 -0.46000366223422556       0.65878164960376984      -0.19737807177481054     
   5.0525197068566882E-002 -0.20865129561797374       -3.6548014112819362E-002
 -0.12076628210720132       -2.1960916234658782E-002   2.8556125488466252E-002
   5.2857449852037171E-002 -0.27640686926022989      -0.14174136276868776     
   1.6225554681995952E-002 -0.15691772885681704       -8.0555354635469936E-002
 -0.11081487237585158        6.9395146261752888E-002  -3.8132155535250685E-002
 -0.10102071449067888       -6.1092920926338036E-002  -2.5859265821902983E-002
 -0.36508822404173852       -6.3309835028941240E-003  0.60789983048808227     
  -7.7202877034617159E-002  0.35983173534918617       0.20175799990862747     
  -1.9947769154781227        1.7758053968363319       -2.5136842942043796     
  0.40213671643383819      -0.28992858467708765      -0.52873012080807646     
 -0.21873678952435735      -0.15937128660249927      -0.14674549150381747     
  0.30687313322520343       0.33157773359585718      -0.11767763945815925     
   3.0682264242416973E-002  -6.0778724900012779E-002 -0.21157112781989848     
  -6.5184052229083245E-002  0.33042615756994453       -4.9826221822765141E-004
  -3.3305349552407493E-002  0.10417512366629803      -0.40543614995890342     
  -7.7425370953170996E-003 -0.27166817152134137      -0.13408248245509988     
   6.6237673272562844E-002 -0.11643623343359510        6.3342384189727777E-002
  0.15705000690482790       -9.2683108495410671E-002 -0.40175306991212106     
  -8.5361565738484215E-003  0.57043364278077846      -0.14563314187720711     
 -0.16415450521329447      -0.20817657111665636        5.6650060516423344E-002
 -0.24193596471737083       0.20335568024130979       -3.4751530402814725E-003
 -0.22231767087674709        7.6174987629875859E-002 -0.22338951682229372     
 -0.22210842311383730        9.3968381204890788E-002  -4.1584797383904228E-002
   4.9152288821220858E-002 -0.39141482813212614       0.32121033353762135     
   2.5156583450462192E-002 -0.15891784898374134      -0.13491725892852816     
   4.8057919534203422E-002  -9.3172788952022353E-003 -0.34884491088319342     
  0.33848477759569823      -0.62473055881552686      -0.49280620339471176     
  -6.4793258262439826E-002  -1.5642794907148785E-002  -4.6711168831070113E-002
  0.48716333228241110       -1.1770302124494281       -9.8677920866845778E-002
 -0.58593918123553124      -0.49661676258603893       0.13126592118538738     
  -8.9689019603937450E-002  -4.1060733782801243E-002  -3.4780616813217091E-002
  -1.7796718095294921E-003   1.2723931282943109E-002  -4.4329307200495272E-002
 -0.10125497022021811       0.14700833268597813        8.7245816780743154E-002
  0.18938685156153723       0.32339991006352253      -0.11202634926422900     
 -0.79701096238225533       0.42400259687838954       0.44794733505479806     
  0.78281242253463656       0.18780602958267528      -0.62906160307908388     
  0.13915221089504937       0.91423327698953449       0.61671809020917623     
  -9.2580852205822566E-003 -0.20185394170271098       -4.9524404244539896E-002
   4.6008619540007276E-002 -0.20221124869620899      -0.19755161802188229     
  -6.9967367862855262E-002 -0.14334794301841497        2.7414003223611368E-002
  0.11308652691058627       0.29427600530382442       0.34849760926490109     
  -1.5610211181998230E-002 -0.39081622327422177        3.6772632501043505E-002
  0.17431189267118333       0.44504102309297927      -0.56596746676431042     
  -1.0158844180491993      -0.28923714961677893      -0.20372713572047160     
 -0.50235676135959129        5.7413671652341472E-002  0.39615586767022248     
  -8.2422553122171741E-002  -5.3311756541657804E-002 -0.22915316709620326     
 -0.22297299150580563      -0.37451091322495000        5.5235958003194946E-002
  -8.2020405936326479E-002  0.58343374615732457      -0.11611164229304144     
  -4.5560809182781797E-003  -3.4467884590594869E-002  -8.9309581993278667E-002
   1.0930107316535644       -4.4271296143453798        1.4863595352707886     
 -0.40183704631872297      -0.43330289780184350       0.53729421520228926     
  0.60934152651658058       -1.0480549301304183      -0.51515990305618253     
   5.2470397934889418E-002   9.8578006336136628E-002  -7.2127262071650933E-002
 -0.18973549305226220      -0.21157135393072213      -0.12178400086508936     
 -0.11925107831770210       -2.8168529687337497E-002   1.9158466275758599E-003
   8.5188069151539231E-002  0.21475924121982351      -0.25805584397685044     
  -3.6516470430061385E-002  -3.2077870657215929E-002 -0.11688662606295795     
  0.70364142413070618      -0.26043041079040657       0.68166413101470913     
  -2.7292945563587447E-002 -0.10975021963788495       -8.8796379947385332E-002
  0.44401540430450126       0.47976465040283972      -0.66159640910018513     
 -0.23431347653915666      -0.43062675670783762       0.10281016788139367     
  0.30149434387533663       0.11453848545052803      -0.20448997627239848     
 -0.19569831379206695       -4.7203538842375228E-002  0.49735211173105925     
  0.64015568401917700      -0.19816071125898874       -3.4710114140913607E-002
 -0.75266101648586692       0.30269845678935531      -0.52759199590925820     
 -0.90034194620101149        1.7505704437333718      -0.77953270637164851     
 -0.15049142108849992        5.8172811958224130E-002 -0.16520536631986005     
  0.68099879366534910       0.93700208980542721       0.98366633148393667     
  -2.0812690003648968E-002  -1.0540523660575361E-002  -2.6633169614774764E-002
 -0.15418576445191459        8.7990334386381500E-002  -4.2700939495373888E-004
  -1.1182698252018579E-002  -7.6526230460589012E-002  -2.3539677632688501E-002
 -0.34107444867041214      -0.21619067113016896       -4.6277199148124573E-002
   1.2313507151957729E-002  -4.5327638878163372E-002  0.15905459437034464     
  -3.1072262318815290E-003   3.6224386050554329E-002  -2.4849463819234051E-002
 -0.19652598902298171      -0.33562241575218899        8.4369748233370748E-002
 -0.14273814951394545        7.3972862762758704E-002  0.19809506118557527     
  -1.2369538713779809E-002  0.52372284118435697       0.17236070558874089     
  -5.3518099524873665E-002 -0.16646657816767876       -3.2203319565016861E-002
  -6.2637497603247383E-002  0.14857915182118259       -7.2709248334758324E-004
 -0.51428910551303098       0.26271446523336672      -0.56573363568626855     
  -5.9100700503560574E-002  0.11377239659942595       -9.5511882794517868E-003
  0.34223409625315276      -0.50587453897325951       0.36136013133730377     
  0.11649907700016598       0.36522059295358922       0.82970061278364293     
 -0.11427439219527899       -8.1169263351421161E-002  -8.0527809674271505E-002
 -0.56842739949730459      -0.13233366675133207       0.63130512538804662     
   1.4475332042532457E-002   7.2951712935591981E-002  0.10090466259310510     
  0.39411928892917114      -0.35660670722348253       0.59619900995770658     
  0.67987259600267136       -1.0083300618725184       0.26253313854038834     
 -0.12578442786016097       -9.8205539370981061      -0.21816215850636950     
  0.12062673839249918       -4.1142294665630900E-002  -4.8761882520242925E-002
 -0.18098757791773973        1.4387385931305804E-002  0.13590379186365090     
   5.1447355417178903E-003  -5.3353706874966038E-002  -5.8962629999318471E-002
  -7.7257524939002606E-002   6.9083696927683041E-002  -2.2423422731596268E-002
 -0.24045130060020092       -8.8557592276233027E-002   7.2110577470973131E-002
 -0.16648418209506677        5.2591157914783290E-002  -1.3261783280656751E-002
  0.19087813069394746       0.29001124043127113      -0.19926861146208591     
  0.60406370976238288      -0.95757360714175710       -9.5430666156401528E-002
 -0.35575585574144986       0.28330771983470315      -0.13701416322233839     
  0.37277287678263815       0.55430170231550346      -0.36512496830716495     
  0.44035671519855474       0.29888155384765214      -0.20162551963601427     
  0.59320266912829067      -0.16178877244725140       0.76550385107889785     
  0.27580024524914842       0.30116222333944476        3.0471469117967194E-003
 -0.46439959439594863       0.51138652493059689       0.35967395378647221     
  0.33742785704600109      -0.72163878098338508      -0.25737619134853917     
 -0.21017246514341764        8.8710430083201799E-002 -0.12791498499615173     
 -0.12581258590966901       -9.8503443036217608E-002 -0.29140695710632958     
  -9.7502399751906318E-002  0.21956063466961068       -2.5984438013122068E-002
 -0.68397017420590334       0.56161070707142369       0.27823607960023256     
  0.54970778907725204       0.34489792674198766      -0.34124682201794565     
  0.69314712454960226      -0.14799289919710956       0.40054845907350156     
   7.2966446468457957E-002 -0.18996131560520324       -4.0210312958872230E-002
 -0.29303812969500337      -0.11494186064766296       -9.4679997346479555E-002
   8.6817863112625904E-002  -3.3484168071891876E-002 -0.21904140730038207     
   8.1782474577926173E-002  0.73667743679109410      -0.16978502244508809     
  -8.4179875426199827E-002 -0.11590810666386736        7.9300733479333835E-002
  -2.4078145230499445E-002  0.54444332779218074       0.80542507792564777     
   4.2341246840049161E-002  0.18604571806848347        9.7684419728532784E-002
   5.0874299103323369E-002  0.14397124795883809      -0.14726141780830512     
   5.5998708732820479E-002 -0.13580930588648027      -0.30126130843982096     
 -0.47926153450136494      -0.44518135542568266       0.32911252046457046     
  -5.6235365351288938E-002   6.0872494902726469E-002  0.37567838886660193     
 -0.47736067917732611      -0.16137574156048834      -0.28877995047187177     
  0.72150329819405479      -0.37496002007975421      -0.20267159647512523     
 -0.47224203594403791       0.24468674076542909        1.1843086035792250E-003
  -2.6852478978883002E-002  0.14389585271467628       -4.5717673615387901E-002
 -0.14039784543481365        3.4866111368248139E-002 -0.24954409303621816     
 -0.13357767130693912      -0.18072226351119622       -5.1710247816437432E-002
 -0.20456027497226145        1.1650327514450791E-002   8.3035518885608728E-002
  -9.0979825883912846E-003  0.70195975292446877      -0.36344982519120927     
  -3.1263101975940828E-003 -0.23626655973532720       -5.3013798020733659E-002
  0.40123244699294702       0.54789614637266115       0.22548825793224078     
 -0.81921592418223610       -4.0719789279802562E-002  0.16100402467683692     
  0.78685747254289762        7.6317579580503911E-003  0.49214518881859781     
  -5.2073580476556046E-002  -2.9298233576740589E-002  -4.1158487795983070E-004
  -9.6940423975275108E-002  0.88653218310245663       0.75492062268413351     
 -0.19209778362563518       -2.3405599333207204E-002  0.29699058460193717     
  0.26210522938979763      -0.65308138366330759        2.1246641575127683     
 -0.24992917633025555        7.1933744009673117E-002   8.3077055090574461E-002
  0.30501481369886579       0.71445050776207841       0.23539417063427073     
  0.58819188320538174        3.9473978969590325E-002  0.60322629741158540     
  0.45242080387315914       0.29997146959366777       -6.7730594768856262E-002
   3.1910128854842443E-002 -0.15421541949625564      -0.18931471310150705     
  0.48662827614533810      -0.39688435135423022       -9.3022072388573629E-002
 -0.46690832203740096       -6.2481658563243510E-002  0.62835823296871329     
 -0.49804267564928756       0.16331533393225339       0.85435634020899298     
  0.50710817583540824       0.54202737170541015      -0.47968098053513220     
  0.55360052258851056       0.22979979829406316      -0.52284843119030300     
 -0.33051625410663427       0.40158089265492747      -0.12942766049732157     
  0.65471564170024021      -0.49321255632436273       0.54305954962775660     
 -0.97718344812696722      -0.52768925440569969       -1.1715924573715948     
  -9.3245003028505899E-002  -5.6978352455464357E-002  -7.2650699953186418E-002
   1.0303688879952120       -6.9854554320546727E-002   4.0783302888731310     
  -6.1908079873320476E-002   9.1941537279379010E-002  -6.9839175151326163E-002
  -4.4283844409343624E-002  0.12899246788053448       -7.9783842306258637E-002
  0.25011845437558528      -0.56246148623603653      -0.60735375612708831     
 -0.13936112249970339       0.13374950238539146        2.9390699056353914E-002
 -0.22676742443527570      -0.36882186888463137        7.1073987485442289E-002
  -5.5940089935258092E-002 -0.13674296447416778       -2.5545387303181517E-002
   2.8908144154068751E-002  0.89495616957636337      -0.44589738165994769     
 -0.18645837738999765       -9.4700989062943650E-002  -1.3894418930892483E-003
   7.1222090642241581E-002   9.9315813722042623E-002  -2.9011119436367420E-002
  -5.4248384676744685E-002 -0.12116746697851637        9.5722936179345793E-003
  -7.9666497807829778E-002  -5.0865250327354186E-002  -4.4051800597707351E-002
  -1.2657648500803297E-002  0.15391497144252225      -0.20362731263221745     
 -0.13605486716337825       0.34648979610100461      -0.38083822774302628     
   6.6153449134188649E-002 -0.69892796361347076      -0.40484775804700229     
 -0.70592004549811582       0.36511048741855817       0.42487622333343700     
 -0.31140295831311965       0.88884862722884994      -0.28383638137844985     
 -0.23806754752516388       0.16226948220145407        7.0069182606869090E-002
   5.9152328527401189E-002  -8.8680894050239656E-002  -1.4653191172573268E-002
 -0.24087571962660434      -0.48683856026636729       0.41098448405570592     
   8.3301178987152114E-002  -8.0703994538830724E-003  -6.6127165729497117E-002
 -0.11661482169891665        8.0661840103022388E-003  -6.7444911253840140E-002
 -0.16808496270042367       0.37864873139855465       0.60753816219853085     
 -0.13674357687273619       0.33349181155601243       0.32795581852326833     
  -8.3358922878736100E-002   2.1777828092575953E-002  -4.3231283997008554E-002
  0.55594909702503814       0.26933251189105067      -0.19454154893938860     
   1.1011161611532722E-002   7.5167835433013197E-003  -1.8228094068938480E-002
 -0.51112513619319222        4.8309039319337506E-002  0.75420480871464279     
  -7.4470221129354544E-002  0.55340735115944328      -0.23488327081280674     
  0.12479463598658336      -0.58900790031200734      -0.10246441355174522     
 -0.18869430199920692      -0.32255289756388816        8.0373801257098365E-002
  0.61487375351347839        6.7240576157531047       -2.9631786136202947     
  0.46300541364850617      -0.23201602020959880      -0.14572254015771896     
   5.3162944184526828E-002  -9.8570110522395823E-002 -0.22580497459110518     
 -0.11708439771003319       -6.0694411014450174E-002 -0.10315550412074269     
 -0.47925304129160679       0.21663934524695450      -0.25718032206223362     
  0.24992877760588703       0.59381550788629667      -0.46882304917756740     
  -1.5264320444195764E-003 -0.99819580375840899        6.4047177452395604E-002
 -0.74859183213139702       0.12252439089922193        4.9248696061496178E-002
  -4.2258016959473371E-002  0.17125582174786025      -0.52012503852678571     
  0.16680866252730459      -0.77630508209791227       0.26453868368626221     
  0.22730918422841634       -1.0275921023526329       -6.4395518395061899E-002
  0.46615166637367972       0.46846832468199978      -0.79755531982322625     
 -0.34048468892130596        9.3158324083753435E-002  -3.4955390253514067E-002
  -8.3404561240880179E-002  0.11640041371461142        1.7128583906865821E-002
  -5.0041192334108198E-002   8.0877586167960897E-002  0.15422630326333645     
   1.2955696742436089E-002  -1.2262818284378266E-002 -0.10323106981358011     
 -0.98397361317526333      -0.37987038567313536      -0.47594623426047078     
  0.65256558926466235        2.1522491157024191       -1.0220988744999562     
 -0.20832426977960430       0.11630264931654735      -0.23060393423063755     
   3.4573200473355589E-002  0.30034502646447736      -0.24304521254087136     
 -0.44527503279337882        8.4521953708576694E-002  0.49064752465044115     
  -5.4184542455066972E-002  -6.8263141562418264E-002  -6.3210144748181513E-002
  0.41820134389393498      -0.11979280650954666      -0.31888660083251730     
  0.79761845590681424       -3.8026753446333744E-002   1.0506861782645647     
   4.2663468050779058E-002 -0.38043710671960324      -0.25776414517965229     
  0.45489621961456445      -0.42764925028648165       0.44686530008444142     
 -0.25028968811060071       -4.8309144944204449E-002  -1.4159890441710093E-002
 -0.75757124315457103       0.22739786549672147      -0.40102046145403697     
 -0.50321612971750829      -0.51259888904896034       0.80765957702738711     
 -0.15896077207796824      -0.10603440510795835      -0.14130315885291289     
  0.24367918755539131       0.42271662706488933      -0.27777309006688145     
   6.5497834241254924E-002  0.35623984242441864       -5.2106491580322267E-002
 -0.15222203899641937      -0.38440548678920666       0.69435506515709022     
 -0.10899971125670938        9.4729129342285168E-002  -9.9988197018398874E-003
   2.8927157463519877E-002   3.3863101024124209E-002  -6.7209017047617031E-002
 -0.35573184684597836      -0.37948066754122006      -0.33381367626246444     
  0.55157433538320833      -0.79445813623111061        5.1319480419498402E-002
  -4.2496204355685935E-002  -2.3984019809353253E-002 -0.12608651357549905     
 -0.25828665860018024        5.8604780173037468E-002  0.22216424063003617     
 -0.19945667095272537      -0.17953593057544051      -0.14493573004119106     
 -0.16117864427687814       -5.8602639201436144E-002   4.0532877047632088E-002
  -8.7816956029749593E-002 -0.23422257318188350       -2.8155992450097797E-002
  0.70571104268410156      -0.29602888857790255      -0.26541748375158053     
  0.25376560510461016      -0.80854040129059990       0.13810191864708810     
  0.32588428417625021      -0.13071512048149578       0.23592738442867303     
  -1.1471606999616026        4.4019181442410042       -1.6799256737281818     
   4.9389247107703836E-002   1.2572661567429397E-003   4.9834419550124527E-003
  -3.4517938116208707E-002  -6.5590390087948564E-002  -2.5561548611517597E-002
  -9.9119823205967017E-002  -7.9444062465935952E-002   4.1597127653229642E-002
  -4.8942518969142049E-002 -0.21507076035557271        4.7594283451502455E-002
 -0.12778223516272919       -7.3488094177022775E-002  -2.0067716261764311E-003
 -0.19596957883355212       0.88141144375691050       0.29333253950349741     
   1.5776380427286844E-002 -0.53119034684173783        3.3045241947666601E-002
 -0.20018138558126236        3.8679901865137853E-002   5.9418529211665086E-002
 -0.11345997398901314      -0.16769579525248723      -0.10067633048585907     
 -0.55906366737920088      -0.36607076140842726      -0.36121668709672100     
  0.15246617182519265      -0.94204144827746072        6.5709788863917568E-003
  0.24104893751125928      -0.31092052819100002       0.73752597029639888     
  0.75732854817647821      -0.75064105806904036      -0.26081354947940610     
 -0.16530579114574240      -0.14034472506590404      -0.54830848671163113     
  -2.9316631280105265E-002  0.25985879130237788      -0.48260145470056259     
 -0.59363240544712270        4.5743996455579451E-002  0.52562239600244287     
   2.8521222752356478E-002 -0.75978165884904625       0.49912555537521852     
  0.35321024102944371       0.78380354987173262      -0.13797003004192701     
 -0.23187221384549891      -0.11779413690935617       0.11293774100467129     
 -0.45616291016093141       0.23055188747211716      -0.10977674746492767     
  0.32716914033418848      -0.32947222108670265       0.84903664364760223     
 -0.18073054632624538       -3.3797852288743518E-002  -2.3910529788507797E-002
  -3.4461825501971979E-002 -0.12166131225325369        2.2205406463008594E-002
 -0.11251602325673114        7.1064109052726143E-002   4.3427497102928883E-002
   2.1769978756159311E-002 -0.15133993160105516       -3.4640921415339948E-002
  0.16317443231770729        7.6219602462049368E-002   9.7980000604611192E-002
  0.15169505046307857       0.11396994540681850       -6.2255264040372155E-002
 -0.19160043746798769       0.17912218704702912       0.16930006869246925     
   1.5378656149676168E-002 -0.23809160682638811      -0.18343148235725701     
  0.44942173070401642       -2.7444946359660323        1.6616055909533956     
   2.8910849009076631E-002  -5.6675561472452021E-002   7.9943306910742890E-002
 -0.15069961681283425        9.7292950412369072E-002   4.4608610359290889E-002
 -0.47942178266633934      -0.60491858933595100      -0.48788344561386310     
  0.42129179857730975       0.42955320357361315      -0.24389951510657493     
 -0.45257613585827389       -9.2514232577557282E-003  0.43015092178429493     
 -0.46697384048498636       -7.0101670895331676        3.5923331110876813     
 -0.27430731184587176       -8.7953953315642666E-003  -2.1998831694237293E-002
  -2.0072331743092749E-002 -0.11397431288148691      -0.21302117045850943     
  0.11510412727871072        8.5056313378333678E-002  -8.9143754933596553E-002
 -0.60934545328872647      -0.32426024481769694      -0.56153916451178720     
  0.21353192257739922       -6.6707714192952378E-002  -4.2063945511451900E-002
  0.68827298460894826       0.25657653935661473       -7.4203056957396554E-002
   9.8715235651852543E-002  -7.7814393855194383E-002   5.0824725171962633E-002
 -0.26439592573341780       0.73416999256762461       0.28522133374393527     
 -0.21219037446221933       0.85414316282245228       0.37300473387162636     
  -5.5465755789477818E-003   6.3392932564940455E-002  -8.7203266859222570E-002
  -2.1488365813232102E-002   3.7351084717538573E-003 -0.10533732623770894     
  0.71806109182179734      -0.23944672917397955      -0.35058133176781647     
 -0.13856435020579647       0.21371368181333231      -0.33557665065042441     
  -1.7580563553421906E-002  -1.3209785444580225E-002  -6.5299911975565700E-002
  -8.1319426660899141E-002 -0.32037394079938569      -0.10716019315850731     
 -0.25338891793581575       0.13089554201844836       -4.0919531656496241E-002
 -0.35818950303457864        2.0162333036543871        1.0628856426284310     
 -0.36333806672561170       0.49745975846710616       -1.8465325556684474E-002
 -0.54376676421013070      -0.32463466444334216      -0.19885504722611488     
  0.65146449096107628       0.59594369099148314      -0.65454802619985686     
 -0.18366174696475410       0.11336289330550685       -3.7479389421942365E-002
  0.16890987108263344        10.216417213273827       0.41352319173484453     
 -0.10433754312597941        3.8757786935720823E-002 -0.20760727725017977     
   3.5117891715541742E-002  0.49316315069705707        4.8284237797023649E-002
  0.63531506850112829      -0.60646149188763676      -0.16983838634995560     
   1.0811470808115984E-002   6.2168830771249968E-002   8.6721386832634598E-002
  -9.5832163127147929E-002   9.4351551593294114E-002  -2.6825900709423641E-002
 -0.22936204165242635      -0.41337049376047624       0.19456379465167456     
  0.36221713173683018       0.43775326655859220      -0.39122990235440319     
  0.55862761988020093      -0.38730487100107025      -0.59448258086456296     
