 -0.13773304703712347       0.24715667418204065        3.9026794441889374E-003
 -0.33865770208450169        2.9163398127731725E-002  -6.0652502838608405E-003
  -2.5877454366009578E-002 -0.19093681008833138      -0.18456684024557182     
 -0.33061793567395859      -0.19711690109360117       -6.7223653201064867E-002
  -2.2285215082074487E-002  -3.6102743635857498E-002  -6.3689963220295881E-002
   3.3991320834621828E-002   5.4920900151263705E-002 -0.31786607038822084     
  -3.4848875730396216       -1.9248402856542799       -2.5819723896298505     
 -0.10968092906422172       0.40440536143544425       -1.2607557174918018     
 -0.18120165623516266       -1.9677772676948955E-002 -0.28708418378448525     
   4.9147747626811791       -4.8237206533724875        5.1351733012549916     
 -0.14505484854817707       -7.2941173586263314E-002 -0.23495860347906422     
   4.6047509664604771E-003   8.3543230810382545E-003 -0.15979668780662107     
   2.3728749133359353       -3.8541911090915093        3.3653876412776356     
 -0.29458226342092947      -0.10439279279667656      -0.11631681347869141     
  0.12658005663105973      -0.54478850810103852      -0.24912881888563107     
   4.0295941893229239        1.5556365773458112        4.1968187718598742     
  -1.7129370446160090       -1.9207142701264333      -0.55046974756540135     
  -1.2477328022763752       0.15700189823643221       -1.4219030175440879     
 -0.69366459285152360       0.89485729710169615       -3.0353624310058915     
   2.7447008618505557       0.43522179095264019        3.6048068344893625     
 -0.30954335225880047        2.2774960148940302        1.8151352550204896     
 -0.89096695121679292      -0.66983353306626336        1.2433810229524360     
 -0.25758397205999345       0.60132305813188514       0.10929994064475931     
  -9.7717543630586494        7.1056648375140421       -2.4042975048291848     
   1.1019521330893345      -0.35344977090989210        1.5879004144540068     
   2.5426257091114322E-002   3.4265747123289440E-002 -0.11572692784930028     
  -6.0885927371290990E-002 -0.14782094915371874      -0.14369144082032928     
   7.0727182161421473E-002   4.9922333834668979E-002 -0.20399958626467041     
   1.4307796871985081       -3.8834075665580490      -0.15145575295045977     
 -0.33033848540733818        9.0367643898886570E-003   3.2009533167171624E-002
  0.72904027130686166      -0.60304160931900308        1.1642488738884371     
 -0.18872529774800001        4.8993503484853450E-002  -3.2339901939594427E-002
  -2.3039460855789020       -22.643354265551135       -14.841910119542545     
  -1.8507295495823348E-002 -0.10625795849517718       -1.4107282741312894E-002
 -0.10041634853801734       -2.4673519868535478E-002 -0.18644259989836146     
 -0.59295001645133261       0.96335744494182740       0.25303965026417541     
  0.18761734601676947      -0.69338393583178448      -0.49361142700578581     
 -0.16930451628882945        6.1772462787509801E-002 -0.12315508045182115     
  -3.5159605713184341E-002 -0.19803381443972817      -0.13396232600815847     
   1.1357065079351553E-002  0.17874785063083201        5.0589560032316136E-003
 -0.16647152924178826       0.27172157915935413       -4.0405700183671643E-002
  0.86809919778335309      -0.36787627168904752      -0.57343723651708634     
 -0.31202677321033634       -5.1063496814505574E-002   1.0380300120149443E-002
 -0.83278453833165189      -0.98943993729930002      -0.90513338214537387     
  0.15425950288617293       0.12483050008422589      -0.21286962485974917     
 -0.47346958808122808       -1.0021797042586353      -0.55330984903054981     
  0.10167498857338449        1.6554551907430916E-003 -0.32992331227376309     
   4.9953626705996484E-003  0.67939971605665728        4.3195934289515046E-003
 -0.28251014453813234        5.2110955567829555E-002 -0.12349503634659029     
   4.1504992278690551       -3.1068074880221417        2.9535888580691014     
 -0.23527757088357612      -0.11123328711114094      -0.10873443847815428     
 -0.93735987065087356        2.9137012240786984       0.56586741470728252     
  -8.3974547515822548E-002  -9.6973968932186669E-002 -0.15790075019675781     
  0.94803700911684785        1.3278371657653036      -0.29662862475806229     
 -0.30972444837334839       0.20359866991408038      -0.26311364876621524     
 -0.19192545971424876       0.44760194697143402      -0.13864943393559484     
 -0.21621291578314714      -0.40278119994568595      -0.10016838637103144     
  0.81410974179119777        3.5878562994539065       -1.9853604830464486     
 -0.15316061481560148       -4.3122794512488509E-002  -3.7668052365741250E-002
  -5.1716129674895348E-002   3.7108300779211977E-002 -0.12111020630897811     
  -8.4046710893413049E-002 -0.43039595293537586      -0.16444132612014861     
  -6.0332036312882378E-002  0.17302842170901472       -5.0678028694923251E-003
  -7.3801397882536937E-002 -0.17148270534287760       0.18879505513473921     
  -1.4157293687230537        1.3405473970773194        3.9638830495016049E-002
  0.15135923834034035        1.5847437317764854      -0.49048713924263393     
  0.18724268763532775       -8.7924996365328217E-002 -0.16414043104364484     
  -6.1617338170766006E-002   9.6679640091412958E-002  -8.1348424566566227E-002
 -0.18256303239816546      -0.42344707121987984      -0.22001882886974783     
   4.0884323020718261E-002 -0.23675194872813005      -0.15778267184156808     
  -3.1633398142742903       -1.3454556115675200       0.36928272994766831     
 -0.21578793040669261       -8.2149592849935722        3.2013170297746338     
 -0.25528879409913968       -8.1916878314452338E-002  -8.6873223104636188E-002
   2.4984516630304396       -4.2269575383593478       -2.4751846537145341     
   8.8550216402035614E-002   4.0116237787950391E-002   1.9378794654018892E-002
 -0.15595627092817044       -4.5819359019507136E-002  -4.9773191699321415E-002
 -0.21012559640894102        5.8640739556757221E-002  0.15163718777603968     
 -0.18380407394428105       -8.0559649514049536E-002 -0.28155426942104733     
  -3.6683163371863822E-002  -2.6953886475686887E-003 -0.32824726583253683     
  0.18123108711873467      -0.48777575993737482        2.0772816916978399E-002
  -3.8120958262125818E-002  -7.8453861198171299E-002  -4.6167393780608690E-002
  -1.0313078424476922       -2.3706925468751732      -0.63879414111947486     
  -1.5186817207682213      -0.93004302665332195        1.3861248874596015     
 -0.29173296965559276       -7.4709737523319830E-002 -0.16256776135880940     
 -0.19610036331902120      -0.93574141365432906      -0.58436332316384798     
  0.63931101785016753       -1.3631142363155937        3.5203967296518722E-002
   1.5346976406473183      -0.61297715619003679       -4.5395685419776957     
   1.9888609377692779       -4.8129153371498701      -0.84565162656049508     
 -0.31190104137031127       -8.1581362583698039E-002 -0.12480842396960316     
 -0.80922600417032220       -3.5026348454129428       0.45515637944120024     
  -2.4230044383332832       -1.1613423071931999       -2.6846573528252597     
  -3.3462298049272330E-003  0.14766072039019390      -0.15055218899481504     
  -9.5050379824035483E-002 -0.45543739565625235      -0.11611035345260991     
   5.7073721686518360E-003 -0.14079654756786092      -0.12965299662696131     
   4.7876490620992848E-002  0.13410674307896178       -8.3040914291719933E-002
 -0.18268800832639664      -0.14183168615690650       -8.9858933993410869E-002
  -7.7696859526284801E-002 -0.25647295012834898      -0.20832483372778127     
  -8.7899816681394044E-002  -3.7182425705105396E-002 -0.19305966474644198     
 -0.13309573705958425      -0.19742263443940453      -0.28527586984582731     
  0.30322115924187737        3.2671728953691703        3.2498660291302928     
  -3.7961289946017246E-002  -4.4742973986191944E-003 -0.19209095876865340     
   1.3983114331067450       -2.5456156692344467        1.2987956444969788     
  -6.8636564967072849E-002  -2.1674188583290566E-002 -0.34682696830623638     
   1.5586278829353029       -1.4747902902146781      -0.93984919856745386     
 -0.47782059507271496        1.0891083683026523       0.34197041187044119     
   4.9010547344778270E-002  -1.3772534498023598E-002 -0.12447797283508621     
  -1.4267833262531395        2.0423627978452092       0.91143152232421898     
 -0.26178515582189166       0.54984567851649468      -0.48660887791387331     
  -3.1649469664347958E-002   1.8831457701196444E-003 -0.16172061674867003     
  0.12632008158473493       -4.8570383169659045E-002 -0.26856094860332602     
   1.1981661626672768        2.9891624308124380       -1.0721415379648740     
 -0.90287611859042294       0.22336540323147838       -8.8877879728471734E-002
 -0.22646141589670074       0.15772769469006634       -4.3372143056740427E-002
  -8.5256271229835826E-002 -0.10072889322282441       -2.8047144802960153E-002
  -2.3912440165101732      -0.14594616033199173       -1.4039980200163711     
 -0.42633215855930734       0.49203871654710490      -0.13386355768313238     
  0.59659419135746727      -0.65074954288632925       -5.6379880345612435E-002
  0.44426908802444803       -1.0899722250629800        2.3005753084927529     
   3.8972652274426506E-002 -0.10273037825879652       -9.8129372396886669E-002
  -7.6602318502478714E-002 -0.48586728043634725      -0.21912064493851027     
   2.3681425852234179       -1.3751214175373718        4.2548927222509310     
 -0.24377894424502106        5.8007419205920299E-002  -3.1868121714395327E-002
 -0.31696870114357267      -0.29074227983587114       0.10087407031067269     
   5.1931236067438352E-002   7.9710390775730652E-002 -0.11189076263039441     
  0.22303792881041312        7.4074674590854775E-002 -0.48661847818435683     
  -4.9463391194502035        4.9619973732685150        6.9597224127655819     
 -0.39396101974579867        3.1783800611505555E-002 -0.10797757192289366     
  -1.1020395067428523       -1.5110854245274858       -1.2652510930567133     
 -0.17507030778643473       0.11666094065521124        6.7443257881530938E-002
   1.2118914027411547        3.0817582638329584       -1.2303341449194465     
  0.26358651970754177       0.31936611678619792       0.13611324821300314     
 -0.81906260290152388        3.5149580885132345      -0.57635626775737814     
 -0.80364333245984920        3.1316635340272505       0.49171919802219916     
 -0.25271936799823475       -9.5517192616321415E-003 -0.15751231985995634     
   4.5527285595220057        1.8078691070383814       -1.8110086028998540     
 -0.12641372048387187       -3.5094941642214383E-002   6.2402752283136201E-002
 -0.28072930907547028      -0.41960705203295040       0.10585885845152306     
   3.5069777625647364E-002  -2.2071186817605087E-002 -0.12437188375950844     
   4.4744347021049382        1.5755976945172681       -1.8738473568324683     
 -0.19281783206250211       -3.3317413626244477E-002  -4.6175782358454577E-002
 -0.11462372151946179      -0.21373569229689021       0.13245436353428874     
  0.14364488077395782      -0.18291464549086064      -0.23419016400238873     
 -0.15201692111043127       -5.6034223094720698E-003 -0.13272299237777119     
  0.11273065441446056      -0.14000381319475411      -0.21814358923826968     
 -0.11319528736626702      -0.14110417680719167       -9.1865488938870157E-002
   2.1587569316446547       -5.1835435094651752        1.7941329087361753     
 -0.34235802043451857      -0.16222372281615424      -0.20945051488268482     
   1.9996752585000386       -1.7860319781945959       -3.3615067728306287     
   5.0639697243773527E-002 -0.11086911625744308       -6.5544775704618197E-002
 -0.67224210535367501        1.5080115176114057       0.54199912426407482     
  -4.3136594531259860       0.26878104657157981        4.8521269002664722     
  -4.7182409513405577E-002  -7.3098761398262074E-002 -0.21749940287885569     
 -0.77528969562384575        2.0397295541906257       -3.1071065851458393     
 -0.23890209495639714      -0.16308190141017972      -0.13603321904544249     
   9.1173134604615388E-003   9.2521581694342422E-002  -1.7314387020073816E-003
  0.17132982377264927      -0.15329785783815505      -0.35005236616340157     
   3.5241658119951613       -5.5326222957797717E-002   2.5097068314265027     
  -8.1120416863430009E-002 -0.28788763415470592       -1.0808684561341701E-002
 -0.46105349098612386       -4.0242207108830490        2.1508968805612971     
  -1.6996764989327564        5.0465932900096542        4.6131329710338536     
 -0.37145494161295411        4.8131957209751365E-002   3.2368525712393709E-002
 -0.18761940259595294       0.17651372110190700       -2.0448489546516298E-002
   3.5354554726803276      -0.67839991051169846        2.5855349576271998     
   1.2189123289477124       -1.7894662259195373       -2.0088084846990943     
  0.21824349501834273       -2.2012674811933435      -0.14346107706103348     
  -2.6963968300081388E-003 -0.17661531940957312      -0.12238123832616303     
 -0.21638521433711566       0.29714558135834990      -0.10008840004781008     
  0.61824140377014758      -0.59026089843503893      -0.80624265208331414     
 -0.11287647345523526       -6.1397115348422196E-002  -1.0859356150607473E-002
 -0.12979730453724142        8.9782859415508579E-002 -0.11726868038738796     
 -0.12625482368246913      -0.14099082225362275      -0.27098186626045317     
   2.3189718713211116       -3.9270012951900344        3.4251891277962452     
  -8.8149412181638839E-002 -0.29739004457638218       -2.8150815480039938E-002
  -2.6579132852927887       0.41158338597038263        3.4159487064415854     
 -0.93148262372450652        2.8266651393603413      -0.59714167954453079     
  -2.4694245700177513E-002 -0.58441875181970537       -2.4471979227531854E-003
  0.10704772093402362      -0.28831440226519056      -0.42194161461948404     
 -0.18995776772548706       -4.8816925293287579E-003 -0.14345354188540677     
 -0.48927278774031391       -3.9909873290526497E-002  -6.1528656087343953E-002
  -6.5455912410096344      -0.19784220247918219        1.4745205982721785     
   1.0904568332330899E-002 -0.16399430823456862      -0.17512667055705028     
  -4.4199143927852021E-002   6.3003232649785662E-002  -9.3172487631654075E-002
 -0.41018084279219841        8.2413484921869049E-002 -0.23261614559038629     
 -0.68333064941497990      -0.53761055044315931      -0.65006019129772463     
   6.7442604369253312E-002 -0.14550454888030667      -0.10727845400680477     
  -7.5059010498658265E-003   1.3494313430244903E-002 -0.18643145361696822     
  -5.4926847853589741E-002  -4.4824977634944009E-002 -0.15279971056806368     
   1.0915282593682984        2.5684035328453150        3.9552157960043051     
   3.1515405026770766E-003  -8.2000433680299953E-002 -0.18310435940119252     
   2.0103993856438445        3.0406384434594820        3.4409757861940560     
   7.6728547451178589E-002  -3.0396754716463581E-002 -0.37502395217639461     
 -0.15906383615132255       0.13251445204583406       -4.1457859329724837E-002
  0.35858081863031904        3.8987367289643733       -1.0649953529808456     
 -0.14021666694034488      -0.31544405846528278      -0.20060145957627346     
   8.1485301390499379E-002  -8.8884933255806930E-002  -2.3617207330456323E-002
  -4.4270200062894817E-002  -5.1332291370610218E-002 -0.10659332199050046     
  -7.7409675275324788E-002  -5.5296280371039050E-002  0.44249818028027932     
  -5.6958763591462708E-002  -2.5328894606871368        2.8344124594292825E-002
 -0.13881938184048218      -0.17558912836183815      -0.19802304445372013     
 -0.32559918572527430       -1.2772399462320378        1.6020854238243387     
   10.752800639170776        2.0680656895208962       -30.952848831006371     
  0.17230408470342187        4.4569667414514607        1.5503889846226724     
  0.20794017662186229       0.58761423411939562      -0.10627758849332847     
 -0.12264225864042375       -1.1717126482342186       0.37937391867446618     
  0.46296713942002504        1.7391459583789990        1.1979452536170028     
   1.9909696047666192       -2.4840432263696912        1.8118640944107018     
  -9.9380171625933850E-002  0.11410420667088443       -6.8460300716043115E-002
  0.67847473906457345      -0.45993598351905485       0.67729918185030213     
  0.14628208591087485        1.1523083168616239E-002 -0.29499478744519425     
 -0.18326075654251373       0.11787132099564626      -0.29215593668919165     
 -0.12585276282270721        6.8013054625037608E-002  -8.9084737369063069E-002
   1.7432801370789568       0.92820798057049037       -1.2056135271119659     
  -9.0360817972811098        7.2660776123623254       -4.0943896626516514     
  -2.9932447163607670E-002  -1.4485900192367973      -0.28300856935373331     
  0.26264619635273956        5.3153971187953925E-002 -0.26531267136284725     
  -5.6501599953461941E-002 -0.10211940674769368      -0.17606271696271475     
  -1.7967897754554654       -3.0128500481309950        3.7161130523136641     
 -0.99124769563881865       0.69428607206149384      -0.94714431129840715     
  -7.4331144049995551E-002 -0.12925913490895138      -0.19833566442564174     
 -0.56994752506041191       0.13447098101700067       0.42401238216337828     
   2.4619734754057911       -2.8299962040277591       0.81465543584864752     
  0.75247318197019375       -2.8322192253535645      -0.76901381326105622     
   2.8947443326235991        1.1222548071558425       -2.4217923056159063     
 -0.28962564644045957      -0.53380561383542957      -0.78327119465377804     
  -7.7247585062595533E-002  0.19652767835516000      -0.11294847517284073     
  -2.4453553692502483       -2.7310275613773176       -5.2709140355631767     
 -0.11128549417693417       -4.0527147815357427E-002 -0.11037153775659669     
   1.1683547210342566       -2.8201440817204597       -1.3578932488457069     
   4.6530154019414271E-003  0.14410845965679486       -4.1070541859950533E-003
  0.14442942698893321      -0.23314572560883126      -0.16872253578546192     
   6.1023007537853127E-002 -0.62174095733370938       -4.2642677083020997E-002
 -0.26721492852659134       0.11128405730005841      -0.18342474830584640     
  -6.3370688389131749E-002  -2.2669486213916054E-002  -7.7413507488715949E-002
   1.9898922308107314        5.1456546830334604        1.0386316017134087     
  -6.2832748726063731E-002 -0.32238135491728315      -0.27900779941855652     
   3.8545295780028814       -1.1076186309364320       -1.7956944968254620     
  -2.7761006061146683E-002  -1.2955350706067972E-002  -6.2306683466667651E-002
 -0.20046030232631099        5.4332308374633466E-002 -0.19685950385508344     
  -5.5752674402457500E-002  -7.1495334916256092E-002 -0.12932677275816190     
  -7.2627267795561834E-002   2.6736460001163601E-002 -0.18655480378093900     
  -9.3379242130120249E-002  -1.9848755380176844E-002   1.4368741369388430E-002
  -9.6731122855788082E-002  -4.1221246326971647E-002 -0.10132265141487304     
 -0.13335049038275673        5.3951050851013295E-002  -9.7370567207240841E-002
  -7.2308911275974844E-002   1.7488168976496716        1.2737982354830408     
 -0.14423096468670460       -2.1854580142632772E-002 -0.14836279875505007     
 -0.23159864355175841        3.9217428977456684E-002 -0.23923430333978232     
  0.78042507692219687       -1.4484553062409546      -0.95998644217502993     
 -0.23809657997650524       0.26323603627360265       -7.2217676141366718E-002
   3.6914701665754900E-003  -8.9977498152227997E-002 -0.21747173994918034     
 -0.20604375616827203      -0.51220727332408866        8.4533634826592374E-002
  0.37146440994010999        5.8164628644256193E-002 -0.21502678500265787     
  -7.9351629854727018E-002  0.13592847275633868      -0.17366391789625138     
  -4.0078273910163734E-002   6.4791688892207627E-002  0.34711824600422114     
  -7.1520275896548496E-002  0.12575693039867508      -0.24246949087402625     
  -6.8357518760455552E-002   6.8995897429909803E-002 -0.13782136500151260     
 -0.18280150579837018      -0.23677482757713700      -0.13466946982168704     
  -8.3769900082412169E-002 -0.19013186307329857      -0.10579664571897805     
  -14.320822747853734       -14.070569183346723       -24.394414552554913     
 -0.90875755829932525       -4.3812103121031098        2.7561337737407432     
 -0.25608243066494735       -1.2842795264419216      -0.52906445972883287     
  -9.6910334676013551E-002 -0.11846398811524961      -0.18531106753357107     
  -3.7675359107483129E-004 -0.24612476489009960       0.45389642741071762     
   3.6422844262939909       -1.4321716052762881        1.0843744023539521     
 -0.20833452364284710      -0.15356859906975234        2.8732865442502219E-002
  -4.1578677292790314E-002  0.25112833859483907        2.6661913499432907E-002
 -0.16052078867333067       -8.6187757016323835E-002 -0.20005269437244363     
  0.21351470591418897        2.3973380378050568      -0.95027024986896025     
  0.12555818314150033       0.36046555630428634      -0.21238888277722495     
   1.0148407611233892        1.9083782421575257       -2.2020425155457435     
 -0.28948879922465220       0.19970660263592396      -0.42739420266795497     
  -7.5211127137866471E-002  -1.9912847624491661E-002  -5.5307327636035138E-002
  0.31694467901016909        2.5224704437707439       -5.0443253612934269     
  -1.0694388512425714       0.64005054391330940        1.0016825476597264     
 -0.46081981480562700      -0.16802881268940417       -3.4378411628657443E-002
  0.24574511959764997       -5.9995149830133852E-003 -0.40393432048598310     
 -0.55463274589139810      -0.26801962183645711       0.22891914090315510     
 -0.31414743204925277      -0.13139383867062668      -0.15634319451294165     
   2.4997612800933573        1.8301112591310398       -2.1556734509779174     
  0.65110800579968464       -2.6422285868786846      -0.18401892362977315     
 -0.48316135072975069       -1.1401347406504212      -0.45142588914583248     
  -7.4832273683531458E-002  -6.5278166478943467E-002 -0.13677697763633365     
  -1.9249414860751621       -2.4776906588096339      -0.62008039853493691     
 -0.21604140538473102        8.0140293415574992E-002  -7.4682978301675945E-002
  0.11584662586573166      -0.18451027193583794      -0.42709490556048113     
 -0.17662544827273269        4.8032682133996599E-002 -0.40256314793735443     
  -6.6728846830703181E-002  -8.6466375515665869E-002 -0.12088058233937921     
   3.9032596414950590E-003  -8.2850790022974755E-002 -0.19567943293592951     
 -0.23027547719558147       0.31582816160874577      -0.25054749787553932     
 -0.11779539748308619       -2.9729022047153648E-003  -7.4233230686300722E-002
 -0.94885879835749498        1.4034540337161199       0.84684791080706767     
   4.3612266992623807       -2.1417595171980046E-002   1.7032765811801218     
   3.9322523801296425       -3.5374948661984651        1.4440562042230394     
  -8.2960227024484620E-002  -7.1812301075394047E-002 -0.18034299506395982     
  -7.4529266734569638E-002 -0.14219964202838106      -0.16687127197476384     
   2.1602277637053997        2.5056928815915240      -0.39157424933410506     
 -0.19173459591976336      -0.26391007782098902      -0.93636014988207406     
 -0.35391870029685507       0.27459424101794638       -1.0840057457140694E-002
   1.6691555576219028       -1.4169409017745025       -1.4235550562048087     
  -2.5363520434069935        1.9796623129494129        2.0638647547523030     
 -0.10822903487706194        4.6289255371770449E-002  -8.9153921371868852E-002
 -0.16054353865993551       0.19331593175199122       -2.1341723860064808E-002
 -0.16479738347484768      -0.15793433153227446       -4.9714214046895199E-003
   7.3242926346704068E-002  -3.5407937273335524        2.1996385061403094     
  -7.2698751244478180E-002 -0.11961190999252093      -0.12958337907639134     
 -0.16589961216453467       -6.8804110410948568E-002  -4.0484024097592441E-002
 -0.30468818943533466       0.29192318556518160      -0.11468805785652639     
  -9.5423661913601382E-002 -0.13169645902637264        9.3746975579605374E-002
 -0.10375421170737545       -9.3140410962457953E-002  -8.1355499670995687E-002
   5.5926754754612418       -1.3700718054676924       -1.3537563170707521     
  -3.0718719155950254       0.48684117981278852       0.74819877306631288     
 -0.15639117362583563        4.8881343445844425E-002  -3.7946797713266173E-002
  0.89127416837165752       -4.4498256728660337       -1.2917782848887391     
   4.5860833851477337E-002  0.33508860524971146      -0.36926862363384838     
  0.98221775544623224       -1.0911486470374285        3.2160538070287159     
  -7.9881759658356602E-002   8.2635765276022607E-002  -6.3143962017256444E-002
  -6.0595555969067551E-002 -0.24573307988254103      -0.12687089039504315     
 -0.27804464928024764        5.2019416094915858       -4.4248830867461571E-002
  -1.7803455014047733        2.1964283369110995      -0.59441497070405391     
  -2.3944191467676914      -0.49417960178584275        1.9225714712762254     
   3.2253924444301076       -1.7877837259265148        2.6730192982752996     
  -9.6503073347292079E-002  -1.6951281841816253      -0.13856558236740943     
 -0.13676149132785057      -0.18668456787440052      -0.21988162041770179     
   1.4483846473670719E-002  0.13623208113034904       -3.2107184523644597E-002
   2.0262083722582473        4.3549138198887656       0.98805800375859609     
  0.93293419667412036        4.6628280464075731       -1.7261509544255125     
 -0.67957729170575809        1.7631400083509809        1.1150342711800935E-002
 -0.15043480905054740      -0.15860714688806987      -0.17218171433032861     
  -2.8579075129041776E-002  -9.6319149441996890E-002 -0.17832551554832626     
   8.4065111874108762       -8.5489079065881590        5.4821875198884378     
  -2.6342760946236717E-002 -0.30238375973496484      -0.17165523534651597     
  -2.2047543535405563       -2.7185940091686280       -2.1360189435886312     
  -7.5524073255095525E-002 -0.48380725828257876       -1.9976098073603926E-002
  -1.1660343793626531       -3.6216935527386784      -0.79280871096691763     
 -0.25695235943513889      -0.60639981092167083       -1.1486906500688820     
  -2.6352743834519807        3.8419060181396434        4.2059101684743441     
  -9.9310452910543814E-002   1.5139195816397116E-002 -0.17139996043780925     
  -4.0489144579418920E-002   9.0970136693844517E-002 -0.25177106282671724     
  -2.7776773095324492       -4.2999783273149594      -0.38837625244037127     
  -1.7899271634430574        4.1198312288693515        2.1894962471195871     
   3.7471686078581402E-002  0.24161652813521517       -4.7920164281958985E-002
  -1.5731415154139543       0.12563834001450758       -2.7775974374487182     
   1.0639748579860786        2.4210904820385069       0.83824309926036489     
  -2.1812141016884379       -1.0377746261918896       -1.7015348320351791     
 -0.14288341657483314      -0.15832407998133927       -4.2135910595078797E-002
  -9.3035588275249150       -8.2172305062949640        1.4286946770981785     
  -4.2477301720880876       -6.0298202737592996       0.33101705091679240     
 -0.27518953178828043        1.1076546470909587       0.11405678829017472     
   2.1059716330209075       -1.2178571029526932       -1.4233568265941876     
  -1.0575567525398599        2.8999436837892154        1.1498338771730361     
   4.6004460886923386       0.26875930240405643       -3.4791302202733774     
 -0.22090120605850844      -0.18558586810937261      -0.23238534954291690     
  -1.7615072015897331E-002  0.31041430221792121       0.56569582019311115     
 -0.44777708191191173       -2.3237292835249255       0.38734108770637271     
   5.4991004375078423E-002 -0.18638693931214723      -0.14475019001193890     
  0.45505315844199712       -5.7064023937298929        1.6267789330228855     
 -0.46674415221955340        2.4821405159299564E-002  -4.5854885240012917E-002
  0.40844046276437995       -3.3037045495048618      -0.30661379054779064     
 -0.27877098571381664       0.20651276271316379      -0.16208244009530670     
  -1.4292935251927178E-002  0.17555642176789535        6.1577873989859125E-003
 -0.19372941424813950       -9.7147774205854617E-002 -0.10200081100897232     
  -4.6885499701810558E-002 -0.33936187534879425      -0.15550369107744730     
  0.22910395771720546      -0.52505229734087044       0.16465485194683402     
 -0.65984823969705508       0.19131447755762315       -3.1293958952464541E-002
 -0.19235532931937466       -9.3232216855611644E-002 -0.20262719429629134     
   1.8909605791947597E-002  -9.3536032301925476E-002 -0.21505598614375399     
 -0.45262011945941399       0.26422300452013214        1.6778324690044775     
   1.1837550930632807       -1.5317211945886591       -4.6362399061912285     
 -0.23612531482128943        2.3745781416870202E-002  -4.2450481393669769E-002
 -0.16582454057998441      -0.18031646104952331      -0.10441006877182575     
   1.9629481822286739E-002   5.4337367283573794E-002 -0.29887214122489603     
   6.9884764978016448E-002 -0.45229882977469188        3.6864488216117076E-002
 -0.25057127525416978       0.20640367506807350      -0.15277061621823407     
   15.848679077728152       -2.4692171292582330       -7.7729216874953382     
  -1.8019199061186033       -3.2330465286039685      -0.87888714408702007     
 -0.12872365458037499      -0.13920176421462949      -0.28468673093381541     
 -0.12720407327873939       0.93642414318571632      -0.26305632846766624     
   4.0879294715891579      -0.65176106036828840        2.6812794086496656     
   2.5318455283610231        1.1125649004119460       -3.2544671628847301     
   2.1920917460605622        1.4683829493575089       -2.6555505224050027     
   9.2884162144687726E-002   6.3791737882042371E-002  0.22659345100516495     
   2.7550056738702260        2.7609459224698880       -3.2458052643718873     
 -0.83525711537290648       -1.9505905720974372        4.6655400292034105E-002
 -0.10509886733311299      -0.39766813716422039      -0.11569260566437010     
 -0.32273726996719410       0.20935490348338498       -4.9035485965427957E-002
 -0.28727565937867489       0.20307879746721086      -0.28736279667338960     
  -9.2417677136216292E-002  -2.1842986781622060E-002 -0.62923807607237081     
 -0.18046763631459087      -0.10074444265423614      -0.43441075921151412     
   4.1091671303671227        5.1843062932539832E-002   3.8730833202067978     
  -1.5488817022665304E-002   6.8157603719649740E-002 -0.22071936141002893     
  -3.9757740312730445E-003 -0.37525230086099681      -0.25841736862971160     
  -4.9309030373135991E-002  0.37241344069062254       0.97486238703962014     
  -1.5312142313469552        16.900977126737153        10.114575935382222     
 -0.13286679620896777       -1.9025919580084816E-002 -0.11085740010417426     
  -1.0768993331451726        5.6607615116436930E-002  -4.0309129890035500     
  -1.3406831483032815        3.0289586762341405       0.73139785559560599     
  -2.5908007008112675        1.4691826075951060        1.4860498348120508     
 -0.15213424705078990       -3.3519196408834717E-002   6.0521077798461331E-002
 -0.26254016734510582      -0.14714718098778223      -0.15039287834520171     
 -0.34056810124234393        2.2639029955048001E-003  -1.7034955745703906E-002
  -6.2535746567762507       -3.7407350353532247       0.70791188665562477     
 -0.22930888413117143       -6.0590802988372369E-002  -4.7972926154656703E-002
 -0.47101145797820826       0.15321928889124165       -6.8465660571093531E-002
   4.9361952684629475        1.1370693817265873       -2.7007567288820673     
   4.7946377252223842       0.88416998147865145       -3.1935598557254972     
  -5.1348111862313292E-002  0.38283087813749395       0.11764580186711089     
 -0.10084544695831449        4.1057066778869229E-002 -0.23925422738137436     
   3.7230654108730405       -4.6779183689751020       0.62512279835794693     
  -7.6494715576002736E-002  -4.1533330599368430E-002 -0.23180918834847558     
  -4.4887573470275317      -0.77485073195062681       -1.4038404445228165     
 -0.14644555934811326       -8.2212194654542950E-003 -0.21133163935515936     
 -0.17859591148822365       -1.3997552659733727       -4.9924755778394787E-002
  -1.2271675750555975       -2.5897066158178110       -2.4956801965308713     
   3.3959792561779528E-002  0.26616985414695060      -0.24778093279281707     
  -2.7851417815555739       -3.0791150765799422        5.2450789746779769     
 -0.11817441405417103       0.36633408370535081       -6.3501002208638607E-002
 -0.56577968827124392        1.3009425031713957      -0.96584024015790482     
  -5.8443085292345376E-002  0.11975169576023917      -0.11363043514374661     
  0.11840492379609380       0.31134945165518962       -9.0694964259347616E-002
  -4.1344636866460798      -0.46632287113193982       0.10828233447334104     
   6.9516844395285451E-002  0.27601983331952523      -0.15994652271017587     
  -2.4897274758526438       -1.1249417063314895        4.1641672691718252     
 -0.40680635941422649        1.1673761940648084        1.3400327780889767     
 -0.13934983966097106       0.44984556440704815      -0.21558414003027529     
   15.606107925546787        18.000315570237902        24.716070802230060     
  0.99978545169279009       -2.0013994284581962       -1.4122629144770800     
 -0.11166587416936562        5.3917508765544089E-002   1.8505035317386093E-002
 -0.20026978886465799      -0.26968492776749903      -0.14469690222059653     
   1.5718183247720858       -2.9658358778839862      -0.90763385637805660     
  0.48586988945875909      -0.73020529971156556        7.0523148953983039E-002
  -9.3306230543461807E-002 -0.19300059571005435      -0.10732278252413284     
   1.3258928394750991        5.2986793353785249       0.28492209226753690     
  -1.9905126235424879       0.19867457166581268        2.3010482233999534     
   2.1277733380899320       -4.7390115730160103        3.0010504434888174     
  -2.6865903485405096        3.3355339296332911       0.23363094042337526     
 -0.11888610094622074       0.23227320859196043      -0.17115825987991962     
 -0.69475580515556512       0.83813121289826176      -0.45454732221158928     
   3.2335994353316203E-002 -0.13590784603847350      -0.11381164527217709     
 -0.19490976278760502       -1.6977490253309573E-002 -0.25985233937564817     
  0.19945301461419121      -0.71567330996380762      -0.50076307720490332     
  -2.2943916363761072E-002   2.7686167540004619E-002 -0.11486746160199444     
 -0.10105117341131455       -4.2804892666646402E-002 -0.24348990219677263     
   1.9475013621178687       0.66759373638336350       -2.4476423306317709     
  0.46682608134913439      -0.13598646615171131      -0.37360755503897569     
 -0.79661553726951062        3.4880120479977372        2.3117543456475347     
  -6.3451472325127744E-003   2.8535273065270247E-002 -0.12301272907923758     
  -1.2014362601941071       -1.8067565356847770       -1.6495185959702688E-002
  -4.3363241456286934       0.23896899014020603        3.6585413889101748     
  -4.3452478010693650E-002  0.75289260533215174      -0.40767228270850353     
  -5.8144444702927595E-002 -0.16092651454610635      -0.35594006708000520     
  -2.2328016881984308E-002  -6.2695987432664468E-002 -0.12766648959551657     
 -0.16524634389753673       -8.4336090357580912E-002 -0.16419236985009636     
  -8.2725998515062932E-002 -0.26169731643305350       -1.6525154667890132E-002
  0.86164494657040669       0.72547228860306268        2.7013907101168222     
   1.6261195192578763        3.9035586383051064       -1.7417037631355272     
  -2.9378517065620769E-002 -0.20017364491945033        1.3091366788689123E-002
  0.43227418311225124       -2.0951636947129106      -0.47604049426404943     
  -2.5043913538946291E-002  -9.2946833248178304E-002 -0.12670707111551791     
   5.7685995068337608E-004  -2.5291704849630836E-002 -0.14457230617242256     
 -0.40818738131106552       -2.1673749863956413        2.7568377467896830     
   2.8612507585123542E-002 -0.34340209494665830       -5.2518868119752440E-002
   3.6995983398507168      -0.73435628920142648        3.2330596707027750     
  -8.8330847547728603E-002 -0.18465554938891854      -0.19351850982199451     
  -8.8965979691361122E-002  -1.0185264045875050E-002   2.6440284356183896E-002
 -0.35168491414179637       -2.6110469489828567        1.2897262421598734     
   9.2808784539413960E-003 -0.18098828927141905       -9.0326787212000437E-002
 -0.16633223822315116      -0.13726033022498729        3.5642572503198661E-002
  -7.7101095724699087E-002 -0.29595749607020400      -0.36588606385442218     
  0.71209105781869075        4.7779443767644345        3.3785758125503045     
  -2.9856227411127283E-003 -0.12359267852046241      -0.18336049012880276     
  0.76273143449304104        1.8295924726168504      -0.11816003773398219     
  0.87899716092234415       -1.4623579608240189      -0.44268939076530650     
   4.4814158248176277        1.4411683364364829       -2.2032610563150898     
   1.1212788222082510        4.2695158585816673       -1.8395077081348528     
 -0.82060177743794505        6.0960874629571977       -4.5620113970088854     
  -6.9440494400691735E-002  -4.0654776678160282E-002  -6.4886333569203369E-002
   2.8504908526889676        2.7164097887547820       -3.2066074812942045     
  -8.3191347948493227E-002 -0.52116754602658677      -0.10850885298273116     
  -1.9813759893803498        3.0149336516402698        1.6641488520754719     
 -0.14126065821653042        5.4002708758755007E-002 -0.60345912268999091     
   5.3793102914211799E-002 -0.11136061443488002        5.5316182009675828E-002
 -0.23062561686626593       0.17661899558529262      -0.38865818954138076     
  -1.4479868860822054        2.5691224034110949        1.2494191359061428     
  -8.1575250815031329E-003 -0.10428808551680155      -0.14890703966335356     
  -3.6447760228082493      -0.54100142116800753        2.4692891860352795     
  -1.8045783641431393E-002 -0.11621964759546244      -0.10903824064274592     
 -0.21068548386134017       -3.6786159444878661E-002  -5.4890350366524024E-002
 -0.33002101471400475       -1.2652803973821924       -4.2209331795583562     
  -2.2445257972104420       0.53625107832508656        1.0510186781956783     
 -0.13909700041566309      -0.25473343497360473      -0.13487371174028173     
  -8.6247451506407793E-002 -0.11050285298623846      -0.16994747994792969     
   7.8674043232179955E-003  -1.3848061704558087E-002  -8.4389420024593376E-002
  -1.4481252262452156        1.7581166772391523        2.8719392866677507     
   4.9413788507933189E-002  0.16051183339492869      -0.19534010720158348     
  -9.7651046205634515E-002 -0.22707965566950433      -0.10595495177311118     
 -0.10558060746803749        8.5917019118668711E-002 -0.15951532178529121     
 -0.24371725697509222      -0.23330196338777917       0.12127168791762352     
   3.2850005119818309      -0.57026005551381220        1.8158983329675777     
  -4.5587889376042801E-003 -0.10866174045917339       -8.3065295399278816E-002
 -0.24397592254457898      -0.15154005353768507      -0.10306960120805866     
 -0.17133479165752272       0.72701576590913797       0.26981690451901030     
  -4.3198493397395656E-002  0.10315283093120940      -0.14866906046917605     
   1.2454917197750432        2.8070843490799451      -0.68176842108864955     
   2.5539484914644164        1.1134466491182013      -0.85345781514504993     
  -7.8942194713589722E-002  0.11016167206037093       -6.9008654863130431E-002
  -4.3138543652895267E-002 -0.25368100052835124      -0.28926552325416927     
   1.9057088486441147       -2.8620433778654695        1.0103729137572033     
  -6.3270777949465479E-002  0.10836709346797807      -0.20069765212130913     
 -0.79022629845192549        1.6445791431553305       -4.9119810255636581E-002
 -0.70977897609924978        2.4339269648974842       -1.0713648970126755     
  0.70967029121250458        3.3742047066382845       -1.1029431248395689     
   4.9534399967687021E-002  -6.5730832541651893E-002 -0.18481738285652760     
   2.7445665619328916       -1.3450722039972256        4.9662562784183919     
   1.1151523292043223E-002  -8.8787860938252649E-003  -9.7477733213735790E-002
 -0.19579582257282729       0.13217359678587728        2.6934907239275822E-002
 -0.23881569078872816       -8.5318463496370095E-003  -8.5319663875536370E-002
   8.0477848301818451       0.21857797630976783        2.7304690914077310     
  -6.8058225595671956E-002  0.25765046281117365      -0.13957914406597571     
 -0.13212340011596535        7.2621321308784265E-002 -0.11349019096347798     
 -0.25902243286875037        2.7952141432053660E-002 -0.17342972663031733     
 -0.19348645719994073        7.5095470535426284E-002   1.6153683955847983E-002
  0.69733718942450540       -3.4070699480381110      -0.69242345469225941     
 -0.19772099226045459      -0.14233627328770790       -8.4022804770006329E-002
  -3.8572492536400528E-002  0.13605099948164465      -0.22327560746189051     
 -0.33457218991532095        1.2585919967139867E-002  0.12099260566619503     
  0.52834586783052240       0.75769222877425846       0.48178935194174755     
  -7.9202571894287394E-002 -0.10999437401752522      -0.24309702466650185     
  -5.9095347966985241E-004 -0.26597210237112023      -0.19856464571731411     
  -3.2670328902519326       0.78810244856684530       0.71910110991773768     
 -0.19400798406167022       -3.8557819165905838E-002 -0.26846677653374651     
   3.7573234485568583       -2.1064184676807751       -5.0492819443190733     
  -2.1713182779057552       -1.3113008176074607E-002   2.4123931577633297     
 -0.50057794761114149      -0.23770378634708814       0.25266388656115940     
  0.14608586590665126      -0.51120675387644776        6.4660111305783835E-002
 -0.55521462296016977        1.4902796188681635        1.0751413151201226     
   1.7569890174411338        4.1846277211467307       0.76697496407323373     
 -0.18344907170111743      -0.15878363486689454        6.3046684891759810E-002
  -1.3504699120359820        3.4091096542337884        1.5282706869943079     
  -2.4184104822887612E-003 -0.18366545290614902      -0.25139297138423988     
  0.47334233367897410       0.40149078360750168        9.3884293992807052E-002
  0.13130155428981310       0.15206502520622778      -0.16295077583733378     
  0.46292457206390270      -0.53638698581960498      -0.28342412017111085     
   9.8568094565087722E-002  0.23898937370306106       0.72050593977151467     
 -0.10063904139241177       -1.0245914161549519       -5.5941483387835132E-002
  -1.8502060201728825       0.58279379844252299        1.1651094287853021     
 -0.11151583634997632       0.25553370009935961      -0.21447273362346606     
  -7.2068419517778690E-002 -0.11458608234435189      -0.21216047821208214     
  -2.6922654019427279        1.5590883395140287       -2.4746741552956442     
   1.6494146326032337        3.4571999684534651      -0.70432291567803473     
 -0.71548261061402885       0.88304251847314197      -0.10152025168558704     
   2.0575800771468651       -2.0971891085919205       -1.3935691500891743     
   7.9547454742860388E-002 -0.34395758750591043      -0.26919614930464919     
   3.2219388431211589       0.14267695029660146        2.3366549395499301     
  -5.2899369229912903E-002 -0.12107169137512229      -0.13362983699386766     
  0.20116117510071069      -0.20407569119932037        2.3561881083245111     
   3.8967212324290360E-002 -0.11085564210159933      -0.19658048985961027     
 -0.42614579860415269       -5.6860634614818011        4.8301508796069950     
 -0.10322749494962932      -0.81142022214542786      -0.32520274362781743     
  -2.2483141822475896      -0.47297871749151682        2.4403613911534690     
  -2.4637355312523925      -0.37824389803759828       -2.0313070238214292     
 -0.87952224264052425        3.0110554796033875        1.9490802107045748     
  0.82898445618054939        4.2166815773161161       0.15586408770270599     
  -6.6237857027251199E-002   8.5067891843322460E-002  -8.7686262597907655E-002
 -0.21090863521813830        3.5252232437460673E-002 -0.13095284620095243     
 -0.51984479387652149       0.77848917750834623      -0.35003645185412285     
 -0.29511261628673624      -0.43175030400465969       0.62196017189540731     
 -0.39678353558273044      -0.16896505584763469      -0.11031749111078083     
 -0.15000809908684679       0.16586259788018820       -7.5237073605478710E-002
   1.0469955248362526        4.7066489180952376       -1.7487786952709901     
 -0.24848212204799947       -4.6970318732309693E-003 -0.30556918045072201     
  -1.7286110964002230       -3.3973973904648216       0.98706517129398097     
  -1.7686260953714084        4.0314946879745593E-002  0.11901641512435664     
  -3.3632707112828233        1.0431468395826011       -1.2150061901835274     
  0.36609841792430214       -4.8751676601438663E-002 -0.42406379508728465     
  -8.3859398439748309E-002 -0.22966425682079444       -7.4571118812719869E-002
  -1.9307765484757511        3.1022343616256252        2.6802022399167953     
  0.36844361537538894       -2.1737540084504587      -0.45969111153869241     
 -0.15956915782945144      -0.18926133902809913      -0.10317845240736929     
 -0.14667403177220928        6.9551118305699405E-002 -0.18068722983656685     
  -3.4743504082460679      -0.65625749845994941        2.5400269928079551     
 -0.22869632565301046      -0.54313734017874693       0.24016785603570226     
  -2.3140577605747736E-002  -6.9939379765973555E-003 -0.12953518735020411     
  0.39155967896626298        2.4966569131478371       -1.6730071237692850     
 -0.22511833207559037       -7.3755294778751437E-002  -9.5903836201425882E-002
 -0.84484018727527677      -0.33311850062313014       -1.5997310570096905     
  -1.5467539937636510       0.48105021128759595        5.7675029700054097     
 -0.14390696863233501      -0.21591733470017949       -9.7595062270221800E-002
  -1.7849784309015408      -0.26798010793621296       0.28976078041111941     
  -9.2348757408957843E-002 -0.36954049853305132      -0.22490941343901208     
  -6.7574075089477520E-002  -2.7593049884237504E-002 -0.12154078611250663     
  0.10386801307573722        5.3583785475573291E-002   7.0009305163399871E-002
  0.68376584440049393       0.43146594616065831       0.29608071297016642     
   3.4340308706311752E-002  0.14134220866683320       -7.2283826016044661E-002
  0.69544858728616188        3.6153233788348813       -1.9963287783845718     
 -0.16039877796355850      -0.26429913488432843       -2.4713403193259983E-002
 -0.15723092285868553      -0.10160503699275718       -5.5959579754742639E-002
  0.69744715767321153      -0.39634054820359704      -0.42608037692601264     
   4.9021053635311854E-002  -7.1915294694618839E-002  0.23431185631034715     
  -5.8749713320962349E-002 -0.12675064381639375      -0.11340877436467489     
  0.19713306755914500       0.20870259815311507      -0.19923379088888415     
 -0.24027831386907875       -5.1167020441193513E-002   8.8237810946472664E-002
   2.0301003783959444        4.2840720265544823        1.1097999287592342     
  -6.7192256059129679E-002  -2.2776642788800712E-002 -0.24694342673171230     
 -0.11834725831309664        7.3274743037625045E-002 -0.32895592179680927     
 -0.14855900748705606        4.7422213931914182E-003 -0.15191587296422496     
  -2.6739661759135109      -0.84268232186502368        3.5581294645639003     
   3.1501631898743039        5.2304155854939296      -0.91566376645796610     
  -3.7641070032947096E-003  0.64213904251828358      -0.39286135238788344     
 -0.40611316452596824      -0.43380919666137208       0.84906094859559533     
  0.29660547921208791        1.4183425390001760       -8.4264680155089824E-002
  -3.2381233318822491        8.0371899744230753        3.7134554210311594     
  -6.7230251626076487E-002 -0.30358498598758649      -0.17556986915031986     
 -0.15743929921585328        6.1722999953853726E-002  -4.4536658676105678E-002
 -0.18448613515737183       0.20544769842820032       -3.8266808346006105E-002
  -2.7723204416854923       0.61595256927269593        1.9787611501502860     
 -0.13857132848609993       -2.1216324279576676E-002  -9.5426064437535880E-004
   3.4970999844170896E-002   1.0558624410585702E-002 -0.10326317251410612     
 -0.14032329688451581       -8.1388729110377964E-002 -0.22833849866467920     
 -0.22320630049022827      -0.16981686955146405        1.7561252369348187E-002
 -0.24279095456049407      -0.10627790861951425      -0.24067336747895021     
   4.5236463389384245E-002 -0.17568432885701635      -0.22891569551321342     
  0.85633200745190174       0.19199603659226297        2.6984426043057224     
 -0.12315823292047151        6.3450725600217250E-002 -0.23616553343637881     
   1.2904081553642666        7.1231171886215536        23.293998314283392     
  -8.9095092507870330E-002   7.5340605180512603E-003  -9.1917929225240835E-002
  -7.0428367186843130E-002  -9.4497818542728193E-002 -0.40229873522265386     
 -0.22940531606865236       0.15952625997776920        4.8750104584824649E-002
 -0.31105827217237481      -0.15758197542321953       -3.6356583049265499E-002
 -0.29208102825175930      -0.12714750725647841      -0.16716760104979361     
   6.2958301687593892        4.3812552617801481       -5.3405725640982578     
  -2.4181266784642563       0.16263242448438556        1.3186366952184652     
  0.53915188716900864        2.3868758931143326       -1.4499358461201644     
 -0.75307009438628303       -3.4975785491357811       0.40371433268093204     
  -4.1710690997344077E-002 -0.13816350821610962      -0.14259501568297003     
 -0.18506380138128473       0.57230161833859505      -0.40760562987894783     
 -0.14012898811612476       -7.6454484700288727        4.1381439918150482     
 -0.14946158225075401        6.7142148098282978E-003  0.11669100101609045     
  -9.6646415880690506E-002 -0.19304384642720687       0.13495605979005590     
 -0.12262234752744271        9.7848585324913709E-002 -0.18758048759608822     
  -5.3056572496339056        8.1084177012844840       -8.4081119519791603     
 -0.16669594950973807        5.6424011278222122E-002   3.3082953156259247E-002
  0.21113132550824393        1.0129181878379527       0.20647901553397591     
   2.0975984548335758        1.2938156100603280       -1.5649931876532284     
 -0.18728532313034013      -0.10632487143445564      -0.11806516412178948     
 -0.14851936607546526      -0.19628252727273965        4.1771721892293265E-002
 -0.39221666376866376      -0.57545228980995367       0.12698496946259080     
  -1.7861187234871945       -1.2557524888035350       -2.4646627011551439     
   1.2163372652544013      -0.63971717529272909       0.23501452257762395     
  -9.4532850527199674E-002  -1.6543006129316034       -1.2098401148050442     
 -0.22788724333765190      -0.10735548783120627       -6.0928442248234398E-002
 -0.22461445019109541        1.5416771610038313E-002 -0.23355144624806287     
 -0.15555174038328534       0.19858023846817577      -0.22683370930757007     
   6.1481269536826470E-002  0.22319387363527537      -0.15325292730930865     
  -8.3234946704679763E-002  -2.7536898712907938E-002 -0.13654040179691845     
   1.1363573431260170        2.3099036364029306       -1.8271131803475000     
 -0.64323680112259862       -4.4561227261658756      -0.38184451972413402     
  0.17832120006915070       -4.5583981839711955E-002 -0.26416679121861714     
   4.3415868474492418      -0.81193305386562964       -1.9655369785262127     
   3.5726267692669738       -1.3392865336059367       -1.8304061786668822     
  -3.8687118705945572E-002 -0.14760097575202286        1.1912590324609229E-003
   6.5284106386456058       -4.8241550834694600       0.63175319362825288     
 -0.57889389821289627      -0.42234260926110295        8.4038851664692063E-002
   1.1031650595453044       -16.758306744863145       -24.808296634325266     
 -0.33428244946263658      -0.12263726166772917       -5.5274742357807022E-002
   9.7050369270317405E-002  -5.2417800048686909E-002 -0.19597642459734343     
  -1.9493746137897077        2.0447886279666450        1.0235500941987707     
   4.0536050480058101       -7.4542598713351413       -2.8515930120902726     
  -7.6532154962261503       -1.7554422231197329       -5.2690573368364859     
  -1.0299326133632403        5.9352866903211972        5.5609226419271733     
  -3.0274283430245198E-003 -0.36952768792999829      -0.24386586314280961     
  0.52842633302551534      -0.30359727914930973      -0.34496562348187571     
   2.7423788615775191       -1.0479991435083584       -1.4446441368775547     
  -3.1344289054209438        2.1358485543242045       -11.191399381346910     
   2.5247379931697425      -0.72147357700361314        1.0625149852201321     
  -7.3861253426154086E-002   3.8463462903982212E-002 -0.27192635009416388     
  -5.9793035841597175E-002 -0.13463625532885007       -4.0185376567741585E-002
  -2.1880302136636800        1.0482770590837454      -0.46349478502739017     
 -0.10421251538679521        3.9874593462598064E-002 -0.26981798474963725     
 -0.28205574092915292       -9.4467209889158951E-002  -9.7438687227727763E-002
  0.24925915646256180       -4.8835643899631659E-003 -0.10540852052719323     
  -8.0115162462853537E-002  -7.0122585574683455E-002  -1.2864366917389215E-002
  -6.9326352200082542E-002  -5.4374270498456230E-002 -0.21547748236038844     
  0.92321816637795062        2.8451386105110408       -2.5718579116139342     
   3.0278361706217254      -0.44949505759547925      -0.43927764987140311     
   7.3676343458239741E-003  -2.2605384341873918       -4.7689833614938166     
 -0.16250502283380050       0.16276291991085504      -0.29574280560553845     
  -1.9619117374037618      -0.25231033712283285       0.53283293661951525     
   2.0068369230060670        2.0609677587298645        1.1809010656443304     
   1.4362076368417691        1.2924871160319720      -0.19181906747221472     
  -9.9519440496671760E-002  -9.9274078275814137E-002  -2.7967545010250325E-002
 -0.15523400740685264      -0.11265222535890569      -0.10419318342301558     
 -0.15121434487074789        9.4522920628280313E-002  -5.6568598889269288E-002
   1.3139603954676113        2.2449157472550554        2.8248522044413873     
  -2.9233156108112839       -1.9533717872454499        4.7982134778207817     
 -0.17183790742323884      -0.61838499607481734       -9.5795404474846760E-002
  -2.8308943301611169        2.2893581645850247       -1.5389739298789682     
  0.16968182103073259      -0.37376264142753551      -0.14523804546070995     
  -5.1260461425064507       -1.2883278812356658       -1.9155750155180957     
 -0.13892639236937351       -9.2073752252547353E-002 -0.14557155280392142     
   4.1733881870977143       -2.6134980406288939       -1.7593354733211020     
 -0.17595864716634771       -4.1902358679499582E-002 -0.23625875404475510     
   2.5156001120388717E-002   1.8413100448048138E-002 -0.20477329330112004     
   3.5879422302062633       -1.3336679593070548       -1.9571494060073882     
  0.13737509364206416        2.2567012727775806       0.30653020097376910     
  -4.5990212506768935E-002  -9.4682076534331597E-002 -0.10209143756230343     
   1.0308821056106179       -3.5298786556469235        1.9472239538349638     
   2.8591713775972116       -1.9780054747905105       -2.2862201595255391     
  -4.5674981660254556E-002 -0.17024527630245309      -0.13289894304953778     
 -0.65659739243639814       -2.8648142904789422       -1.0347318899743374     
  -7.1333552223758243E-002  -9.4806273116634199E-002  -5.0452549287998937E-002
  -2.5790016322159159        2.5894346379879227       -5.7005806272977626     
   1.2234724390927629E-002 -0.10014439214991154      -0.15237901535831525     
 -0.15414292610780700       -6.3994451789862516E-002   3.9171017319349959E-002
   6.9330486104786260E-002  -3.9458691441967814E-002  -2.6035852895433528E-002
 -0.28481527587341604       0.41916812782459478      -0.19920887472461707     
  -9.4792394800706230        1.7293411986859748        27.299304925704707     
  -2.7865024145171566        3.0121727127243214       -1.3132169881118314     
 -0.20199647150878161       -3.3567506805230990E-002 -0.20314902162684118     
   5.3693503840134476       0.95928494075890702        8.4246537251940143     
   8.7426830481974069E-002   3.9332676841393414E-003 -0.23600928066589250     
  -9.9840722644304741E-002   6.0016203942395693E-002   1.8937883026304111E-002
  -8.6941510632292093E-002  -2.5624181120505633E-002  -7.0820130760831674E-003
 -0.29982976373360831       0.13886120208403535       -8.9173641807443263E-002
 -0.99011152906325595      -0.22267299988209607        1.2852625694176305     
 -0.10516523996676166      -0.15408717861258478      -0.10893169113086608     
  -5.0231722201401245        4.3627006991134412       -6.6907401310410934     
  0.94259757497301877       -1.3398516176314430       -1.7459142895734630     
  -9.8525857352172886E-003 -0.22315184330135879       -3.1136583172905387E-002
   9.7635330798704539E-002 -0.76564846172789069       0.16956363349379416     
 -0.36522794129632197        5.6741877610373651E-002  -9.0543267820146156E-002
 -0.69076103143466439      -0.33750580887361187      -0.67177826331931978     
 -0.34447482823062331       -5.5234254496748916E-002  0.25843136306229708     
  -5.6006302772277243E-002 -0.11823529708758851      -0.17915267448044048     
 -0.18832315932794624        1.4718717024311580E-003 -0.28914192832313840     
  -3.1923790238790481E-002 -0.49737426446632510       -9.9301373246563948E-002
  -5.6886804135904759E-002  0.29278815256084478      -0.24130743322761511     
 -0.12363712921134862       -4.1995970636575806E-002  -9.9896742681045189E-002
 -0.18737004183183509      -0.21613785859038731        2.3748269232453990E-003
   1.4030832436516953E-002  0.41319617013646620        8.1897964554442190E-002
   1.4093811266143084E-002  0.10412786783115040       -1.7980748216889209E-002
 -0.58728935575728280       -3.0701191252177815        1.2118712773915590     
 -0.12291960723448499      -0.14634290564921851      -0.27652419854202293     
  -1.8849345387075145        7.5944432314449268E-003  0.87219404733109707     
  0.76512264496457039       -2.4089754224237008       -1.8854772066852721     
  -7.1757755687973671E-002 -0.18999385416810821      -0.17651475168249142     
   2.1516700693085218       -5.6910852133011529      -0.47379341688753929     
  -2.3545525566181560       -1.5253407890015485       0.14316866166691106     
  -4.1453186929019989E-002 -0.10301101341195623      -0.13332755330444018     
   1.3397750324176292E-002   7.1187499923803202E-002  -6.2141026221327327E-002
   2.9736874753314102E-002 -0.26889764952574735      -0.20033559180241015     
   2.4902830430478144E-002 -0.77778452159746569      -0.43840441093315591     
  -3.8373476332118681        2.3793591301121819        1.8912986885495031     
   3.2640552430385283       0.84725388335544127       -2.8408309910803444     
  0.25776343188164658        4.3749355688276941        2.6767397021802459     
 -0.15580185209286054      -0.24076572867249699       -2.2117679715927457E-002
 -0.34739296369567013       0.20347808314870289      -0.20947849640567529     
  -1.6051088400808509E-002  -6.5071821390926016E-002 -0.25725748056964359     
  0.16982159796432184      -0.37018936487868098      -0.42847859652361675     
  -6.0233895031466525E-003   2.2389253356060679E-002 -0.42237445037014976     
  0.22994107801995059        1.4554739358559785       -1.5153149980011631     
  -4.0345919693047430       -1.5961086321462556       -1.0168325797777136     
  -1.3730365018744417       0.12736338341962114        1.1335576915513981     
 -0.18715094437535562       -7.1122989365233813E-002 -0.32625268561257925     
 -0.19338582199488283       0.21948981251256050       -9.8184585913434971E-002
 -0.37304295366967866       0.75889614609810752        6.7170795480640089E-002
   3.0030698644504167E-002  0.20469246097806698      -0.28789317933316205     
   2.3183673385850843       -11.059178901367007        3.1952074703741200     
  -1.8540168199200013       -1.9909306742537134        1.5838351016854795     
   1.5217359339724197       -3.9399852554512087       -2.4272711021132025     
  0.46354469675150767      -0.13141416537813261       -8.3983469432013125E-002
 -0.24201818486296761       0.14487006086920079      -0.16275356472798624     
 -0.14004298170199700        1.0179102675531206E-002 -0.14782453361206860     
  -7.1779408703005316       -3.4692535074760280       -5.5377410097043116     
 -0.13131201095128009      -0.19917624958760702      -0.16165218667307821     
   4.0599884519797049       -1.5542047065041247        3.8235822782355458     
  -3.8743295857826841E-002 -0.22639927317317765       -7.9343728396673821E-002
   1.8176601742335778        1.6534315685039267       -3.1051365365447170     
   8.3700715900994441E-002  0.39724067128203117        7.2566379858847493E-002
 -0.50873717835261967       0.22895570190821715       0.18998056139663366     
 -0.19708754967859204       -1.6160536495893683        1.3554546357969055     
   1.9637899851464609      -0.76094152193556774      -0.52297481768519805     
  -3.2046253876204966        1.2320257177810090       -2.3321307677753058     
  -4.3034223607781534        7.6075164047176802       -3.7774221694311496     
  -5.8278508275540319E-002 -0.35050288722225031      -0.41749975413152074     
   3.5527872356769126        4.8761980866751831        5.0614516184165383     
 -0.10261452818936906       -3.9943922690804677E-002  -4.2519749609570140E-003
 -0.16072019069768761       -9.3772314110118882E-002 -0.11996849387898083     
  -5.1700390747126491E-002 -0.15735930368827386      -0.14807136298079857     
   1.2261225585555497       0.30339286382091651      -0.22228930562180987     
   4.1922002339474608E-002  0.36072954273606600        1.6614885806804760     
   4.8746459202870129E-002  -4.0884943744138355E-002  -8.6405407485433364E-002
 -0.67367486142599919       0.50594416967179823      -0.31527876346404499     
 -0.10551287023950677        5.3912053934531995E-002 -0.11109781033519869     
 -0.32084112949440574       0.28678981413031501      -0.32034365914865603     
  -7.4207797009907178E-002 -0.10197663054612500      -0.13689010449752390     
 -0.11460053824415854        1.0206858853859805E-002 -0.24027585820706973     
  -1.5718205189095196       0.55823795305257673       -1.8314327056464788     
   8.7686729971209021E-002  -4.3866704811042052E-002  0.14334497525204465     
   1.0440541481956698       -1.6390043513288617       0.58550621326403440     
  0.41484085927183995        2.0998325005177398        4.3100747674192643     
 -0.30558591642415972        1.7327508915328178       0.43915842362148805     
  -2.3009860456933011      -0.46382799057585872        2.4974039432808053     
 -0.20314241300371222        6.8184953209263072E-003 -0.23681908882689739     
   1.8065501470381040       -1.8747661646565565        2.5464242282289513     
   3.0108931528913314       -4.9542421453003325       0.92570207006709626     
 -0.39230153255978428       -24.598382592793701       -1.1352049725159088     
  -8.9769460856456137E-002  0.35975559650998329      -0.10391988428034901     
  -7.3816244153971602E-002  -3.1244593978053375E-002  -2.5231295381420701E-002
  -7.6003814079374371E-002 -0.13059863973448127      -0.13213311960242621     
  0.21515809575476344      -0.11705814702121407      -0.19778380944718954     
   3.7267015788592490E-002  0.14965475063479003       -6.2511553387997867E-002
 -0.32374876622726878       -5.0988984130520734E-002 -0.21654789635244270     
 -0.35644591447682555      -0.84372940390490569       0.40426392250845211     
   3.0133052124905908       -5.0045678223636356      -0.67867220921134963     
  0.33092101126408935      -0.52052895744567274      -0.42094254032582024     
   1.0160121512507794        1.5537039310423006       -1.4819550655534350     
  0.64625628122060075       0.86577466895369259      -0.69674498496575499     
   3.1770829176656372       -1.0788985655057692        4.2248233230711927     
 -0.31446433937812107       -1.0679129769690847        5.3562320220429602E-002
  -1.5882888483735527        1.4241999516552233        1.1081113289200246     
   1.3515922283174804       -2.7610777945332012      -0.90446975556369225     
  -6.1276423405352193E-002  -5.5480598916897036E-002 -0.10556245558799873     
   6.0367588059831612E-002 -0.18265912283765270       -1.0750550543642738E-002
 -0.10629894619707196      -0.20119547694010553      -0.12935763167851405     
  -3.2368590615497581        2.2263429982178029        1.6667686176588667     
   1.7800279382700952        1.6158089220639020       -1.5403587040235105     
   2.9354750923517710      -0.63844288587250675        1.8434323106065265     
  -6.2473420524794224E-002 -0.20635775315564897      -0.16169100109835616     
 -0.23928679311154369        7.1276351666818866E-002 -0.20768734910420292     
  -7.1149496998764890E-003  0.18719505782067949       0.12035760916767416     
  0.21396682079943957        2.3480198779773009       -1.0811126307704571     
 -0.18449995230633939      -0.21255913320219000      -0.16893039914855218     
 -0.36929896652783301        2.3140337908869610        3.4271005865319895     
   6.5475963997280007E-002  0.14408317199010273      -0.39135032104543221     
 -0.39151844017234849       0.19902670047516330        3.8220106369935572E-002
 -0.24841673595223168        3.4862546107971147E-002  -5.9223063133189265E-002
  -1.5753641628221269       -1.7215674870912854       0.24342549596817403     
  0.17090014082808336        4.8948668686442591E-002 -0.40083963847708631     
 -0.56018079739232562      -0.24920193461539591      -0.57169898096796135     
   3.3906222796720655       -1.7237623014862824      -0.92877478742517927     
  -9.6586104948182663E-002  -9.7979107883386360E-002 -0.97157806166116756     
 -0.14394216107870905        4.1335444792762362E-002  -7.6730093717939721E-002
  -3.1577026770766806E-002   7.3123695736394836E-002 -0.15824781218642664     
 -0.17805421515491412       -8.7841089134350330E-003  -9.7494426887148170E-002
   7.0512275740206076E-002  -2.7738113116538756E-002 -0.21184635010270464     
   7.5909607183210812E-002   2.1985435307026289       -1.1724485939404219     
  -5.0323797220824973E-002   4.5096236689637435E-002  -7.7078188115932117E-002
   1.1203697520773581        2.7035387648036373        1.2793783213307450     
  -2.8035343286110250      -0.68062079408747667       0.23775357745316728     
   4.5502480055884407      -0.39541711941343644        2.8093646688691503     
 -0.14928901219036367       -2.6950663375167445E-002 -0.13842357825246088     
 -0.75347873840071156        4.7939891204426495        3.6520084564521689     
  0.18779382183049476        2.0364732365997670E-002 -0.17357650501185037     
  0.99413068579326591      -0.78344487364061866        4.3375553277559131     
  -2.4406094650672911E-002  0.16907427393696847      -0.27911367673662302     
   1.1571918397427157        2.7785459265889934       0.58132848127414827     
   3.5146591455318146       0.15637255293568933        3.6218294433726728     
   2.7218111347182981        1.7498283865687294      -0.59732034508398557     
   4.5053027491452326E-002  0.17358149422992747      -0.23513213234723276     
  0.82206878279840323       -1.4151248288312306      -0.44527395067816988     
  -2.3532837267229856      -0.22689936845007502        1.9487301424487651     
  -2.7892949809035628       0.72044729184284462        4.3215501008506232     
   1.8156420313475037        2.1909275726253314       -1.9669678542823499     
   2.1433654779755087        1.0468671071262616       -2.5695008656660399     
 -0.24274784761426424       -5.5560189421648074E-003 -0.11712414536621626     
   3.3499151626909041       -2.7436095084053598        2.4819786287302739     
  -5.0333598761157683       -3.0025346453129629       -5.9647985995247490     
   1.6401468871227569      -0.77613334784572041        1.9291626225329452     
   2.6863703753618084       -1.7408768004584615E-002   10.645109153790575     
  -2.2244560622023631E-002 -0.14807969758284095      -0.10767229130786243     
 -0.49340406703224221       0.19827260782640826      -0.49685784245235659     
  0.81535788062312675       -3.1923315722647394       -3.6441295140437777     
 -0.10547354067449449      -0.27188613134568351      -0.15103593203783411     
 -0.45024107860483759       -2.4455566095341137       0.47779843390721460     
 -0.35174944051291385       0.16590901586725482        1.3865624053959368E-002
  0.39844277393263722        4.2906640916320411       -2.1906705945521883     
  -6.1399465202091302E-002  0.25726400047780884      -0.24280719446445445     
   3.8276809525289286E-002 -0.16760992137668435      -0.18508856728643938     
  -3.7426096421838535E-002 -0.16375404225242776      -0.11829424846717279     
 -0.18763545375498492       -2.3958711293009138E-002   3.6218667595460954E-002
 -0.27134788344779848      -0.27137285861020316      -0.10897027894733630     
  0.32491887113073314      -0.29907508936995880       0.11895783616090846     
 -0.28083485943530817       -2.5530462203605708       -1.2545458889877152     
  -2.5641805328627640        1.4727582655598719        1.5521427094363263     
  -1.7102026485669719        4.8018981570189316       -1.3791249875871665     
 -0.16858923396316097      -0.29801905631196529      -0.40275707071990513     
 -0.19107264548231501      -0.22990393652287325        9.3621492682605625E-002
  -1.8617032064085117       -2.6280347992868975        2.0241217059347751     
 -0.35968238072117659      -0.15967365852584753        9.2694336716931169E-002
 -0.12190447342361531        1.9225181519077449E-002 -0.27121639227700145     
 -0.94434229009329684        1.3195362264225163        2.7609358913912683     
  0.18147636157150315      -0.62861588357433451        4.8308171977365998E-002
   7.0919811312225058E-003 -0.16144691395533223      -0.19230075831070700     
   1.7033314047332522       0.40650685090443661      -0.94772345938965230     
   6.7718174027668027E-002 -0.11007315678544724      -0.16180826963366343     
  -2.0051784269108874       0.19672405584053734        2.4418555931091652     
 -0.16214783482146883       -9.0038704333038691E-004  -9.4541838335192530E-002
  0.12317948658440200       -1.5031375371674420      -0.23142199681359235     
  -8.4511829162712410E-004 -0.20766791984659561      -0.28193995364650226     
   3.4099128467869568        23.890945049507042       -9.9660656720953327     
  0.74470103914905295      -0.49925544130466482      -0.91653737699197235     
  -2.1045604216939675      -0.39042623609440946        1.7543101432114923     
   1.4220581170839505E-002  -8.7695194536782470E-002 -0.21914813600051897     
  -3.3058553164478726       0.89170775421115411       -1.9600950143449181     
  0.62862838583600877        1.9593718595050020       -1.5147733594031456     
  0.12581544046894411       -4.5986937950936602       0.28627632430757549     
  -2.7047225460570234       0.33210225260447834       0.74256595375219747     
  0.18963106255038589       0.15086597228864390       0.20422763652928302     
  0.17898735416791239       -2.7193063835790015       0.76149349602872674     
  0.75626556381028265       -4.6399628142317253      -0.11426496403805063     
   2.2736826817564624        2.2858783784370922       -3.9087988808311480     
 -0.10972283226150824      -0.15681382293059076      -0.14870798401456767     
 -0.20801864691833541      -0.21969070805912108       -9.9315432621304461E-002
  -3.1967171830528517E-002  -3.7277927135921526E-002  0.16471461612360888     
 -0.67399273649915592       -1.2500582217259970      -0.10897912705289847     
  -4.5220363655239080       -2.0299246216483247       -2.3418577290419051     
   2.3884834106037869        5.3439283700771476       -2.9205328155580186     
 -0.32899256586702663       -2.0644564675794903E-002 -0.16327232065425173     
 -0.22960542066021966       -6.7091080006733167E-002 -0.10378462410492581     
  -1.5066723310545447       0.15145054827977739        1.5536081202219980     
  0.56282535365745856      -0.73774793437603037       0.57611816423806650     
 -0.30809489083211022       0.13200541786960160       0.14247310760489010     
   4.3309017217547243      -0.44486171733153429        5.8041215529972590     
  -2.3031306203111016E-002 -0.28158555066677055      -0.26713210172956892     
   2.0047082405414152       -2.3783594725905242        2.1546644014598466     
  -5.1272408587316578E-003  0.13344160484259857       -6.2696688192010061E-002
  -2.8605217308144097       0.67562579146737778       -1.2237548064398509     
  -2.8184138455959635       -2.8687191166179842        4.1087447097913019     
  -3.5681516438355702E-002  -1.6900403777792609E-002  -9.5454305513109183E-002
 -0.25762685105092653       0.50470683987875931      -0.12738815723672153     
  0.76689648105187513        1.4146440100553614      -0.65995395321214612     
 -0.98254943364634595       -1.6877568522895783        2.2048158354363361     
  -2.7698558174257565E-002   7.7770775284050535E-003 -0.10473086404667629     
 -0.14278846328572070       0.16576727386440737        5.7090971238681731E-002
  0.18029030193340262       0.17403578247148435      -0.26672066692518875     
   2.9474845385661772       -4.2737816252299448      -0.15030224932752084     
 -0.19793210566873784      -0.50758908148231752       0.44661480273436993     
 -0.10650171662271478        3.6299402738911857E-003 -0.22507979203279541     
   6.8526689749127845E-002  -8.5500105333312204E-002  -6.2244884473427894E-002
 -0.10857829359760643       -9.2794557537267328E-003  -2.8232701113384346E-002
  -7.5060795167460670E-002   2.4093680464334029E-002 -0.23268667476542765     
   2.8063505795433454       -1.3462001397813497       -1.2781577302092630     
  0.49597337642858247       -3.4791009739390297       0.37046145182328377     
 -0.72388066766894987       0.22730096200986658      -0.20120334820954786     
  -3.0944731583164224        10.301294415503252       -4.4560822543128520     
  -1.3512667905057816       0.89844113093984046        1.4315848226168713     
 -0.25504189526074167       0.12246427241448082        5.8551708284910534E-002
   2.0798205866347088E-002 -0.11524833491909783      -0.19218149416968522     
 -0.10698537800896780       -2.6763046237510316E-002 -0.16300927557337980     
  -6.5000460644860508E-003   7.6195902726316864E-002 -0.25586958254550540     
 -0.70573460562267554        3.7882338165997580        1.0467089336327697     
  0.19704776276871500       0.22454537865229643        4.0878117970428764E-002
 -0.10594807148253618       0.11414245183373097      -0.25571480258669543     
 -0.15364508400723265        8.0333540491581243E-002 -0.27581504879409446     
  -1.4797975757891673       -1.4140152263253181       -1.1293620680404115     
  0.37191569513484152       -4.0950631013727206      -0.58742294430683106     
   2.4788000263277326       -3.6912891087349591        8.7140609789517960     
   3.1248059306200338       -3.4600764360248011       -1.3748126256350939     
 -0.31655062795218686      -0.35732458336659051       -4.8695490934574183E-002
  0.15916120345850585        1.8633994908151046       -3.0384745181530937     
  -2.0977319241284431      -0.16527631177980867        1.4375695329314602     
  0.32025115103850166       -3.5228920855215158        2.1033786964001999     
   1.6000715783226647        2.8713591137969985      -0.54681491034572449     
 -0.21342736677087906      -0.20784187822123104      -0.17820008071398166     
  -1.3246772291473425        1.1180040148606287      -0.18079689531895579     
   1.7181930453108996       -2.0683667278018523        4.5892581842187647     
 -0.40238655747896085        4.2191720704698371E-002   2.3772956089544817E-002
 -0.12751229331660158        4.4168796317440757E-002 -0.11423626819590238     
  -5.3111473067062216E-002   3.4360749496305382E-002 -0.38843816440933332     
 -0.25031845926547314        4.4100504395731795E-003 -0.18705798613419769     
 -0.19302342346024093      -0.25676108263164293        5.6996095250797012E-002
 -0.43797657751575053       -1.3133508640606023E-002 -0.25427176588437056     
 -0.31411511909060030       0.17438856787895454      -0.14922900009105533     
 -0.20302626095310228        9.4718392256371575E-002   1.4421019264580205E-002
  0.54274969222017044       -6.8425274290588511        3.0515057443777378     
 -0.14506289734414554       -6.7541383460216112E-002  -6.3017913569916914E-002
  -5.0176929651181285E-002   6.4625147799813057E-002 -0.19330992795345245     
  -2.3802603885434168       -2.1114168905787918       -1.9696644546509918     
  0.23498113866811809      -0.40799309472510165      -0.20933432801516916     
 -0.40450093983143443      -0.16267420773080118        1.6560451194624910E-002
 -0.31658777151262507       -23.228425607538377        12.517433973086595     
 -0.13097966794764276      -0.44758886329026576      -0.34868717206381084     
 -0.59524343758347287      -0.38095730160572699       0.38995455267169249     
 -0.21789713610300579        4.9023715312733938E-002  -6.1763044792427058E-002
  -2.0633534541425576       -1.3141884272203994       -1.9484669080316657     
  -1.9618136294056046        1.1639375252005604       0.47672147853133578     
   2.1604381663327521        1.2956740276390895      -0.34561219588852338     
  -2.2230604156420267E-002   4.9786763637853726E-002  0.14612323293868618     
  -1.0988463003062332        2.8006434875932094       0.73741412028069553     
  -1.5077651067958995        3.8010348963888210        1.6036003235025489     
   2.9656069188872151E-002 -0.37059022391208168      -0.22985018394291704     
  -7.9929876921664228E-002  -8.9895362157043079E-002 -0.12735491937506274     
   2.8533277068732859       -1.2863067492255962       -1.7209916185981327     
  0.36506679859978275       -6.4784150564945187E-002 -0.29416413161527172     
 -0.23042637229949395      -0.28139248600478423       -2.8398135103403028E-004
 -0.20210579622775610       -3.1158792557717991E-002   4.0269313631879695E-002
 -0.12403314693620773       0.17579162010773747      -0.28353710580442326     
  -1.6352333225578146        9.5558506438207846        4.8971286770819784     
 -0.24125942340977891       0.49211088942504744      -0.17539552445696729     
 -0.78214016872630387      -0.92837963400601498      -0.98926477861793594     
   3.0896781460355416        3.1558670397019144       -3.7388368970586088     
 -0.22327055928276149        1.0110571450716224E-002 -0.19052370572745222     
  0.32978317592313589        24.320387190261030       0.41825864964300252     
  -7.9429094185946680E-002  -1.1878265426149549E-002   4.1159115292685663E-002
  0.11473099948935218      -0.23128482013573332      -0.22128351307972657     
   2.6838772064581238       -2.9433432311925443       -1.0082654395515729     
  -3.8520148937794145E-002  0.12290651868893447       -7.4905137645038894E-002
  -8.3854432909930832E-003  -7.8618089536512323E-002 -0.24582497776865087     
 -0.39266614212888878      -0.80717107225386719       0.76050501474201193     
   1.0906485568582664        1.7356096387160174       -1.4093298494323563     
   2.0324018545954852       -1.5805208730019920       -2.8857402822113101     
