 -0.42401288325035580      -0.38242167986739906       0.29957606526778480     
 -0.19488703387173423       0.34624982295797996       0.68739336606172063     
  0.36051379161587188       0.72247890803524473       0.46827294225632388     
  0.23400577444690271       0.24128222637140895       0.16497982777055967     
   4.4689270596483442E-002 -0.24211788143156213       0.75316131128140895     
 -0.14109075649779970       0.34493099549142353      -0.13368990365540026     
  0.56750240632423365       0.68700117380974879      -0.28594921348060504     
 -0.13041443627338153      -0.76251490320665583       -6.2851021120382045E-002
  0.14415404580414931       0.15715552050915269       0.74069833053413681     
  0.13313165408762706       -2.1588590650650653E-002  0.37907784769988034     
  0.72419814459723020      -0.19273670934315265       0.45159652414019835     
  0.42678562174424184       0.60340470283307179      -0.11973906549173358     
 -0.18824473557270410       0.28856629162542580      -0.87278537224507513     
  0.20119226689087286      -0.22231027175041609       0.29988075193747776     
  0.12985410556528537      -0.22246779698509359       -8.3071841675073615E-002
 -0.55522666454504777      -0.29848855803745278      -0.73694281940775053     
  0.36518310970365098       0.85468398771185117       0.33346812412225879     
  0.23448238592750770       0.56050596014508347       0.25646875061873387     
   3.0795027579954691E-002  -4.5719492576660269E-002   1.7963973618592362E-002
 -0.70120922275917330      -0.37035167924790174      -0.53041279568016975     
 -0.65086813223538686       0.10915175521807036      -0.51644937896836052     
 -0.24467139623613093       0.22107057585673087       0.77780373083369625     
 -0.75407870741428840      -0.14555490242114502       0.40575534566908245     
  0.45075912827706943      -0.11125005951593789       0.10034825860872686     
  -8.8370326830581214E-002 -0.41831463869324670       0.39935763263654839     
 -0.67991612236769350      -0.37830711413554780       0.53388163549606471     
  0.64300082059572605       0.39681704817479513       0.44614604878330694     
  0.22463289330434236       0.66578420758989121       0.56981289215137332     
  0.82353958989641207       0.16223754790832431        7.6097168153392916E-002
  0.68063993520423038       0.29864254258061529       0.61277543350797337     
 -0.12738749212641529       0.13194838991536195       0.18171899549985998     
  0.14332130177719066        3.0833416046463859E-002 -0.25761832650896693     
  0.19597910730046686       0.82544878138358768       0.41643162603302553     
  0.73506507052882730       0.43680643195961211       0.31492030617678468     
  0.70263498984475592       0.11618750143340255      -0.35651047898965083     
  0.37653098603886537      -0.13461721781449293       0.32175382094961874     
 -0.32746449359285362       0.68504784435907651        6.1944320084220508E-004
  0.30092422162726978       0.27710007900416117       0.33434536577075619     
  -6.9839261551671999E-003  -9.2265596051786691E-002  0.21193832899560661     
  0.32385942797643053       0.41511914570183522       0.40621445411049234     
  0.26009971322528075        1.3896655302064263E-002  0.12577008548052146     
  0.28247735082095315      -0.11466283109477265        1.5781969963891546E-002
  0.18588537205643990      -0.37998645725676122      -0.34303275503742975     
  0.87605316936854116      -0.25468989680076737        3.6626132752595346E-002
  -7.8314492459284332E-002 -0.13611844896537728      -0.21904091907310053     
 -0.11055854776647803       0.18474243396942855      -0.61455543101122334     
  0.16147548653348676      -0.14730317676690965       0.89786423300963580     
  0.53905977521340609      -0.52403758029573899       0.26645117189763706     
   3.3103369310770812E-002  0.18272693516203695       0.24244411965845647     
 -0.45000473485287729       0.25129140883367473      -0.84639269122847893     
  0.11406836812647286      -0.50860158812963274       0.38983038771702760     
 -0.23953557929461608      -0.81587193188091045      -0.35752149396744776     
 -0.27588840834589717       0.35531826090182456        7.9967237166113619E-002
  0.21256272827282149      -0.26775498212875221      -0.72186878389157305     
  0.89105435885650330       0.10495232103057280       0.31605353593033403     
 -0.39331327200982380       -9.0430522781022704E-002  -4.8988518851947093E-003
  0.71181318153214168       0.46337987307420619       0.44150333949519827     
  0.33022713990680241      -0.90399531939114841      -0.12803841868744861     
  0.45694158419949660      -0.40538841669514725       0.67483350665741648     
   8.5799964366220477E-002  0.37986139363345678       0.16388317308459052     
  0.48187970821233750       -6.1138203921379974E-002  0.25618977336501880     
  0.45814868077507986       0.22600799145972175       0.13090992987404013     
   1.9186219781314181E-002  0.60026995095793467      -0.59327538214059516     
   9.8105642735252824E-002 -0.26248337515687675      -0.28965946610136301     
  0.43301326452505357      -0.63911139889788793       -9.5718772306297370E-002
 -0.18079654008746457      -0.54424230117775485       0.21843318356194233     
   7.7714499554001485E-003  0.47179794410838577      -0.72783646233623100     
  0.64319993388174812       0.25355679443437024        8.7381963829734441E-002
  0.79572202393481828       -2.0894441460131384E-002  0.35167357354015294     
 -0.48536884460616275       0.51101905763170430      -0.28537990351851916     
 -0.23960397862683633       0.86752150484105650      -0.14561124550904356     
 -0.14495640765125389      -0.25024918252611777       0.67143928213979598     
 -0.74616709361623035       0.49093891103207221       0.35761404146453146     
 -0.24292797682708342      -0.31082278731390856       0.74334536316169575     
 -0.18508833751223031       0.43135309815299733       0.76533507816815594     
 -0.82374908368733268      -0.10789404450639549       0.23548132428615387     
  0.11142189457059806        6.2366497685240274E-002  0.85438852794279108     
  -4.1093448263576332E-002 -0.60469386171940287        1.1107348939233309E-002
   1.0025784872976392E-002  0.37247496592960000       0.27652533946445101     
  0.38039958490030268        7.1627712572328778E-002  0.61075585336076721     
  0.11610183236454029       -9.7699815778570773E-002 -0.81218652120774137     
  -3.7282158942341818E-002  0.91421650863674597       -8.6048021745013845E-002
 -0.15789531546825022      -0.49104665708103989      -0.35453255213823992     
  0.13663540374631025      -0.20557155186048615       0.54819644132861789     
  0.14719152819498862       0.64840492911753933      -0.42245586903889909     
   2.3519014671014794E-002  0.37777460044254701       0.60760792136571085     
  -8.0809465393590435E-002  0.86349195967415282       0.33937847933994092     
 -0.54597818153818911      -0.37156774078993077       0.45209403456849606     
 -0.63158955662520033       0.40590896956728950      -0.49370405790102367     
  0.38313949966594751       0.53703348190514144      -0.51013084330183989     
  0.30639477118445457      -0.26441657070099728      -0.75448070844964388     
 -0.41368022804162485       0.44447082939780908       0.44302646537398727     
 -0.31331386655679039      -0.42776115820381705       0.63820102753026586     
  0.29862752484499627      -0.37559111060234884      -0.44289153234602024     
  0.61746142118033920        3.1349821126947751E-002 -0.10426173467475561     
 -0.17351542823328447       0.88497749955367355       0.17332257821600114     
  -5.8282423558304909E-002  0.83643317785410043      -0.35524305466637002     
  0.21822654162775743      -0.45482493652099520       0.80401998122019436     
 -0.48006177249287452      -0.52704907871934181      -0.61178533835233939     
 -0.58134102086023010       0.72166487369264865        6.3892049624479350E-002
 -0.26266524629813720       0.44237774115295969      -0.31635606800416854     
  0.57585259930011490       0.57381574349512154       0.32709184915201889     
 -0.76806490356416635       0.28678555921059790       0.53908148876868256     
 -0.22797727175166524       0.67918141781090069       0.26834297946003305     
  0.54569038290513627      -0.51253370324957914      -0.15933785551588470     
   3.7260562108364752E-002 -0.38308235351471215      -0.72509901840607571     
  -7.1451616325452563E-002 -0.73739282390737726      -0.61343165996772553     
  0.38538399668470191       0.63331156268106714       0.42817133685287834     
  0.44959030348932727       0.18410010030354329      -0.76952545296773400     
  0.16620911451549417      -0.73008418614058712       0.51992533915836625     
  0.65388734784949543       -5.7179802877878265E-002 -0.29640039295967163     
  0.61565366167421076      -0.54463910613755839       -6.8806144139981512E-002
  0.61844281307331106       0.47438409305471019       0.30433922763185961     
  0.26473414786431959        5.8730557008426262E-002  0.93910427674171248     
 -0.74112269477644677      -0.16896229798879681       0.62264475122313634     
  0.22517857514407952       0.76055721049374614      -0.34967651545870265     
 -0.51221463257232125       0.72435197927198613      -0.39795511676937112     
  0.63149125497973413       0.47568185491730436       -5.7574051253851337E-002
 -0.10050810183208470       0.55475133048736758      -0.50587298960223692     
 -0.77571489233982316      -0.10351185454251557      -0.50182479629766530     
 -0.19722024261528975      -0.43312493994913503       0.37412376734280356     
 -0.77227129070636080       0.24472120165092431       0.24187250452826148     
  0.41531493228168270      -0.18480171467686071      -0.57616829112187729     
  -9.5199499694843703E-002 -0.29498336249942175       0.12057721752889736     
  0.15379564482638733       -4.2502124449548637E-002 -0.25683915114796729     
  0.25611582791879944      -0.72136815282304589      -0.21208625811159498     
 -0.14323626093463707      -0.26231086254899361       -7.4830570342558869E-002
  0.18248644969873173      -0.14861185378904365        2.1589487094380570E-002
  -6.9252336287042041E-002 -0.80735642818861020      -0.47016282442165030     
  0.10457035002422783       0.83153914996284095      -0.39957089284645081     
 -0.29466633573763279      -0.67572934762578885       -9.5655851449552479E-002
  -8.8593892798484092E-002 -0.16841798792229726      -0.82670809091887398     
  0.77916941760620706        5.1052033532388852E-002  0.48289839042994037     
 -0.86625882590296899      -0.15938402732846096      -0.24207432723039773     
 -0.14647955303939264       0.19542167412292755      -0.70312676131458207     
  0.22723218796563627      -0.74550928170654573       0.10878681156236336     
  0.24674760147511407        9.3951118273886941E-002 -0.21616618016833636     
 -0.78954586757291145      -0.16322516821514838        7.8511400242655023E-003
  0.26894242607636099       0.74868259217966870       0.17589519824683347     
  0.12387571839388167      -0.17180889824592424       0.36106736361513436     
  0.64985620018149326       0.20044292253568388       0.28271761026046333     
 -0.24921134216004048      -0.22387034286479940       0.19066583209517871     
  0.25961606282642363      -0.24462774241238006      -0.27520482894685455     
 -0.48140887995286186        6.7726074036760803E-003  0.74596341039332192     
 -0.50649583902675721       0.81510950172015295       -9.8262485757552698E-002
   1.8499936180009426E-002  0.68050445074347543      -0.45738786774651147     
 -0.80306783776992707       0.19899915702094384       0.54587462895280181     
  -9.0383635052270692E-003  0.12240664641270896       0.38929754038957420     
  0.18322875289691723        5.1663514786213297E-002 -0.79071555502181945     
 -0.49256403199060778       0.58761577179319346      -0.41692368679996639     
   9.2217231453890727E-002  0.87084190634680603      -0.30586128822854552     
   6.2767621375231078E-002   6.4084812614475281E-002  0.11782425756251053     
 -0.69175902632319974       0.18543890394967807       0.34623409321725473     
 -0.10153979147721234      -0.17200204684878345       0.73010667759001369     
 -0.34748129295372587       0.31088108975347289       0.34175531666307929     
 -0.71876372724075854      -0.10456569032818044      -0.54762285796892418     
 -0.18570733070273265        6.2026015103553628E-002  0.52244403289950170     
  -4.7368204971848758E-002  0.78390800963657714      -0.53916106172436451     
  -9.2127433502706205E-002 -0.83395933328159910      -0.36252198513248424     
 -0.62264640580464148       0.25433871292447646       0.40999093831723005     
 -0.33340356539840121       0.59847333242675349       0.59792349564799230     
 -0.41766942178258221       0.47195599463598487      -0.61483676420471522     
 -0.34757445669933806       0.82018528995097961       0.21851770540590354     
 -0.42562547354330837       0.71357738838198270       0.24861544662509236     
 -0.32702947256542597      -0.14382621915352631      -0.37198412151544241     
  0.88974058258218625       0.28225329468439792       0.15156740457562629     
 -0.65841923142779379      -0.70683226066116001      -0.10624837398341258     
 -0.20453010804249208       0.41568000259957100       0.44925219060535021     
  0.51492181010039650      -0.84582017597542170       -8.1044216632172650E-002
  -9.7324869537754904E-002  0.19421878115418081       0.38716985281490751     
 -0.60603637314276193        1.6902159995358513E-003 -0.48947882530143821     
 -0.19791353585442936       0.13514358337387061       0.82543976783486217     
  0.61242853850248480       0.12704801076155176      -0.74520142762394082     
 -0.58829220410891558       -6.3165787562603992E-002  0.50122959471208917     
 -0.16471805065846357      -0.91076881520835773      -0.20748719470008059     
  0.28289908995149354       0.45427785223341238      -0.30843763070462260     
  0.28460255846966726       -1.1137328126138159E-002  0.36934099754835237     
  0.26891449237019188      -0.28676888090892189       0.22904446936101203     
  0.79783359744279647       0.30489686756305767        2.5899715401004757E-002
  -9.1617595362324056E-002  0.27418336270224930       0.20024295687229260     
  0.25138121819404680      -0.47443335534303566      -0.21562307444995207     
  0.66186801236208737       0.22842025295986962       0.15828945011387097     
 -0.32662961395161522      -0.29779188999533179      -0.50998338431956514     
  0.14411121584352782       0.37382114610922307       0.41577620996636344     
 -0.15251558530092188       0.73854649344966483       0.45625978205855017     
  0.37829829084520833       0.21778075599849092      -0.83320955903142724     
 -0.66984700596586355      -0.23075870464958473      -0.68928096590168353     
  0.46360742966530849        5.7577730369203856E-002  0.30191994176497211     
 -0.34461416301497894      -0.32032568949086404      -0.72228242094052386     
 -0.26156172530524019      -0.86972354643098260       0.29815668132524947     
  0.61471516085594502       0.38496920766529319       0.58370104046913118     
  0.65519923421506077      -0.26889157702764177      -0.13971727877928980     
 -0.28284065285404525       0.32805995845517677      -0.40614422779896192     
 -0.18471148402402379      -0.29875555746685001      -0.67742739104498817     
  0.20606215692545068       0.36233083183909037       0.83248572366689733     
 -0.17416908598362746      -0.40714763055078507       0.87400962866332532     
 -0.73142450824874672       0.47693923485527390      -0.42202674779658966     
 -0.15731745899495098       0.56931337586400410      -0.25334134800225061     
  0.13218395249782808       0.15830886552431714       0.39985916947354527     
 -0.22515411186144679      -0.53379996907986127       0.62952089555209034     
  0.32413892921108101      -0.91401058912349253        7.3937841120487902E-002
 -0.18504120251872097      -0.24931909577556993      -0.20108013607245370     
 -0.35029734627690229      -0.55580612854278777       0.42792586478214167     
   5.3250732450108904E-002  0.14329418174113950       0.42423470413795444     
 -0.57224041410099835      -0.14583685567927096      -0.58287675580091614     
  -3.1948298524292137E-002 -0.51811830043471474       0.17089294951413497     
  0.60265578695342015      -0.14141338002430187       0.14668273120271502     
  0.57932738150215446       -9.8199080821873438E-002   5.3737333689574833E-002
  0.43519078541821338        9.2010365455351295E-002  0.15035714169953426     
  0.39050039375026985      -0.25242346555611411      -0.48116239743229106     
 -0.15092686743943579      -0.96235209692726109      -0.10884698652179402     
 -0.39247626104874656       0.43930304846724483       0.17191011696608818     
 -0.80393632903165790       0.14057148303279507        4.5210167137688211E-002
  0.82067440162491923      -0.17845483338690629      -0.37401684062390500     
  0.76399643150009855      -0.46945969559933043      -0.16096750807480997     
  0.15057058397230064       0.40807344648390936      -0.88591096518404910     
   4.9698719292138274E-002  0.71515113685552023      -0.18368665127603931     
 -0.43211256714677959      -0.32529888249874300       0.13490854366476282     
 -0.48534724379389416       0.16105516356517255       0.38791061286093165     
  0.29862978150764463       0.69671359168913838      -0.52536618418663605     
  -2.1607447138556779E-002  0.43714180969350913      -0.61237607623242019     
 -0.84803963821744233      -0.24538754520472136      -0.14298852070585782     
 -0.47555521194259009       0.53552876587624787       0.24826914593115890     
  0.10631471672717302      -0.57544614440342368       0.22483744734649017     
  0.28688511243914033       -2.5693546732217066E-002  0.89495659591804100     
  0.74561806827297228       -1.3012332064598529E-002 -0.38812233194689416     
   8.0583764378923516E-003  0.73245505631935481       0.33785068379773747     
  -5.0876016254508813E-002 -0.47052645417909184       0.64716451229011718     
   5.8847501825285706E-003 -0.21155164763791309       0.47300679994244471     
  0.83419138664057091       0.18309007656770665      -0.15122434111120175     
  -1.1825314177945497E-002  -4.9285850781871414E-002  0.32272518687210161     
  0.46685181642556178       0.40125864113057363        2.3233252292570009E-002
 -0.25816243140548562      -0.70861429199945380      -0.33635666057776009     
  0.34128125359756650       0.24003160499900983      -0.52677068216134304     
 -0.69797696224175609       0.39941079451640704       0.57216535618594666     
 -0.35728621019806134       0.58334231649643520      -0.65888240907999085     
  0.20374406404004181       0.73905081745048617       -5.8117531009751179E-002
  0.24166458755796102       0.44806649987834180       0.33598894455723904     
  0.27775937772440590      -0.82678748685623404       -9.3906510284381406E-002
  0.32078498141822515      -0.14392521854541337       0.72275548779892784     
  0.52741212052813224       0.57185332192546767      -0.18205807177610961     
   4.6189000480246038E-002 -0.21754739490779770      -0.38562177583381557     
 -0.32797207888275870      -0.25172117391236970       0.38211633698861291     
 -0.15982072583482448      -0.49903614340948615       0.26586165984838134     
 -0.24638373632405089       -8.8137571922273523E-003  0.28789151461336077     
 -0.88066129455384801        8.8589230707046010E-002  0.18503631334139389     
 -0.22037837977929806       -2.9840467780615811E-002 -0.22366910263329232     
  0.70485305394513420       0.51563574240978782       0.18361980967251296     
  0.18886835140754624      -0.86680839564835133        4.2074942928938049E-002
  0.55964669843014925       0.26316711331293918      -0.13591743913661106     
 -0.56047799885214589       0.62640068835094886      -0.34099807956137262     
  0.66900301321418953       -4.6307649655560966E-002 -0.29327312638143771     
  0.24007906721767525      -0.30395257988895719      -0.89099743525188302     
  0.42629549913364617        3.8555429722789518E-002 -0.43902997056600707     
  0.57949308466163563      -0.26954279224770311      -0.38163845710069733     
  0.69496279905734537      -0.47645413683134485      -0.14134392734872375     
   3.2091297277842400E-002  0.56104928401939935       0.11738008833940820     
 -0.25286140632255349       0.62974915254091568       0.30000160030494849     
  -9.1445926857973391E-003  -5.5489641989215827E-002  -5.5614380486102032E-002
  0.39918547762454398       0.47393712338597443      -0.11151972946911215     
  0.33808711300086358      -0.11541951977738489       0.65297179287529783     
 -0.61267959885255530        8.4853440111999939E-002 -0.61935985204605681     
  0.58445378954276672       0.71418177155742191      -0.24735649332638993     
 -0.26829369752705873       0.36140765689222953      -0.21518600666983795     
  -6.5597686742062816E-003 -0.14949184510734284       0.31251395679222704     
  0.19767356167320208        7.7462595914154306E-003   8.1481024345615508E-002
  0.18746605259219210       0.57690477703769627       0.71375842933117162     
 -0.70174096898350879      -0.53112741785196282       0.19624516968927233     
  0.37877940021007894       0.77491754489033671       0.23847396144373509     
  0.10954409882573801      -0.32357144437594321      -0.33551128034124655     
 -0.25156718975884373      -0.52564310739010756       0.51585277747313707     
  -7.9236737626509970E-002  0.10306505834652463      -0.93450726791190741     
 -0.32252103051969483      -0.50597848497229492       0.17961556420251434     
  0.50136742494844633        7.0914740343137717E-002 -0.54863421461707940     
 -0.16537412809872840       0.27354811476330337       0.51679600082729327     
  0.39785870971651965       0.10669733629237310      -0.52891348324267895     
 -0.63214638294192060      -0.64291303931348187       -5.7032640367759832E-002
  0.47683076406604885       0.22718382386444982       0.32585292419211276     
 -0.71123393976122651       0.29254182236272069       0.20755177295527608     
  0.48274251876145552      -0.48642915063572451       0.20799758054726059     
  -2.3627985418211997E-002   5.1229162365563574E-002  0.23022080838764350     
 -0.38362066436307179       0.38073934696394379      -0.41586645743792194     
 -0.21430040013453069      -0.15917317986042875       0.73537068830369579     
  0.70399592454297233      -0.55355479946890940       -9.2118472981109589E-002
  0.56798767588049437      -0.38954267450875518      -0.43442036431028019     
  0.32903630211284784       0.22801085218162825      -0.10592864317296261     
  0.16430612916513859      -0.90760482051352542       0.10361001933334818     
  0.22922948739517152      -0.21883576771768773       0.51878598701371459     
  0.53049183975873626       0.63719671845543513       0.32989524724431801     
 -0.74678977182538264       0.58951841534063154       0.23857893597355376     
 -0.47646401974570668        9.8738611128655424E-002 -0.77798073675063184     
  -7.5320392058807806E-002 -0.32550861842421075       -2.4950851900341638E-002
 -0.31308173082924706       0.12515432217205485        9.1262098159100885E-002
 -0.64229252372415857      -0.52492060757428738       0.20725354876069271     
   8.9920798431194840E-002 -0.22363065077523844      -0.28759287056456262     
  0.86132935104711139      -0.17391318321089796       0.34048525601805768     
 -0.45373984830332131       0.16156002228956615       0.12363947232696119     
 -0.22833645342151845      -0.38229522615324246       0.37755154032754995     
  0.32605860927321884      -0.41916695516850128      -0.49571329795150715     
  0.29745548897932017       0.40554984885594264      -0.33964322432973082     
  0.53964567064205937      -0.46312831650753838      -0.14161713990001695     
 -0.76172137401213103       0.46952721939056280      -0.27179334163954116     
  0.34499126101654365       0.24651355148618062        6.2353665012502717E-002
  0.87862465031155601       0.18808486196442656       0.11140813750371774     
  0.56189186591673890       0.29508397037265360        7.6920159084497867E-003
 -0.38724146675009319       0.47855055030160698      -0.71034338259075192     
  0.67442287146640167       0.48243021535968922        5.9395066319732744E-002
 -0.59348064228638453       0.37953985473921886       -9.3004765280072389E-003
  0.62119726339507964      -0.11999974348105412        4.4491561176772540E-002
 -0.76618434816782455        8.8936198144893855E-002  0.29724196401941622     
 -0.54629617719133139       0.15783085498907970       0.67744982627430550     
  -3.8651579727142636E-002  0.12764392647159895       0.88579397184668118     
 -0.17405926147942793        5.4690315494789248E-002 -0.75927533449773554     
  0.29368662366970855       -4.6482879278348224E-002 -0.44302285146481196     
 -0.11684729440532385      -0.52210984571511787       0.28506003433983773     
 -0.48034237901244814      -0.55808589025166710      -0.28519084042077447     
  -9.5201579187409319E-002  0.39853926504968462        6.5963075302654259E-002
 -0.10228980266899604      -0.24587476827568996      -0.79655955736650930     
 -0.50543436654013385       -1.7359008438450185E-002 -0.44486809983731085     
   3.5360016577517105E-002 -0.73917862089672082       0.24623257304495860     
  0.56920177055900334      -0.39552598944727158      -0.58343270972501715     
 -0.29476844266621294      -0.52752964416692139      -0.72387274642146393     
 -0.23945103034098084      -0.75837055159027200      -0.37736018956059142     
 -0.41953664199013252      -0.69695866718788257      -0.31191716128618768     
 -0.12845433375723755      -0.28666957111288333      -0.62163123026506140     
   1.2856595158960751E-002  0.39166413682962914        5.8816166714626535E-002
  0.33800749886163478      -0.62151462418749093      -0.57554288834251277     
  -1.7603367636908469E-002 -0.56307953173975489       0.40536946723114631     
   2.8996320106742343E-002 -0.11701145256676551       0.17186793151030424     
  0.16612718960411049       0.28352619314210331       0.91916340840200716     
  0.25456352280438765       0.17366702860967179        8.1785182788064556E-002
  0.59694125954430133       0.54917933658417117      -0.41758605415365274     
   2.9953741767053477E-003 -0.64200127339692170       0.57074103516095842     
  -6.9055621541653442E-002 -0.56521183970493394      -0.73454420874352278     
   3.9192608853536842E-002  0.44494894742252761        7.5877576692729033E-003
  0.53415700565606039       0.34479976865361783      -0.53426882737046066     
  0.63207424262118650       0.73927321907667498      -0.13045656422364849     
 -0.49206975909342154      -0.72663793816067956      -0.19997536552450959     
  0.23648715965116202       0.18198533910946382      -0.70354537430462905     
 -0.33923581260919428      -0.46727294373051831      -0.12457284914371967     
  0.25264318924853540      -0.64533763755204887       0.51404538144286127     
  0.65812406749381691       -7.4412774634514359E-002  0.69613864886305488     
  -6.8159012823340248E-002  0.41465313493752487       0.75051589785657058     
  0.70770574255513963       0.50061733199143921       0.40269044759066330     
  0.21121715413252423       0.57807052192455588       0.59070448932774511     
  0.63861534749696713      -0.21386673546047547      -0.26131761080215071     
 -0.67178986369048277       0.47301174861722944        5.8970651210475747E-002
 -0.30402776651156721      -0.82933761896674607      -0.36666224233370986     
 -0.77159178235069392      -0.43475723130749899      -0.23657155608405389     
  0.48129966276345981      -0.36225666706275761       0.40667981490524913     
  0.32351341504249381      -0.38153646920240242       0.51680570423761218     
  0.28945167569109420        4.0457366261569962E-002  0.11274952649290469     
 -0.33009459996652030      -0.33392679837600836       0.82585346110948687     
   7.2807748188738072E-002  0.61550437991837015      -0.72870089537899707     
  0.47199840389870196      -0.13855698975918193      -0.65193543976449153     
 -0.65276270437870043        8.0441927002536558E-003   6.0278816920332677E-002
  0.16956321325448487       0.30997447373035925       0.63617654035938098     
  0.15416560797196827       0.22484075600399936        7.7270130951911375E-002
 -0.34439959222734240       -5.6478631454278351E-003  0.67782899989416079     
  -9.8908593335909956E-002  0.22288957088345238       0.25927793781740582     
  0.34977460781548425       0.57821051613180907       0.55348548874746961     
  -2.8812914952567464E-002  0.13933754579226354        6.0327381347198193E-002
  -7.7505490567793822E-002  0.53211692318250126       0.71618710537207109     
  -1.2779341981757248E-002  0.10253771388931283       0.70563203138645381     
   2.5512482773369847E-005 -0.63200921344529415       0.61859724727173948     
 -0.37950179061863981       0.26324858079956781       0.15502500805285144     
   1.0634731888083318E-002 -0.87057729666519212       0.26437310116093521     
  -5.2793401362483700E-002  0.66389932200081758       0.33484684576502904     
  -1.6561620536338806E-002  0.59067336810392257       0.48370292011746624     
  0.35475360005563733       0.12425584978158002      -0.67254567467113990     
  -8.0253335752761071E-002  0.14709103769486828       -9.0637079145196045E-002
 -0.43870668452505934        6.6443748628044613E-002  0.69885425135390344     
  0.47769393171424457       0.83237018143360986        9.9600019670059662E-003
 -0.44811844065178869       -7.5128147092748232E-002  0.36732654764718181     
  -8.1745842931197812E-002   2.9246950181170409E-002 -0.25980420250562836     
 -0.88487487707150236       -3.7823821943215284E-002 -0.36434993818135236     
  -7.7778963690960587E-002  0.60497881526111419       0.57886509730814129     
 -0.68072894131844652      -0.51589517859345002       -3.8099150193954545E-002
   6.7360902967646269E-002  0.66452180925337223      -0.19311698896593582     
 -0.80549367653263970      -0.47293212754123060      -0.11850019120349635     
 -0.44291501269567329        9.2429983750181674E-002 -0.28580633347944889     
 -0.29591416140448568       0.57644956058792962      -0.42379852715129307     
  0.57768272460961212       0.15046881929276013       0.52160444897576475     
 -0.12120102833041987       0.89195785851145637        6.0679526677419139E-002
 -0.48450348805688936      -0.77367673094700484       0.16821785190967287     
  -1.9942794864205103E-002   3.3449925825658387E-002   5.8961426886047164E-002
  -1.7933679020516412E-002 -0.74133481960528480      -0.34333719549248487     
 -0.51320823002664229      -0.51611494333185237       0.14274089382908445     
  0.40440581162039818        6.0913972548704481E-002  -2.4141612224517030E-002
 -0.48738903229808772      -0.20251883963168291       0.60797417399771958     
  0.11151675703937704      -0.27787222794983629       0.15604566393801361     
 -0.23239647510801187       0.54029495267968086       0.37344947954107399     
  0.58105540470424311      -0.51506438648636055      -0.43103212170991351     
 -0.39531097907391466      -0.19372014755010580      -0.56243171004259762     
  0.82677668585654196       0.13065316345094330      -0.50011723182251622     
   5.6258946497322798E-002  0.46754348607385188      -0.24256792789827356     
  0.10813425510478213       0.49571012854483110       -3.3704165795614610E-002
  0.50551831878755904       0.36389154718133077      -0.64156271015740485     
  0.90368588684844686       -1.8631707425097400E-003   1.8605578137811007E-002
 -0.48381668675530487       0.15801951329310951        9.8304241092756220E-002
 -0.38911042863647866       0.14025572997234309       0.77204355940612313     
 -0.97200865982038320       -8.1342240957542222E-002  -2.1730483746239228E-002
 -0.75134495962979331      -0.21370471241401953        4.2388418120971619E-002
  -3.1271811058409274E-002   1.1230568602210556E-002  0.50623479313915931     
  0.51843260489602583      -0.21520892342897746       0.66475657035621138     
 -0.44226685081469874       0.73882012455972257       -3.6257364471324008E-002
  0.75371152952292908       0.23847056169212608       0.35816981490629674     
  0.55281321683738249      -0.57961362867754695       0.40085895210762901     
  0.29853210351524723       0.51297856681997245       0.55097506397869522     
  0.24860988381662036      -0.28928508947148923       0.50973125251935036     
  0.84254402938784467       0.10560220596942513       0.10091739265851801     
  0.24576585968563264       0.22768202561737147      -0.47562091759524100     
  0.41882869511524878       0.46980186364966464      -0.73771639580266368     
  0.54238947588485786      -0.10430070408379140       0.37456214036712404     
  0.29100773527946927      -0.25119309350936092      -0.51375162173202549     
   7.1090792580385670E-002  0.71981805806007559       -3.2764660825051119E-002
 -0.45569788683046764       0.27795366539959243      -0.31013956772008833     
  0.57111111676779158       0.16333157816009614      -0.18635694446010997     
  0.13948970192939172       0.33048526046069487      -0.20525069557132997     
 -0.21722319065653847       -1.5951787076817742E-002 -0.75856488779344666     
  0.21465338634159747      -0.31069953562870578      -0.68997204591797001     
 -0.45361659599002918      -0.37299775221458786       0.76177134711767858     
  0.14860367578335629      -0.31840916803274116        8.6479413993302098E-002
 -0.75830269453285692      -0.60694413567640026        5.9031170730053310E-002
  0.18798375664321867       -6.5301195326373839E-003   2.6054327743916878E-002
 -0.24637579101056226       0.20991745402041048       0.18709917263032705     
 -0.96372139861752781       0.11215617362080506      -0.11717870485428741     
 -0.12999346764610636       0.70948211930002358       0.41981572876038542     
 -0.56695647345655886       0.43043989741659877       0.32971388200494195     
 -0.71182648050532615      -0.64483492869140036        1.7639943276822660E-002
  0.72126354004386584       -1.9155185957138651E-002 -0.60294576870796934     
 -0.83317109254022848       0.36975002905659499      -0.12689463829030503     
 -0.53581334734353692      -0.50394624437662661      -0.54487235065270889     
  0.45361838867702642      -0.60370131037300101       0.46695489180342037     
  0.38469711992493488       0.33627903104124629       0.62872725301459542     
 -0.32454995871232289      -0.41386793370241876       0.22705590833404635     
  -7.3834400540604334E-002  0.58062456336072588       0.16903524544031656     
  0.45173164529984511       0.51611719334100814       0.45526521135051945     
  -6.2623128083707610E-002 -0.54988754321110156      -0.41373524187725463     
  0.13316424016801792      -0.65429286479668847      -0.16080808067312360     
 -0.48490872228810961      -0.12412335404824666       0.81840271982419777     
 -0.25505769813015450      -0.51675390546845656       0.31293296415561228     
 -0.48824328722312704      -0.69373884682153975      -0.28602429443254340     
  0.38650649342101007       0.34489509109886524      -0.25539684112887162     
 -0.59082674721296358       0.25033306863237043      -0.61326870968393754     
  0.35169143191590324       0.17851392683195966      -0.81202771676742991     
  0.32824468648475613       0.57102136232538514        7.3515268940040762E-002
  0.18043561621413101       0.54107921562416195      -0.28916637135928425     
 -0.63239410633370419      -0.45285201135846309       -1.4788176619691981E-003
  0.59116973934381023       -9.2606853112876392E-002 -0.63107429518100566     
  0.60703762593631505       -1.0789949947507005E-002  0.36338310494908987     
  -6.3510638901818725E-002 -0.97720866186473498       -9.6272716677612655E-002
 -0.55307523422054772       0.13397085919422833       0.67303453328140406     
  0.50087917168953333      -0.45633758259520935      -0.39541173127842238     
 -0.30332713657337124       0.30018944405982823       -9.4698843719224268E-002
  0.14706990883045673      -0.60530904157266618      -0.10562490244685094     
 -0.14751427252524851      -0.13127453136239095       0.46504463179373523     
  -5.7525013585768496E-002  0.83720409134612928      -0.27006112071622540     
 -0.13702634804246613      -0.74528104774931214      -0.47296620424083469     
 -0.54889338424729717       -6.9537049991802045E-004 -0.61097730526635008     
 -0.52659231267832396      -0.53806545918181914       0.43745506740136048     
 -0.47956173479209752       0.48974976613654997      -0.37970985040294625     
  0.47962760576819191      -0.35416012865227497       0.42627875987773783     
   9.5443938832255742E-002 -0.64595614579682692       0.57607213043304706     
 -0.42179141720445140        6.1515139258785892E-002  0.34948548990561723     
  0.20712783627564718        2.2997405911154473E-002  0.62951379665586904     
 -0.30430681243744589      -0.45100243200507883      -0.81256316107224891     
  -1.5296300067614005E-002  0.37398734252132676      -0.59315633818329383     
 -0.12032452797236541      -0.85416608561615792       -2.0092462761326695E-002
 -0.65653764888083743       0.17353090063480250       0.57833488240683339     
 -0.86780157409956327      -0.17364389617518550        8.9851061602893204E-002
 -0.28239778292774814      -0.68965300549316044       0.65728347286175892     
  0.32563684326109116       0.35313748292361313       0.53514313643144595     
 -0.11780561920763293       0.26617804859820737       0.59171967076427023     
 -0.70160230798357059      -0.31986385237388659      -0.13671969174079321     
  0.23310490796799252       -8.0973237399470613E-002 -0.56323609714152212     
  0.70526133999170726      -0.60672558263888332        5.8077099046243495E-002
  0.76181421462117438      -0.31836762322605694       0.17773315099043319     
 -0.38603455634428785       0.49788512513348060      -0.58359211223511898     
   1.5474269992882320E-002  -6.0241752102859807E-002 -0.20671754048819324     
   4.5368299074268661E-002 -0.42299008689282264      -0.89006535560500211     
 -0.24713830502407402       -8.9284703878465183E-002   9.9103931256631875E-002
  0.47964931060749810        1.5637975951795474E-002 -0.84361427563474956     
  0.69296330698419151      -0.32569628953345098      -0.19938777323266549     
  0.24030205390922948       0.58577562839101494       0.57490811471791747     
  -5.6112826708352104E-002   6.8853163702556924E-002  0.92430302401386377     
  0.35261859637221638        8.7201241357347012E-002 -0.76144133766874833     
 -0.50031216368452414       0.20709129403157764        2.9222792462996076E-002
   1.3232660349783458E-002 -0.15708717663291075      -0.41956946209400736     
  0.44210590976741992       0.23102983912770333       0.14102434406072537     
  0.14065758927775962        1.0398288848802279E-002 -0.97593877102776039     
  0.30176016895570384       0.30484574642661039      -0.59077164117249592     
  -6.6129632859123627E-002 -0.80106761797163117       0.51586857782564988     
  0.15012014696736395      -0.22156999025159654       0.33513914282441098     
 -0.20463632555994574       0.51763342544698632      -0.19577697878592906     
 -0.71085179435805579       0.53668017304156113       0.38611205500636797     
  0.89426096338889594      -0.12091844573471576      -0.14630378653205811     
 -0.51485587424467405      -0.32285856615996633       0.66110469312616316     
  0.42994386399150836       0.39453019800957118       0.57224095881598624     
 -0.25859330028209410      -0.87980878719185618       0.33487064270369049     
  0.13841744052312055      -0.76989802409433927       0.59366578027306671     
  0.48898641471242965       0.41822357516012443       0.22636823187905744     
  -9.8213550795033688E-002 -0.20944030794227456       0.22222096552089546     
  0.55835604432615304      -0.21005669444435671       0.47042436024828232     
 -0.67817187560393422       0.20503232514916206       0.21726704693911111     
 -0.65276125788551231       0.37910101542893521      -0.46054042145418811     
 -0.34018826984454775      -0.20054463485870361      -0.67889259658320156     
 -0.22444201232241540      -0.66840681524352175      -0.13171016171087632     
 -0.18362696785789331       0.18384696352401517       0.72064909721410586     
 -0.49354516032556472      -0.73709641741161958       0.39393329900792246     
 -0.76316849696336631      -0.23233966411867002      -0.54674134832336707     
  0.48444235789709678       0.10813922360869314      -0.20167924411935706     
  0.29693408994903475      -0.25099623220494172      -0.44993851764745385     
  0.18682381548282642       0.22748673669515673       0.18169730293182190     
 -0.34450842325521780      -0.19337471920457683       0.12919693370601232     
  0.45920795231403638       0.65136220532367595      -0.31063395701844010     
  0.25623409577080375      -0.13543737851082643      -0.55286496117395112     
   2.5242092632536618E-003 -0.35115566249121755      -0.51395887668877960     
 -0.49433276388330849      -0.64193265724137161       0.45561334866355679     
   4.7606791857964903E-002  0.42867907396965149      -0.71783147617394838     
 -0.66181636869903093       -1.3053171510165622E-002  0.28407340141483223     
 -0.23281305935124708      -0.31202409621169314       0.32551980676684084     
  0.10642041151684974       -5.2854533355604992E-002  0.15514525223439599     
 -0.26480372947046321       0.40715452891731369      -0.47555311225003455     
  0.40085024690170074      -0.34472209856895480       0.13759214735955028     
 -0.16396803427433176       -1.2153836995112719E-002  0.24203677200867862     
  -2.6409491886683709E-002  0.57849577216828785       0.14106255578106300     
  0.19112750316318622        5.8744212218490570E-002 -0.31326480078506480     
   5.5953176984654435E-002   4.0229652339283987E-002   6.7845778035313636E-002
  0.25492572511521783       0.27234075205673730       0.41786074838413900     
  0.63970597106269400       0.17873325891847916      -0.49033067997249197     
 -0.31398607545142004      -0.39943138944037088        6.5005331658869028E-002
  0.35934148819975797      -0.61888253083132783      -0.21913193708562204     
  -8.8846160272647870E-002 -0.77693840696480942      -0.51019243260794955     
  0.34276013236648495      -0.37058117823306602       -3.2719423289394749E-002
 -0.49117778036711407      -0.72480906809805334      -0.42428021877945299     
   5.0933817906290257E-002  0.42571299111458616       -4.4449724239433615E-002
 -0.26688748846106414       0.41592115414291109      -0.61407383694570272     
  0.39489247637562769       0.55150266447516472       0.32835163198531753     
  0.22788705620376071      -0.32628459040127084       0.12987753366893395     
  0.15409589296079332       0.69363922290056468       0.59551675345226773     
  -5.6908741357084375E-002  -5.7333584721706590E-002 -0.39015207754454395     
  0.51623849491439677      -0.16257036395228908      -0.12322546923797065     
 -0.38501926076842635      -0.27213135548648842       0.48031904424003879     
  0.71327115924041928       0.14600301527849860       0.51212704366801409     
  0.15797168556195940      -0.14225502915140478       0.89739127790139728     
 -0.20066085063536865      -0.71991175291681186        5.1557331436423035E-002
 -0.32052468245172328      -0.32438666147437895      -0.51605049491415578     
 -0.78634574709923999      -0.16362511602052751       -1.4974664772669784E-002
 -0.12739414255524967       0.37846920708241821      -0.64355274600273682     
 -0.76411218565608174       0.49768198650692147        6.6893895666895020E-002
   3.3721630530380562E-003  0.44608549356588395       0.16346858394227404     
 -0.22978659390487183      -0.29214495664957135      -0.45111137764033260     
  0.18894321035036224        7.0064498777758971E-002  0.28816280140733752     
  -6.9322402521540205E-002  0.46331995981436103      -0.83806521655051736     
  0.67937044116173639       0.14729025131931814       0.27706973551750247     
  0.55801761466243049       -3.7965915572185267E-002 -0.59499453533139246     
  -5.7331441062516232E-002  0.33121772386030918       0.28399337176370754     
 -0.41352821581345955      -0.41714401040701526      -0.64851515676636062     
   6.8468771294642711E-002 -0.91770211735452489      -0.17986848255185442     
  0.39517518972046833       0.22460772291902517       0.72993229018009964     
 -0.12296388438239444      -0.19904346388682825      -0.14404224420440079     
 -0.12234519125672358       0.66994932658071316      -0.28707036657472829     
   7.9840539902066604E-002 -0.32539947203320896       0.35973134104909804     
  -9.0612479844010121E-002 -0.48752870126182035      -0.52214372253410213     
  0.90817219095225055       0.25461555046292633       0.21557959064767351     
 -0.15949697640538699      -0.85669620715540473       -9.9507496465929754E-002
 -0.43250087928074715      -0.64270577655592043       0.21686445847321104     
 -0.60243799473234971       0.47189480887469126      -0.44163592718964889     
  0.60268417393981277       0.27573291440825287       0.20672859026715842     
 -0.26465122460000318      -0.33386874218055879      -0.45382667952190625     
  0.45184250568198309       0.11598777299225807      -0.27391728687334810     
 -0.37743451855622562        4.7663835565240661E-002  0.12842506419340260     
 -0.45585861433646885      -0.37894190638737613      -0.40243680671910426     
 -0.15878305646942484       0.65571099661106758      -0.26591846153498805     
 -0.37157250431592576       0.44336244866973018      -0.32485095178028833     
  0.30201927179091298      -0.73057536526217526      -0.46010964206648891     
   5.6888874280128267E-002   6.7206928394366414E-002 -0.75628634083751600     
 -0.51502642395824938       0.29946517460691152       0.16645552853608847     
  -3.1010927144522617E-002  0.33316478661325483      -0.37378192299393231     
 -0.60804140776212934      -0.23782764973621770       -8.7419817857577881E-002
 -0.44591586585518894      -0.37052514062970626       0.54921615697228698     
 -0.12709407853422791       0.78982932029236719        8.6641076880764265E-002
   1.4040732271174564E-002  -5.3501207398760783E-002 -0.96951682451165988     
  -1.3219478339065668E-002  0.60444410438922203       0.24846868825418741     
 -0.39365578830934600       0.83890036991376615       0.34104384522549702     
  0.23443390668016711        2.5288375409881696E-002  0.63031724877760398     
  0.40092024134832660       0.36840213503120717       0.48007254616650374     
  0.66728501831612175      -0.47047819887528641       0.43711111163658051     
  0.72042489500682183       0.58280938172495211       -9.1948762993217054E-002
   6.5283318853452607E-002 -0.46627474558733573      -0.83550726615216164     
 -0.79681303128694159      -0.50081220731948028        1.0123964885174502E-002
  0.40318120508398786       0.23344547139920627       0.64611989486187071     
 -0.84601674104038338       0.29022511619053837       0.25648594718651857     
 -0.16428732056005096       0.46089392682132513       0.35305378514824687     
  0.81082336760731666       0.19931512582485125       0.35143031372778694     
 -0.69545694967850313       0.11391184930484020       0.12189566656976092     
  0.20849132719021110      -0.37144821323215998       0.17807573678063499     
  0.39005867271085787      -0.20503910191192767      -0.10490723185373975     
 -0.27208345136830125      -0.67060880915391774      -0.43337503809368683     
  0.17086515484037199      -0.12594725475572235       0.80840762268697708     
  0.29716097230502186      -0.34381735624441628      -0.81468248479208993     
  0.32809181979517760       0.47347920725884696        6.8957903387801611E-002
   9.8602836446591135E-003  0.34133559189434975       0.64639322049399495     
  0.95970648449613272        4.0318628632791322E-002   7.0285371175206474E-002
  0.59655769251801494      -0.33705185660592685        2.5570438668993337E-002
   7.6626457447145871E-002 -0.56010514352764573      -0.75272774280866062     
  -9.0369325460180616E-002 -0.86074221061965761       -4.1668042852739645E-002
 -0.72995347156520518       0.23722093252584975      -0.26652824650963608     
  0.36764926676356652      -0.29338657532033074       0.34421883884232818     
 -0.25208798915153163       0.45449984878150990       0.54584979539026002     
  0.42804791562446065      -0.57482168739557693      -0.46653266367336294     
  0.15973810083492210       0.27585198525319515      -0.78828225765240501     
  0.10092965412610043        4.1184796664283110E-002 -0.13605586699108876     
   8.7428808091405477E-002  0.34305086239080879       0.10386567683151933     
   7.6099702370845790E-002 -0.26741463272565430      -0.14412633114392168     
 -0.23156529454506417       0.32794903665693337       0.62486478022799452     
  0.17523783578290800        8.0323695794472572E-002 -0.17293638314005819     
 -0.16159625185037974       0.28396914121584249       0.52549476351677704     
 -0.49854899132168179      -0.51610811611503837      -0.51879922565346659     
 -0.46576655426817293       0.47229562050285728       0.44410032811663713     
 -0.81523507177446097       0.49434106781556908      -0.12125992719726317     
   2.7535803357043170E-002 -0.18570322345696008        8.7174742280857420E-002
 -0.40465071096482241      -0.54889177927082133        8.7140326994512490E-002
 -0.35040651426225272      -0.29889139390794889       0.14424352734931084     
  0.23305484211474292       0.82421434931665694      -0.29577805500184989     
   1.1756600112884177E-002  0.42385912109558915       0.69348092383146676     
 -0.63346144687080419      -0.22034493843786135       0.42709268318039190     
 -0.43219781006579649      -0.23208228589631266      -0.54741974248125502     
 -0.80612733188276442      -0.41890390227775409       0.14372057925322843     
 -0.17313428233564990       0.20581340597449441      -0.34008288284561372     
  0.60961618354171754       0.15732202021987085       -7.9911819917450527E-002
  0.32463972364409099      -0.27988778294744071       -2.6281695449613808E-003
   2.8035799945338870E-002 -0.28449189533622221      -0.43060572100079364     
  0.30450825378152557      -0.38004601728649950       0.36898422809711562     
 -0.32841873101284930      -0.55935143386676944       -2.9592874796025230E-002
  0.18612838689680808      -0.26266937433419357       0.61231580793285267     
 -0.53399612790749840      -0.35823165630567916       0.23114159747996807     
 -0.38666425518663156       0.19442608770962255       0.43738382742756365     
   2.0943048737578490E-002  0.18918712064465518       -9.6181130314798247E-002
  0.75520495892381145      -0.41159360718439880      -0.15549489615280015     
  0.54429228710748434       0.47064855660774563       0.22445894852314408     
 -0.15874968550910873      -0.34299999921363539       0.44642850316030286     
  0.29644439365119124      -0.94170686662643988       -6.1605028143439211E-002
 -0.10737664099415468      -0.11218844388822800      -0.25441220347482274     
 -0.39472383238573955       0.67065845296365512      -0.24729552240434788     
 -0.69734423929871814        2.6768326439464949E-002 -0.15924054853149824     
  0.83354084892571967       0.34088559600699092      -0.25110250650078991     
 -0.27350084837587763        9.4190570127999695E-002  0.78755441605219012     
  0.12573587329162966        9.2450191049649771E-002  0.31173993440964198     
  0.12454068847633379      -0.72656855585228119       0.17025259889082664     
   3.0440962554565274E-002  0.61968433755679608      -0.45782440419307990     
  0.47480186705563920      -0.53005952978895599      -0.33203843788776749     
  0.25502009132236869       0.90762709163239152       -1.7138295516538313E-002
 -0.31324963027543795       0.55364267358236541      -0.65606631827675599     
 -0.43452669648986481       0.60823464892411105      -0.43092107782647565     
 -0.70651993714893202       0.44384924147392646       0.52747775579106349     
  -4.7465939356553556E-002  -6.6331669836119267E-002  0.81415057133058744     
  0.38807314200676440       -5.4326623722609768E-002  0.22427032503671288     
 -0.10643431448262915       0.60410413617978465       0.60937339363303034     
 -0.21110231116301120       0.21875245462704793      -0.32503222068683840     
  -4.5401524915391088E-002 -0.36493162280948443      -0.44262268671435623     
 -0.25262322117742192      -0.78001108265273766       0.30411650003143648     
  0.31676279021251119      -0.74342907824771298        1.7848497400488880E-002
 -0.72710723995588578       0.22954677030800172      -0.27130813951629151     
  0.90009403733777571      -0.19381676455970848       0.15577143307925792     
 -0.15174633633384169      -0.46812450133965205      -0.82251880607622729     
  0.37246757761190846       -6.5777977368916812E-003 -0.44374895815255216     
  0.89748679809139276        4.0767249173859606E-002  0.40667193488280079     
 -0.73326273877189441       0.41888599344191063      -0.10871263275863616     
  0.63050930524202908        4.2131284939186490E-002 -0.51744680105070240     
  0.44089672889086146       0.54215750594857925      -0.44515013933726277     
  0.55200554575243299       0.19692045721227799       0.77704078928242315     
 -0.17089193438193795       0.60006323289457308        7.8992062495850432E-002
 -0.39892943045365065        5.9344510163144959E-002 -0.15690312438930151     
 -0.38646229096503881       0.31053064869142660       0.52028668259562938     
  0.41606196010672586       0.65601443835203510       -5.3142005085285028E-002
  0.68817209699682258       0.63403980607340504       0.21083408293097664     
  0.43173644378586568      -0.17311632099660335       0.20254232919074780     
 -0.29259946171977863      -0.69524903403822280       -6.6098661894274768E-002
 -0.69943807205986730      -0.22764433784356194       0.47861881030649506     
 -0.21582012085999447      -0.65389763834233494       0.19688615863434930     
  0.46603206964140897       0.10816730481683949       0.85537661803942722     
  0.35800792904139866        2.0557956397380301E-002   6.1184384186805538E-002
   6.2034307850844336E-002  -4.6829404177519532E-002 -0.73855839013211000     
 -0.31108155710314406        2.8838052940739246E-003  0.74223802529415672     
 -0.13252848865311298      -0.45049999128680229       0.74501681703723988     
  0.27132062257507183       0.46090516094899220       0.74112713943298947     
 -0.12852714140506144      -0.13216103750316391       0.55792543111416537     
  0.29019889699517343       -7.0547642745999103E-002  0.12767590354221386     
   6.1020210939311613E-002 -0.70611293327407487      -0.35630500743036886     
  0.24147375423419032       0.50046791470106655      -0.79897934941698601     
  -7.7259991669069536E-002 -0.16806479324516194      -0.27251550401560654     
  0.46079590510692386      -0.64531029357272296       0.57682166253712319     
  0.69581061953102463       0.48317519075469029       0.43428165715897465     
  0.82126793946393573      -0.41214542515742980       0.29794650970798287     
  0.16910967416778414      -0.91475656993946208       0.29338954127275929     
 -0.79647323426675720       0.24015227961044225        1.9081902093479517E-002
 -0.42003583467677325       0.39885557299814545      -0.34647551275062560     
  0.37864563372502585       -7.8595054357504732E-002 -0.58872514260260200     
 -0.65469019992520849       0.25841626342751828      -0.14019570111492191     
   7.5543343832247978E-002 -0.64709391151812035       0.69669620454577219     
   3.6211818240381909E-002   6.7468902659965010E-002   4.9134282189677560E-002
 -0.17963586884230404       0.26226906305318815      -0.28257865139306165     
 -0.91854199805347492       0.10159615553079682       -2.2094013088972509E-002
  0.68962071332097508       0.18674921334505332       0.28102544578002742     
  0.23700251299558214      -0.50801257967587077      -0.47085012671083354     
  0.87124765283739303       0.16523533341923430      -0.26373991971822075     
 -0.45942974409087206      -0.39996482127902017        1.7874785674153234E-003
 -0.49837712606564877       0.27134873008648902       0.57183048226318711     
   1.9191759966348181E-002  0.29409628403594207      -0.42987048222392582     
  0.21615966778983758       0.15595726305142413      -0.70146741711399840     
 -0.31786408652731535      -0.21116832380946648       -7.2508128108541819E-002
 -0.17688234152009441      -0.42067650577893517       0.60791955839382550     
 -0.16537191304129284      -0.89840208407418076      -0.15706438977652099     
  0.20576514674930368      -0.41337929140346263      -0.61998918976423345     
  0.62626255863949964       0.10089920176152403       0.44518000858629647     
  0.25352974252300808      -0.62961349960539026      -0.16219486193694874     
  0.10950565198239924       0.57521493013323122       0.12376509263155727     
  -7.8664697470753539E-003  0.93316623108720886       0.30560238856935917     
  0.34538276843259341       0.47942494189347590       -2.1533020476968621E-002
  0.88413132866311883       -3.7763008829040871E-002 -0.20047122220324717     
  0.51281012220262667      -0.80610433001190696      -0.13339171847021944     
   7.7595141180630739E-002  -2.6536539794517252E-002  0.34666178457096680     
 -0.72828183198749630      -0.11658890791888814       0.23686040623704036     
  0.44095682068678371       -1.5183033778202520E-002  0.27659858113541674     
 -0.12194086969693424      -0.34924079377550871       0.22721946970311335     
  0.14469032280594660       0.16960331700016162      -0.67022898017892629     
  0.52508480186417894      -0.18304844185631050       0.73213176153164605     
  0.68168813925279625       0.12737798314632040       -3.3370314801072581E-002
 -0.14517498883600594       0.78090736385692461       0.17210582339757133     
   2.4126394715914011E-002 -0.14694847930369800        8.4631914876086567E-002
  -3.5588502501506213E-002  0.85500996700955600       -9.1664419927020388E-002
  0.49207088372970947      -0.62389453851050647       -2.6859380881953918E-002
  0.48405006935867778      -0.10015881494491190      -0.35735969541370471     
 -0.37092142958463625       0.38066450197782575       0.71866044261392592     
 -0.29993871146467821       0.63504123839413573      -0.21579025478589703     
 -0.22566884357866979       0.34421242949207220       0.42455518944128351     
 -0.41784039273579993       0.36047444143411628      -0.66336163358863764     
  0.56874136220824645       0.24947759143467849      -0.48536619632727385     
  0.41874183466725984      -0.30489491804260577      -0.37897730324444839     
 -0.81875156961004003       0.22861691624363517       -5.1558054324697906E-002
  0.16408801512832044       0.63431629591578942      -0.25872743193201586     
 -0.41053626201509757       0.68391651272354381        6.9450165793662810E-002
 -0.41730791631477893       0.19669800312237129      -0.31100863237334486     
  0.64537459850169865       0.43624591040605171       0.31428765815079746     
  0.77272068250951376       0.27773938556871419       -5.9277458575180055E-002
 -0.44082495843633446       0.36746800689803288      -0.47480352680519861     
  0.28818368037178188       0.43032030305796115      -0.45108638782291899     
  0.18055784058705773       0.21339505151946675      -0.44485848162665687     
 -0.70264623443510710      -0.15466496832495136       0.38089072116680728     
 -0.34870854381787664      -0.29732611545139603      -0.78336553014305788     
  0.29075916478818015       0.25338635171708657      -0.62929352122732540     
  0.32616134177853262      -0.32497360069655379      -0.48278127435550627     
 -0.31557590512934341        1.1018213237365765E-002  -6.9115273300950575E-002
  0.63430121151446461      -0.69204595249610568       0.23198920894189623     
  0.21518582421784621      -0.42067802302061230       0.46631342243848511     
 -0.67671613431470912       -4.9604382472595056E-002  0.57896874370599072     
  0.52600721699899788      -0.51045974987987663      -0.18787731687699361     
   2.3637882847312469E-002  -7.4323080556970830E-002  0.51679867742589636     
  0.64443901607697585       0.14339357971349742      -0.49118571163489327     
  0.71213308805172193      -0.11647912832772866       0.30902851518069058     
 -0.56888615452895441       -2.9015795170506446E-002  0.47780369230358266     
 -0.14398734244029901       0.54486208924422674       0.47737495916867828     
  0.21081324305547963       0.24719158527155499       0.26118042551975407     
   7.7952883112560725E-002 -0.15652666391646386      -0.97740899090160660     
 -0.24644369746916189       0.70619476368887235       0.49676729187048763     
  0.28329568865410648        2.8066192578009165E-002  0.11772465154190809     
  -7.6170697081175492E-002  -8.2442934672260715E-002 -0.16526365546064473     
  0.53856824958030625        3.3253056627785250E-002 -0.22038159558701867     
  0.12621115847425368       0.64163671479409368       -1.6528608392736687E-002
  -3.5132756937134989E-002  0.78387324430422234      -0.59172019407911758     
 -0.52007772124379070       0.25326459196395767      -0.62934734524236957     
   1.5181296503453231E-002  0.68689130308742796        6.5927582464107681E-002
   1.3153665482319886E-003 -0.81140570518277666        3.6662866215126252E-002
  0.51998033709589131      -0.29787352317998272       0.40511478511434712     
  0.27676793232180180      -0.72343844932814272       0.30638064900284279     
  0.42708814715478305      -0.54051670252075290      -0.28286457770501611     
 -0.71877764731880978       0.34509296915379811       -1.2303108348478814E-002
  0.91654527475804537       -2.8701760101841084E-002  0.22811672377279529     
   1.9500801304978652E-002  0.12337351167658828      -0.12994802607480854     
  -2.5470842903324218E-002  0.80717351382326752      -0.13771662796642609     
 -0.12670853949056132      -0.81115444966907724      -0.42230976284039334     
 -0.41622526481243266       0.39804641974731869       0.51674276302478106     
 -0.46754123839573197       0.41331565076007853      -0.70461251878162501     
  -2.4035830274849582E-002  0.72165137930567103       0.33343647541527838     
 -0.31478059214055026       0.85520483232038214       0.32566160844637987     
  0.68989089826715089       0.31751815958284102       0.51783914544988963     
  0.42650947907578435       0.33065254343515149       0.16954245189250897     
  0.53642878332056199      -0.46706123117099840      -0.53116681755050976     
  0.32088217942821462       0.78135255702887163        6.2181441631635699E-002
 -0.25899668476295401      -0.17484211086312623      -0.55035554615281190     
 -0.25936727020514760       0.45611233326763212       0.54724627726269504     
  0.70015292097292958        4.1169219779555899E-002  0.48056504854763049     
  0.56576965376979593      -0.49376632882407456       0.47575770349242064     
 -0.39129398020990969       0.33902237643964517      -0.25389857207172833     
   1.4359411413646272E-002  0.64439637378548265      -0.16670458976825553     
 -0.32564880552943121      -0.31301388325339874      -0.73940742393543335     
   1.6991951206638954E-002 -0.79437003967062780       0.38968828442041820     
  0.16868806017221902       0.19025291582614648        8.1633027080619300E-002
  0.82971456951030698       0.27905942412164647      -0.18570643811390455     
 -0.71117236055487854       0.25393475936513421      -0.62053739358964410     
 -0.34565154974816897       0.27317920791201600      -0.19719286920050896     
   7.1218485042945798E-002  0.48137327272735680       0.41316089204676443     
  0.45252773076266545       0.16832092271261828      -0.18054998450692455     
  0.34274654604351262       0.40944094897270161      -0.12822175459961443     
  0.11955059553775990        7.3865386516282244E-002 -0.52876557023103166     
  0.32261092199760050      -0.31884571749492385       0.22803634120198707     
 -0.18247113022649289      -0.56056035217822220       0.33229946160057849     
   6.3248566241577917E-002  0.66267849944116552      -0.30250299664228236     
   1.9535610280412983E-002 -0.30496321936395804       0.35688535055493270     
 -0.57781465191962633       0.74587521118295108      -0.19458852491288806     
  0.12032348972167507       0.66479240124683359       0.26518636745722157     
 -0.20450428143445371      -0.76816198160302929       -8.5928401126283610E-002
 -0.84937484755004433       -7.1840348721760774E-002   1.8463792972075101E-002
 -0.77525157030797798        9.2220808950331301E-002 -0.41214986437141654     
 -0.25895077818804030      -0.75289915647669170       0.52008671939633555     
  0.24187187247616962      -0.80339834518569431      -0.13847943419773776     
  0.16788863548868474      -0.35883789218297307       0.58751570029465405     
  0.70735599930901172      -0.33100191995064249       0.51549645470502403     
   8.0652659752057224E-002  -8.5894602766447822E-002 -0.62017795659837605     
 -0.19540580325102097       0.51429279779750570       0.77004820003880114     
  -5.4917331742483963E-002 -0.74092953558581631       0.24364265567736532     
 -0.75084516837340154      -0.26399577955937437        4.5177674254397178E-002
 -0.72990222276806416       0.42083507863667663       0.10635662291261944     
  0.19971313540686730      -0.62484085083201235      -0.44234635205847189     
 -0.22812491403845728      -0.40513417885920971      -0.28576016450784303     
  0.20977588452990165      -0.40842322611310428      -0.20398307631662330     
 -0.10291775223070930      -0.61896748102692345      -0.60029937848264692     
  0.12217278576392553       0.31088286518307007      -0.49300650974734345     
  -9.7856400018404011E-002 -0.85487579189088969      -0.40836781667141625     
 -0.51700188443019834       0.19015694431809971       0.10854712669017004     
  0.70457578068621829      -0.36937566757386536       0.22254111760983483     
  0.26211582884433587       -8.9329606601560377E-003 -0.42449333422695223     
  0.21773355697105201      -0.61828867799542730       -7.5948497859234534E-002
  0.42593089704835702      -0.70159045177243573        7.1811689095356230E-003
 -0.10498083933190983      -0.49604537621174499       0.20289371234331810     
 -0.79383974944419600       0.19226240814046930       0.55272335042444509     
 -0.32832352231398404       0.32474925225560136      -0.38096111269727523     
 -0.60436786347377980      -0.26918816004141055       0.50737160581151175     
  0.68935598420805322      -0.34495221893478067       -9.4200243032656769E-002
  0.42293798499461277       0.24852593449390800       -3.9995138680118662E-002
 -0.54867386037741550       0.29968025169620000       0.28600506173984258     
 -0.31740481115853830      -0.81161130039211760       -7.3828505036453898E-002
  0.34610583364008873      -0.27374664986470132      -0.20037232740731034     
 -0.29791165253020419        5.3339409381104375E-002  0.70435217605614353     
   1.3924520174169617E-002 -0.30140726969412829      -0.42152527883433882     
 -0.62040169192046601      -0.23078308792369448      -0.69008158813818787     
   2.0277917395645172E-002  0.16368808269148480      -0.21091870072552979     
  -8.8573137256555551E-002 -0.47491459916747070      -0.85029611306293906     
  0.81220373926645639       -3.3805860738577158E-002 -0.23802526766740356     
 -0.23488172480399089      -0.51560677459880344       0.47455643883049237     
 -0.38592082786911108      -0.13423153181426054       0.46766879980881160     
   3.6129969470556698E-003 -0.69291474798382879      -0.44854411384069193     
 -0.70602153721269012      -0.12300208973428951      -0.58756870999359656     
 -0.58107386915756376      -0.50310669749308201        1.5923329542151064E-002
  0.82530508172615735        2.7514774429330108E-002 -0.33350047423124468     
 -0.93899830618227753       -7.6666629520484768E-003  0.22171090216021330     
 -0.11276819300454313        7.6222539301132708E-002 -0.84143986539288218     
  0.41064903699211747      -0.18323613431085464      -0.88659803812200944     
 -0.78705157561236616      -0.36906865652379256       0.35042874663756229     
 -0.93255854655153869      -0.24435830744605461       -3.3025087065756513E-002
 -0.50330434086893427      -0.49056171611604743       0.22981161325400898     
 -0.58092625701931000       0.16719081020395632      -0.75541425680130070     
  0.48351305842928100      -0.28584049773039638       0.69019891606760420     
 -0.46829604403678082       0.75224301431394724       0.29855149913491630     
  -6.5839486130938388E-002  -8.5212035254199375E-002 -0.17017066343411388     
  0.40121462543586411       0.28134005607928358       0.49005289987548262     
   3.7598019739334215E-002 -0.57119924609661399      -0.68235727364115495     
 -0.72897488163211066       0.60738038488360524       0.26435918313207540     
 -0.57730862976473818        6.4484438474013625E-003  0.38309670030155069     
  0.73106092746270235       0.62152532579136166      -0.11088926412955516     
 -0.17326139627771800       0.33274303172219477      -0.25534328615277063     
  0.16652224131558088      -0.88135892743332367       0.22255641314235539     
 -0.88066101971352839       0.32922527808903890        2.3265680206271865E-002
 -0.25007855293819109       0.40525889844729357      -0.45566782099893832     
  0.26280363866377154        6.5236040233191586E-002  0.67857829391264235     
  0.63240226083567552       0.29319349473857731       0.12853275944451839     
  0.36683347515866482      -0.30502625403448452      -0.49245531123394393     
 -0.51579308948590830      -0.28866861469086480      -0.24246703079829313     
 -0.69401116316704659        4.3311211526974716E-002  0.13231227575017676     
  0.73575785131279714        9.8193149803586705E-002 -0.42879418206616049     
 -0.10437013766077223      -0.39319232444227081       0.37700404589880088     
 -0.29564474967875470       0.51827282858087964      -0.46424300582807598     
   4.5413770012758467E-002 -0.47206231232537776      -0.35841579357882170     
 -0.13732255220206982       0.63768138298719912      -0.44574454049937823     
 -0.28722858574359889      -0.72758573191634790       0.39083891171356200     
  0.20348316429009533       0.72217044126205676      -0.62177129983552082     
 -0.12213175188558439      -0.15763638524498824       0.55150013722580038     
  0.22863526297608694      -0.48687132582450021      -0.72560976140548838     
  0.72796470643460065       0.12670627950639657       0.48626696987223861     
  0.46644833520144696      -0.74244619761224784      -0.15334726793248060     
 -0.28665965034854962      -0.58065544721070950       0.20437255845765112     
  0.68598105401293352       -4.7551951168610558E-002 -0.71613618633568388     
 -0.73942194911951209      -0.49017081336146562       0.23337443550556447     
  0.31964961656823426      -0.43599029488245972       0.34783435411629632     
 -0.44848349079829997      -0.55727627867781282       0.35438456686802733     
 -0.74252459337977672      -0.39149457575881397      -0.24234160280556319     
 -0.40727704986769592       0.32477898762302471      -0.38316992948822598     
  0.14330943478191943      -0.69456979357032012      -0.27355466129675599     
  0.65318805174560224       0.43944617639538130       0.15736126678626092     
  0.61696313176806850      -0.69115101623111574       0.21776259487296473     
 -0.38973018334537779      -0.76714110819240233       0.15421745174154428     
  0.10027490950312141       0.97367144523025173       -1.7203886125937819E-003
  0.44935255038208866        2.3723545590321221E-002  0.85577564852735788     
 -0.49165729696105415      -0.63100276130678556       -2.6980765081880593E-002
 -0.47913200481342433       0.69997769518674169       0.19411874530636211     
 -0.41205351960940967       0.68130212506646626       0.28822353639619064     
 -0.50112203882014439      -0.73519040608025410       0.41944683208783884     
  -3.4231719811851996E-002  0.59465485745612467       0.72261210725672609     
 -0.38683030674774610       0.34591450224559084      -0.54373881842202121     
  0.82005461647220101       -3.2288872309288057E-002 -0.13014855936931169     
  0.39404378770882131       0.15320269702791320      -0.53387753771835256     
  0.86400764810372732      -0.22110735846694785       0.18450666334862939     
 -0.24281411523863894       0.79760495119977814      -0.15193777555389751     
  -2.2375583113331769E-002   9.6177638712748412E-002 -0.57200338644784077     
  -2.0198003586225609E-002 -0.69841764620626157      -0.48548641566162565     
 -0.57326199687348156       0.32949524444075651       0.23925564326650228     
 -0.50388170511171104       0.77207699161684429       -6.0876776295932078E-002
 -0.84230186131638018       0.36901022694205970      -0.15648398107785721     
 -0.82694808512644424       0.10548981844377739      -0.47524039975017346     
 -0.28865517310252820       0.48908213432165604      -0.40434824334476827     
 -0.46168205263969786      -0.11019754680657212      -0.54753933410677846     
   8.5318344425551501E-002 -0.46411470336256949       0.44365883840649578     
  0.13477999014406014       -8.4597627863892147E-002  0.80646331420303674     
  0.27118925469771243       0.32482694921766525      -0.88342251425128282     
 -0.17253737377294845       0.53300476204035097      -0.31850727058160239     
 -0.61728706775267816      -0.10519473654198880       0.57116603599954308     
  0.43321789856218068        8.0651726848096558E-002 -0.28210618600271986     
 -0.31683502450483098        3.5268034633388840E-003 -0.70299198931103435     
 -0.17938714848192430       0.67678638587959128      -0.61518231968137937     
  0.58884882305929087       0.17752947713636166       0.64143034624466588     
  0.14021732223853617       0.40360221728382051       0.76478339101910064     
  0.10398284138422942       -5.2925323633317513E-002  -2.4875885627627177E-003
 -0.17833400084509296        1.2860625316832387E-002  0.14781645088278605     
 -0.51140425925630950       0.15430628340860278       0.26839113038390133     
  0.61552533201837167       0.49459831169145896      -0.30324954974945517     
 -0.10019806652854495      -0.39090178300944750       0.80867407232923583     
  0.67518541241695640      -0.19136313396990409      -0.25875952694841858     
 -0.63362753955589413       0.43254448548089247      -0.10122137338609707     
 -0.85468650992770823       0.38663912687083740       -8.2894885743829277E-002
 -0.40653376254260920       0.73112602632636059      -0.48263483517822231     
  0.22976321028872293       0.26191380884814552       0.30074442614327418     
 -0.29755644527662645      -0.48183496897158840      -0.67678205605503972     
  0.17639789321389535       0.17232371977208788       0.49036874242374812     
  0.18170469816005180      -0.19590745221136235      -0.34828656801358798     
  -5.4136611040353402E-002 -0.45641366995047489       0.32649418626138332     
  0.48799417602381834       0.41934388466463124       0.71968449254855971     
  0.10840450186771135       -3.8191147987608837E-002 -0.82625275697211664     
 -0.26456412011644970       0.45904691533320280      -0.32371018869783597     
 -0.34902942468694348       0.12852999051358649       0.51112005315262776     
 -0.60318300849230300      -0.47690891663092533       0.53310972249576194     
  0.93404738912177288      -0.23296839474108103       0.20686235406227754     
 -0.43901782874332790       0.30090839751731729      -0.73770852432357104     
  0.17025570324968381       0.26207908629963428       0.17332206933809571     
 -0.87641195890775314       0.29150643633470841       -2.0447044935212138E-002
 -0.38287393640962974      -0.38880666373551592       -7.0481859252700646E-002
  0.24141772842663681      -0.42596631654705192       0.75597465186400914     
   6.5468483154393006E-002 -0.40362305586270425      -0.67827785829693854     
  0.18171464886745997       0.65022763464203726      -0.55383436411306397     
   9.1613467390321168E-002 -0.80841661373506180       0.54978552769388667     
  0.38419852619045580      -0.37569790418658022       0.28288224116901017     
 -0.51265134318846239       0.15345870535370920       0.26993524745902292     
 -0.63301712193849513        5.0898392596695270E-002 -0.53661114164322632     
 -0.15789791979758069      -0.20610532879864868        7.2859959578655764E-002
  -9.0695810964344981E-002  0.33044531656740533      -0.13001282051212099     
 -0.17695162872837028       0.86201311415095150        6.0037193916861249E-002
   3.3640824856006862E-002 -0.43692799323193354      -0.29306687369432283     
  0.25230547489990796       0.71749397498326506       0.38573597016375116     
  0.53156738443047336       0.19415415693597463      -0.20148254720080955     
 -0.33979322445291033       0.64284851381118890       0.29107477774764201     
 -0.77621354815482102       0.30821563676264990       0.31367905312089800     
  0.32796714467283955       0.33180663642433378       0.54631694788289753     
  0.41003462239371302      -0.61317631640340209       0.26421701758415006     
  0.78678846098873934       -2.6170014966736346E-002  0.48256338611888400     
 -0.50220699844382222       0.66553970931155071       0.12883859688250013     
  0.50739208009858516      -0.22616235932905532      -0.17748930135721303     
  0.30662124870483254      -0.27893305613785702       0.49383920084252825     
 -0.71258942399514291      -0.38764933014290198      -0.24953094685385177     
  0.63072706994754546       0.55903409118520586       0.51497879125068591     
  0.28064167529964401      -0.40372855535698510      -0.22775501891069960     
  0.48036795589829479       0.22538314208086144      -0.20151187700981496     
  0.91317750437127487      -0.10512262148083523       0.19656294235702268     
  0.39465382052286074      -0.40420155028484106      -0.41662479473410285     
 -0.30381308298438237       -2.5648452931659474E-002  0.69233132253977159     
  -3.4884607390671132E-002  0.90352097390394803      -0.30451744822561383     
 -0.32851466180406436      -0.82788359997995009      -0.43244699451879476     
 -0.40577671454137376      -0.79493422482088216      -0.34802673514569954     
  -2.6318198214588108E-003 -0.43499170629795603       0.19449184733482733     
  0.21442722785264495        3.8901671351140171E-002  0.71086315790777166     
 -0.71423846998255014       0.51972648232245433      -0.30624880026622325     
 -0.17535052131741874       0.67835685057770467      -0.50569638665789785     
 -0.24553197830144338      -0.25765782575555152       0.60201844596825782     
 -0.30683607940987151       0.51096871126443677      -0.31693343887153003     
  0.30220632600651459       0.68502770261841073       -3.1357099514821324E-002
  0.49846785871758947      -0.19731645489832411      -0.38065640641398785     
  0.87548401818984478      -0.32383681666653957      -0.24518685937485757     
  -4.3906653282391288E-002 -0.44878156341885661      -0.19710101530374338     
 -0.70278634565855058      -0.51851629254518894      -0.20701599340788715     
 -0.53097136594979766       -2.5473812931409167E-002 -0.24760114459847121     
   4.9193662438413270E-002  0.45569734094094727       0.45474614396786062     
  -8.7237420143141578E-002  -6.9380837783171390E-002  0.28813545382599326     
 -0.56716313233413940      -0.23403014033094957       0.37079181578453535     
 -0.81429188122328389       0.25700384161054346       0.11627861844531862     
  0.79966127020095834       0.24433379027470228      -0.10925547934545377     
  -8.9474936728478269E-002   9.6577782190247957E-002  -9.3960838385216572E-002
 -0.24809285194512715      -0.64769741313365148       0.16392462314665604     
 -0.60535027320582890      -0.33715772951377682       -1.1104241727946818E-003
 -0.75763297226373993       0.33158108183899720      -0.20349761935397098     
