  -3.0928845999907514E-002  0.17487054106209371      -0.34813315749492951     
 -0.15054500457866382        2.6729385905466120E-002   8.2506810327060906E-003
  -9.9608794979031232E-002  -2.7170807734388409E-003 -0.11148228709309421     
 -0.18253703263553520      -0.10297294281542410      -0.29719614421188462     
 -0.20763203887550535        1.5753319155078476E-002 -0.15837849511255594     
 -0.12036720380566411      -0.13049361890227693       -8.3086247921011547E-002
  -5.6935633379440489       -3.0828313797442091       -4.3079008861994383     
 -0.31596200852091738       0.11097199105237614      -0.87910352507841538     
 -0.22917924313717764       -1.4785067542371498E-003  0.13162700503330749     
   7.2497432585345063       -7.1578688685704019        7.4580619588038939     
 -0.16785068688164356       -7.1832419554445220E-002 -0.18228555333186211     
 -0.13668934214650433        3.3542070911804667E-002  -5.2001135776052802E-002
   4.0109715614289518       -6.3850868618083227        5.4678382357666049     
 -0.40438534079294430       0.31855292095065435       -9.3857700170028202E-002
 -0.26041381515331430       0.36660449155878699       0.11127410392034351     
   6.6978919817789162        2.5600235546893826        6.9579211071783655     
  -2.4903907262155092       -2.7198507739803190      -0.77890918218058869     
  -1.8906831632049097       0.19815313833564588       -2.4967062358470735     
  -1.1025838414751996        1.4438874078883412       -4.9137306466050612     
   4.5446002593052235       0.67483468786487455        5.9506534925883035     
 -0.62928896154303793        3.5566814447721176        2.6702747683401409     
  -1.2258752727279505      -0.64458849453699374        1.4159266761093752     
  0.61264347038573053      -0.43918075220467739      -0.60215343777488450     
  -15.877962546332565        11.538194360272390       -3.9255064878230050     
   2.0339594000101200      -0.68923337909160964        2.8627017623341851     
   9.8237991372766592E-002 -0.11188860191299382      -0.12426383179918327     
 -0.13740283700790729       -9.0711560472847581E-003  -3.6895094395784769E-002
 -0.11900393696620165       -1.1670158665907555E-002  -8.0673566332643235E-002
   2.4399131889255603       -6.3413906796687733      -0.26701433981125761     
  0.11030796334683041      -0.30915975111558458        1.5675546812837577E-002
  0.79561907655731401      -0.76510058342621245        1.2465879169670899     
  0.12457667988772204        3.2353663795036756E-002 -0.25337981766014911     
  -3.8547297159849543       -37.644504289574790       -24.685416844863081     
  0.18978995416893091        2.1811386576943592E-002  0.11275531599890665     
  -6.3154645499099146E-002  -5.6916006023434183E-002  -9.0155102083951361E-002
  -1.0038195247296395        1.9666602120186660       0.43783946674694568     
  0.17666289368469706       0.61091486550739671       0.13119724618508288     
   1.1836110641251257E-002  0.10519097896698756        4.4946698529139080E-002
  -3.2698694268277679E-003   1.0439862614227875E-002  -9.2849878083669402E-002
  0.30902627055486498        2.5529851064303322E-002  -7.9493960205195627E-002
  0.21468124549836828       -3.8149125282986758E-002  -2.7976823107964829E-002
 -0.12260663269823546       -2.5838351784796321E-002  -9.3971574896031876E-002
  -1.9627254394180213E-002  -7.5730982032976873E-002  -7.4903846748452449E-002
 -0.55253734950075828       -1.0927240454398730      -0.83992420919534516     
  0.17624652942995248       -1.5689967972914564E-002 -0.16800271029485264     
 -0.21678086333268468      -0.29427800570849466      -0.62049172140283426     
   8.7811456464402429E-002 -0.18431099515353769        5.0190507720274799E-003
  -5.2312185218203348E-002 -0.63590711122211319      -0.45348542834382638     
   3.6727107610326118E-002  -9.7395599771889746E-002  -7.7698199063619411E-002
   6.8655747160615661       -5.1496266163234621        4.8509124720317240     
 -0.10265663712857663      -0.34860726489955945      -0.21671924167527792     
  -1.5436940984485679        4.4657837571285386       0.78990343181006650     
 -0.15956213294003302       -1.6154368237877529E-003 -0.21803990981633709     
  0.76146573079982904        1.6668043003865538       0.20754315702231596     
  -7.3759394930192360E-002   4.1537941323352777E-002 -0.12016633718378135     
  0.33008941596078933      -0.29415754278250617        9.7316069596426052E-003
 -0.10438406139752709       -3.2253965269221287E-002  -6.9479614518969390E-002
   1.2526047900940267        5.7408775884146737       -3.1232432742992180     
 -0.14937664813994483       -1.3598946879721598E-002 -0.17600156482044527     
   1.2760170693496968E-002  -2.5038645890806066E-002 -0.12930054435058544     
 -0.14100423943660506       0.41893249305616315      -0.17400406733176740     
 -0.21165159591058455      -0.45828202311139443      -0.10743467695608140     
  -7.2291743723580965E-002   2.6125670694509197E-002   7.3355262908826602E-002
  -2.0312613504286126        1.9101037103048981      -0.11282835847160096     
  0.10200739709049944        1.7471708519967259      -0.74118557315234534     
   6.3555748943809498E-002 -0.20232986008488407      -0.14876393892476011     
  -2.5162902747571256E-002  -7.5648851141530887E-002 -0.18030093334151273     
  -3.9261553098419617E-002  0.29359738327701346      -0.18726090866069020     
 -0.11370623344289266       -7.0224022357734187E-002  -7.6196994821697325E-002
  -4.9472103876004363       -2.0213807788487084       0.44162057869373772     
 -0.18237727210717850       -13.031880638746939        5.0016716704279194     
  -2.9981483875319428E-002   4.1178230193167194E-002  -1.1601610440691889E-003
   4.0750198505240700       -6.9801630218669724       -4.0667113664055314     
 -0.21813268354669660        2.8283326831167500E-003 -0.26358382656395574     
 -0.11638886425994804      -0.39876362581400382       0.10603653695195647     
 -0.17695313176369096       0.20879164849014467        4.4201398321008063E-002
   9.5572169732860826E-002  0.15044887597735324      -0.18571465862610154     
   3.1266496269714231E-003   4.3041621216837404E-002 -0.19495699683651990     
 -0.29889145532957168       0.38100513615864445      -0.17594480832497422     
 -0.23037723772960514       -1.9399843899876434E-002 -0.78465200220816811     
  -1.4643934433000416       -3.4165898790077449       -1.1222656890854832     
  -2.4274487348979616       -1.1775385400411986        2.1341432393155166     
  -4.0723126370212671E-002 -0.56352591205359492      -0.22789193479203720     
  -7.4030418344340862E-002   7.6873534883980313E-002 -0.12132417642689795     
  0.53519044194199794       -1.4143691562582628      -0.22560820244860033     
   2.1161053915135226       -1.1641176338929202       -6.8123694785742313     
   3.2172933419885279       -7.7716725323810811       -1.3472103591015210     
 -0.18901976095802117      -0.24034412272612446      -0.18947025146745933     
  -1.4063088883672950       -5.3910549684567206       0.73218191741966576     
  -3.7428374003798814       -1.7737100244255588       -4.3626587448532890     
  -2.1941985849311703      -0.63488542281701765       0.84124937660030519     
 -0.16787062452643578      -0.15495251994821230        8.9906269783085579E-002
 -0.15007518758082769       -8.5564270075833646E-003  -8.4736696987190468E-002
 -0.25826031423452378       -2.5566584745226831E-003  -6.7970076761159362E-002
  -5.5085066637698021E-002 -0.17868336828721820      -0.17564782057091921     
 -0.12324574303251221      -0.12875992844585180      -0.11194028514725479     
  -8.3506573572874637E-002  0.24244864605074185        8.8008487233758634E-002
   5.2964726978707875E-002 -0.15219943980441042        3.4329601797005817E-002
  0.42882449717276011        5.3431037165327053        5.2440373719698110     
  -3.7884829409480528E-002  -8.2411131171510582E-002  -9.2187147098805197E-002
   2.1301904796368039       -4.0298522526242202        1.9219440694940404     
  -9.6597749500308444E-002  -9.8285729539360336E-002   3.5796185549536855E-002
   2.1431363339450229       -2.1651205563417371       -1.3599675883000251     
 -0.63691277422138703       0.65032105173236121       0.29872802484423699     
  -4.4618025835055586E-002 -0.13917070910484208       -6.4431763616126125E-002
  -2.1427967226317417        2.9991548934393557        1.2260783425888930     
  0.56003719011163799      -0.51171873936956946       0.42646709233255614     
   1.2267674539121416        1.2464036057800856       -1.7461757016009882     
  0.14390721378929744      -0.18874270535153997        9.0482652654827328E-002
   1.8684597497706650        4.6409440521919478       -1.5991165799386353     
  -1.0585198112937091       0.12864400655488731      -0.39061106295539511     
 -0.12891448155374710       0.44698849117685668       0.71187893854785511     
  -6.4669574850151970E-002   6.1931249598482681E-003   9.1838233681703144E-003
  -3.5402332434021093      -0.24483212245792091       -1.9839976865873774     
  0.75704730178446111      -0.22422131562130557      -0.38314049839379200     
 -0.23134919102625312       0.34606795539224899       0.16586696938992393     
  0.57554072755575980       -1.6457948064610917        3.3296637540452076     
   1.6544694335263996E-002   5.6888947265820326E-002  0.12739131855338529     
  0.37641980967796879       0.50734914514539153       0.40474238118446271     
   3.8806297844161595       -2.3337669695415282        6.9026028620105722     
 -0.14360653568090617        9.3039762443249838E-002   4.9854847783522532E-002
   1.0417203900715565E-002   4.5490610907554768E-002 -0.52560616118882042     
   1.5925310742985834E-002   9.3062312519536228E-002 -0.29275253384986932     
 -0.29411382792440488      -0.11375065079805019       0.54518759910423764     
  -8.0619404400798391        8.0391700810581366        11.225949240118245     
 -0.24374835063342182        7.8434598661290267E-003 -0.22669844979085621     
  -1.4940705984690335       -2.0994035284708583       -1.6885073771307542     
   9.0255532236150834E-002 -0.33693671977019801      -0.10098392880676786     
   1.7963952752224828        4.7703764810114722       -1.9950482890721031     
 -0.38065119410613085      -0.32289317528516415      -0.50624038594853160     
  -1.2910106150951026        5.4499659588391518      -0.93274925741761161     
  -1.3395618713262989        4.7682806593003733       0.72782422581289985     
 -0.26716077340731437       -7.3000719671557218E-002  -1.9679247355832770E-002
   7.4211339692571237        2.9902290919033065       -3.0371425126036860     
  0.27204134590308021      -0.10804978591391945        5.0423964706702601E-002
 -0.21528291462782786      -0.71325643548814255       0.29436234879859530     
  -8.5752349913031975E-002  -2.6771637858412682E-002 -0.21160244307260132     
   7.3178170666971205        2.5723008085608328       -3.1820839192948274     
  -3.7406373682427139E-003 -0.10215462183452818      -0.10730441793814639     
  -5.5311524466859864E-002 -0.15946606086410170      -0.13914139259397043     
  -2.4086550148194583E-002  -4.0349181987188454E-002 -0.15285109510445699     
  -7.0961299623944471E-002 -0.16078730024718479       -7.7350664517964754E-002
 -0.11874451203868866       -5.7393118730482126E-002  -8.9529685424704755E-002
 -0.10066127677619592      -0.12721279258863563        1.7427704103063050E-002
   3.5210933198751455       -8.5336938509359719        2.9462149524788162     
 -0.16229743555407664      -0.12998904789814802        6.1751914952697037E-002
   3.1543014238437461       -2.8794759966971366       -5.3611893452636243     
 -0.17938122977894905       -9.7469601227884631E-002 -0.23689286120407149     
 -0.94785478178370497        1.8710985610603321       0.37062430106277766     
  -7.1113160067537979       0.48828267722117213        7.9099665331927591     
  0.10855494106650626       0.29074231955630636      -0.25818949962732129     
  -1.1872019709838388        3.1931557079910204       -4.9314890197054115     
 -0.21821439577369206      -0.35321510496245517      -0.13128590773014462     
   6.8883768086565747E-003 -0.27441696229162121      -0.24033308306978055     
   1.0721036278437544E-002  0.19281529835626821      -0.15263816941701996     
   5.8326647812801866      -0.10514718909303825        4.1237849878660580     
   2.9392999077790378E-002  0.35322582266706110       -2.6108378864261820E-002
 -0.74922319626796186       -6.4941365754256086        3.3964630061010115     
  -2.8240286065974494        8.3284433814687429        7.6038750948148577     
  0.25901120800761002      -0.19497110162128861       -8.7044779539406383E-002
  -5.0683061461441886E-003 -0.10807935165450067      -0.13973111704354188     
   5.7704543112867581       -1.0718855794403745        4.1871376925505350     
   1.7710829147691349       -2.6777737019574723       -2.9887527759960433     
  0.21772621805747849       -2.9551972691591497      -0.30026571388371898     
 -0.41429605672151382       -9.9839023437315266E-002  -2.2561944559037754E-002
  0.31881349032776363       0.21017562025254199      -0.26031360676387089     
   1.1978513518871893E-002 -0.36925975909949055      -0.33372881573114638     
 -0.10265144393536843      -0.16424521074361054        5.0028242246832874E-002
 -0.11067206418069812      -0.20559999681888000       -9.1317044545977819E-002
 -0.17229201868642446        9.8800315688363852E-002 -0.10629720343798280     
   3.7275896897554768       -6.5797551484616701        5.6406329870930714     
  -4.5547243643000744E-002 -0.24201131487851069      -0.15944482352686781     
  -4.2516865649800293       0.66001710478751030        5.4322968421842655     
  -1.4901725732772713        4.2826527188025034      -0.81792912355630432     
 -0.18157115838466570       0.42739910692386751       0.39875462184724680     
  -7.2944764421357070E-002 -0.12987788112817544      -0.10889709903980020     
 -0.12360463311165602        1.6503042840647790E-002 -0.20385068338159060     
 -0.26567974069597661       -2.7149656731068554E-002  -2.9498214063444769E-002
  -12.444691775130506      -0.33581548694694108        2.8727125249548542     
  -9.9496508469028092E-002   2.8170388859938719E-002  -5.2761621637280806E-003
  -3.5518705102480765E-002 -0.17192442452305579       -9.0140624233041686E-002
 -0.17502408972028199       -9.2282042805632934E-003   4.5486337278239052E-003
 -0.75420624061664010       0.22967863017825188      -0.78432592017873204     
 -0.15155896908553118       -5.8775109911370388E-002  -7.1063787162299594E-002
   5.4920140529061960E-002  0.24140685905594111       -1.7021763515320025E-002
  0.22722014761522091       -2.9079458495288143E-002 -0.11687793729190919     
   1.7585008788783680        4.2869446870447359        6.5191958953966092     
 -0.24608617486533263       -2.2257069905941940E-003 -0.13747904194306165     
   3.3288832595026512        5.0444904751103161        5.6854302272234483     
  0.20629503263278512      -0.16086284026773212      -0.36466875226506607     
   1.3179997787690738E-002   5.4305591649605085E-002 -0.27174515118274339     
  0.69085495024839927        6.2154748504219759       -1.7497593141499075     
 -0.14578255374429477       0.55064823228524662       0.26338147467841727     
  -4.3617602774645402E-002  -4.1726316568865419E-002 -0.28656513370143555     
   4.8906401532182266E-002 -0.32298905853065696        6.4668325199466067E-002
  0.45356569348620696       0.18469235690639774      -0.58639016228342677     
 -0.21118813950658902       -3.6774468181125015      -0.12309389311836226     
   4.8125101379877713E-003  0.11171218982198684       -8.1617488771504765E-002
 -0.55747328418311604       -1.8536883215627209        2.2869759734602901     
   17.330771714466231        3.4493835703523010       -49.859268029761601     
  0.27227926247653633        7.2174365564514513        2.5195824538834217     
   9.9196666796335584E-002  0.67250747665734356      -0.40111000126983909     
 -0.14214229880737239      -0.78180692386286432        3.5363262809987479E-002
  0.61253409205667597        2.4804574349201993        1.8027857084716934     
   3.1406341741473867       -4.0610346010461784        2.8418056117715467     
 -0.12083658505762664      -0.15691052922786947      -0.21371316962440789     
   1.8335746849309671       -1.1083937247843214        1.2511563012831644     
   4.1709395256008745E-002  0.16480780766111963      -0.31208556481771615     
  -5.1078102099022006E-002  0.23894010191616927      -0.25300430384981876     
 -0.16704047405033437        4.8492889726997591E-002  -6.2438299979693877E-002
   2.4384522368820187        1.2389171622706385       -1.8616190710731468     
  -16.159888904895421        13.231553679576253       -7.6214479395606531     
 -0.26425571328921832       -1.3999386250709362      -0.28268200631096252     
 -0.24490793343538203      -0.14212069080598688        2.5511238395152461E-002
 -0.11588746036964102      -0.24542366581756678       -8.4948838613012612E-003
  -2.9783869075690239       -4.9642187643120437        6.0673340415257533     
  -1.2185751892739025       0.53529357109764475      -0.96148092632628224     
  0.14347942617392381       -9.8631720549802362E-002  -8.4392807847797902E-002
  0.10245868920426035      -0.57043772265094439      -0.37027561588443919     
   3.9167626541389469       -4.4985099292084421        1.1863265863640398     
   1.0756198436557938       -4.2512289698466752       -1.2079268921386592     
   4.5526011262035020        1.8145093231925085       -3.9349451504964073     
  -9.1867628111072755E-002 -0.16700796110662205      -0.12836197531775950     
  -8.6327643265765946E-002  0.16241197912366895       -8.9794230753045323E-002
  -4.0351081365320125       -4.5489590239838869       -8.6683844379537707     
 -0.20938533277971846       -4.0962384314500749E-002 -0.10890332124888447     
   1.3152291816044961       -4.2360808078326100       -1.9713916096324409     
  0.10631831046088898      -0.18967516301789064      -0.13142344125150934     
 -0.17304842669967468       -7.2762398361509315E-002  -6.3346035188814584E-002
  0.13256124698136459       0.24203557310117366        2.1725258502326667E-002
 -0.14649023409735440       -8.5353912446224409E-002 -0.10787889543718138     
   8.3685790642370611E-002  0.25756580813720836       -1.6999440525865338E-002
   3.2272259672453507        8.4572604707708106        1.6685351308360039     
  -1.4129407055888759E-002  0.45027030793426776        8.5576982597362003E-002
   6.2020097867718711       -1.8130023803085824       -2.8772309000599932     
  -7.4189668282781451E-002  -3.4236050476286008E-002   4.2951531892990585E-003
 -0.16111893134224470       0.13117176663477559        9.2746986670119130E-002
   1.2893065448004372E-002  0.20947937212729884      -0.15297044139412611     
 -0.14479919825736137       -4.7403094279554574E-002 -0.13544107750328405     
 -0.13113863974485945       -9.9088154878563039E-002 -0.20621266475134417     
  -4.2928994367662142E-002   9.4304836724787289E-002  -5.9773477103303461E-002
   2.0571361999676713E-002 -0.10239648729852810      -0.13439279785676589     
   5.3396692182639767E-002   3.2630847591012899        2.3047256247190933     
  -3.4842651526030194E-002 -0.10780775757524629      -0.22647466811629072     
 -0.96877542299918584       0.31000210525615240      -0.85053847725741627     
  0.80072982109706492       -1.8819513430966639       -1.2804552483155129     
  -4.9958353023756251E-002   6.6249127711391770E-002  -3.9938955755607491E-002
 -0.20297947586221701        9.8788273897293569E-002  -3.4842374001813843E-002
  0.11720964062308539       0.31198627596867851      -0.81932354459315160     
 -0.19380932050916058      -0.55557717663127248      -0.11788233602804592     
 -0.15804013650684356      -0.15583999409101532       -4.1815582782308972E-002
 -0.34652077422189231      -0.46833233730374851      -0.12311953099682017     
  -1.4015835226567196E-005  0.39765158552252017       -3.4522800972472095E-002
   7.4646538205832100E-002 -0.15816327618842690      -0.16631334213127713     
  -7.9718147030480337E-003  -2.2455919009540956E-002 -0.11331223955982712     
   6.6901523897277465E-002  0.16655705418019978      -0.13020078960777753     
  -24.118385837572838       -23.721817129476506       -41.109760856467027     
  -1.4874067301949219       -7.1083137229490028        4.4983635331022809     
 -0.30726527993646169       -1.0849666123447270      -0.33046795428305370     
 -0.12634007318076829        5.1072035271768901E-003  -5.9930248399759682E-002
   2.2719380407336100E-002 -0.33692073416707746       0.24582033165231545     
   5.8365095449581679       -2.3244286900145359        1.7080030433479250     
 -0.16018157909360328      -0.19050292171749475        8.8084654609972710E-002
  0.11649882778723450       0.28762766506651821        9.3710695882666173E-002
   6.6532229930761716E-002  -8.7667844295852046E-002   8.6236818744594781E-002
  0.18126370605100334        3.5440488480088965       -1.4063872149303318     
   8.6915210016382818E-002 -0.24912412291819913      -0.22519478928967845     
   1.4553033706661773        2.8958040363588866       -3.3380125031643169     
  -8.6888063883062569E-002 -0.39645572164855136      -0.11569076169978372     
 -0.39811081061019543       0.49393337169317969      -0.10166604722409349     
  0.63102032528619179        3.9427208706396502       -7.4991007417748090     
  -1.4187914385718055       0.81084434238387360       0.89544122615127530     
  0.35217457700113086       0.25514306973566497       -1.6680234195919501E-002
 -0.16189550278616233       0.19259285024421793       -9.1753954958182948E-002
  0.82943976380035833       0.14422769916372211      -0.48157297096480395     
  -2.2372752403307432E-002  -5.6801618095586287E-002 -0.16360317505158536     
   3.8801964349206597        2.8736887542628047       -3.5088583232179280     
  0.93793082593565547       -3.7647213707114018      -0.32350858422300643     
 -0.76652281294511060       -1.2599436993957567      -0.63297403946844000     
 -0.11102512965852353        8.1378381156174073E-002  -9.2013121565737876E-002
  -2.8674288232588858       -3.8541400653045663      -0.94977709886957895     
  0.16169065716225473        3.2738617649331413E-002   2.6373677484936318E-002
  0.47272704583335168      -0.18703020955538568      -0.11066916947695582     
  -3.6591817843575423E-002 -0.22525438773882411       0.36811581711444324     
 -0.14024008032922550       -1.9419055103305181E-002 -0.10934032898004460     
 -0.18352421817050651       -8.0028424103902943E-002  -7.7709463550921565E-002
  -3.9656854113647402E-002 -0.68046539595994560       -1.0079373672141732     
  -2.2619762311970052E-002   2.2720345102847057E-002  -7.3797120328393973E-002
  -1.0546659200537771        1.9281573181685985        1.1065024432301109     
   7.1094175525120606        2.5773362619248476E-002   2.8607905900248851     
   6.4848201658997073       -5.8999559849865797        2.3313925958745783     
  -8.7717878689984721E-002  0.10948436526385552       -3.3353027243809015E-002
 -0.19152611198905720       -9.1706191899988895E-002  -8.1570737209792854E-002
   3.2697878525059969        3.9295750752835983      -0.66896151796171399     
  0.12718016343940750       -6.1728524597488781E-002  0.49443826518337769     
 -0.19826915418949767       0.11613880209054463        3.4975565823374563E-002
   2.3821247585323295       -2.1278247589086647       -2.0596713467557364     
  -4.1154430311246148        3.1139600237894185        3.3539638328957579     
  -8.6284744814813685E-002 -0.11710595792315319       -4.5167258456483395E-002
 -0.17607841497506158        1.9234903430326567E-003   3.9828305074518970E-003
 -0.33215560644816128      -0.31990335949885429      -0.14328495084111048     
   5.6150326172375614E-002  -5.7502968948482929        3.4181112714530566     
 -0.21750675647242187       0.19109545246965887       -9.8173084067085942E-002
   3.6161731369063810E-002   9.9708715178349630E-002 -0.29853718505862581     
 -0.27012006203824623      -0.57446818458450644      -0.18865326546023004     
  -1.1296019449613665E-002  -3.7486286130713767E-002 -0.17386510342997979     
  -4.1689444533804874E-002  -3.3071028536987609E-002 -0.15803965623289556     
   9.2338811749815441       -2.2729859804585768       -2.2888208210395602     
  -4.6573223878170458       0.72258601311798976        1.1476252799138538     
   3.2407654630299383E-002 -0.16783132875628437      -0.11584475086072295     
   1.6238246634334257       -6.4889692953346421       -2.2740994121606644     
   9.9406813491157209E-002 -0.17195724662622919       0.47686995612429800     
   1.5239198940379564       -1.7602545527381310        5.0137812718867458     
 -0.35414965352037625       0.24542461649100172        2.1818102637505995E-002
 -0.15783724009820546      -0.28859812412436936      -0.23190517159567564     
 -0.51743567317054628        8.5113845164337540      -0.11345460679369654     
  -2.6632613232362194        3.3793705046057685      -0.82198837754474097     
  -3.7300257813418956      -0.67138671839491559        2.8673731204791979     
   5.2379221220115326       -2.9662058796945474        4.3585956015496912     
 -0.49255995860864948       -2.0160506680918817      -0.26441880566209808     
   4.5266288698654386E-002   3.5074055568388426E-002  -2.2121965560305951E-002
  -1.0388287849771763E-002  -6.7570489732416153E-002  -9.3725568261173051E-002
   3.2227728016312405        7.0633189296718388        1.6067537155119895     
   1.4934876775319696        7.5407275689960471       -2.9058610316691622     
  -1.0741084458882375        2.1701214685632126      -0.29213723005508363     
   2.1100731075774473       -1.0733334079519392      -0.73536429664447722     
  -7.6954996428636388E-005  -6.6826518226194981E-002 -0.17323465642198049     
   15.360746213816913       -15.355498456358069        9.6911763376732960     
  -2.8083813368218972E-002  -7.1381908019012452E-002  -6.5622241395385056E-002
  -3.5217884279916380       -4.2989168524446324       -3.3000880299124593     
  -3.1618740835752647E-002   1.7546253932798829E-002   2.9228110985187301E-002
  -1.8006170744511847       -5.6612392196057124       -1.3039277266349982     
 -0.29453558818041681       -1.4661193708502043       -1.2795007343878191     
  -4.3460684681002073        6.3218930495674792        6.8779310742044091     
 -0.10272021614334213       -6.3742971351990543E-002 -0.12018469058477972     
 -0.34868210922510695      -0.12053376983488905       -1.9590502615179067E-002
  -4.5271364823174673       -7.0627864474411464      -0.68128030411347229     
  -3.0117727976407553        6.7234465056335591        3.5231756609233562     
  -7.1590175557815855E-002  0.23986014731661021      -0.17152841820581272     
  -2.5290128083586447        6.1691781332505510E-002  -4.2263021445736797     
   1.5068068888897335        3.6649721992882407        1.3679015325433665     
  -3.2571871569383193       -1.6492487442669193       -2.4913982172087863     
 -0.10538114350804356        9.3496254705393217E-002  -1.6442843474315152E-002
  -14.184637967047655       -12.455178586086957        1.9032716697236116     
  -6.9984544446126655       -9.8783132468908352       0.55083652037997088     
 -0.37496888133308703        1.2093656342411532      -0.19092445132222968     
   3.0966249358431299       -1.9041146006890635       -2.2732539170221733     
  -1.6848619435683314        4.4504092667803530        1.6945391992690608     
   7.5427094386525564       0.42204506317476653       -5.7886374159859395     
  0.35942986863938831       -2.4809861060921375E-002 -0.18241195689587150     
 -0.19770095600784765      -0.11521471384141194      -0.52020551064529386     
 -0.54813132570009160       -3.5659003342417228       0.51455236631946843     
  -2.4297532312765987E-002 -0.38329647016028634      -0.16455846390275133     
  0.75248723840435583       -9.3694158509169370        2.5865250074223294     
 -0.13539638665421502      -0.15844002893265777       -7.9198650938447954E-002
  0.51421986489362070       -5.1305353429423217      -0.45314993919223506     
 -0.17480492174089737       0.17168550407993652       -2.8902883275149845E-002
  -2.6829781215304879E-002  0.24288009551904030       -9.5109886291574991E-002
  0.11247668354866669      -0.12498587027735397      -0.16910080867311350     
 -0.50917947243187589       0.12193855727864847      -0.11893212871652507     
 -0.14929243743356035       0.39153392666796599      -0.39108836653523732     
  0.87567270645069029      -0.21331192314132502      -0.25357970625823739     
 -0.12192149984639648        9.6098912930885974E-002   5.9621073599499036E-003
   1.6393007914227195E-002  -7.4409466346729319E-002   1.2123751878372439E-002
 -0.69500505967161252       -3.2562255954920676E-002   2.4460600278801228     
   1.8381323192573060       -2.4910959050439878       -7.4800108579829070     
  0.13805699228335469       -7.1711322616399856E-002 -0.20938856938777614     
   8.7009455970429687E-003 -0.11458282342087750      -0.12538330055097632     
  0.14122127498926179       0.15727632959648349       -2.2365791054925248E-002
   9.2454438138805470E-003  0.27950101446864045      -0.17132886360211669     
  0.29636566157048799       -3.4972804680938059E-002 -0.39174035396891577     
   26.299080480010318       -4.1147515302283653       -12.907880372874471     
  -2.8230851487071629       -5.0405431290330949       -1.3938060973359310     
  -6.3310748885526836E-003  -7.5658543847300821E-002  0.12317877060821321     
   4.2883011477585165E-002 -0.42626660706911468       0.16273690561643528     
   6.7174493263404500       -1.0936153450154589        4.4554918823655072     
   4.0827712272930903        1.8595675315128579       -5.1774862798665504     
   3.3764202099941749        2.2974775965484588       -4.2190618102921480     
 -0.20308182475721615       -7.0288988259307045E-002 -0.43114843867330155     
   4.5047142733975427        4.4676023838384946       -5.3130315153818284     
  -1.4258164386576386       -2.5562265580077836      -0.19829518329024778     
  -6.5553352573540918E-002 -0.23000516155172640       -3.0388322965675202E-002
  -4.4769098923575681E-002   8.2899127257913513E-002 -0.10059912123196324     
 -0.35567060861091093       0.10893156970788614       -8.2659187344328852E-002
 -0.24132126263009387       0.14872027625908549       0.98642286971923476     
   6.5077143930568959E-002  0.15423505272538268      -0.14458559584410294     
   6.7169075762321366        2.2880464948987191E-002   6.3094033311954387     
  -5.2242813116162239E-002  -6.7115482278093152E-003   4.0186577669825193E-003
 -0.59194358972461092       0.71203690813853371       0.40576619881058451     
  0.11815364603899191       0.50079404414587447        1.4643813230821208     
  -2.5675927784795620        28.087305316501642        16.797245856532900     
  0.11277681367132852        6.2523079929871078E-002 -0.25140622412067398     
  -1.7300868366443762       0.10100413535889317       -6.4438759844580433     
  -2.1543980859323573        4.6788986099303225        1.0668339090859047     
  -3.9116646247092457        2.3090995539521750        2.2444310283857667     
  -8.9688519039739567E-002   3.4563968584783472E-002   5.1654592531010311E-002
   1.6294390918242845E-002  0.11102461313496433      -0.15725564671111389     
 -0.20036479155194137       0.19982272369769533       -8.8789381481960791E-002
  -9.8811278407019980       -5.5703379071401065        1.0083927948047828     
 -0.22124032903901689        2.9587993975822381E-002  -7.8323461595934452E-002
 -0.63851349286561521      -0.20647063953303910      -0.19189896544084470     
   8.0514801213435820        1.8744334406909786       -4.5126362279765386     
   7.8710063535197827        1.4538790726216571       -5.3220360745568236     
  0.50465729227281331      -0.50222193469452192      -0.11971148948966184     
 -0.26173711491704088       -6.3200328213320819E-002   7.2541070996662696E-002
   6.0869334444415459       -7.7084001241523721       0.99910101969379839     
 -0.11561981352212768       -7.6202507182792534E-002 -0.18262326599095074     
  -7.1872714876527368       -1.3452230076923590       -2.2283536466552309     
 -0.16237271978078044       -8.5345641192674723E-002  -7.6084876949838676E-002
 -0.15750167410555632       -1.3016481765714609      -0.41643510883753043     
  -1.8705099497879332       -4.1250729647472886       -3.9861708234671540     
  -5.2494823700274786E-002 -0.23089575405715326      -0.33155609103990757     
  -4.6415455009862194       -5.1328582497362829        8.6964952349035745     
 -0.13876320632260761       0.20754305335067916        6.9217933721428693E-003
 -0.78272626031484238        2.1315241445905575       -1.6607597581287881     
 -0.14845275973085931      -0.20561912459949064      -0.16440711426157747     
  -1.0259933715912006E-002 -0.47207017630920434      -0.29254551184487121     
  -7.0624640205240139      -0.73498680288526341       0.14540324534636195     
   5.0750497098989260E-002   7.0919409046600395E-004 -0.28699079253507470     
  -4.1833532213177449       -1.8544560047969942        6.7890457945253129     
 -0.35949328590434898        1.9380806723984065        1.3941838032460292     
 -0.33967398543401711        9.0443376715104606E-002  -5.6877034955552588E-002
   26.307694981394096        30.317698708670790        41.640164778618519     
   1.2879598456960015       -3.0510004568349771       -2.1425862292932800     
  0.14669590820501552        2.1834231132059876E-002  0.22457346972081227     
  -3.1512482589192280E-002  -4.0218800971668217E-002 -0.10364796672577442     
   2.3021301962263494       -4.6891007954883328       -1.4773769254337183     
  0.18584196451516033        1.9474019056520478E-002  0.33245392052240280     
  -3.5492070408067268E-002   3.0799851965131485E-002 -0.24398780140622794     
   2.1181361581218869        8.7310891121643195       0.46128073869914327     
  -3.0863631121309965       0.28491450120096495        3.5211465658088583     
   3.4673790440282706       -7.8728600388403329        4.9517607110511621     
  -4.3796555118115430        5.3394788218755194       0.31125567675552995     
 -0.24915295538733917       -2.0982978208155513E-002  -3.2731570372359589E-002
 -0.53946561406273963       0.73718307651458093      -0.33108752611498660     
  -4.3601920478266755E-003   3.8440702015082345E-002  -6.2105382769274776E-002
   3.5928877985822991E-002  -6.4804691699529127E-002   6.9244410719132999E-004
 -0.33265041746351709       0.23301268170851291        1.6141942087846715E-002
  -3.5748438885405145E-002  -4.2031676447187589E-002  -4.6589771322119097E-002
  -4.7699703742816950E-002 -0.13584463650693143      -0.18887855013604138     
   2.9842158112652908        1.0793728178587150       -3.7482362072540543     
 -0.12110084975424035       -6.3592641840382491E-002  -4.6594613321109563E-002
  -1.3557865587290652        5.5926738107799485        3.6676016157654625     
  -7.3486132684997721E-002 -0.10779128833473957       -8.7032045920798953E-002
  -1.7593443577370314       -2.3920468467995928      -0.17164012549659050     
  -7.0979825279991360       0.42217221408001177        5.9574542031078863     
 -0.27691674372406794        1.1700891768689816      -0.60972851231884240     
  -1.2515218066783991E-002  0.17285274712871601       0.58321628982574014     
   4.4056197470210008E-002 -0.15012856822418144        4.2626252051048363E-002
   4.4162344397126393E-002 -0.16521944886374804       -4.6130866891355447E-002
  -6.3516019419577241E-002 -0.19502434700413379        1.3421366624296284E-002
   1.3064841011662944       0.90586370066453425        4.3513327563659487     
   2.6456457035858620        5.5398178583866997       -2.9306059176062553     
 -0.21679585311076335       0.47411635332221796      -0.35224563344416504     
  0.50590944459586351       -2.9088720963863306      -0.72176334711292334     
   4.8735723866079345E-003  0.19923053733630461      -0.28482428447861718     
 -0.14788331971649837        6.2445521276484686E-002  -7.2961340715523276E-003
 -0.66411822201103532       -3.3803800409858087        4.2636305075903111     
   1.6595447044673885E-002  0.44850678496787855      -0.21054238094360439     
   6.0516689859946702       -1.2471644178791981        5.2620473854718011     
  -2.8855033716552111E-002   3.9410681863685446E-002 -0.21225930521855899     
  -4.8397341652885562E-002  -1.7105868809012246E-002 -0.25131008371914659     
 -0.62874936443002916       -4.1198905989134103        1.9587007791750775     
  -8.8854616523243751E-002   8.3760279364850143E-002   4.2377430225122109E-002
   8.5702330034070781E-002   5.6035274115452192E-002  0.10626770666984002     
  0.20910686708917040       0.31387601111372204       0.15783180611883993     
   1.1283185092267189        7.9123574477984793        5.5182986282019266     
  0.18641375526018505      -0.29033471177637254       -3.9003477826149130E-002
   1.5890586155451845        2.4263463651170163      -0.50530710965699266     
  0.74553085070877601       -1.8377481194714094      -0.62013294649373318     
   7.3005037297675672        2.3458767025192646       -3.6415755143446455     
   1.7708914442951851        6.8840805488236638       -2.9460596313662939     
  -1.3738711874214982        8.7163748434366575       -6.9366028087650662     
 -0.10891122734060023      -0.14330491049413605       0.31348790876301902     
   4.5194231317039613        4.4322419844760166       -5.3729823962520236     
  0.17724448617737110       0.57759260431139003      -0.44229844823305803     
  -3.0925331554596949        4.7352299787420611        2.6353550175857450     
  -4.8377094117580378E-002  -1.7234048008027997E-002  0.32208004570493404     
  -1.8051805430589318E-002  0.25771688345448879       0.11408392071589697     
  0.12155323143322640      -0.59557856739301285        6.3335063719586873E-002
  -2.4355376041382786        4.2729037659897529        1.8462200790368342     
  0.19003447698780807      -0.11534173132946403      -0.16640357652981247     
  -5.8140613718478038      -0.87426543111806554        3.9506931434202106     
 -0.16052697159220175       -9.6338686168523244E-002  -3.9081249458727867E-002
 -0.14580696632143003       -1.9407531255765789E-002 -0.12941770515038223     
 -0.58305845495459674       -2.0347107100773276       -6.6590322251366771     
  -3.3296654053544366       0.81648700344330449        1.2889013481410967     
 -0.15425136664553285      -0.15911036746016058       -1.4908015208037934E-002
   4.0444285201416491E-002   5.8979547284046183E-002   1.2041728593568304E-003
 -0.16026196977077123       -1.5861304859084786E-002 -0.17818321416043231     
  -2.3908183827076477        2.9269579796337282        4.5799350212928847     
  0.35949565755221990      -0.77946390889197659      -0.19422552776016266     
  0.17669839457275954      -0.11930812948234271      -0.18129668738712745     
 -0.12251846819451727      -0.15181098122894285        4.4269732888802475E-002
 -0.22702626479590163       -1.1929774697965814E-002  -4.3842730529917509E-002
   5.1799903875613396      -0.93971355880252327        2.9814217530268214     
  0.14045341953476842       -2.9720235782442823E-002   9.4751686457865539E-002
   2.4653101515604035E-002  -5.9161250387365368E-002  -8.3247754926948442E-002
  -3.5298802589584337E-002  0.13771056230892725      -0.25608431794825004     
   7.2766325269407198E-002   4.6574764412920952E-002 -0.20181250172392756     
   1.8617359857556126        4.2842713088426088       -1.0345705807049743     
   3.8720769922272149        1.7346072596501330       -1.3777646172091120     
 -0.23004614230333323        3.6119888618563273E-002  0.10906473681523628     
  -8.2194318377835987E-002 -0.10729186508096776      -0.13803713947671642     
   2.9158697435697456       -4.5496899962881461        1.6206198952566109     
  -7.7663099708080191E-002 -0.14533758472131750       -6.6598525386040830E-002
  -1.0482853631213858        2.0012451610966857      -0.17215398035234167     
  -1.0608063484607446        3.5446806127921442       -1.5735250052221379     
   1.0817150528429491        5.4569443314338137       -1.6396890591038229     
  0.28600929868443209       0.13048796821401068      -0.19055177262540565     
   4.5288431289005988       -2.2864785958555682        8.2227618319656681     
 -0.30796527110699901      -0.10447289114139893       -7.5680946776559579E-002
  -6.5812688171732928E-002 -0.21130816723058171      -0.10373951101882130     
   8.1848027258806591E-002   3.9444120509887992E-002 -0.13802441869915646     
   13.171734807604615       0.40478635661576196        4.4013887130533123     
 -0.44004147056039034      -0.14838985772595448      -0.31182980522491249     
  -2.2480989092207929E-002 -0.23064071456039401       -8.1417242224729292E-002
  -3.5544545456294777E-002   5.2957810819601769E-002 -0.19281360938913519     
   3.0105697956655200E-002  0.11784787625832130      -0.14774599865963708     
   1.0165805807845347       -5.2766199179395397       -1.2057789660189258     
 -0.23766295811744736       -3.8767402189133361E-002  -9.8072788089836258E-003
  -9.2489324118436772E-002 -0.22059262180073572      -0.12773483248189324     
  0.12753544686188717      -0.14634985139793133        4.9042313069084124E-002
   1.0527109849878900        1.0287142311869271       0.86552997793873310     
 -0.16042378772560653        1.9290299252491799E-002  -2.4701406975040762E-003
   4.1767986017430599E-002 -0.30403220937546055      -0.31061301708902617     
  -6.0838742480190904        1.4291775471791122        1.3226893870317724     
  0.10491433719581368       -8.3607576108160511E-002 -0.15932172548712342     
   5.9496999425865313       -3.3704505098355870       -8.1308570123631547     
  -4.5599340456187649        2.0179670985327983E-002   5.2511457349657169     
  0.44171646868118364       -7.5971292795994891E-002 -0.57877412838876907     
  0.32148553953125031      -0.62935620247132684      -0.24658788275271040     
  -1.0649995599225752        2.7623066822470421        1.8239391629498256     
   2.8279767213190214        6.8064383674821958        1.2385869178758890     
  -1.7751007659538638E-002  -1.9659999791551714E-002   6.0406251748753477E-002
  -2.1805875962267112        5.3969374888839958        2.4002750548504679     
  0.11438168421710242        3.2548307871928035E-002   4.5642567256643181E-002
  0.72904787387589465       0.36365440085013218       0.22704947903632483     
 -0.24088858927743967       -8.9298583296940598E-002 -0.16183593115402187     
 -0.30316110590132883       0.31517850306368078        1.9025741634194258E-002
  -3.3107941328253947E-002 -0.20853024122467151      -0.45024145069883942     
  -7.0926260784697090E-002  0.40168877269945058      -0.20709532673872688     
  -2.3654523214731178       0.89705801716816147        1.5527628183373310     
  -6.0986509560104013E-002 -0.38835542839995302      -0.12568738760549086     
  -5.5357417130978942E-002 -0.25055635230933454      -0.22003790555380903     
  -4.3178056705740504        2.4463910003453888       -3.8522933225416716     
   2.5285588049246197        5.4543053017915488       -1.1939048262343039     
  -1.2810125232124894       0.87100202163491258      -0.81999624219677458     
   3.1454400994915037       -3.3971267447477702       -2.1815441033482621     
   3.6668575304314138E-002  0.17307058075210618      -0.18030136331871555     
   5.1739188854408162       0.17219081245849796        3.7796458179463071     
  -6.2697481155233256E-002  -1.4615547990440987E-002 -0.23402457765855952     
  0.22560008737473791      -0.34589839173167836        3.4192511565483552     
 -0.11790127299958146       0.26735833738055276      -0.20721317171898954     
 -0.72338519301599413       -9.4839354832571630        7.9757407869077745     
  0.32071680745747305      -0.35414973518813048      -0.24777677706189605     
  -3.4911092550866174      -0.67001380377237363        3.7452390584908897     
  -3.7280211855160794      -0.64849413397822853       -3.0235279401273716     
  -1.4932309921426010        4.8254979708290708        2.9832997875065632     
   1.3333992391613376        6.7375690683526654       0.20158396953376923     
 -0.11147290448830413        5.6822308146291583E-003  -6.7155234585352830E-002
   1.2459701470192880E-002  -5.4933260113275442E-002  -7.0408870875434973E-002
 -0.27191474324140641      -0.25495596039467172      -0.23979143141145243     
 -0.47799391128104191      -0.22568234566344628      -0.22892702876326534     
  -3.1221258131507806E-002  0.10447162706385159      -0.15171768031973654     
  -9.6012568659940276E-002 -0.18524557333965577       -9.3775293857105965E-002
   1.6635712758972596        7.5260092610839386       -2.8470732292276688     
  -8.3747734910154178E-002 -0.10863279675099037       -9.1777772133774568E-002
  -2.8181902128162242       -5.3537884561528095        1.4926256987385351     
  -2.0198081946634026       0.12695504364408550        1.8283987266976682E-002
  -5.2671692985422416        1.5068178387689515       -2.0127244667646118     
 -0.52874482169124515      -0.48070174320231923      -0.13683469137236073     
 -0.10543170662558818        8.4439945209240405E-002  -7.3868145930194723E-002
  -3.1600149155540187        5.0139906388306557        4.2429326522524820     
  0.55044841130900501       -2.8579678680969245      -0.75837272477823325     
  0.11058992770241759      -0.31313187962795352      -0.15018920547849876     
  -9.2467181828566697E-002  0.14994001966310180       -8.6847259303858088E-002
  -5.6384966737620212       -1.0039454248169510        3.9306680032813834     
   5.7917518666938096E-002  0.31635854476763636      -0.24310987354128130     
   2.1930580798911723E-002  -4.2496216965725281E-002 -0.17231459510209998     
  0.54149170581976402        3.8241906027954524       -2.5415173639056401     
 -0.84395876626334998      -0.66765654108545702       -9.8653115913977685E-002
  -1.1319236043113423      -0.30138106569466294       -1.8012218171683123     
  -2.6091697357701413       0.80529891562504641        9.5702732600330904     
   2.1901828464852193E-002   1.7464088010893424E-002  -8.2791660985559734E-002
  -2.4493247359179176       0.10841748397144646       0.43508450612135718     
  0.22424543878785544       0.40016962840144105      -0.17621745522805374     
  0.18203373412736842      -0.16670963906979933      -0.18521712883095201     
  0.17345182222207181       -6.0674344526324128E-002   5.0229849245451638E-002
 -0.32738244693586493      -0.24530072680935200      -0.32117815430028879     
  0.22685435532587520       0.18555408508882398       -5.1421480149001712E-002
   1.1502168819404150        5.7141032376991987       -3.2890610640771323     
  0.58258323215890151      -0.14477032085712749       0.16547916598580770     
 -0.29612997182604806      -0.19676686959959611        4.0113222886761585E-002
 -0.35017183713089023       0.18251636627727477       0.20931570409518155     
  0.11561910627417742       -3.9952672169652176E-002  0.22296337945014352     
  -1.7303313627532541E-002   3.5206259979679244E-002 -0.24812696782047358     
   8.4622612312314507E-002   5.5263106190072825E-002 -0.23088038896265148     
 -0.22713333128101060        8.5121620522570079E-002 -0.23250065422437113     
   3.2706651129980706        7.0395223377459226        1.6855658488083658     
  -6.6398291384648311E-002   5.6903360368687296E-002   5.8901889175583165E-002
   6.3924190766338651E-002 -0.14919283588849314      -0.31742226658696882     
  -9.2637382364431590E-003  -8.7247563452342178E-002 -0.15644604663125300     
  -3.9094813706284643       -1.4288512741518753        4.8433108091866641     
   4.3128504676203177        7.8890541554500357       -1.4174649149250638     
  -1.8322487737544063E-003 -0.24787021682352559       0.20120930428977554     
 -0.49321075357939886      -0.73889766628749476       0.84302552023964994     
 -0.31197205496119496        2.0777685452267902       0.31685975283510148     
  -4.3651841237554354        11.594782675146574        5.5395717179876920     
   3.5225502708907695E-002  -7.1586534831431375E-002  -9.0674551277529603E-002
  -8.4863522434195302E-002   9.7726956692880410E-002 -0.11611799232932207     
   2.4614165518587458E-002  0.20962840028843857        7.5517947526594104E-002
  -4.3019852926612483       0.97628641319713427        2.9659825754118603     
  -3.5718700990309757E-004  -2.5989017759899279E-002 -0.24309972896173934     
 -0.15293945191445701      -0.10089482353834441      -0.22630443487671817     
  -5.5159671273866333E-002   4.8309444928922645E-003  -5.7637095309964706E-002
   6.0651811621670597E-002 -0.12724857957599564      -0.17504407540269226     
  0.69494000841516967       0.23914242487412185       0.28720980835087151     
   3.6727401105407488E-002  0.10373849466098876      -0.15573858372379279     
   1.3165824549498195       0.23502558859099537        4.3872626501830050     
   1.6663573062579200E-002 -0.10727909813955933       -3.6721162983544588E-002
   2.1240597870446334        11.938705310852328        38.980820081634192     
  -5.9106145127578585E-002 -0.13442503071477707       -9.2651993605678384E-002
  0.28369325567977077      -0.16317151193972323       0.14080611813086247     
 -0.14518265702044339       0.13585078853063834        2.1636908473902525E-002
  0.77983604465071088       0.47090277087953936      -0.42383138924031455     
 -0.19191005313434317       -3.6078533402902520E-002  -3.2855609347964179E-002
   10.353581743097742        7.2551036920545950       -8.8199604636274760     
  -3.6516602425494948       0.14514881765741203        1.7953517867391886     
  0.61863550093200059        3.5607107918897993       -2.2501277183395110     
  -1.1311595175846021       -5.4669903668630448       0.42361329895619027     
 -0.10283264793697404       -7.3468699774291400E-003 -0.17554340718283912     
  -5.1934294895372782E-002 -0.31087905083362322        7.2083570405866118E-002
 -0.28958614453350590       -12.444071614595092        6.6662419179741104     
   9.2766116074488952E-002 -0.12267850606210931       -9.8500316334328309E-003
 -0.33865068936387910        7.8715500374754235E-002 -0.68994005376191214     
  -6.1829543105785104E-002 -0.12555547508139722       -2.0082946437697681E-002
  -8.7507256081297999        13.397243640014537       -13.920606139719935     
   5.3408232071852732E-002  -9.5455489847568430E-003 -0.26940982952180692     
  0.24769246782570825        1.3076270245217092       0.41201237675434266     
   3.2608875866296199        1.8339502930864118       -2.4464647922124629     
  0.17882837550093361        4.4129411479376240E-002   5.3963263822689948E-002
  -4.9484318047756708E-002 -0.16840605311145715      -0.11758652730076022     
  -2.3423718230019451E-002  -9.6503517206699800E-003 -0.11918353072691495     
  -2.8426344287867549       -2.0743648389988221       -3.8766729290449633     
   1.0919615675099446      -0.76912092921158137        4.6587387578547058E-002
 -0.37578859700442019       -2.1889141418738252       -1.5725688474665176     
  -2.3520316208255874E-002 -0.18887003060970892      -0.25201618195338110     
   9.4487311395771087E-002  -8.0235730719259171E-002  0.12303764190868136     
   4.5318365142253021E-002  0.14193002074126310       -4.6940468252435280E-002
  -6.4181271145429403E-002  0.13672742461795057      -0.18540384791153836     
 -0.27865279373844642      -0.69319046119241046      -0.69833877526114796     
   1.8504132635772030        3.5691979474967988       -2.9456208432791859     
  -1.0067092642328166       -7.0940171661296079      -0.62272673481390917     
 -0.24596817825735373       0.25508501092558383       0.32628822656514317     
   7.0775429647709762       -1.3307905352749005       -3.3363509105084033     
   5.7029196132659337       -2.2296122806302150       -2.9473110515174024     
  -9.9039528117616071E-002 -0.20077226412047128      -0.21251578899992446     
   10.528496769087232       -7.7836253326336076       0.99866714769888087     
 -0.72829103775338400      -0.36911990538998574        1.7257956201696140E-002
   1.8104701276980442       -28.067117453967420       -41.596031612520491     
 -0.19064221383838528      -0.12845776590919308        1.7502228719060712E-002
   1.5646749860124973E-002  0.22754297869019283      -0.20636135796757590     
  -2.9244206276547127        3.0329680028781612        1.5453855740747517     
   6.2521494900322203       -10.917374612633095       -3.9904860080461604     
  -12.739390023252405       -2.9691933974800659       -8.8035056224745212     
  -1.7428592951840012        9.9236503882880562        9.2622342179228259     
   2.3680712086387872E-002 -0.29693350491884318      -0.13843147519206331     
 -0.55407716761491332       0.35454521483853241       0.38946749573395789     
   4.2259019983721533       -1.7240479842781786       -2.3047339132834521     
  -5.4719677046281232        3.6998447387001696       -19.449172367737464     
   3.9717891134904657       -1.0864443043571965        1.5209091300903546     
 -0.29596935302622635       0.28500494889119848      -0.14924957204389250     
 -0.12118636441915487      -0.14954086346152776      -0.18200004503564507     
  -3.1380924661040117        1.5540720408521085      -0.59753369361594588     
  -1.0820532340860074       0.36669757754916549       0.98865558195680758     
 -0.26031552888388015       0.12808744546134979        4.5123346788269923E-002
  -5.4837513875575422E-002 -0.17699811338098431      -0.37403055037128913     
  -1.7767053422745874E-002   7.7486585247743114E-002  0.16433526863554918     
  -2.8453222115827851E-003  0.13434323035705548      -0.13327561266013124     
   1.3916773906256308        4.4851050662063061       -3.9909973775738905     
   4.8378281954538869      -0.89479091937432442      -0.71676624582049575     
   3.6632198379810466E-002  -3.7314241568110922       -7.7743613263998688     
  -2.6644213018155959E-002  -6.2458820800102469E-002 -0.11529840859501203     
  -2.5867465555142641      -0.30700156077826979       0.52900878137678564     
   3.0398050635703946        3.2707144802793815        1.8613910760910279     
   1.8334056913310779        1.7267546993184109      -0.26019073335538134     
   3.4319024630028568E-002 -0.45315931231960060       -5.7492192294320378E-002
 -0.25594022290511503        9.2533850508455980E-003  -4.4990197418994314E-002
  0.34524120479340992       -5.4435691393475375E-003 -0.11092665960912877     
   2.0757718923781407        3.6179139864963594        4.5061292017086938     
  -4.8891073757689938       -3.2293326924744279        7.9297551155293213     
  -9.9149918642701923E-002  0.34243229317239254       0.37907233120754391     
  -4.4813782566061233        3.5858820749250548       -2.4241548886619615     
  -1.0726933603496054       0.60317777042355325      -0.13748792803579907     
  -8.3230545940084859       -2.1504378153060730       -3.1391355181408054     
  -2.3750291262427912E-002 -0.14364018111641172      -0.25946937675798604     
   6.7173616139846519       -4.2433379492387520       -2.8718630428230827     
  -2.7115184047886466E-003   6.7156750320114908E-002   2.6983319449133757E-002
  -6.5681070200017649E-002  -4.6149127463725709E-002 -0.16246720533343537     
   5.7381540186172089       -2.0889912554666568       -3.1761357922160425     
  0.13843924974504065        3.1572766203433784       0.45083604020667412     
  -1.9415818900114651E-002  0.15707969437092617      -0.13619737424595030     
   1.6084923566914762       -5.6730192746716765        3.0807848078735054     
   4.5009841187583772       -3.1997448289069590       -3.7286521313238139     
  -5.6128011985266610E-002  0.11824939501539887      -0.19789689827172832     
  -1.2460918440261548       -5.4973246670044729       -1.8998281245644986     
   8.0758256263687572E-003  0.12438044865991386      -0.13230855852553960     
  -4.2733416562995679        4.2117232172800696       -9.3915549351034926     
  -7.3003042416817758E-003   1.3384660530108073E-002 -0.14184074694590132     
 -0.15664976792003765      -0.12614427978523102       0.41068939445494429     
   9.7260797184505920E-002  -4.5481409857791449E-003  0.35243565225259693     
  0.35957158275772017       -1.0987192674988142      -0.29288383631945825     
  -15.149925109245297        2.9031251445225759        43.653279823205054     
  -4.5839370858634787        4.8082619816945256       -2.1781120052540519     
  -1.0832882624988506E-002  0.10517603417402090       -8.5865209271744583E-002
   11.468173136559919        2.0973156742372518        17.780710124229422     
  -1.6031089920609458      -0.82852013740934993        1.1120321955522050     
  -6.2655679398236228E-002   1.1089164156219180E-002 -0.13314147035982202     
  0.45609499209916271       0.14864416204181813      -0.34988694836106182     
   1.1325784911958108E-002  0.22210118760831216      -0.16985298694582299     
  -1.2302760158689385      -0.33914908702108548        1.3231036195880879     
  0.19651973740684875        1.1149008828617890      -0.43188573125248758     
  -7.4889342198802797        6.4677561061983813       -10.092534957097255     
   1.2166339400623374       -2.0345996200598608       -2.4547202239561576     
 -0.14028035303370445        5.4815624874213716E-002 -0.15374113017986613     
  0.61031307070962393       -1.0135156182796368       0.14803255823447242     
 -0.27951099026492637       -5.1359111900222312E-002 -0.13541138906105246     
  0.16059603732191513       -2.3456949003547035E-002  0.14734408551239053     
  0.23121423307651673      -0.17986638837572430      -0.25352854250233969     
  0.42291726919193201      -0.60983639374752285      -0.62638731654247926     
  -9.6366745752420963E-002 -0.14762462572133864      -0.26040942039729831     
 -0.18560412889965147        9.7253299530361215E-002  0.15737692102842796     
   6.2831524901701338E-002 -0.46117202130245721       -9.4004523110197261E-002
 -0.12137622325973936       -3.2565895324697419E-002  -6.8423296230123137E-002
  -4.8982054063584999E-003  0.12737418689965832       0.18402303575444035     
 -0.19289209003880151      -0.19759692800251588      -0.50377985397416114     
   2.6042557234534712E-002  0.21330489993659113       -5.4007686662859586E-002
  -1.0722046450795408       -5.0267240044972210        1.7847205935584747     
  -4.2464485909958924E-002  -8.9009117538844315E-002  -9.2209398371917675E-002
  -3.8694857463071011        9.9582234627126676E-002   1.8721729796393380     
   1.0460728231629739       -3.6771950506100453       -2.8561567449986094     
 -0.12320235146964256        5.0149701912384985E-002 -0.12738253493790738     
   3.4799185974625964       -9.2969128591786649      -0.77705276177445293     
  -3.5370055566884488       -2.1889060911504199       0.11534362213124705     
 -0.16387907071610675      -0.27714527673871309      -0.10140797775471083     
 -0.11233792847462735       0.12203905804885641        1.4174291903708390E-002
  0.16975151422259660        8.7407513202339526E-002   1.3041757022617739E-002
  0.32725839727128908      -0.42600326008009748      -0.35683754548359620     
  -6.2130291091431245        3.9151981726043008        3.0147808005392949     
   5.1763757694027888        1.3693716048119779       -4.5597403013370883     
  0.33985602879782539        7.1191225007830647        4.3053020912038837     
  -9.5134586226583204E-002   1.0151085861285778E-002 -0.28353487305473096     
 -0.27694408731237297       -9.5253665137306945E-002 -0.40538596200385330     
  -4.1236251399208577        4.8809241155265317       -2.9859742135389582     
 -0.44890155466327902       0.20509400781535064      -0.21431851275431327     
  0.11875831747387332       0.16068105170246341      -0.11586319150328615     
  0.21071208120795437        2.0112369877190841       -1.9705884087922445     
  -6.3617680429562755       -2.6110541497197066       -1.6565507381254510     
  -1.7083193930071932       0.13006546612098532        1.3740581835575991     
  -5.7190391299780083E-002 -0.12297239998330929      -0.23242441690580617     
   1.1103472561643750E-002  0.14619706321501355        8.1043982672814527E-002
  0.54457241178081606      -0.62807014459006616      -0.42668283956848263     
   6.6370397952060761E-002  0.28161923694171187       -6.7971013502949235E-002
   3.3183589253558257       -16.479155759750967        4.5902770843654253     
  -2.9000648751235460       -3.1178552837368820        2.2905038338912234     
   2.2275001414366407       -6.2047785619639493       -3.9259952941828593     
 -0.61153287525289546       0.38829122604013599        3.6931896194842377E-002
  -2.4148251676217276E-002 -0.14811423936821966        1.5111972351480644E-002
   7.1332828807597198E-002 -0.16457177010416096       -5.6495810820145077E-002
  -14.986863006471658       -7.2400536411558294       -11.665326116972071     
 -0.13674857405471849       -7.2485040005762003E-002 -0.21335264258422540     
   6.7388676500053553       -2.5863080899935653        6.3313330042090952     
  -5.9641376859324122E-002   3.1973955860121563E-002   6.3937528424005796E-002
   2.8704404871743017        2.5404089592677739       -4.9574844534021061     
   2.5154943580662340E-002 -0.68664013239341326      -0.28989589773930691     
  0.40021066787342491       -1.1041865537782798      -0.43215989353463513     
 -0.14491676262430747       -2.6098914352411096        1.7059653418622460     
   2.6777406512158062       -1.1238926238809215      -0.88320055428840094     
  -5.0702464861406789        1.9315402660974270       -3.7009556946121469     
  -7.0773400120692749        12.378155377455855       -6.2215383416009100     
  0.15243032102948084       0.11876130229187210       0.10985548909996798     
   5.8818159313485383        8.0744921731157255        8.3706859690247519     
   5.0768856271282761E-002   2.3909883867358688E-002 -0.14868843405481921     
 -0.18059494063884507       -1.5024357102601894E-002  -8.5296364526180987E-002
 -0.11736754774438402        3.4476855685132840E-002 -0.20159577290382624     
   1.5241300767028398       0.88211609134021662      -0.21936559056272911     
  -3.9911325451851644E-002  0.59410848105887637        2.2816557759724168     
 -0.38323795993850845        8.5830779980833161E-002 -0.10278395339826125     
  0.23038710747262484      -0.19049001953111483       -9.8237867460605227E-002
   2.6407064743388366E-002  -8.7201755365218819E-002  -4.2209938357937855E-002
  0.32065845050206221       -3.0938798496620889E-003  0.47109067611037642     
 -0.16342366755164023       0.57236264360060274       0.31172050614756891     
  -7.6249593603336024E-002 -0.10971669087315242        3.7582696434483448E-002
  -2.2055480714398357       0.69185704478626830       -2.5848127986362863     
 -0.10976788222370792       -6.8502111089521076E-002 -0.18195252345484431     
   1.3696502027240520       -2.2693391404315228       0.58811539589347750     
  0.64340852711755980        3.4787829558347285        7.0471673585304613     
 -0.80494296018892331        3.6223211773937223       0.94907667828101849     
  -3.5968021121862015      -0.74084356466505386        3.7693536815060034     
  -3.0816973913918695E-002   7.8581772077019149E-002  0.24910930819892158     
   2.8778500711950143       -3.0475798065484425        4.0052361194927757     
   4.8695722834034374       -8.1088238188068047        1.4456088285484074     
 -0.61094718524942504       -36.714451426525613       -1.8872786750661479     
 -0.50383675772377134      -0.12333792439730493      -0.12024948700501403     
 -0.10603870001471336       -5.5197563921844967E-002 -0.20221521690219327     
   2.1809445205501873E-002 -0.22462022830321882      -0.15730975746440293     
  -4.4648375873990682E-002  -1.7074827108030054E-002  -4.3317760601148871E-002
   1.5326104573494613E-002   1.5033375538296378E-002 -0.18270458074706994     
  -2.9017128724345063E-002 -0.13228198909515698       -5.8034927980851164E-002
  0.31841968411147020      -0.89192160688506050       0.48361054832040612     
   4.9255021668844075       -8.2359650726242695       -1.1444260284511232     
 -0.24097304238260778       0.27362844864019154       0.13552993290722110     
   1.3964101652530247        2.1868212694251090       -2.1818766074816374     
  0.26357040071611987       0.75349565194509394      -0.69218962365138426     
   5.2350290627468334       -1.8172612351441211        6.9772406185426501     
  -6.1338319488910768E-002  -1.2149866955878807        3.2120853853070050E-002
  -2.2910729039590603        1.9647649524404196        1.5364478861117583     
   2.0735256712686763       -4.2424212632193390       -1.3676752556775493     
  0.12928076556306664      -0.18855459263877342        8.8421953316329183E-002
  0.12077767641880523      -0.10797844290474458        4.9351075044957830E-003
 -0.12797682213296363      -0.35767949523283127       0.11546321895817156     
  -5.2010272309684984        3.4971011882953560        2.7451134807143118     
   2.6100992592521770        2.5354852579213509       -2.4043044386060339     
   4.6530075639684760       -1.0124368893798530        2.9374249942725212     
 -0.22286021721742502        2.4911766846032801E-002 -0.19207357000934372     
 -0.22491512947814021        6.9047625879915767E-002 -0.21374337228592413     
 -0.17281485455003001        5.0547816831971973E-002  -1.7944450206344293E-002
  0.33623032672178621        3.3285246848489907       -1.6905322074907245     
   3.3302205299821454E-002  -1.8321699476158380E-002  -6.4209670638492436E-002
 -0.64901021200983977        3.6898627617378499        5.4450775340224666     
   5.0649851198048441E-002  0.10482974731966496      -0.32962523277111705     
   6.3999954552995356E-002  -7.6130086253721974E-002 -0.10048960534077911     
 -0.22909224287083790      -0.12936501896924396       -6.8796747167814811E-003
  -2.1910391518933685       -2.4808843971594436        6.5530472514102517E-002
 -0.38780289923663808      -0.15511683152315375      -0.16014277402973226     
  0.31043764355478665       0.54721786403997319       0.77891345968553816     
   5.4100286910283177       -2.7553008825904532       -1.5087392777694395     
 -0.25023882507754613        5.8197059982519221E-002  -6.6808763063717760E-002
  0.29209532287298745       0.14462541380960958      -0.15647558229321076     
   1.9752121928907532E-002  -8.6350775012791231E-002   6.9121758266708230E-002
  0.13692190443153371        8.6360091263571803E-002 -0.13417428386806945     
  0.45730328154784550      -0.16274688748701602      -0.44988303738246510     
  0.18848025639685420        3.1631408552470681       -1.6541887980318568     
  -4.9111781141233463E-002  -3.4093741907564597E-002  -5.5957572216264906E-002
   1.6030818414344179        4.2989767331812816        2.0244315336820837     
  -4.1344369130173124       -1.1424689624653552       0.26097308232405569     
   7.5224814771205155      -0.73566058203724094        4.6539337500837865     
  0.37533520557271616        9.2589500516807297E-002 -0.12601040757255830     
  -1.2853526524892158        7.9274689774529854        5.9675843065428795     
  0.19189869170840232        9.6548144577680364E-003 -0.22878196460387815     
   1.5760064219593979      -0.87608834401412738        6.0524328593329813     
  0.24421260772949455      -0.12191532349664500      -0.44246224500773840     
   1.7517303535477922        4.2522807162553500       0.80539892747183472     
   5.8408478013099341       0.23340178933983960        6.0113560684273226     
   4.3691014569785480        2.8141261149666144       -1.0195261368730799     
 -0.14719584614294329        3.7581074289792828E-002  -1.7148924534211171E-002
  0.76126778537721973       -1.8613153921552283      -0.68902483175693618     
  -3.7098184343546583      -0.36984335706240629        2.8334021324720271     
  -4.6142315356968009        1.1544361496673139        7.0545253346809389     
   2.7573741043390325        3.4028773257865770       -3.0717561278818253     
   3.3117279483942212        1.6713048194067515       -4.1044808620731201     
  0.27033996384329401      -0.19948354406087543      -0.46345354179809695     
   5.4790856919244861       -4.5290467327331845        4.0107184697017022     
  -8.3260902946363107       -5.0118580765767025       -9.8536966150151279     
   3.1817218810770167       -1.4881210031892538        3.5936540288070860     
   4.0388122340247632        2.5199795804309800E-002   16.009630974548795     
  -6.9225662633752724E-002   8.2637276891269387E-002 -0.33423946280536054     
  0.33512579204919235       -1.2904027136587275E-002   8.9275745846196436E-002
   1.2507282229924279       -5.2563940102480187       -6.0223045974392289     
  -8.1095145833541993E-002 -0.25474980053439028       0.13115275430078829     
 -0.51961547432341815       -3.6928443587908188       0.62446056472346700     
 -0.40489826675858281       -9.9046113673017730E-002 -0.10735910257922930     
  0.70667096340178315        6.9405895962411792       -3.5480339390833295     
   7.6901376895010309E-002  0.16662518008368088       0.13907231057030578     
   8.6669746661434011E-002 -0.20723959202712172       -8.5863442770406334E-002
  -8.3386066841628304E-002   5.7088630367909413E-002 -0.21414996334135758     
 -0.16188292762855810        8.9534858347126350E-002   9.1652394421822894E-002
  -8.8408555622382895E-002 -0.26923296867952551      -0.25478232758360975     
 -0.36142598535226644       0.28319068196050734        8.7252639874666443E-002
 -0.55007328640521291       -3.7965534533069354       -1.7935209430769394     
  -3.9706518466605756        2.2357528686354557        2.3444799531259295     
  -2.8149439871397894        7.8961120571032364       -2.2434805125133561     
 -0.23387878716612445       0.29632186030896079       -7.4094601440893984E-002
   1.0407103811301702E-002 -0.29846885002532247       -3.4239037544787354E-003
  -3.0971524872708009       -4.2373948942200705        3.2179080628928962     
   4.8745353103791411E-002  0.27535073894629508      -0.25191130750233903     
  -4.0973750336848302E-002  0.13776654968409660        4.4186787797044880E-002
  -1.5480831670583914        2.0007658887933863        4.3156548158680561     
 -0.22047051786401223       0.32046829140027394      -0.42840882717014772     
   5.2853702781333028E-002  -2.7128257860792981E-002 -0.11691264890110263     
   2.2494009823194894       0.43389958702510728       -1.4093523027531158     
  -6.6671747520511054E-002 -0.11685323587128997      -0.41107309136531989     
  -3.1513572521273887       0.29887789408214677        3.4863997518019043     
  0.65190767693824359      -0.83530578524255894       -9.8805333797533423E-002
 -0.10991644002896987       -1.4374661949062963      -0.25928395640408231     
  -8.4414869507500961E-002 -0.19880026107504725      -0.36005088003550606     
   5.7017259191722109        37.967063403290027       -15.708169243622972     
  0.23790452977414700      -0.39796126694036199      -0.90032675732977541     
  -3.7312692462701951      -0.69038851724634431        3.1245145336422704     
  -3.1547767929441986E-002   5.2765514683425739E-002  -5.2218107699877746E-002
  -5.4395957180691097        1.3866934452324693       -3.2441436095535212     
  0.85332910613519153        2.8685975236626531       -2.1649555050385301     
  0.23175572811987907       -7.3918479422213101       0.44581338785434999     
  -4.0158782591465627       0.46755973311688015        1.2494164439163762     
 -0.36814987611583855      -0.27277471572834633       -3.9255836321423862E-002
  0.14126839746162925       -4.0514451463165715        1.0526529405837808     
   1.1565247978654243       -7.4463006285367683      -0.15655934644385106     
   3.7003680561160168        3.7206895650878464       -6.3510252803045431     
 -0.16134492792914656       -5.3260719633646300E-002   3.3115136181460440E-002
  -9.4821783505676882E-002   6.6272649717897050E-002 -0.10382989540417538     
   1.5295869573760820E-002  -7.9278721017536372E-002   5.3783113394452950E-002
  -1.3990745298930880       -2.1403395433665162      -0.18894911985294127     
  -7.3211505951360571       -3.3367065764893549       -3.8203306369171082     
   3.7857395581318092        7.9050454593733743       -4.4489818700198338     
  -6.9283847222683839E-002 -0.11635261601308029        6.2752493912123786E-002
  0.66643220068741171       0.13851115621913682      -0.16441546671153934     
  -2.1434913184677367       0.15581868329021922        2.0821050456527828     
  0.29720575281246048      -0.58161770640082322       0.33637642621765274     
 -0.26254996130927216       0.64973579130975112       0.42354057253806299     
   7.1884269222839148      -0.77767744387683535        9.6473585302978009     
 -0.22113061487761670       0.32439161995935351      -0.43957568213369214     
   3.1670022380832372       -3.8810914349677912        3.4090928736868595     
  -9.7466102151786652E-002  -3.7739886228819332E-002 -0.29244721822202624     
  -4.3512126310785897       0.98632967107013103       -1.8049711202521284     
  -4.6676000262110522       -4.7490621395118477        6.7422066326978314     
  -2.1090926545464163E-002 -0.15644721924194618       -7.4634017261892782E-002
  0.61365318474271469      -0.53210373061427274      -0.36133201830224049     
   1.0296459701772154        1.7777622663157377       -1.0043528362170513     
  -1.5971441897258305       -2.6240947183885233        3.2221518456626783     
  -4.7430652623021784E-002  -1.7849465624290031E-002  -8.2677789660980341E-002
  0.17619829747364127       0.17609258484526072        2.4636930799863337E-002
  -6.5135316804854237E-002  -6.3397234871595987E-002  0.26407849812059769     
   4.8340100886956776       -7.0350425830952048      -0.31983576378563733     
  0.23286268630757517       0.18415174530592165      -0.31355867867163839     
  -1.2951309202901152E-002  0.24697589244266988      -0.35387327727241163     
  -4.1637386877109890E-002 -0.12069226931243568       -9.7659172218310358E-002
  -9.9122611947812980E-002   3.8770620503599858E-003  -4.7276163971039724E-002
  -8.7215299250050130E-002 -0.11075320599229148        4.5740791389800355E-002
   4.3298874961797997       -2.1164914695386616       -2.0723270358005554     
  0.64396211741754006       -5.4542671436096537       0.50536616635244702     
  0.44732544478486974      -0.57297752200271346      -0.35937502015694273     
  -4.6869091259886844        15.120275859373601       -6.7256876532460170     
  -2.3033711959028893        1.3654212625381772        2.1238051774518247     
 -0.14601603679305963       0.30095732911813061      -0.17935593444714734     
 -0.13747137105602947      -0.10489396093715529       -9.4924246988085936E-004
  -6.4507787212593315E-002  -1.4956803897317975E-002 -0.33681385342837866     
 -0.29561704522432602       0.79691986295968009      -0.91974920059325327     
  -1.1113576730584365        5.9895604206720039        1.6164547305380332     
 -0.56922081078921982      -0.39852318726345443      -0.11645735573773233     
  -3.8988673157657916E-002 -0.11028648856786931       -3.8938084012354914E-002
 -0.11253398755080425        7.7401024121277638E-003 -0.13730407786226420     
  -1.9315942445127370       -2.0235478792133463       -1.5577089788835567     
  0.54087605021495699       -6.4933198058580173       -1.0500676066786980     
   4.3017122586889984       -6.4467428757229923        15.211811490696357     
   4.9674587337427454       -5.5906560683352486       -2.2528789476982296     
  0.11190951608547212       0.49540914351329535      -0.76637689235090989     
  0.30350197480577595        3.0592985112297808       -4.9185498700389223     
  -3.0720936045664717      -0.30970815932765733        1.9878701807917361     
  0.51119117077626686       -5.6437174641411882        3.3510520990446628     
   2.4836812082457009        4.4089239151029318      -0.89175176539657508     
 -0.24054440521293191       -1.1571980974429533E-002  -4.8073646872957461E-003
  -1.5283749628331293        1.4337446195036831      -0.17020397357516104     
   2.8287929483547845       -3.4546381083120008        7.5598042177444844     
 -0.27509138945029071       0.11821623911485973        3.4159462621859774E-002
   7.8367211927027322E-002 -0.19823426246906789        7.3184847999751390E-002
   4.9228413559982233E-002   2.3036045200703691E-002  0.19079338257917988     
 -0.38769270288930913        4.4389712308117030E-002 -0.21755315522086463     
 -0.13128569776574484       0.50709118124917263      -0.20388696267782405     
  -7.3104608387774744E-002   6.4806712207293712E-002  0.20974662378985950     
 -0.11584073621157334       0.12585832674362776       -6.3207684659572785E-002
   4.2702250516214291E-002 -0.52632280752760396      -0.43216639211199775     
  0.61203636134304085       -10.160506574225204        4.1687730053370649     
   7.5925744522563593E-002  -3.9660678923880144E-002  -8.3089125596088859E-002
 -0.12830051050291008       -6.8478341705229859E-002   3.1994561985584397E-002
  -3.8003725307651730       -3.2198326639745476       -3.0730438514678604     
  0.44078784255871939       0.26101411494146737      -0.43574036306983371     
  0.38009792396245751       0.18645242037695056       -7.6543629757376566E-002
 -0.19324908497353266       -36.526857017741911        19.835613255970966     
   9.6061855799557588E-002  0.21379241567339782        6.0787623439397861E-003
  -1.3901812564872915      -0.34358128041617619       0.40149966216918381     
  0.16782479194305050       0.10403215302399363       0.22833948343150864     
  -3.0844143736766534       -1.9982919168520898       -2.9030965097868804     
  -4.1853500844944094        2.6512717739045906        1.3132741826537917     
   3.0967437215056073        2.0243312306441137      -0.57787872839463394     
  0.17067657562718669        9.5939296816296885E-002  -6.2682855814485142E-002
  -1.6861352456527194        4.3327852602613444        1.0287070952799746     
  -2.5180197746160498        6.0479129068773601        2.5494718196446753     
   8.3196766340125267E-002  -4.6516902770400680E-002 -0.15981248374138590     
  -7.7466410622133330E-002   5.7571554080782808E-002 -0.14822457744947476     
   4.4298621632468054       -2.0838614789160013       -2.7214111518037827     
 -0.14744712116945921      -0.18619341601918962       0.37079380298730924     
 -0.22663007348638045      -0.24465441712857630        4.9375483707139498E-002
  0.28793222479853264      -0.13369501133076378       -3.7402537651321378E-002
 -0.15701142107070123       0.16514246085137874        6.5981800411502056E-004
  -2.6795094114203191        15.713419509578323        8.0277472029928170     
  -2.1304134227829206E-002 -0.93641898566295434        5.3101252455394855E-002
 -0.59731659895364408      -0.97822945500018765       -1.1425800558562391     
   5.0209261092293564        5.1877544884062754       -6.1922122702107494     
  0.17886846173218859      -0.10242566204948317       -2.3363016521836449E-002
  0.46155034009315027        35.883933229814531       0.42192153584967712     
 -0.10371799789886657        1.3266839937525609E-003 -0.23498011647810915     
  0.30985444530283701        3.1640693691500119E-002 -0.21957583406639555     
   4.2367063958889428       -4.7482704136417606       -1.6672843052712123     
 -0.20046111459285582      -0.10406994293897474      -0.13297923642745665     
   4.9735684836168312       -5.3771301784314165        2.2725930934580982     
 -0.23453867518891011      -0.39898592425179585       0.38893799031701465     
   1.4778664639420844        2.5740712208628511       -2.0892141067346954     
   3.1329030613198463       -2.4955165413104683       -4.6284649392759887     
