  -5.6188114206569773E-002 -0.26159707636005447        8.3341827873078020E-002
  0.10388754624948514      -0.31316385720620132      -0.30109528175684247     
  -2.5929727870060183E-002  -3.8698060147318566E-002  -8.9891138978909463E-002
  0.10908734967596660       0.10778744626855789       -8.9707148949680279E-003
   8.9625780185772705E-002 -0.11254182759053605       -2.0357977785332854E-002
   1.2010380239192316E-002   2.7710844929936952E-002 -0.18314122142644437     
  -4.9412064094658712       -2.6884452738018010       -3.7199153203264768     
 -0.26376446015730748       0.24151864460749123       -1.1172601263731101     
   3.1925451636323814E-002  -1.0476903503862071E-002 -0.23724799471664865     
   6.4512082894516620       -6.3595266907873489        6.6637474564729473     
   4.5254610525826910E-002  -7.1115723798187508E-002 -0.10159465224585598     
   7.9908562869183436E-002  -4.5706051401788877E-002 -0.17690571337645092     
   3.4522086695763834       -5.5199068659188653        4.7496178201274502     
  -3.2318604194202689E-003  0.21789168223435701      -0.21670725505961261     
 -0.21839067459096193       0.26173859780046943        4.1506208351671313E-002
   5.7860112383699409        2.2170202418091125        6.0143642404352260     
  -2.2357052551649983       -2.4578650371002340      -0.70380741213101206     
  -1.6860853321723817       0.18620787471982939       -2.1485219915111977     
 -0.96444266786490151        1.2586346014571421       -4.2798281076692541     
   3.9304652547960908       0.59362054493106386        5.1509001134253376     
 -0.52028487190624462        3.1267118115263810        2.3850456022057145     
  -1.1308557489834179      -0.66781426299566260        1.3879962805502271     
  0.21151682068028910      -0.35590726101691261      -0.38639753333191007     
  -13.787486996707926        10.020706021894684       -3.4046629911215911     
   1.7242571602651418      -0.57638854093367708        2.4393432331424645     
  0.11561735757257034       0.12212077365985387       -8.6862451101620997E-002
  -8.9010118048321926E-003  -3.3016138700542035E-002 -0.14510284210070845     
  -1.7758769688187175E-003   2.3777590809168359E-002 -0.18345711805459469     
   2.0970307258106855       -5.5054473713962917      -0.22725160129938143     
 -0.21850013819476632       0.22999396579000411      -0.18362482851447839     
  0.79514613666715472      -0.72570254932873046        1.2545910475345643     
 -0.17358265107573961       -8.1393550937028922E-002  -3.8186036869050366E-003
  -3.3236538231771324       -32.507275908418897       -21.314450449917956     
   6.6743781658777382E-002  -8.3850733966709473E-002  0.11863213804909452     
  -6.8427021603489390E-003 -0.51579353121889793       0.10137136032228920     
 -0.88686098542965119        1.6541426990758612       0.38528678209788375     
 -0.16832323987232570        9.4140860425274184E-002  -8.7872760951798190E-003
 -0.11669310572910097      -0.20588950572602482      -0.27922099571018522     
  -9.0361516615283827E-002 -0.15373750339351011       -8.6640642485038777E-002
  -5.1347028218892171E-002   7.1606798045525555E-002  -3.7081020891332556E-002
 -0.40342060882138020      -0.10411662203301861      -0.17394580361849182     
  0.45062353430218849      -0.24458148403150876      -0.45364163257601930     
  -9.2434181874588114E-002  -1.0722021459441818E-002  -5.9220971417060814E-002
 -0.67962357850199073       -1.1042134004517403      -0.89608275452963992     
   9.0172553340809661E-002   5.1705615299677328E-002 -0.13268588261513065     
 -0.36951173516859515      -0.63668469900918911      -0.69963932010696561     
 -0.18866311239959174       0.12741033725497469      -0.20294061511551675     
  -7.7060548729583303E-002 -0.19915295159097873      -0.18184800553630423     
 -0.13457300767730843        1.4074751711985644E-002  -8.9890753450278596E-002
   5.9381054287060433       -4.4516143573135301        4.2028244567565736     
   1.9129075516896452E-002   2.7823364041485756E-002 -0.14419443356702236     
  -1.3379220249769024        3.9432533415304238       0.71285709175331846     
   7.4802462682126453E-002  -9.4765668015664800E-002  -5.4249705602803296E-002
  0.84729604468353936        1.5847477809074353        3.7883920689727041E-002
  0.24442214105159596       -9.7811875862309806E-003 -0.13325088091022541     
 -0.27641772659361447        5.2976128631302681E-002 -0.15218981916297331     
 -0.20318782923087042        6.0513634419151606E-002 -0.10453013564211373     
   1.1082227248780381        5.0089099925585812       -2.7341447365736333     
  -8.1546425058953320E-002  -4.4876949328967082E-002   1.3774175747513660E-002
  -7.1837588504960359E-002   2.8750633714322720E-002  -7.6047015104495186E-002
  -1.4982639893695490E-002 -0.33419515124165350       -7.1205792427972078E-002
 -0.22923489306967437      -0.61323852377338672      -0.24057143359406261     
 -0.16772789423436368       0.26110663805175366      -0.29312718737071064     
  -1.8401693179180367        1.7337797200663512       -6.0029805866713574E-002
  0.12400966375602196        1.7312857883075916      -0.66797420492694404     
 -0.30338552039278877       0.13857554100390662      -0.10470865947958072     
  -4.3180544818331341E-002  -1.1234865106659681E-002  -2.9997208036710112E-002
  -9.4482033730145271E-002 -0.39348526736249323       -3.5407123257203840E-002
 -0.32555442877142260       0.12178199420529978        7.2033969183384464E-002
  -4.3451082535468251       -1.7936425753675072       0.41812960370350916     
 -0.19387131744945679       -11.383928442149619        4.3856983154826947     
 -0.17496418583133500       -4.8066956412402134E-002 -0.14394015973586793     
   3.5370810908659154       -6.0403662202972157       -3.5236082649000702     
   5.0268584723809934E-002  -2.9689606437544674E-002   5.2658221568703161E-003
  -3.4334929596342670E-002  0.19726760736345419      -0.19825260903094749     
   1.9839067743384033E-002 -0.23847731035397171      -0.30176371530223273     
 -0.13623586250686642       -6.4375716514517248E-002 -0.23306771225594813     
   1.6251504550038685E-002   1.9296856658957758E-002 -0.28402559970372909     
 -0.34224382654699098       0.34575178766633985      -0.25619179794573788     
 -0.19297010304274412       -1.1901100985157028E-002 -0.34822576959309498     
  -1.3221873502834705       -3.0725604304748551      -0.96086008083496877     
  -2.1276948819780022       -1.0999147177500532        1.8900755323492213     
  0.24627085045355077      -0.45739710622341812      -0.21697113027801015     
 -0.14936359427646012      -0.42627081617297569      -0.55753141460118416     
  0.59844993184411055       -1.4487130650829974      -0.13444956508193079     
   1.9187600437220891      -0.97590232779732333       -6.0391716604157804     
   2.7982874083624401       -6.7623618033592905       -1.1761889737549938     
  0.10984650502121536       0.13159336567848504       -4.0023847671146973E-002
  -1.2067970643452808       -4.7521147450934009       0.64168645401720559     
  -3.2961820525889198       -1.5662196106329855       -3.7943365727386880     
  -1.3183187962896832      -0.29242206960946843       0.44382856118759534     
  -3.0235606624609095E-002   9.2391128387386931E-002 -0.23122669886813083     
   8.8106383598178808E-002  -8.2508212331101768E-002 -0.18694006817563930     
   7.5190586789944641E-002  -2.7052115148789545E-002  -9.7878010087900966E-002
 -0.13653293149092982       0.19886848201110155       -1.7107680215954355E-002
  -9.0226478142985234E-002 -0.16412198118550503      -0.16572938342911092     
  -8.6353761031974174E-002 -0.12742768924023273      -0.23674380788770766     
 -0.13674027188365773      -0.13930639825720767      -0.21096805150539152     
  0.38639283504252098        4.6353354800857707        4.5645935856092317     
  -5.9988837929389680E-002  -5.2612893038381202E-003 -0.13266800232023210     
   1.8835604075001326       -3.5283786509898660        1.7128867589267267     
  -3.8237551794705275E-002   8.2619651295287561E-002 -0.19536307157219812     
   1.9560653168395872       -1.9396744918300004       -1.2220151353819646     
 -0.62864422214220128       0.87685496556792952       0.35239288352941084     
 -0.14145658823689425       0.10025230864516778      -0.11077919631927072     
  -1.9047730314384388        2.6821544688746428        1.1232800175192927     
  0.18058831431743380      -0.36665619375719910       0.17234796334216479     
  0.85212144653581057       0.86885948268420010       -1.2702816636629695     
 -0.18081433527289686        9.9273999827272114E-002 -0.19438338386681894     
   1.6427199011429543        4.0824469039570372       -1.4192261844364933     
  -1.1198806110551947       0.18520862627147830      -0.30482097358599636     
 -0.18045838943579734       0.47085388498857972       0.62439185580006984     
  -1.9959608792882229E-002  -7.6734672440488705E-002 -0.15682304901059416     
  -3.1595600024231585      -0.21146066503557731       -1.7921534728680957     
  0.29615039078911498      -0.32750435775711795      -0.15718343838678056     
  -1.3004054496408592E-002 -0.18077992689029973      -0.27613257120301882     
  0.53323227482345348       -1.4606612682603068        2.9895903797380528     
   2.1312717705377890E-002  -8.0390575378031001E-002 -0.24352942758175528     
  0.18081372209097785       0.47533265791923202       0.23851263873652462     
   3.3641555680144757       -2.0063985871367658        5.9991166554186757     
 -0.13596674097127642      -0.25330839945975975       -5.4632566204248022E-002
  0.13333706644996840       0.19446492985992053      -0.53423333661630068     
  -4.6030082804509501E-002  -5.1336696168082424E-002  -3.9955092433195324E-002
 -0.32832276122385123      -0.13447786438764089       0.41425583736589205     
  -6.9955824039579220        6.9859745954128796        9.7658451173074141     
  0.28804183189630211       -8.1176952505268588E-002   4.7870265310152975E-002
  -1.3702131851942780       -1.9135860392309343       -1.5571067759504504     
   5.3887589918711162E-002 -0.26039067154946283      -0.27456006032752905     
   1.5994076093187746        4.2004795706686853       -1.7384012595922198     
 -0.20025394912457389      -0.12008357794374562      -0.20782839277836440     
  -1.1311940058168670        4.7955702705982164      -0.81204197120202792     
  -1.1560643710760659        4.2194646640338469       0.64733959613114500     
  -2.9425939387943766E-002   2.9366446445802039E-002 -0.11662426477493118     
   6.4426962103952476        2.5879994514266644       -2.6177142486975082     
 -0.37387711871178558        4.5436037470405734E-002 -0.24442295360318284     
 -0.29347760747402607      -0.76361330176341236       0.32691482022861895     
   6.3682105226897753E-002  -4.6628311273984473E-002  -4.0087241988126979E-002
   6.3473477126400635        2.2310098643404781       -2.7349945966205578     
 -0.16548454170683632        4.0113819330498339E-002  -5.2594894924545284E-002
  -9.7370628666591158E-002  0.17114548406846780      -0.11777944622166371     
 -0.39490696395175567        7.0182342922705435E-002 -0.18511902362405597     
 -0.18089694141854609       0.24604259276353765       -7.0247026533918969E-002
   4.5599549416557666E-002 -0.15649587538521609      -0.11488194377576312     
   3.2147908320147828E-002 -0.16989621697546270      -0.20077995351342628     
   3.0558099032960002       -7.3893130329805228        2.5528872587962956     
  0.12360325201637265        8.2757346652594307E-002 -0.28651513187335487     
   2.7618572910371446       -2.5076482893312715       -4.6817756989790222     
   3.1231173148739341E-002   6.5053232349018683E-003   3.3133089983799881E-003
 -0.86156895895225249        1.7842527103865320       0.44199481172212313     
  -6.1550442600339172       0.41326878190781480        6.8650378979772784     
  -1.3719662190918037E-002  0.20276175984591391       -3.2412079624140264E-002
  -1.0478293783162622        2.8024547127308761       -4.3131695303790787     
  0.10796562824871114        8.5129827865259397E-002 -0.16446170863801138     
 -0.30005500470412994      -0.34561954823369517      -0.45036061656990911     
 -0.24936123894592607       0.35401129214821592        5.9621535353272415E-002
   5.0464118829644988       -8.7395700605392757E-002   3.5739589137861807     
  -7.3761599606767449E-003  0.10315843550835049      -0.13989076804219233     
 -0.65131793875426225       -5.6529960263017021        2.9726506587609980     
  -2.4395248313680229        7.2061823008431434        6.5813136704976420     
  0.32338836528715692      -0.12292270562358473      -0.23325629555753735     
  0.13304873040409074      -0.23278384990993900      -0.11324985429910961     
   5.0085376183667130      -0.93802904047938918        3.6412883444445323     
   1.5875043414912817       -2.3806073880601626       -2.6624208213384932     
  0.22030397919799707       -2.7190636567428279      -0.24600242787611620     
  0.23556774643257383        3.3606513669371167E-002 -0.13409524372158801     
  0.18295014654634523       -8.8553454946563567E-002 -0.13869775287553734     
  0.30076126052701035      -0.55615905781940844      -0.63207445993516209     
   1.7496669990961992E-002 -0.21798875552479940      -0.10025108214533722     
  -7.1217925916657696E-002  0.15674770351835915      -0.12196488274868310     
  -4.2183881594449094E-002 -0.15662487131193695      -0.12712530994782953     
   3.2457895795906428       -5.6739338105704658        4.8847236623904893     
 -0.12026857135771150       0.25895656080518992       -2.5961562997308580E-002
  -3.7090717886111930       0.57586151516003437        4.7467916811138497     
  -1.3024533616020577        3.7946244922960464      -0.74433296460713416     
 -0.13737180755389614       0.32280943094655035        4.5190378976265551E-002
 -0.24899894730444208        2.4529566792607010E-002  0.19533532295356484     
  -3.6486888430708783E-002  -3.8978151193313097E-002   1.7088221794936010E-002
  0.28167322770257391       -6.4480846393421692E-002 -0.19264270450550630     
  -10.426709724689804      -0.28859519731178507        2.3944852723196921     
  -4.0143161954415085E-002 -0.18729539880610013      -0.12337657997559746     
  -8.7561540241743632E-002  0.12498989308756546      -0.10475072281774556     
  -7.1801401554913172E-002  -1.7800283784320293E-002 -0.15669002771276150     
 -0.81942485789515185       -4.7089005101322134E-002 -0.82307432039088202     
   5.6511990263147918E-002 -0.14554783026013413       -3.3848994397256568E-002
  -9.6835993166399618E-003 -0.13162893409175416      -0.19008071932359558     
 -0.38164002155495630       -3.6026373171355298E-002 -0.19161943992045996     
   1.5312735788306950        3.7004789562547153        5.6446276989336175     
   7.3158649338589149E-002  -2.2621262523571203E-002  -1.2201767160920186E-002
   2.8791880388089157        4.3605226629791254        4.9194634469580727     
  0.34669758477176360      -0.14251806794007366      -0.62141154416605537     
 -0.14358118011315602      -0.15010782599733508        8.6725690741322498E-002
  0.57734176798176096        5.4290933224143982       -1.5166627575506768     
  -7.7672271145886276E-002  0.58974835473141984       0.21312845391614643     
  -3.1815892396700629E-002   3.5602132333253086E-002   4.6329740960728304E-002
 -0.12234248362904389       0.11904488734070490      -0.19189893685237014     
   7.8859452089861393E-002   2.2671512467630661E-002 -0.56194350086463785     
 -0.15874942165002018       -3.3022080112704177       -7.0961218978043000E-002
  -6.7205872744604878E-002 -0.17543827017294986      -0.17742291358439580     
 -0.48070708121494743       -1.6679568504461977        2.0697754480642314     
   15.078085084661341        2.9763385353057763       -43.384586243301293     
  0.23853105105116837        6.2766504807101349        2.1893816542710502     
  0.20512422068422781       0.79410004387861288      -0.33676904226302723     
 -0.14629322566081146       -1.0259797917630578       0.19385747911974516     
  0.56673717779888821        2.2400648302164092        1.6070226073750662     
   2.7509430134014718       -3.5257094892889134        2.4922015944752580     
   1.4329405776118251E-002  0.10121329711292792        2.0002205319788816E-005
   1.4656369183536668      -0.89995660625379315        1.0770951298237637     
 -0.30777328530120968       -3.3174951838772219E-002 -0.21711228209777708     
  -7.2634245612117315E-002 -0.18169470914745511        4.0949316620158591E-002
   3.6109337138038752E-002 -0.24654880394556264      -0.18197524647938984     
   2.2144077207146227        1.1389338634234132       -1.6458208904687615     
  -13.720795895510070        11.189061344786099       -6.4138202569177380     
 -0.19515595857051227       -1.4935638898655976      -0.29515549922908402     
 -0.42567201163082086      -0.26433467012556305        4.2701114064629210E-002
  -3.0880024496030410E-002  0.22411566654245096      -0.18316257514328069     
  -2.5749934262800482       -4.2982685546051806        5.2652470484438538     
  -1.1822180240696736       0.61419714100822698      -0.99164401926651313     
 -0.30297144997486392        6.7668651355436288E-002  -2.8340185770269435E-002
  -4.7241667035206689E-003  -2.5317018923697442E-002 -0.22395258866666010     
   3.4236417082422679       -3.9319024457094431        1.0603597476565034     
  0.96796740245162061       -3.7759053534478313       -1.0603670590393923     
   3.9904944266503870        1.5792782138129413       -3.4203674958792192     
 -0.27437640633082561      -0.47581281279250948      -0.55493513665625771     
 -0.24192524918830691      -0.13046559230649293        3.1134291486480208E-002
  -3.4918194226323140       -3.9276996831014661       -7.5074274272197119     
   8.7736817023275335E-002   2.1312746575092016E-002  -2.9057244139470813E-002
   1.2682969101381110       -3.7600926725188817       -1.7662532651489224     
 -0.16942257985546169       0.10750920589768720       -7.6186752586261661E-002
 -0.47689503948563716        2.2350765863921995E-002  -6.8693442010555078E-002
   2.3016750235998369E-002  0.34901471146197410       -6.6879403837919252E-002
   2.6626822511294598E-002 -0.20612143805389427      -0.28972015820085173     
   1.5104769988568753E-002  0.11834933455597829       0.18401514273031422     
   2.8050259766561521        7.3264031630517055        1.4537575683372996     
  -2.3799947767114471E-002  0.55421613931236147       0.10929920526030562     
   5.4044786436504637       -1.5716337354807908       -2.5083199239508636     
   6.8582298337993897E-002  -3.0343581976034123E-002 -0.17078694199916042     
   6.2977632070907244E-002 -0.14558537986611905      -0.23927217202140158     
 -0.14711114108938295      -0.10667259025963330       -7.1946783341366616E-002
  -1.1961231925876000E-002   7.2546139858595451E-003  -7.3947010588270898E-002
   6.4687188619786421E-003   7.9167585122712061E-002   6.2938149935285861E-002
  -8.7229817521194589E-002 -0.12781136598945625      -0.10467354795999022     
   1.4501924004301621E-002 -0.30450863846369836      -0.17463147328234935     
   1.1664342875351563E-002   2.7557307486483547        1.9611549135897783     
  -9.9789880177502663E-002   5.5852841890882216E-002  -1.7464692280445823E-002
 -0.84816345350774969       0.26097048874967871      -0.74585466505549247     
  0.80753291055555687       -1.7571570332129947       -1.1876665199014445     
 -0.23075400860431527      -0.32123432814594449      -0.31240924851037877     
   9.4583023169424393E-003 -0.11788266321570127       -9.7765251935787223E-002
  -1.6692456633866135E-002  -9.3635977930665207E-002 -0.76107076473902169     
 -0.28643408714010388      -0.18861979238408150      -0.10120184159684341     
  -1.9293324937039929E-002  0.13966313855262505       -7.2848620736605391E-002
 -0.32043397201405682      -0.23966296075243587      -0.33990395219381231     
 -0.10474257935974986      -0.18141608967721640      -0.11681665747638896     
 -0.17736871878623559        8.7057569374693611E-002  -9.5865342231177555E-002
   8.3625130033864584E-002  0.20235885592074837      -0.23443664825783161     
 -0.12094815833093744      -0.20168878814647942      -0.11093691677558873     
  -20.763116672986939       -20.416653661177193       -35.385429256954254     
  -1.2900992253533587       -6.1777612293971487        3.9042443361650938     
 -0.30861755462349583       -1.2296847287628891      -0.42351202311096126     
  -2.7950679635980094E-002  -9.6911766591174717E-002 -0.20122571459403996     
   5.1927401790836089E-002 -0.41292769854828898       0.51386187026395480     
   5.0905366221541941       -2.0207163547321931        1.4959202841728114     
  0.14323296449871439       -6.5667891801998404E-002 -0.29974579848661664     
  0.17271504085454489       0.51836833959657069       0.22244257781426727     
 -0.22801598806143891        5.9117158378885613E-002 -0.23038455076136807     
  0.19245350461819397        3.1680306267462899       -1.2508009335444408     
  -8.6880496467991619E-002 -0.45992379370921727      -0.21101776918603835     
   1.3079141611890306        2.5638210853189398       -2.9576883855008052     
  -3.2465598474873097E-002 -0.46351918279441900        7.1054736501884472E-002
   1.1448647276616066E-002  -3.3575860716327753E-002 -0.17418281702829799     
  0.52374693342466605        3.4582464327064200       -6.6621641626392822     
  -1.3271282492766323       0.77058536851383030       0.95768497633045346     
 -0.27846438097100279      -0.16821510472233442      -0.10722961621932785     
 -0.42363055082823547       0.14831174848984272        8.8945474133738045E-002
  0.40559329895632262       0.12552466483603683      -0.34707386044979549     
 -0.11863878903583998       -5.2565551667071511E-002  -2.2242135881255530E-002
   3.4131354099794486        2.5202970273861034       -3.0492274680601792     
  0.84447348328310612       -3.3940652572891139      -0.27548482694104187     
 -0.70155008371595939       -1.2760603199347722      -0.59184375597639394     
  -8.8078032711821186E-002  -8.4815416823272802E-002 -0.11243392014903938     
  -2.5517044900962897       -3.3914359133051293      -0.83862213297459942     
  0.23215351658188857      -0.11704274278978062        5.5401759282377984E-002
  0.58562650099855162      -0.26542267201513720      -0.33196122719674770     
  -8.2531137720550915E-002   6.8483641502825335E-002 -0.32681771589478104     
  -9.0016797717073160E-002  -4.5344230609223470E-002 -0.12622665683291762     
   4.8252379386644270E-002   7.3939292474690083E-002  -9.4918476747444469E-002
 -0.14750216236156480      -0.35009567989201101      -0.94774122698882490     
   1.3157784464293058E-002  -9.8928558070596945E-002 -0.18683305488028976     
  -1.0301100760488993        1.7692149947669085        1.0324720115071508     
   6.1726016887852824        1.0036293857173566E-002   2.4656728492541764     
   5.6134574247190994       -5.0930428276426349        2.0285442670387188     
  -3.8988848197634665E-002 -0.14830759627904580      -0.10701741759952033     
   4.2427760660733713E-002  -2.6328238150628049E-003  -6.4865679812966176E-002
   2.8964988425350411        3.4482543021746848      -0.57403389935084936     
 -0.10682341452509549        1.8108276099726789E-002 -0.12433702458399519     
   7.7772614565611312E-002 -0.22353469765625980      -0.20536578523989932     
   2.1479671289913962       -1.8918328392337207       -1.8499288864681771     
  -3.5792627023011878        2.7290856013702394        2.9165828411089132     
  -1.8613821856674376E-002   9.5816208916641346E-002 -0.13069901369719811     
   7.1802666460955872E-002  -8.3339415105925907E-002 -0.26602483561401469     
 -0.21783117498514287       -5.8214278833886156E-002 -0.27115932596564085     
   6.0658537457774844E-002  -4.9987091540454776        3.0049223560943505     
   1.5541525856632524E-002 -0.10172002217157303       -8.6956449652536835E-002
 -0.16608931260281040      -0.17222856726437660        5.6210984376064879E-002
   3.2321663379553750E-002  -4.7131306041852186E-002  -7.7665298109104414E-002
   2.5884567026663703E-002  -5.9469238233372988E-002   4.3636760282535006E-002
  -1.2093956371579151E-002   2.3626626314434442E-002  -8.5992886294011917E-002
   7.9901270821784971       -1.9643969404674670       -1.9691249892955924     
  -4.1254321723448637       0.64375744483387298        1.0132063551850068     
 -0.20181201578954405        7.4765579025205489E-002  -4.5373112487180275E-002
   1.3742751241745326       -5.7962229216460734       -1.9397388606260677     
  -4.7629503845076873E-002 -0.28117776278525558       0.30849881794044270     
   1.3404407925186161       -1.5331813079329912        4.4050590502144082     
  -7.1111029526274398E-004   5.1568011923149408E-003 -0.12843481008841720     
   4.5508105786016571E-002  0.22546192336408763        1.4452546487262781E-002
 -0.43569545377758051        7.3823288061620085       -8.9704106695592437E-002
  -2.3687049990952636        2.9839516485666353      -0.74647276538791163     
  -3.2859271228592570      -0.61692303217576938        2.5477294906926140     
   4.5519725969882643       -2.5644198145807304        3.7841813480238216     
 -0.36327449079891938       -1.9488393524014549      -0.22223752583288522     
 -0.16119363925367092       -5.9585276677104997E-002 -0.17691185949251811     
 -0.19922881122831013       -6.6056783741072267E-002  -2.2630862885346343E-002
   2.8156173209140420        6.1402241709579641        1.3957491706334861     
   1.3008915403580386        6.5602634024445248       -2.5033842560921369     
 -0.94803733919642075        2.0659639493323012      -0.19151889323234558     
   1.2329786572544721      -0.55265221627817029      -0.48086878236452740     
 -0.31735718046889005       0.10093562160677773        9.9880620007369633E-003
   12.979590998629083       -13.024883507819306        8.2500255103856173     
  -4.1127103635874067E-002  -6.8388831156694835E-002 -0.12218073253936811     
  -3.0747196215994532       -3.7628885998788695       -2.9052382871298685     
  -5.3719861781305694E-002  0.32178353534999160       -3.1904396331327349E-002
  -1.5858942914263048       -4.9703708693187130       -1.1303692334044393     
 -0.28832523331470777       -1.2080169162660923       -1.2795488286917445     
  -3.7613965758633863        5.4742860023430611        5.9649514601461435     
   4.0923954083910356E-002  -1.2135147412709766E-002 -0.11414890952224269     
  0.22735362599843162        5.5389411034110554E-002 -0.20749374192191120     
  -3.9306156610605596       -6.1204967713914398      -0.58119202075189313     
  -2.5951206370367728        5.8358424160467939        3.0687314554228475     
  -1.9168193466747616E-002 -0.30476065296519844        3.8649455771774990E-002
  -2.2069387538488248        8.4104767568619010E-002  -3.7398791528528954     
   1.3601205676016628        3.2481619230741239        1.1910652720834563     
  -2.8987295208581370       -1.4438304012822576       -2.2273928149101097     
  -3.9487485135007987E-002 -0.17512631544942173      -0.12474312384700734     
  -12.513726368308616       -11.004431402004711        1.7408717472031303     
  -6.0577991551151538       -8.5622702783974258       0.47575923627668254     
 -0.35669880282849559        1.2529242472308728       -8.2585299202384208E-002
   2.7670220612639951       -1.6734622236661456       -1.9883368737536320     
  -1.4719649985268592        3.9276188216873300        1.5128306451267108     
   6.5378979420720365       0.36946314724438206       -4.9999298521430013     
 -0.24468474459521911        1.1738881107240771E-003  -4.8204818576104314E-002
   2.0286585840977537E-002   1.1177537755932642E-002  0.16995786241529823     
 -0.51745821540262549       -3.1506361363966238       0.47043326570564825     
  -6.4524482212651182E-002   8.8019232003437295E-002 -0.10544633721006545     
  0.65086466417042255       -8.1182062133935933        2.2588707026151349     
  0.23028372686628493      -0.24568564571162577      -0.22393261114259896     
  0.47897056658368403       -4.5145024579748014      -0.40318829565523806     
   7.2820784769331987E-002 -0.21390717901049611      -0.21446832683306569     
  -5.9621677350657057E-002 -0.23845739274697869        7.5437220861457696E-002
 -0.22952098383175876       0.10317825454995337       -4.4709315041895986E-002
 -0.17995979949471369       0.22759339739212470      -0.13812360106489086     
 -0.11149700614172618       -1.7555414725146455E-002 -0.12184832128432427     
  0.56249962627130978      -0.16130841394498380      -0.19175638805717454     
  -9.3552251548531279E-002  -5.1624592540904325E-002 -0.16562358214950348     
 -0.22100895244658592        2.3842120438345368E-004 -0.26787344741627966     
 -0.61724944033413243        7.0632003565163498E-002   2.2096870035998970     
   1.6152108387402266       -2.1639835823259888       -6.5106507413825820     
  0.37318639934802350      -0.16767405677809963      -0.42233588364150365     
 -0.14949248340641202      -0.57952468666558221       -8.4645719552590301E-002
   2.7055989113503372E-002  0.12655137095493932       0.15999489549066387     
 -0.14215752767959661       0.43191585440629471      -0.19507279170447669     
  0.10402709204647856      -0.16597730977217423      -0.14159527621056839     
   22.720539364155957       -3.5512633595095071       -11.149500553834111     
  -2.4776810885065212       -4.4285678957168706       -1.2192405025696353     
 -0.10472333520309304       -4.3010101017272338E-002 -0.30529494282003999     
 -0.14369417836406548       0.21756843573060231      -0.25077437718387241     
   5.8207222780687076      -0.94293731638240286        3.8498471785110024     
   3.5555406591634720        1.6051650911545812       -4.5241361517567142     
   2.9755048193751268        2.0171406480615452       -3.6891333323801776     
   1.2984735283499787E-002  -1.1712769452424754E-003  0.23468098014054534     
   3.9061255722494903        3.8873260314520035       -4.6068343635747446     
  -1.2333478339558628       -2.3716531742867484      -0.11340814209374375     
  -6.3441670211055928E-002  0.32053084504709223      -0.21338977970973239     
  0.17176534795860482       -9.8049487805708255E-002 -0.25666054996766391     
  0.18479227117073516      -0.15671094156140417      -0.10061746291145364     
 -0.18610874772576888        5.7314014363886043E-002  0.58191836038243183     
 -0.15792369112630059      -0.18718453440260674       -3.2630027339728723E-002
   5.8266433373053390        3.3134281678101049E-002   5.4776594564254744     
  -7.3758428630268838E-002  -2.5812206917085564E-002 -0.24227813045815083     
 -0.42722944980094574       0.60258724322805302       0.25429978866237979     
   6.6953924650321947E-002  0.47592386685627075        1.3534648752865677     
  -2.2126887740659131        24.256643062426996        14.508828701042795     
 -0.25582461425514830      -0.12541384223465826        3.2634429833999126E-002
  -1.5080055117235895        8.6023856778887006E-002  -5.6241640114160116     
  -1.8811706848837608        4.1230363343164189       0.95355787155876570     
  -3.4661105136027697        2.0273095597692610        1.9857585354453631     
 -0.26578810641497114        4.5824660848650840E-006 -0.24258803929487519     
 -0.18249582107450446       -9.3553203696104384E-002 -0.10264632439580670     
  -4.9428016791840883E-002 -0.19595281755562699       -9.4067291360025784E-002
  -8.6409983867164097       -4.9450020952410245       0.90584233191939179     
 -0.15117860764559862       -6.3718430385208163E-002  -1.7219151805026426E-002
 -0.82164298876154040       -8.5334430607556924E-002 -0.16665337590894994     
   6.9879630077277417        1.6227852456044436       -3.8933802231257637     
   6.8204010145153715        1.2593387948119286       -4.5951833462487199     
  0.22662151558273083      -0.49885660609112187      -0.19920899483149376     
  -5.2067285033590011E-002   1.2993014512949879E-002 -0.18143091014607499     
   5.2798004914637460       -6.6729836466427228       0.87148061113391317     
   1.1967534079138396E-002   2.4168782727237027E-002  -5.7592231915522596E-002
  -6.2683018956100165       -1.1505678726854169       -1.9473971887442603     
  -6.6165281557797667E-003   2.8280379674754910E-002 -0.19656274319219835     
 -0.17151526606943393       -1.3942867180687302      -0.29570067061715327     
  -1.6525010151254669       -3.6047764506635986       -3.4812977942165229     
 -0.19798453533960050      -0.39879324188657361      -0.30885016160144735     
  -4.0067935274814417       -4.4307401756862959        7.5167448809624622     
   1.1741563121706120E-003 -0.33873895454721509      -0.25515664021687817     
 -0.71661345576833468        1.8694468227079235       -1.4395005183624514     
   5.7027408372999328E-002  0.16589261739878394       -5.4511916729303417E-002
 -0.18258911074634079      -0.36373970798328320      -0.23505422650843746     
  -6.0660723664517038      -0.64358169270431664       0.13306560041210372     
 -0.17559635242458779      -0.12547229040616234       0.11414413564937245     
  -3.6052341401756665       -1.6055528508270396        5.8939294378283904     
 -0.37815244894483785        1.6934733941216777        1.3956964054046106     
   8.9200751141307003E-002   9.7359821194137677E-004 -0.12185927671807885     
   22.642816340113782        26.099471378137693        35.844318126125870     
   1.1948951001419714       -2.7025491064554452       -1.9004433032017294     
   4.6996305142372248E-002 -0.15220871438772712       -2.0450236248765290E-002
  -8.8078673893998913E-002 -0.10477924152022208      -0.10405453405519366     
   2.0576248034224518       -4.1075728014040882       -1.2844403903127954     
  0.42775063946696645      -0.32023398442708101       0.37657922437418095     
  -6.5683463320139107E-002  -9.0996166907245851E-002  0.10074908262424269     
   1.8478192346080475        7.5593747973243053       0.40117975415037493     
  -2.7496014185612583       0.26344844528369044        3.1027230430325781     
   3.0097414361425288       -6.8020651280058768        4.2855290620464022     
  -3.8038938557601671        4.6580509664141374       0.28495032212984411     
  0.19319097658452669       -2.9096123551667945E-002 -0.17629533326388372     
 -0.65019677713237056       0.85801800177007848      -0.40535316417548695     
  -3.9537417801735739E-002  -1.6970122641853914E-002  -7.2090301982371860E-002
 -0.12074339216753989        3.1485718276338760E-002 -0.18221667013014617     
  0.18891596513620637      -0.32123227480343647      -0.20629788439525978     
  -3.1802097067608240E-002   1.1918538761543246E-002  -6.7993799586664516E-002
 -0.12452490484172662        6.7031508116259991E-002  -8.1461871617137360E-002
   2.6350259216155312       0.93939902387675445       -3.3100164334709166     
  0.35286026030764261      -0.28620857505506136      -0.34720346804849728     
  -1.1648485654893150        4.8767647240694645        3.2071539419155428     
  -1.6681540123256448E-002   7.0124805809759716E-002 -0.13441292268703928     
  -1.5832094968971200       -2.2102923017015259      -0.11821549847645724     
  -6.1549772559700333       0.35963581715912474        5.1725061959538365     
 -0.20394982982722559        1.1166170623467671      -0.57934121515652226     
 -0.17291499538427910       0.27924708443277191       0.46991910339295601     
 -0.26347315274201605       0.24399798216530239      -0.38539209970098043     
 -0.22456123300553829       0.14216899105490183      -0.12725652908896887     
  -8.0263913398366388E-002   3.8635817526994014E-002 -0.19368108172997134     
   1.1572830547000967       0.84690016528452206        3.7954496153021435     
   2.2994603060727674        4.9845541677459009       -2.5259040660457872     
  -6.3092219001643329E-002  -7.0979333380825044E-002 -0.11246758075887164     
  0.49245835171127006       -2.6426549984067211      -0.62211932799959435     
 -0.13789157564121321       0.17236944602019769      -0.34582447504229508     
  0.17357021091064767      -0.14504018756060744      -0.13721547056888708     
 -0.57712489634566388       -2.9694687014223788        3.7543959816775136     
  -9.3868781375926261E-002  0.55785814061925421      -0.26869237770924653     
   5.2489951585650907       -1.0721987184570421        4.5703015765158908     
  -8.7264196217840775E-002  -9.1181879419728273E-002   6.9546257496707889E-003
  -2.0161179031448366E-002  -1.3419605621778088E-002   2.9314996886529901E-002
 -0.53504209907867384       -3.6123529125809797        1.7358153362948574     
  -2.2987785473925892E-002 -0.15229127771187220      -0.19405822129258510     
  -9.7941346494473822E-002 -0.10042215982962657       -8.1961135412750075E-002
  -3.3667698548852848E-002   5.3674369736704780E-002  -8.2402944925129944E-003
  0.98644553567979998        6.8415198123999978        4.7875144757876731     
 -0.12295916926331119        2.4951777633170087E-002 -0.22803177480689699     
   1.3179554403767488        2.2412071976586980      -0.37363966276088290     
  0.81914207197146915       -1.7450302361534946      -0.54725417134454135     
   6.3385463628639460        2.0367683814825996       -3.1511884808902919     
   1.5499588791234775        5.9936156537679244       -2.5689942456176103     
  -1.1846555312545530        7.8210070146439943       -6.1248700342724307     
  -3.5758283167806701E-002   2.7255488463424640E-002 -0.27489726427443512     
   3.9525122892756683        3.8454450573093983       -4.6345639206119742     
   8.5738174645679663E-002  0.54360447643939536      -0.34905400028699329     
  -2.7159837912711460        4.1511595743180161        2.3061459430647147     
  -4.0705616874599136E-002 -0.11114206336338373       0.41239663060695636     
 -0.19045193532365076       -1.2357869060504949E-002 -0.29520154766877377     
  0.15104493755049347      -0.56989781406186146       0.14618236009737348     
  -2.1021362595983231        3.6963084645472430        1.6461417186874252     
  0.11309525156644860      -0.19338900768491221      -0.15255595446229075     
  -5.0783687978594090      -0.75935235211206720        3.4462778905955873     
  -2.4767399547445126E-002  -1.6476758806045647E-003 -0.19524043526645274     
  -4.8104634987324812E-002   3.0190218626650025E-002  -5.8130758381413601E-003
 -0.49681231502699269       -1.7728428987637259       -5.8299952702959468     
  -2.9720705329647510       0.72506166701533881        1.2135149476164693     
   3.5597083081404177E-002   9.5869382358025002E-002 -0.18979906642633124     
 -0.11641142107286413      -0.10767691943179088      -0.18415661044173992     
 -0.32955086976625975       0.27092356760534697       0.21333616005975600     
  -2.0705578083258742        2.5300669051253077        4.0011381447017591     
 -0.17097404974002417       0.11706374061968734       -7.0406615144660845E-004
 -0.19531259653421765       -4.1868252125557816E-002  -5.6861128069484131E-002
  -1.5680246622525533E-002   6.8943288386849627E-002 -0.18955279438522477     
 -0.19716461405766456       0.11724211863414812      -0.38458722633031756     
   4.5374502900077243      -0.81371250583226595        2.5849785448124445     
 -0.31040021974048077       -4.6536553866355600E-002 -0.39709498420256856     
 -0.22999813331106150       -2.6987995044978785E-002 -0.10619774235050009     
  -6.7724474102566767E-002  0.62399384000679370       -6.8220139868202440E-002
 -0.26422252363115339      -0.11365380524225387        2.4952470512766042E-002
   1.6544921204628360        3.7865944512412422      -0.91425599207338293     
   3.4310480217755939        1.5256243108008978       -1.2005231329821360     
   7.2849401259885815E-002 -0.11029326237400269      -0.30216226967806931     
 -0.36691092109845624       0.18322466187882502       0.18908827904041509     
   2.5741771257127630       -3.9778046858778229        1.4141242067283968     
  -1.2492127644964877E-002  0.13515619097399936       -9.2918343268032361E-002
 -0.97597267616695782        1.9028899972287581      -0.12975027426956531     
 -0.94455926011671831        3.1766634341609135       -1.4070965345085871     
  0.95552786463966743        4.7514694332240905       -1.4575701046838456     
 -0.18558876899660343       -7.0668350435260957E-002  -2.6447733309509992E-002
   3.9191433648762151       -1.9647040948697412        7.1105785712812617     
  0.12400496035800591       -2.7364700746381983E-002  -5.1330509577416042E-002
 -0.12349723326411786        8.7502958963909486E-002  -2.6651146111796975E-002
 -0.20232318758383447       -8.6029717470763475E-002  -5.2947363979799697E-002
   11.418516813061000       0.34111599109900370        3.8296882939361296     
  0.17062264135272201       -1.9180773549979001E-002   4.0071672251089999E-002
 -0.17123795457788837       0.13556286711765170      -0.12910247178351575     
 -0.12858116027242403        2.6137730812865453E-002  -5.2687463685813063E-002
 -0.11602779487040901       -7.6777358253052957E-002  -4.5069447153017021E-002
  0.90928462982772862       -4.6452102169458822       -1.0319830568022457     
  -3.9223119007560779E-002 -0.20417401643689093      -0.13993160696959711     
  -4.3729230206941541E-002  0.18015114459605458      -0.13134371163185596     
  0.26926593633332047      -0.24730249046949790      -0.13654363396203503     
  0.90630375309089584       0.96893170467115353       0.76432111638891542     
  -4.2505800680313370E-003  -9.9575372580453778E-002 -0.27122062645882467     
 -0.11153681712073912        5.7240756190960321E-002  -2.8121947403614957E-003
  -5.1270185466513070        1.2116763422318892        1.1176843263866947     
 -0.23289915985979451        1.9945718299429847E-002 -0.12738506662935312     
   5.2006196744680988       -2.9384441903486498       -7.0777491124099559     
  -3.7463993899089361        8.7987773647361500E-003   4.2848447698102108     
  0.22084821016368167        6.3476686421416142E-002 -0.41447067168767759     
  0.36441198606387593      -0.76211621865944190      -0.12595892201506015     
 -0.89477533003594356        2.3411338382627984        1.5792501929191345     
   2.4633730917387204        5.9127492171076446        1.0781762333824532     
 -0.16463737416429255        3.8436005779870020E-003 -0.28888970182096535     
  -1.8983730705085446        4.7220069927548138        2.1045156416992237     
  -8.9772237368305002E-002  -3.9855204600484841E-002 -0.20239279971354968     
  0.75300969307563281       0.44245017551351129       0.22499348524323565     
  -6.7852029681503126E-002  -3.3669519484048060E-002  -9.1424603259397802E-002
   4.4280767500572936E-002 -0.17421559621560032      -0.20027754859452837     
 -0.28685420297007341       0.18450176566996235        8.8290613924250652E-002
  -9.7336286625351542E-002 -0.41965287429779263        1.5516918707680480E-002
  -2.2047955942248847       0.79582501900063451        1.4316033000851158     
 -0.36538820133823435      -0.33088454682298624       0.12230593866927007     
 -0.11182892216425361       0.27720022193540417       0.14211631836822544     
  -3.7657262829671914        2.1458371972727228       -3.3852846472174054     
   2.2313455579363310        4.7772700666989110       -1.0268141456136561     
  -1.1349379085975606       0.92015877955348724      -0.59173331771482718     
   2.7795050062421591       -2.9581348361671540       -1.9155122640872433     
 -0.12661574226977115       0.41665857098658959      -0.22125804427502999     
   4.5093302559550859       0.16334023616653062        3.2885170057171820     
  -7.3444106333518736E-002  -7.2833616690581832E-002  -2.2603319823870718E-003
  0.21899691037072042      -0.29837974725934180        3.0706521976412366     
 -0.21011854437610500       0.17088959273225507      -0.12397115311073380     
 -0.62171550673652931       -8.1848243331892139        6.9000064864836137     
  0.24485936304414910      -0.70511362286299895      -0.32641435025635196     
  -3.0648826757608485      -0.60321328857764356        3.3026840733921463     
  -3.3038455837137564      -0.55695168212136670       -2.6909458031876938     
  -1.2841285337510424        4.2096909980908155        2.6337450385355301     
   1.1619413140247512        5.8799698511482363       0.18646919896488676     
  -7.6938541195916088E-002   9.9101614666719864E-003 -0.15317486963586430     
  -9.4846721719597016E-002   5.3296750364972438E-002 -0.10160086872490184     
 -0.57326133629403919       0.18115519122991944      -0.41741061346915243     
 -0.57764648611554281      -0.41637365501061835       0.17226900393095149     
  0.16290387704911899       0.21600924406382371      -0.22249802049241460     
  -5.1039825845689259E-002  0.11696974697848965       -7.5099288089159860E-002
   1.4547802929915168        6.5658533313435914       -2.4720406274872087     
 -0.15228272937148496        6.5736556493745629E-002 -0.19014885630268732     
  -2.4486569882188784       -4.6899452152329024        1.3217382034001153     
  -1.9730662718512570       0.10042954501915123        5.4684036086908756E-002
  -4.6229385559982026        1.3505477378424808       -1.7418763111274742     
 -0.49072867218019406      -0.21356847488093422       -1.4953588264280624E-002
  -4.0416676885044016E-002 -0.17538692275852963      -0.13313891130240321     
  -2.7413514187791210        4.3627545494830846        3.7114244126760050     
  0.48753332360148866       -2.6531760643702023      -0.68191610143780879     
 -0.22906775169231566       0.18410696028032378       -7.1453827714525686E-002
 -0.22565348942850239      -0.14172085107491422       -7.3472316711488753E-002
  -4.9000519963835183      -0.88754978133060947        3.4583802393608005     
 -0.21242327925381344      -0.38546703405078303        9.0925252264798404E-002
  -6.4366081780810103E-002  -2.2903214086142473E-002  -3.7330583907340821E-002
  0.49058347005034419        3.3803183072406302       -2.2522528029779942     
 -0.80895081263180202      -0.58035259767673431       -9.3267164484642479E-002
  -1.0530008804540534      -0.31770743256649847       -1.7669318562020218     
  -2.2459177175735685       0.69451393002275452        8.2708939531204120     
 -0.16624901103609102      -0.11054474005231057       -6.9267992728384367E-002
  -2.2519917081263094       -2.0522347841905420E-002  0.39125873421487317     
  -1.1913566509963639E-002  0.12354658605196295       -5.0386128733285372E-002
 -0.19864227850150934        8.5207369954584111E-002  -8.8199596185098858E-002
 -0.30715046219089692        3.0228196920537211E-003 -0.30068995295892770     
  0.19026506998078691       0.20918946866366928        9.3006879942363230E-002
  -5.9554802746361289E-002   4.6197874864486593E-002  -8.9239142678847486E-002
  0.99072213853478497        5.0012787174244915       -2.8525295657860323     
  0.51245641248528939      -0.30278933554973120       0.25491712279725293     
   2.3625844952394680E-002   7.9573781255687440E-002 -0.18299443863054043     
  0.20556061409328621      -0.18789004238454596      -0.34380305858860488     
 -0.19647697788138327        4.9614578862313782E-002 -0.38332218459416401     
   4.1854801029430219E-002   1.2050826336854295E-002 -0.34373486199128533     
 -0.32411103885524506      -0.13123387507207232       0.13426560429386500     
   9.4250832801676371E-002 -0.10694949293381004       -2.9676748883074328E-003
   2.8486002663811067        6.0992114615042556        1.4910430489276041     
  -9.0929897373233246E-002  -4.8039376502381284E-002 -0.19877671797452837     
   6.9799980075942986E-002  -5.9404831409134537E-002 -0.68665638889118130     
 -0.23534944364145405       0.11447392020103164       -2.4968711142738312E-002
  -3.4896787288529008       -1.2296150211925303        4.4081859243816144     
   3.9165899710116565        6.9814883290621630       -1.2459436863893261     
  -9.4013936891103864E-002 -0.10651941499463478       -5.4986599063037295E-002
 -0.48998332807321487      -0.67239254991893083       0.91704079078130829     
 -0.10067555344234107        1.8920184907414370       0.18519646817852750     
  -3.9797361662525690        10.377831106199221        4.9148588078472022     
 -0.31469368294354677       -7.7110471592771908E-003 -0.12415999920209958     
  -8.9124804454030454E-002 -0.35257644370544849        3.2211707963347096E-002
  -9.6756919561817395E-002 -0.12173182667751405      -0.19654548456549389     
  -3.7855150715187680       0.85502212046159554        2.6335128503319614     
  0.14801157226776199      -0.13796556715693964      -0.58427960988350769     
  -7.5925531550434609E-003   6.7628763467628777E-002  -1.6337040909210114E-002
  -1.2871538040930807E-002  -4.0273213426772217E-002 -0.15964934356290467     
 -0.12545833988729124      -0.10559144896554591       -3.9978561827377600E-002
  0.52078403911540760       0.16105130926532718       0.35343223735013174     
  -5.0992963700655966E-002 -0.12806057678193478      -0.10697702457366542     
   1.1622353789245941       0.22062018514111756        3.8186528781709344     
 -0.12964036511592689        7.5167891586386690E-002 -0.22934075613908436     
   1.8385761432946623        10.289591885142883        33.608818156391962     
 -0.13280154753428708       0.10294834592356117      -0.11060380174209758     
   6.8835160428596692E-002  -5.0988505931601882E-002  0.12696281559395073     
  -5.9553223807213125E-002  -1.1500676897009659E-002  -4.9403222411191647E-002
  0.47535759857498611       0.46286735652219507      -0.46108524807056422     
  0.14355839419414160      -0.24006928273850525      -0.20071472123764120     
   8.9649541492148295        6.2716088595419004       -7.6291820379810158     
  -3.2414570773919475       0.15340054354510246        1.6403605289147087     
  0.59434729029677213        3.1692182854183062       -1.9820851379863280     
  -1.0010142304796210       -4.8014729638400526       0.41521397836791873     
  -3.7149423179439117E-002  -2.4473617038414729E-002   1.4931346135883823E-002
  -7.5610905699524958E-002 -0.30992320699104031        9.2238192830922688E-002
 -0.23844764757634943       -10.802170211384821        5.8014479470424360     
 -0.30709375651245685        8.2593220564115361E-002  -8.8180603942193736E-002
 -0.12389298600221708       0.22674943142558610      -0.63648679673759978     
  -7.2262478198440172E-002  0.12022077241028431      -0.21337231137033510     
  -7.5712307248608655        11.586525147525604       -12.033291529358069     
 -0.17073135553168867       -1.3135680770953555E-003   2.0210266276258954E-002
  0.25373352177143094        1.2705953143896564       0.36624280390094993     
   2.8716642353250990        1.6531605864906165       -2.1500532817291527     
 -0.20945868383733138       -8.8710687900197316E-002 -0.15620118842735317     
  -8.8024605214116980E-002 -0.21347753581770312       -9.9797684637302222E-002
 -0.30592921579278332      -0.49861836043676144       0.14107851142926919     
  -2.4857365774576388       -1.7979067972956631       -3.4012656807261745     
   1.1908434945036162      -0.75288443316680265       0.12327655739085439     
 -0.28154593968916708       -2.0284073409711545       -1.4654318455820556     
  -7.4588532261332205E-002  0.12322477734268775        3.3693081327402466E-002
 -0.14843985394851936       -1.0078238831019732E-002 -0.21680701611933501     
 -0.13178218771827049       -2.2117535884973796E-002 -0.15144713020285316     
  -3.8815173702281353E-002 -0.28965302334667548       -4.6463657101054510E-002
 -0.29115582805860563      -0.63246097537477874      -0.68256970996285227     
   1.6101001388860701        3.1455254585112420       -2.5685100531007237     
 -0.88335243161964738       -6.1967760343433183      -0.54068473117299110     
 -0.42708394308891889       0.16719462555672873       0.31526139939755971     
   6.1453607287061045       -1.1534160009886154       -2.8687572975751787     
   4.9776392794053557       -1.9288908522484445       -2.5623181922819995     
   3.9657878148286379E-003  -3.2535345087754505E-002  -3.7849370733073470E-002
   9.1602214526352856       -6.7711755731614236       0.87320277968437976     
 -0.82181555695861541      -0.47082650484832994        8.1039034830666462E-002
   1.5682496105751083       -24.194318966751229       -35.846929651855618     
  0.14793835869367011        5.5109015098080673E-002 -0.27149174630186013     
 -0.22557696722030512        6.1415382492139764E-002 -0.11071104403533472     
  -2.5983498800366949        2.7022437436659699        1.3710690091664495     
   5.5001549544145449       -9.7329369833773320       -3.6010343262680151     
  -10.998775430785024       -2.5537698939977775       -7.5938832983715807     
  -1.4988477194722194        8.5590531772022924        7.9959542952040268     
 -0.10463236000085246       0.14881382959558578       -7.0878585964448806E-002
 -0.36235484974230708       0.14156653976016162        9.8399319866193866E-002
   3.7253395861423839       -1.4930906748910819       -2.0137656903275620     
  -4.6716650530699351        3.1644006281284853       -16.622018601035176     
   3.4857694405493840      -0.96346880278379676        1.3678840596901209     
  -3.8883380371332807E-002   2.6244834821951453E-003 -0.21488577285591468     
  -3.9299079326690764E-004   5.9897584402802455E-002  -2.2442794437826284E-002
  -2.8284924309458179        1.3886975480589525      -0.55461193830030608     
 -0.81986851817047046       0.29034388851801490       0.69803026186176742     
 -0.11893609104189265       -7.2392833535703388E-002  -5.4105035950893152E-002
 -0.12247765936879711        9.4400414474843444E-002   4.0144339907556802E-002
 -0.19591039118596904       -3.7912767944941013E-003 -0.13101864005158595     
  -4.6023808800871258E-002  -6.5579210925584719E-002 -0.19649062926027697     
   1.2329246441323891        3.9288807467979230       -3.5102485371346219     
   4.2273758112454356      -0.74322261072717211      -0.62220807642723475     
   2.6631675936520917E-002  -3.2296006477914809       -6.7491871247729129     
  -9.8216735708149080E-002   5.4978450442282438E-003 -0.10229874833536910     
  -2.3994792590223573      -0.29312019522673965       0.53833195905479325     
   2.6924640211837279        2.8620953900566515        1.6324507799687473     
   1.7174782852013888        1.5944171798475268      -0.23707080556989593     
  -4.6864191770481484E-002  -8.6406050090509071E-002 -0.29966849256925437     
   1.9334212427216453E-002  -2.6837473537929285E-002 -0.11702565627775433     
 -0.38397397794953886       -2.8915523261657302E-003 -0.12404901867920756     
   1.8173437484647865        3.1511001846571784        3.9350046151640279     
  -4.2173784810213517       -2.7932746292141770        6.8600495745853118     
  -5.4974294008170839E-002  0.33550937990529178       0.13000170165022271     
  -3.9214759804951971        3.1461935352381500       -2.1237872575923884     
 -0.70063238110886628       0.39739629447899733      -0.14956212859134196     
  -7.2320497841399778       -1.8560401128382358       -2.7214196401735964     
  -9.1681792870460244E-002 -0.20758362773436570      -0.11140432757665518     
   5.8498393660383865       -3.6873182567506286       -2.4921839992390016     
 -0.16073848200103438      -0.15337532605021426      -0.22861500485956004     
  -4.4321049162996423E-002  -3.5839892651402232E-003 -0.11105108173738401     
   5.0072056963289180       -1.8303244815238668       -2.7669011967875567     
  0.14046305760563849        2.8670608483359277       0.40494402286896442     
  -6.3380782955855447E-002 -0.13945728033968677       -5.2141600325019945E-002
   1.4125713657298629       -4.9440298858165184        2.6958068294265098     
   3.9432431283296516       -2.7845032271605037       -3.2384760812162128     
  -6.2707889756196331E-002 -0.19714040775448891       -3.6931740884223345E-002
  -1.0460557065938052       -4.6042806997558854       -1.6068799351391263     
  -5.1437299712785906E-002 -0.16535769374978726       -2.9195174235546236E-002
  -3.6941071763356361        3.6572375025956427       -8.1298265984538318     
  -3.0508053775450902E-002  -5.6290863080211868E-002   3.0660609715589798E-003
  -8.6808075433446999E-002  -8.0269893470059819E-002 -0.23418119098413595     
   9.9552355389096556E-002   9.3379030268597535E-002  0.10990324814309936     
  0.23535004427495468      -0.76511799528557001      -0.21337926885915651     
  -13.207959280514551        2.5011543602320363        38.052753328523707     
  -3.9724763603061590        4.1977845848632933       -1.8837203361977226     
 -0.16949460166904287      -0.18025457684997437      -0.16921814192364298     
   9.3800055860529099        1.7076807334709032        14.577304750654358     
  -1.0901734304950910      -0.62111978801795620       0.74497363648411807     
  -8.0016949529824064E-002  -2.9604381393045467E-002  -3.5873057018568424E-002
  -6.3571507225956003E-002   1.7883300317371155E-002   9.6397675950635808E-002
  -4.2631974202546226E-002 -0.25971573994308245       -4.9637014938854890E-002
  -1.1714187675827514      -0.30402503335135889        1.3441405559850199     
  0.16506244455191804       0.90012331617217145      -0.33407236252701061     
  -6.6453762656534963        5.7476371923669243       -8.9287039741549670     
   1.1301189434278505       -1.8062493157156922       -2.2259872420921836     
  -2.6617906490388296E-002 -0.23424085132509181       -4.2862547037951518E-002
  0.48427102444286246       -1.0219452645356872       0.19089588113514089     
  0.11246575573882418      -0.25940484763472482      -0.11832637200893943     
 -0.41707928338839290       -6.5587524121993229E-002 -0.43574810304278344     
 -0.34910462246671298        3.0733595332866355E-002   3.4104895900024017E-002
  0.38242757706887137      -0.58386051261858329      -0.62671107791289493     
  -3.2433316856407067E-002 -0.21982908606894733       -1.0727425353958238E-003
   3.3140721374380316E-002   5.8930335842933466E-002 -0.40222865422724752     
   1.9954641420804928E-002 -0.62420148700504297       -4.5377344275692628E-002
 -0.10474417378438526       -4.0248237287255594E-002 -0.10126315910021685     
   5.9998634225574700E-002  0.21805651612785759        7.1163091163489262E-002
 -0.20966473955504800      -0.22168216263042737      -0.38629484019576166     
  -2.1334277199658094E-002  0.17616584719557238       0.11818106097241902     
 -0.90797447555960176       -4.3648231302991585        1.5925790838897316     
  -4.3330340959434457E-002   7.2495225774171765E-002  0.27109428853395989     
  -3.2037617344455374        6.6375882443091644E-002   1.5349557322433121     
  0.95227927522366118       -3.2513508193954981       -2.5312147434012719     
  -7.2493702488713840E-002 -0.14285194682522423      -0.17156963628047989     
   3.0262173342184169       -8.0654136743646898      -0.67336297158592540     
  -3.1439279891632661       -1.9689821962170957       0.12597325610670410     
   1.0623386439324707E-002  0.15903605961457376      -0.13210332122369639     
 -0.37917615763200685       -7.4977179241229763E-002   4.0516499388119048E-002
  0.21608820510969234       0.20856766687494990        9.1711560864048289E-002
  0.29918216163259992      -0.69960809892611819      -0.47894525960613477     
  -5.4035326410311439        3.3916976649906929        2.6320310533978777     
   4.5262651455495213        1.1913601915169327       -3.9747960839560696     
  0.31219085889317372        6.1827451876862956        3.7497989164518408     
  -4.7013730823124121E-002  -4.7715703624457609E-002   5.0894491319876001E-002
  -1.7780310576099832E-002 -0.23224789210718594      -0.26311303175723150     
  -2.6419391065240534        3.1117154957806594       -2.0314278308729814     
  0.12226466040528686       -9.4647512175272411E-002  -1.2918684022891050E-002
 -0.20240516876161621      -0.24330730779139165       -8.9947941925603375E-002
  0.21970787986146326        1.8372360319078456       -1.8318115742531007     
  -5.5703500289493864       -2.2657874891049143       -1.4385679285071435     
  -1.6171583977834965       0.13176690845257102        1.3143819488633199     
 -0.15305089173472611       0.20677392389828508       -2.8508926379537409E-002
 -0.14507185457700905      -0.23600039497571595      -0.32657313188786530     
  -4.6843755712607654E-004 -0.22835178192999761      -0.14228908353949801     
 -0.14192048660117743      -0.17682198552859765      -0.11187947152304993     
   2.9761233551685442       -14.624008255057396        4.1128210095479396     
  -2.5478705549718437       -2.7383356708685200        2.0540388868902042     
   1.9873910358565730       -5.4333579267516843       -3.4156099513395510     
 -0.57856299837354297       0.22875391314815188       -7.3472777635148839E-002
 -0.16801626670530820        7.7923704566642590E-002 -0.18752028650650632     
 -0.16352694217704486        5.4673379351297839E-002  -9.1117180546821983E-002
  -12.313379997712284       -5.9490820299029759       -9.5674467808932686     
   8.9941574709014982E-002   7.6442223469863096E-002   4.1705954883178915E-002
   5.8238628579395106       -2.2337998963641672        5.4748003308115738     
  -8.9458375167502477E-002 -0.14883404578716378      -0.20355660039729168     
   2.5127871833659365        2.2396929133548023       -4.3292706247009560     
 -0.11132085408043707      -0.54266255253793916      -0.29998765935921379     
  0.24256273183154789      -0.58533952006822698      -0.35447882042023177     
 -0.16305463550577382       -2.2849432990560712        1.5991869737283968     
   2.4523987050197822       -1.0057828834886910      -0.76380573202447366     
  -4.4368133997064358        1.6943734269522697       -3.2364573866683215     
  -6.1280158968573462        10.745528220965108       -5.3850430445370163     
   8.6845300782426346E-002  0.13600123557733834       0.17232456625465281     
   5.0850747815895589        6.9802979998235326        7.2385778071021516     
 -0.16706225916842968       -9.3675794889126210E-002  -4.6226065450720661E-003
 -0.10147671353341826        4.7834155916918322E-002 -0.34100369342373338     
  -4.1562820932219725E-002  -9.7311393932075774E-002  -2.0150713305051641E-002
   1.4684241547166061       0.70332113040886413      -0.22294071084206765     
  -9.6711085338215264E-003  0.52105359795720818        2.0975582811251576     
  -5.7015844339996749E-002   2.6136708002806056E-002  -8.5713207015687701E-002
 -0.45585802677622794       0.22232092016552621      -0.10934365011011740     
 -0.20853331655181742        6.2812229231746577E-003 -0.17139859743982977     
  0.25355247459025665      -0.18866021608827147       0.34771460503668450     
 -0.14275193422391613       0.19123191818750396       0.11076416648914371     
  -5.5993077671729487E-002   9.4838456150331610E-002 -0.21824820306193005     
  -2.0005149516727840       0.65101751542580910       -2.3410472513488467     
  -1.4957015167920957E-002   1.1547729909386649E-002   4.6847484606753878E-002
   1.2718014754113500       -2.0721005099167993       0.59533018699190932     
  0.56556753289094075        3.0081217066940114        6.1138028595729974     
 -0.63612045191593147        2.9921895329990584       0.77974042306926095     
  -3.1644462535033844      -0.64937160054635823        3.3455679501989262     
   2.1972174273662418E-003  -3.3715988525802897E-002   6.6221752205924009E-002
   2.5143066059201851       -2.6490028455157071        3.5110577744846667     
   4.2348176582997512       -7.0313991921621577        1.2683595593066506     
 -0.53607060198981427       -32.565358914402196       -1.6297276346302589     
 -0.27939187313690805      -0.28403399173492544      -0.15036758838529954     
  -5.5407611797674580E-005  -1.1921046642024851E-002  -9.0339077912194102E-005
 -0.15918735350838215       0.19278988426322480        2.7101878783261334E-002
 -0.46718808724241961        9.4550778940542993E-002  0.11056618685358953     
 -0.14456879370173323       -4.8872515925357560E-002  -5.6917905025202518E-002
  -8.4897386432833649E-002   8.1272206415590464E-002 -0.11480582060829596     
   9.6175452081242577E-002 -0.96107959548463595       0.52155520084135765     
   4.2727411146567205       -7.1323788071854644      -0.98540126956982044     
   6.4777782148633431E-002 -0.29291836046087805      -0.35449572484951908     
   1.2738186952136601        1.9783482977788371       -1.9537039455454963     
  0.43557679767380142       0.85724861489972470      -0.74176033708900457     
   4.5322720075389311       -1.5649126118358982        6.0375489266495359     
 -0.15973239185562504       -1.2556925803896231        5.5772027339721517E-002
  -2.0614441675174762        1.7898356906639672        1.3985234501108961     
   1.8311576561038494       -3.7425570784224718       -1.2110805914611604     
 -0.17168622487000845        5.1345601402417923E-002 -0.18211624664584006     
  -1.8954696795706959E-002   5.1702227545647982E-002 -0.30878100148497162     
  -6.7515963975742055E-002  0.16537294697869132      -0.13654753108718337     
  -4.5330529744858161        3.0650781161778884        2.3782822399696837     
   2.3337413142157430        2.2271864753309201       -2.1141494030929997     
   4.0695123061812737      -0.88546844697319038        2.5663999359181209     
   6.2215054276955888E-002 -0.10308900311186120       -1.5377384675349728E-003
   7.7376863049311115E-002   1.0368373076729330E-002  -4.3770012915394285E-002
  0.15660096345932631      -0.14958928990297701      -0.13368016063357974     
  0.29929330556773237        3.0080542313957377       -1.4893621779485522     
 -0.14571962602038246      -0.20036866924787494      -0.22185349060667880     
 -0.55347233366161319        3.2215970647768732        4.7590044956335840     
 -0.18806852606040558      -0.13237624220591324       0.12749892866626139     
  0.24521944760615244      -0.12804072309087636      -0.12044075353306459     
  0.28969627568284451      -0.19797110975323223      -0.20390211607852549     
  -1.9946881220831796       -2.2352216140984367       0.12964967437469607     
 -0.56096628122024184      -0.17856490868977545        1.1782654644840023E-002
  0.18514697382341982       0.23213356002119445       0.35580855002022560     
   4.7247592302284076       -2.4048952335276783       -1.3108200670147541     
 -0.35272959056359288        5.2489866976171973E-002 -0.64156169380032313     
  0.15165229439044639       -9.4037597030870203E-003 -0.10528312062986461     
  -8.7943697661107392E-002  0.10609079516018452      -0.20734535437462856     
 -0.23591461367414571      -0.14960791655568942      -0.10532518136447452     
   9.4889681621629335E-002  -4.9510967511799467E-002 -0.19021424439533624     
  0.14684258796844224        2.8428583707212627       -1.4972920740267266     
  -5.4330177299804168E-002   1.3166484758931339E-002  -7.4861199349880614E-002
   1.4413998565071462        3.7601893172997278        1.7739851111403377     
  -3.6913010990282187      -0.98747595847140834       0.25410376090688019     
   6.5084201379152651      -0.61903402009500430        4.0241135551799712     
   1.6687140950006157E-002  -2.7715287033456344E-003 -0.13072745496978286     
  -1.1034828764178215        6.8567703289161450        5.1765478176576076     
 -0.36432542413391256       -8.0205059727138373E-002   2.8666806627034903E-002
   1.3779476698642843      -0.84491749430418728        5.4706291545870140     
  -8.4398398925601067E-003 -0.28514055676119210      -0.21167392733440732     
   1.5526688348800273        3.7567836842364075       0.73086676015513863     
   5.0465518183600109       0.20765316587719532        5.1958910761760766     
   3.8128206101772677        2.4541938913163328      -0.87564666856740092     
  -5.9001611196619636E-004   3.7480922496488600E-002 -0.17227068766216699     
  0.79362808507916949       -1.7377057210772620      -0.63578010206329116     
  -3.2543929282790849      -0.31789249547328646        2.5372102671111030     
  -3.9911917820186744        1.0064814137832767        6.1221894618506543     
   2.4402916052962085        2.9936780849778435       -2.6983209523982907     
   2.9168170434503766        1.4591947634913471       -3.5849211466379058     
   2.5931669364920105E-002  -1.8536223913213943E-002 -0.17213530015460896     
   4.7527521446312715       -3.9198205636460877        3.4893025746532973     
  -7.1996009990086955       -4.3244330586968793       -8.5232663437069789     
   2.6597949782111292       -1.2465437418191867        3.0307383288937446     
   3.5759066031797309        1.0631688519482395E-002   14.173521875314172     
  -2.0673872554694599E-002 -0.16035179231476462        1.7526744703459197E-002
 -0.26120920107194734       -4.5709715313000075E-002 -0.20658415581768799     
   1.1024390924594329       -4.5527123473504281       -5.2116318700310753     
  -7.4294364732970686E-002  0.16922129256989360      -0.27409045264670362     
 -0.49773207758371363       -3.2863623712176606       0.58343045287988105     
  -4.5878694793508264E-002   4.3735007821487967E-002  -6.2883272378465221E-002
  0.60115579716647793        6.0378676918132612       -3.0857206437213027     
  -8.9383050638300612E-002 -0.19266622646896206        6.4417900407458626E-003
 -0.29864027259062831       0.25656691780760565      -0.20895362073965568     
  -3.7415274500499258E-002  -8.0052257022456483E-002   6.1210682672503463E-003
   2.7116206563913867E-002 -0.13763760902050370      -0.32039286186767679     
   2.4176396532389788E-002  0.21405264881007532       -8.2690850855594258E-002
 -0.18494889631850442        4.9022635641538824E-002 -0.14388638093300718     
 -0.45938720049661053       -3.3828495383016275       -1.6152815254149253     
  -3.4967913372034274        1.9771835148858308        2.0816443602439789     
  -2.4379964404122880        6.8403141062246204       -1.9485255340584546     
   6.1337770796656407E-002 -0.25892518403783249      -0.12680791435905517     
 -0.17329656285365916       0.22148938169967611      -0.15301901956521702     
  -2.6776699722195829       -3.6911378359163711        2.8133816477308287     
   6.6436627039900414E-002  0.11540356605766809      -0.26484176764642287     
 -0.13276400904781718        1.7792389760512846E-002 -0.23376344442400299     
  -1.3432231501199745        1.7707409462961607        3.7915118882692496     
  -9.6384884463418932E-002   1.5205139338595457E-002 -0.11298045747662325     
 -0.45483813649927340       -3.8835519556962107E-002  -3.0070724426034274E-002
   2.0843293990721312       0.42872284724191023       -1.2622126783973500     
   3.7961545135561187E-002   2.2339195541792752E-002   5.1714231186657640E-002
  -2.7313192061889460       0.25833172310603170        3.1469952158921042     
  0.52064574431014565      -0.73972591499391560       -4.6848314431560949E-002
  -1.6184630734541700E-002  -1.5267663986858704      -0.25308928678732667     
  -2.9283657465511679E-002  -6.7664510812092141E-002 -0.13751142916191506     
   4.9168881751484586        33.146658806585535       -13.741769320569034     
  0.46494571496970405      -0.46958879304224266      -0.99243736717585218     
  -3.1763173542188743      -0.59067600087062266        2.6661012559524431     
  -7.4591960084402525E-002 -0.11002639024803205       -7.3289588456051269E-002
  -4.7153210658849103        1.2185113871579156       -2.8078497045043989     
  0.78026451941877417        2.5684985890465186       -1.9515451279702409     
  0.19545244165047790       -6.4410475835968590       0.39202735295430069     
  -3.5795153497596019       0.42256452404849043        1.0791003611933117     
   9.7201982618989616E-002  0.13744617990344868      -0.24377361734665598     
  0.15582204944590863       -3.6071562360512970       0.95774151982679490     
   1.0205470030739705       -6.4908583472695520      -0.14198802663123733     
   3.2138592468965785        3.2314378650750188       -5.5183645376494033     
   1.5078699141647958E-002  -4.8267008806186472E-002 -0.21174473115319870     
  -7.4540318304937223E-002 -0.12677402114442660       -4.3057345527434232E-002
 -0.18721255691000110      -0.28889905166336138      -0.33750810079557997     
  -1.1705618269568860       -1.8662403792556694      -0.16155836992768280     
  -6.3661179036994815       -2.8908612423245401       -3.3158117817384767     
   3.3085991392814385        7.0306055504118312       -3.9269342643559240     
   6.7708784903794145E-002  -8.8238257678587687E-002  0.13717028082775753     
  0.64692625130644066       0.17177218253574772      -0.23629626360983902     
  -1.9384046622069588       0.15560146376536066        1.9177489758740829     
  0.44802026797995353      -0.70684977790791348       0.49108993939289342     
 -0.34793815678065237       0.59978493032592195       0.46212737725897518     
   6.2111225264337495      -0.66374023103804503        8.3330167898618033     
  -5.9667502963818592E-002  -1.9295040098115883E-002  -2.1680698439090255E-002
   2.7726413031720840       -3.3702179426794494        2.9845007305926292     
  -1.6556921603492095E-002   9.1780519727023308E-002 -0.13193141349558399     
  -3.8505148177723019       0.88230629000883698       -1.6098047285864867     
  -4.0359806065611572       -4.1068071457132023        5.8427678092515976     
  -8.2470465649764679E-002  0.10603536919362840       -6.9953270037802967E-002
  0.31748281787352123      -0.50515811678901357      -0.20557268221292185     
  0.95602107415302517        1.6788712727417925      -0.89818902854059224     
  -1.3900936451169077       -2.3094899999184308        2.8826844564385841     
 -0.13781887633104800        1.0951008637821199E-002  -7.8520344569464967E-002
 -0.15873056032153210       -9.3531021837708034E-002 -0.14806945134812141     
 -0.22252312180919065      -0.18407462656797385       0.22643325425556898     
   4.1905664750333731       -6.0925747745120384      -0.26173334000253523     
 -0.28890549648567548      -0.19742888731011607        5.5698897163706990E-002
  -9.3289094898981961E-002  0.21455572575311938      -0.16872365130406355     
  -2.7697740850544009E-002   2.1957277413834429E-002  -2.2139904009989924E-002
   9.2149945561481983E-002 -0.12490383227629037       -7.8385096647421125E-003
  -7.5628542735217602E-002   2.5300211133518179E-002 -0.21154309796626442     
   3.8159742360440085       -1.8568698766343170       -1.8017663189209230     
  0.59479924293952069       -4.7863550583324983       0.46101533941851724     
  0.11442887725012355      -0.11627892457829389       -9.5084256268330267E-002
  -4.1418165846505408        13.470925362002689       -5.9488194222526314     
  -1.9876929733355588        1.2131434976952777        1.9000520471128017     
 -0.35119062959096808       0.53622429105974567       -3.6144278245577394E-002
   2.0394975348161922E-002  -2.9859651050917348E-002 -0.19668111296627414     
 -0.12125448206624261        2.8397852969893535E-002   1.3533965643076113E-002
 -0.20530603197040209       0.67089143095880643      -0.83039919056542799     
 -0.97298298998057575        5.2425963236670636        1.4231630511265276     
 -0.51598285738708494      -0.37629504437159644      -0.20873726424968206     
  -4.1892220474207355E-002   1.7887756450914102E-002 -0.19686536708428201     
 -0.16867909781378074        5.5822260748110947E-002 -0.20296019011640679     
  -1.7914637546319732       -1.8275574337068048       -1.4211818490925128     
  0.48347897899490255       -5.6789548270388632      -0.89273777458184422     
   3.6777187694907258       -5.5035062403394193        12.987609717650347     
   4.3399324670829094       -4.8645106290470777       -1.9535826900942321     
  0.17784189270781245       0.45319862766974212      -0.46948146932555157     
  0.25450573117558950        2.6539998177195496       -4.2819421353772924     
  -2.7502083258389534      -0.26222679321760012        1.8085745783859237     
  0.44790670817280337       -4.9221341081325960        2.9271324480583774     
   2.1869277967067928        3.8899032033820324      -0.77370218605917107     
  0.11978799850728088      -0.18936326242093440      -0.18516027243647884     
  -1.4868026903549467        1.3509666699283456      -0.17601566760889970     
   2.4493741217027285       -2.9812725578337615        6.5457647637672398     
  0.21986278564127365      -0.20206105282856854      -0.26623980893094307     
 -0.14327614273893161        9.7310016748759054E-002 -0.25373276329563516     
 -0.11007522805824113       -8.7476561897743485E-003 -0.15037838354896460     
  0.14569999354572180       -6.2329822434502510E-002   3.3860309161963205E-002
  -2.8067221832589348E-002  0.53673560409132759      -0.36518859588398084     
  0.15512321086790490        2.2619062336109913E-002  0.26718660903824598     
  -9.1302003772616713E-003 -0.34789682248049481      -0.27920285253599170     
  0.20387851060429879      -0.40008191689134587      -0.53601244795913228     
  0.58848132610104253       -9.0264872423049898        3.7872721265560423     
 -0.30573771582905745        7.9130287069168526E-002   7.3270286709606241E-003
  -1.6238657116317952E-002   2.7320859882545751E-002 -0.26788628257777625     
  -3.3197100681851164       -2.8449466483620207       -2.6994779754873868     
  0.59049994915026094        3.6164725245537578E-002 -0.46763421772426023     
  0.47807194962838079       0.17350318295625386      -0.21710832652516063     
 -0.23548839390815277       -31.972772214437594        17.329486012424237     
  -4.6791752998953176E-003  0.15907043784498454       0.18540327940715354     
  -1.1936058439270818      -0.38447723431473985       0.44077132363177740     
 -0.13788368461902101      -0.15556617180627064      -0.29379549524468990     
  -2.7422553828104141       -1.7694696347221590       -2.5838945869186833     
  -3.4339258711221756        2.1482168997772368        1.0296205910178617     
   2.7884440615010844        1.7818063770757273      -0.49879679290835699     
 -0.32033860836850442      -0.12234117103604716       -6.4507494683773356E-002
  -1.4892308819245945        3.8152105145229163       0.93286563784107557     
  -2.1743500145522874        5.2843078611775027        2.2277960149232681     
 -0.38371668234609541        6.4791856549869312E-002  -1.8236526175009586E-002
   7.5043457026015378E-002  -8.5296716030508299E-002  -9.8592245555004190E-002
   3.8967937627154843       -1.8136425232437194       -2.3837629540965537     
 -0.32003654798594344       -4.3488739054691930E-002   2.1936047375272168E-002
  -8.6973209107559610E-002   1.1643620737661446E-003  -7.8721541049479121E-002
  0.12193046669460871       -4.1492143212243517E-002 -0.19948464606332281     
  -2.0029243396419986E-002  -5.7884617259174105E-002 -0.17235553552877048     
  -2.3220086213174547        13.605598480531299        6.9561133817021563     
   1.4331571558433462E-002 -0.71411190995866558        1.2181185198657189E-002
 -0.68745514848827793      -0.99507627716332914       -1.1357935736450975     
   4.3616683565286918        4.4940747033994866       -5.3544029302035954     
 -0.21456376447578468        3.0451841688354568E-002 -0.15691907535333963     
  0.41643096019396775        31.924062155158538       0.42067509315670054     
  -5.3140736425904708E-002  -1.2080855416587447E-002   9.9911648064630890E-002
  0.55039719591414593       -9.1108731636395060E-002 -0.30116424107439138     
   3.7094512667010422       -4.1345208079585980       -1.4428259908514542     
   5.7272216454552272E-002  0.11310615578952664       -5.3017383691927149E-002
   3.2083176748274918       -3.4837158205124954        1.3546950040372150     
 -0.32312938892951160      -0.61560264392947461       0.61756132456679091     
   1.3536794852839327        2.2994166915061962       -1.8640215535539213     
   2.7599332010828914       -2.1846589438784116       -4.0369781589262006     
