 -0.13522814596222513        1.5768828195187580E-002  -5.8346300913584032E-002
 -0.17322435842734973      -0.17185683582420241       -9.3243900452924910E-002
  -7.6423156209788679E-002  -6.1478532029036449E-002   2.5276140067071046E-002
 -0.16064951831733509       -2.2891713572490334E-002   5.9629429315922848E-002
  -3.2953591794487647E-002  -2.7481214724960332E-002  -5.3673124177475551E-002
  -7.0814747402161440E-002 -0.12797617095367150       -2.2708681303156997E-003
  -1.1590884380448787      -0.70166993000356914      -0.76931091341607383     
  0.11132033491827981       0.38664480347089486      -0.78454350824827868     
 -0.15679399144670150       -3.5886380576444464E-003 -0.12771424729728073     
   2.5302650398236533       -2.4420099285429946        2.7616721004824232     
 -0.17214222197334983        5.7865323506245861E-002  -1.7024736945862724E-002
 -0.10790756041632102        6.7059532657523874E-002   4.1355978860564024E-002
  0.74508356531097164       -1.2489312486442157        1.1818997383644643     
   1.3931121373685655E-002   7.8307323001043146E-003   4.0498585117635891E-002
 -0.17654896207734844      -0.12483112924544049       -4.4280211210397366E-002
   1.2834597125012390       0.51660540708676317        1.3552362269121985     
 -0.74193267467087698      -0.91601891524270329      -0.26880175299921660     
  -5.7499777481841791E-002  -4.2063314911058816E-002   2.1278325126819323E-002
 -0.24155329137969153       0.27874556537957057      -0.93422605993305996     
  0.87265670223003666       0.17399561588953422        1.1530288535251210     
   9.8629662818033211E-003  0.84122436777209264       0.81002715921717161     
 -0.33987518555169721      -0.49722838888327270       0.65900418538626959     
  -5.0585170669785580E-002  0.75138364051230833      -0.13951556355091349     
  -3.5675161531572046        2.6016490541029431      -0.85980325542636216     
 -0.17896570031970202       -7.9948839208966893E-002 -0.14730482067055578     
  -1.7499335657497329E-002 -0.16262740783845703      -0.10250403021657009     
  -4.4854558116135132E-002  -8.1323181434304753E-002  -9.6568522005231527E-002
 -0.24048062628022920      -0.13934876445836605       -6.0069058210181346E-002
  0.34588693758631051       -1.2649434840142506       -4.1452154802555916E-002
 -0.15813827003453956      -0.10593521841256888        3.5719395612065982E-002
  0.39632629762186083      -0.27025870040315897       0.66107681779865168     
 -0.10286208753025541        2.8133878850260859E-002  -6.6807834865924606E-002
 -0.73166784556067954       -7.4333590490357855       -4.8614275766262383     
 -0.18486954850492834      -0.10267557063493488      -0.15628485516532328     
   3.3073458916522858E-002 -0.15975968983818145      -0.22570530152031318     
 -0.16698152295894170        4.9631016763373302E-002  -3.6072756614349381E-003
  0.40572907009200898      -0.57731886288021350      -0.36152677886710705     
   2.4554102729419380E-002 -0.15324576757268576       -9.6209726348926387E-003
  -3.7010972417580563E-002 -0.11135507605183896       -7.8788963526048084E-002
 -0.15357057889082226        2.3940516742528353E-004  -2.8689128545476741E-002
   1.6318062919684045E-002   3.0486088847340380E-002   4.8219402049475349E-004
  0.67882454592045849      -0.33772132356689055      -0.38701221947360132     
 -0.10833986626149256       -2.8075269959354866E-002  -4.7043279817257103E-002
 -0.64790164039136844      -0.42254231267528969      -0.57659202210132465     
  -2.2204294692033437E-002 -0.19677901439044443       -9.4995318716635746E-002
 -0.25954608696973386      -0.80914327890072058        8.6851951866391049E-003
 -0.13797099000105131       0.15798753276670319       -7.6229172909118265E-002
   4.2519910213590278E-002 -0.31803398603981636        8.1378003961903464E-002
 -0.14427590252568481      -0.13694824010315110       -6.1038667585589700E-002
   1.3476636434254321       -1.0026208884772676       0.99445181885073985     
  -5.9685127533430804E-002   7.4946448645202279E-002  -7.9092742169215927E-002
 -0.29647238637498158        1.1771494468907215       0.32100379672184404     
 -0.10489521620423969       -6.3559154297830683E-002   1.9893776265634440E-002
  0.85357155056147649       0.66174439558774401      -0.75736885794135100     
  -6.1334523292928517E-002   6.8473459051724625E-002  -7.3161070349927436E-003
 -0.42312641314379368      -0.54695508851530816      -0.17943126250528207     
 -0.21431662031373394       -6.9451864871977548E-002  -2.9727808165617802E-002
  0.24343553932405551        1.3357546369741515      -0.73101189982803061     
 -0.19741109618981159       -3.3752123088583039E-002 -0.10264497658022677     
  -8.0266103279800591E-002   1.3320166563701151E-002   7.0302416676760217E-003
  -7.2034824927250662E-002 -0.18296848975921887       -8.9738264392964187E-002
   2.8014054679735115E-002 -0.17727656092587155      -0.16571007251775746     
 -0.22326970590214720        7.4896412761292205E-002  0.10789352614183284     
 -0.46183813127541257       0.43113353512204317       0.14066202638763725     
  0.11676456268992001       0.93396345489928356      -0.12394498586878794     
 -0.10399078471130035       -2.8294940168970488E-002  -3.9093674807414422E-002
 -0.11196265983998677        4.8897889775988142E-002   5.0095618638999001E-002
   8.2862321399815395E-004 -0.22889008994108492       -6.6879890885605364E-002
 -0.15987297862852409       -3.1141693889181192E-002  -5.1034920090220176E-002
  -1.1889175662461491      -0.58541448284144626       0.26576427815410175     
 -0.24797590342301076       -3.2999521705726127        1.3647503222174027     
  -5.0618120510055577E-002 -0.17573012362751805      -0.13006310848597472     
  0.85510922191154759       -1.3722216630362729      -0.82041821158847117     
  -2.7307732989603685E-002 -0.17186795291334050      -0.21141459497662568     
 -0.40909079626621841       0.18162345157628007       0.22803461324993562     
 -0.26073967683574756        1.0348816133847728E-002   9.0485260608435689E-002
 -0.21838176773632895        8.4718835030113057E-002  -1.1686780724163624E-002
 -0.16629821861447577       0.15362857595405219        2.3113340843643141E-002
  -4.3374390626523721E-002  0.40403061519082173        6.6738895125063424E-002
 -0.11282132792455511      -0.16143628964940779       -6.0412070915666125E-002
 -0.48367441841735698       -1.0618383601759305       -9.4643419612087831E-002
 -0.39142461408072082      -0.51773681087733880       0.39716195108443086     
   3.3993867083753897E-002 -0.17722284355122406        1.3863230526979291E-002
 -0.14884787543103717      -0.78000627092036723      -0.10324344640040939     
  0.42266394943065749      -0.79997905015330306       0.20522381331452880     
  0.91254644062652879       -4.8083311533340944E-002  -2.1489948377535506     
  0.70828338888592546       -1.7339978972349694      -0.32134562590839233     
  -4.6332513193142875E-002  -2.8693488172779530E-002  -8.7130777190528280E-002
 -0.22881789644255221       -1.3531854862983304       0.24568228813591916     
 -0.97442408762890165      -0.49427555274363683      -0.85757609617342678     
  -5.5903159496116954E-002 -0.21628941475010999       -9.4533653567328124E-002
  -3.0994106332188610E-002  -5.8077118796500973E-002 -0.11667786143870668     
   2.2260473405840524E-003  -5.9502170729204360E-003  -6.4647874075676320E-002
 -0.21381866538635069       -6.1112821306553579E-002  -2.0042822384489949E-002
  -5.6558051799970852E-002  -8.7785550883586153E-002  -2.0714228166350147E-002
   4.8012658356031551E-002 -0.14903752887571087        3.8107595843838944E-002
 -0.24193216939449472        6.3576331651158530E-002 -0.12286629300968703     
  -1.7137701394479937E-002 -0.14171538253765256      -0.19530843295990552     
  0.16179849312863578        1.0997336540070577        1.1571105195820519     
  -8.4150603212456015E-002  0.18255749199031424       -5.4449355971732206E-002
  0.57758122743295870      -0.91733092311626874       0.58275066218485760     
 -0.21896958480304224       -8.7354010017796122E-002  -6.6439150520159734E-003
  0.74595551880237287      -0.61133065471289216      -0.42501107146295669     
  -7.0809468256404037E-002  0.77359011249443899        4.0494198059150423E-002
  -3.2893501765262047E-002  -7.0924987261411276E-002  -9.9689822842153719E-002
 -0.58085524362061058       0.89256986688864492       0.50282495699998553     
   1.6777194186560936E-002  0.77401081676111827      -0.24978736151258271     
  -4.4530804696207869E-002  0.25770150569469752       -7.5336121623936436E-002
 -0.12955415126505573       -5.6778947347374036E-002 -0.16182418204017571     
  0.45681506641085473        1.1901791515915674      -0.50491377028172335     
   2.1096883571526729E-002 -0.29964222898733583      -0.44561877188985272     
 -0.14949215436117358        8.5794387503875552E-002 -0.18878591981542514     
 -0.21747364713926431       -9.8198935156447509E-002  -5.0673286357187937E-002
  -1.0068263475318124       -4.1373140192223518E-002 -0.69286294096195133     
  0.20161277156070539       0.59456538992649355      -0.34586999530108370     
  0.52538536315987761      -0.49934389022627629       0.21360458324808740     
  0.26130061631350221      -0.44559758041808556        1.0523906308391113     
 -0.23098686220835543       -4.8202292987128012E-002  -6.2574164238342861E-002
  0.33164430496984293      -0.62087756894049262       0.15299915902510078     
  0.80502822176777966      -0.38590743486700863        1.5053446885053485     
   4.4845985896784249E-002   2.9050167356208585E-002 -0.12216344761377314     
  -5.7550708444519517E-002  0.10404266048061538       0.13842105197508711     
  -4.8957921699191588E-002 -0.14712206798506142       -2.5284358041544559E-002
 -0.34345735766053870      -0.14731380352001711       -4.2414167491544190E-002
  -1.7758269938627600        1.8298861760252498        2.6160914122050380     
   1.4402918518114909E-002 -0.11774563336676769      -0.34562268050929229     
 -0.53745110408834695      -0.66328000149143640      -0.61476807080541684     
 -0.42429536032311888       0.20290637624928937        8.5335913421270906E-002
  0.53655995960767677        1.2094149019912124      -0.38203778980369357     
 -0.15959161100843416       0.16850810167927135      -0.14402218248388265     
 -0.30664766132072430        1.3981458716273167      -0.19219309223466399     
 -0.25684665401581763        1.2676915407739204       0.24579025120058257     
  -8.0659981388605917E-002   4.7689886363283522E-002   4.9971929327120900E-003
   1.5502852838346231       0.55328483810779394      -0.55173705671152329     
  -1.8303774342186954E-002   5.1740555839017287E-002   5.6567885283934596E-002
  0.24977284940067720       0.54545594247299967      -0.26153321437038013     
  -6.5792669936222015E-002   3.5683499419215350E-002 -0.12456161514539495     
   1.5394027165649344       0.57405162659098030      -0.53300747944914362     
 -0.10452233611130524      -0.14591315157259671       -8.6426383875541080E-002
  -6.0778135195426429E-002  -1.9645427998233361E-002 -0.10639943026591729     
 -0.16701060205627327      -0.19278355920334614       -6.1259284024803975E-002
  -3.8975657946864611E-002   3.9696170138515379E-003  -5.6184999531976303E-002
 -0.13520372385744936        7.2672609718886505E-002  -3.7199502730560711E-002
   1.0514908462160574E-002  0.11578533582594427      -0.16650895608898636     
  0.75007456718812315       -1.7260542385073081       0.60035589825638380     
 -0.17247251600608043        4.3767771981977698E-002  -5.3561341665721695E-003
  0.77072834079278152      -0.62927984047618069       -1.2287984589595278     
 -0.15182296197455908        7.6270303720738378E-003  -7.3398522390540274E-002
 -0.26503361001400166       0.73249886309746626       0.51444450602360736     
  -1.4393788599093595        4.2806717784164325E-002   1.7034574203470856     
  0.29921792862973401      -0.36208316427208792        9.2858012390524186E-002
 -0.32512637176751863       0.78679088222049764       -1.1328508774895794     
   4.1622202687884267E-002   7.2495814257202314E-003  -6.1401070968581592E-002
 -0.33090210782600465       -3.4468117867854302E-002   9.1085685322723667E-002
  -8.8983373474496308E-002 -0.13040947852652129      -0.11310941329119192     
   1.0965554438045990       -6.8001154878044780E-003  0.81007696301228627     
  -8.3133056826491927E-002  -4.5176979953082105E-002 -0.11523267245251417     
 -0.15545595272777299       -1.4273412981182099       0.83241881319426336     
 -0.54847114244871376        1.6841732673093004        1.5459347458167678     
   1.4002713639791284E-002  -1.2551991972338963E-002 -0.14058703182688054     
 -0.29042333851317120       0.23792273344196271       0.29841705528467910     
   1.2027325359670931      -0.26070428279151725       0.90819093500619097     
  0.56106595475345211      -0.76772530218773083      -0.85388025715752269     
  0.17178905016500742       -1.1025977507781455       -1.7402569095061299E-002
 -0.20660120817547503      -0.23365426017578533      -0.22365574246068229     
  -1.1006304633825506E-002   6.7144285658647565E-002  -8.3763998861446989E-003
  0.59842392253500309      -0.24856691591775243      -0.50838128078870803     
  -8.1195484117591935E-003  -5.5627187181533137E-002 -0.14797748232762978     
 -0.10289121206494585      -0.19310492657962228        1.9445393398963999E-002
  -8.4562736478056982E-002  -6.3464072732152491E-003  -2.4878347480520438E-002
  0.79643913427374691       -1.1893807364162958        1.1324950848654021     
 -0.11694878799752324        1.0658165642489878E-002  -7.3309702397317406E-002
 -0.97894383983730748       0.14527082807287989        1.2747294086813150     
 -0.30213236292787216        1.1574247309843626      -0.33403036151763033     
   4.6784943996062998E-002  0.43866527465754662      -0.38369603674242236     
 -0.12150754052867123       0.51145098054766669      -0.15880219024035139     
 -0.11744319669055051       -6.3101681097079143E-002  -4.7377304424077636E-002
 -0.18455313747316954       -7.0288499051307116E-002   1.7917459870240050E-002
 -0.47271930189073325       -5.4792186304142433E-002   3.3345557229390275E-002
 -0.15298409324765871      -0.23440063011921741       -7.8678835006823405E-002
 -0.15536540232043081        2.4334545142890383E-003  -2.0064187841298698E-002
 -0.23828698083038316      -0.33038404827692452      -0.23896222104835885     
  0.17000790091634127      -0.35132319748119278       0.16341825645074798     
 -0.12823998798239630        2.7797872345372183E-002   3.7792644560714010E-002
 -0.28112646450374174       -4.1940853148523652E-002  0.15339480442874845     
 -0.17901983292682608       -3.2136099975526307E-002  -8.5149452409701065E-002
  0.38868371498144128       0.78400986978713016        1.2815084707394540     
 -0.12322195270921248       -7.1282323181256671E-002  -1.0936561554146497E-002
  0.63331369734531551       0.96127730496265473        1.1085292003230895     
   2.0831512458600723E-002  -1.3463523543932128E-002 -0.14632861199737801     
 -0.14341073948991073      -0.11569686937211636       -8.3643585205370449E-002
   1.8143344246257822E-002   1.4152037943440001      -0.34606431385170877     
  -5.6629141456173863E-002  0.34840676647993823      -0.44800891943769311     
  -1.4600300557130887E-002  -5.6720693256182605E-002   6.6831372097965913E-002
   6.7532532373655391E-002   8.6202390816765756E-002  -9.8284297658145243E-003
  0.40753626789789399       0.23109133424236716       0.37226284725743886     
   9.8344365002376838E-002  -1.0856823451645015       0.14690195714101437     
  -6.2985791230036642E-002   8.1822500177578181E-002   2.4045903678724809E-002
  -8.9044905703814389E-002 -0.51885270759913860       0.60155954288682534     
   4.0838279738239134       0.66764023090293700       -11.785062198863459     
   6.0201466277573099E-002   1.5658819198830485       0.53261386737498628     
 -0.37767613828142277      -0.40028843449595702      -0.41381856962295921     
  -8.1240389539969232E-002 -0.71778920095496990       0.30348088840132337     
  0.21184075285764661       0.76230970771089557       0.40198450938587532     
  0.74446692751722965      -0.79746204643084162       0.71208947048075322     
 -0.13017894855690282       -6.5168165249128371E-002   1.0332275717679158E-002
 -0.31008349560457904        8.6224132312776883E-002 -0.48106741041456524     
  0.18117601854539575      -0.12704847155026802       -4.6496965555552029E-002
 -0.13891121990975758      -0.12326853527574204      -0.14830113740805201     
 -0.18118951628788471       0.12177072390568368       -8.2697217421553906E-002
  0.81284853767184173       0.51106181972888576      -0.42057380911716297     
  -1.7976659147042402        1.2048987350382794      -0.51193663225727581     
  0.19856536014208714      -0.82597558563257201      -0.13457481834475551     
  -5.2473310471388363E-003   9.5823606306528440E-003 -0.22669035043901678     
  -8.7516873976516946E-002  -8.4402713760883347E-002  -9.4006176798389365E-002
 -0.57342827129293084      -0.98512345519788735        1.2654200570211800     
 -0.32661365813502641       0.49194179341866878      -0.49084853023085939     
 -0.10694361073038816        7.1620455398801713E-002 -0.14132448122438995     
   6.5331486282668230E-002  -1.4378756081500178E-002 -0.14596909742000413     
  0.88491472162164975       -1.0511278405690687       0.40610644832565840     
  0.36212360223866963       -1.2049291275702865      -0.26617988062174391     
   1.1032685195154701       0.38786639428876812      -0.82160502198104068     
 -0.13025523007522258       0.17101120248423154       0.27093551546301664     
 -0.34532966238359675      -0.12217640931896383        4.2843411019340791E-002
 -0.81002190318260581      -0.86056652022876423       -1.7713297835345736     
 -0.11839651370106287        2.1857842949710195E-002   5.1366129128522162E-002
  0.94618392797340878       -1.2434773538127322      -0.65203425979156848     
 -0.22538092012757130        3.5634161733243054E-002 -0.16570557388390536     
  -7.3192120831094928E-002 -0.10819352945915363       -9.9875779025387204E-002
 -0.41564812982940313       0.19318232335413263       -6.7952881477616786E-002
  -6.7078812125369869E-003   9.3391182154574787E-002  -2.6114082280285101E-002
 -0.21721417841892265       -3.4087154149908157E-002   5.0342917044906343E-002
  0.70259486979331687        1.7162118694596162       0.37981747333906596     
 -0.14008839095783790        5.6362739351910954E-003  -8.7347162557064609E-002
   1.3557981040421463      -0.38610885523021116      -0.66388120684089191     
 -0.10209680782547546        2.1926113878247274E-002  -7.8543774261675345E-002
  -3.9993023559747987E-002  -6.4989238967642082E-002  -2.4169531142679154E-002
  -5.6314770134982178E-002  0.10808471255270251       -9.7963434922070172E-002
  -5.0529822956986617E-002 -0.17198799226161132      -0.13261079730968539     
  -3.9322822437476986E-002  -1.0534409773832869E-002   4.8251079335234752E-002
 -0.16911094151258382       -7.7763819973899070E-002  -5.8904406296141576E-002
 -0.17880652078049128       0.14108813434491443       -8.0684479839718284E-002
  -1.0417816052350370E-002  -9.5245953139481324E-002 -0.10051544068605671     
  -6.6294256750343991E-002  -5.0246252052018589E-002  -6.1732392373903260E-002
  -2.6761562300257873E-002 -0.10876166407214541      -0.17010981943192527     
  0.54358452952304548      -0.70336795860254764      -0.42497553174882530     
 -0.15192908317992507       -8.4698498611881362E-004  -5.9144677756414098E-002
 -0.18380505127091346       -4.3037088261046283E-002  -4.3002624139650766E-002
  -4.1027966293171743E-002  0.42649212269722259       0.39330499898751770     
  -9.7008404656232353E-002 -0.22108343122594901      -0.13760242272377582     
  -4.6647084227589057E-002   7.4481951848079292E-002   4.6351277152864703E-002
  0.18574231778840175       0.22531156118380713      -0.14619717636375507     
 -0.10764831956788316      -0.27072889597893757       -9.4031103238791686E-002
 -0.13744392789739562      -0.20194262311814662        5.3968761892814320E-002
 -0.21911150796470005       -4.8770857396744555E-002   7.3469841074123687E-002
  -9.3094902376985464E-002  -2.5646711562265653E-002 -0.20543704689994330     
  -4.3876549536646481       -4.2857464689091866       -7.4476949173011873     
 -0.30442949313234186       -1.5452716633336465       0.93726175377138687     
  -9.7581368358624840E-002 -0.70325190033211993      -0.39573122917152359     
 -0.17479068369357084       0.11418911725863859       -1.7260399472761544E-002
 -0.13248513966735617       0.13266652852651792      -0.69747359227493311     
   1.3124432546298348      -0.49300045011330174       0.42414729953221392     
  -6.6091054883319331E-002 -0.18477792788726496       -5.7033061903864410E-002
   8.1985143234123651E-003 -0.72182669306611891       -5.4344341597730467E-002
  -6.3856246515520784E-002  -2.1014305282478968E-002  -2.9414585857563270E-002
  0.15969321392634023       0.99872172568738993      -0.48813662663157509     
  -6.3403835375354517E-002  -3.4728020469554172E-002  -7.4871755541943905E-002
  0.50045220200858653       0.80069873925939505      -0.89788921979786940     
   3.9958136704576791E-002   3.9596795544361374E-003  0.10801500903181252     
 -0.13555172781171954        5.0047184951496133E-002  -4.2379596201381702E-002
  -5.7829670149001011E-003   1.0515797078982370       -2.4920003947021363     
 -0.42674015211190391       0.27690678420173503       0.73852008303447114     
 -0.32661786170018220      -0.13417895199220714       0.11973694587745376     
  -8.6458470907884305E-002 -0.30724745236725948        5.3013336607823189E-002
  -3.3264559358531010E-002  0.20150802305497978      -0.15743635425818142     
  -9.2336793312284185E-002   5.7979440782481906E-002  -8.4766396877166500E-002
  0.98886018626068484       0.69905225879623512      -0.71629147252629122     
  0.27772017094613671       -1.2798620995663457       -5.6748945936033683E-002
 -0.17954428338170078       0.15044443568297661       -3.7811238119786948E-002
  -7.2057876412253044E-002   9.3261276871995660E-002  -4.3905420446328836E-002
 -0.82791192051139006      -0.91501782406005350      -0.25245534349926585     
 -0.20159422597109666       -6.9304668728773361E-002  -5.5272925428842740E-002
   1.6177320260541028E-002  0.30450475596261983       0.53990540918318852     
 -0.12118675344280894       -1.2294892806241247E-002  -9.0587981508711363E-002
 -0.11828979893284536      -0.14831928830952287       -4.4951139727108527E-002
 -0.11231184985926380       -5.8043990659876435E-002  -1.2979941453399063E-002
  0.19103800219907213      -0.54525114956505194       0.64311939618236491     
 -0.10189140322936344       -4.0634153279498056E-002  -8.6065975899226085E-002
 -0.64745302274088512       0.58783451172626500       0.37576808378217569     
   1.4862442304479002       -7.7100031743153538E-002  0.50572460408828657     
   1.2845068867809606       -1.0984988997683101       0.52234540645609406     
 -0.12834947418842069      -0.12588348351995607       -3.5718855099841372E-002
 -0.14391006120010416       -7.6595136872943725E-002   3.5727221585733167E-002
  0.91252054568887631       0.95037274036517383      -0.11079513864271003     
 -0.10953140196641309      -0.31785997668345656      -0.61820605982717003     
 -0.12602357665331315       0.11255897350712570       -3.3865081648398014E-002
  0.77689163141710105      -0.58235001119940022      -0.63888521514594165     
 -0.84321429990606100       0.75253930114224554       0.66591243703044400     
 -0.18934541789106593       -2.2536583393858188E-002  -5.7351398491414518E-002
  -2.1057193943399527E-002  0.18982918195145373      -0.20250565232768331     
 -0.19432364536038513      -0.13328268601363261      -0.23639292903423315     
  0.11468278141587739       -1.2117042750372655       0.86381540741225138     
  -5.0232892379486180E-002   8.4639829674755650E-003 -0.13981137175376629     
  -6.0934327306495076E-002  -2.4943558191923815E-002  -2.4509823813263439E-002
  0.44556745146810184      -0.28846850264688711       -2.4800830155530348E-002
  -4.9431528711612008E-002  -4.7705480370348115E-002  -3.9198652231715023E-002
 -0.14909416552191151      -0.11596353126528623      -0.17710131155525458     
   1.8334182046932512      -0.44215242008193073      -0.39558572973144207     
  -1.2550757554102716       0.21526783642250658       0.29280572117007519     
 -0.13138764731532213        8.6392444368807511E-002   1.4178039396804818E-002
  0.13161627496196410       -2.2831333017873927      -0.26580509438475125     
 -0.26978433570451321      -0.31717065892731366      -0.43531979943337806     
  0.39344225446775311      -0.37868930724990979        1.2646638326273958     
  -8.9506861572350521E-002   1.7702359640009113E-002 -0.15128663545164878     
 -0.16675756524447372      -0.15678683278531091       0.15799233830128939     
  -3.1410389977286339E-002   1.7565798637902663        2.4112455351942019E-002
 -0.74167094262075361       0.82028329933765853      -0.31324683585987773     
 -0.86805863922980231      -0.22885819207997860       0.84002846573322021     
   1.1186146943763349      -0.55864228180149389       0.90779058612090813     
  0.28188730622328589      -0.79278204774525440       -5.9254183771475254E-002
  -9.7205747702961143E-002  -3.0252028065089896E-002   4.8248821462745454E-003
 -0.29389322609360791        3.6895765745081965E-002  -2.1728457225247837E-002
  0.75316582255608022        1.5104610986993503       0.36159221877841335     
  0.36398729305663957        1.6526410480449401      -0.51786214817407172     
 -0.19030182868247192       0.89826185792807545       0.26702741527885393     
  -7.9128284698178480E-002  -8.9098331713313335E-003  -3.5965344739412528E-002
  -7.8407451825793964E-002  -5.6461954242930122E-002  -3.4877468960019441E-002
   1.3447291391332865       -1.6373775648921971        1.2070813333518688     
  -5.1289260603997064E-002 -0.21882718884806174      -0.14501507372307604     
 -0.79544687663870761       -1.0137575845590570      -0.87746703679993188     
  -5.6632770878602190E-002 -0.30053920852487614      -0.11262945888741827     
 -0.47627877456337558       -1.4086673776836409      -0.24565012278363443     
  -5.3462089422581835E-002  0.31768772009216917       0.13018340377207194     
 -0.87580700711336057        1.2917968479977313        1.4525019018230516     
 -0.12583215706369405       -1.4172610859344674E-004  -1.6654304287820020E-002
 -0.14820178204996362       0.29608228164745853       -7.3287476023572815E-002
 -0.94831882105896825       -1.4161895147752128       -8.7842920884802847E-002
 -0.51522923005307319        1.3950754751932630       0.78592000782997862     
  -2.4895547002578081E-002 -0.16023279573776780        2.9620601381764641E-002
 -0.51157143273799921       0.17359348930089788       -1.1227434533420990     
  0.51988407538100101        1.0101746036008377       0.22953590112602859     
 -0.91076516892795822      -0.35464468116226938      -0.77643356591671120     
 -0.13412495719147230       -3.5740883494627170E-003  -9.1937195558571744E-002
  -4.3436470727948997       -3.9104904391755970       0.94495579851043054     
  -1.4308451787997214       -2.0873075085192045       0.10389930794971165     
  -9.5512603330981272E-002 -0.14651305490927760       -9.7555668524145656E-002
  0.92533307524468089      -0.45270081088193087      -0.46399798547815069     
 -0.38912795861800609        1.1795625083322001       0.50711534461598173     
   1.5584372424999027       0.11596142555791583       -1.0924995814338838     
   3.2068767710902439E-002 -0.29727900020120335       -4.4980604985192879E-002
   9.6879925635580191E-002 -0.32219051514780356      -0.21151667689319306     
 -0.30324717216955721      -0.82664237859901912       0.18014395918429790     
 -0.15417683247098102       -7.7089661298007275E-002  -4.3503791698965302E-002
  0.14780708901983436       -1.9246908558140980       0.63040027060417025     
 -0.22827341295327777      -0.24429724038476930       0.10940642316492803     
  0.28610746077465898       -1.2686411737847465      -0.15185225092506710     
  -1.1858797754934983E-002  0.28547190651586563       -7.9623188265244282E-002
 -0.15122083894072452       -6.4553912901118338E-002 -0.10503058631325243     
 -0.24363241106264649       -9.7401731623216525E-002  -3.6381398204060215E-002
 -0.33255061437484651      -0.24247407988625930      -0.14472034875242135     
  -6.9031935444300266E-002  0.44719692556499197       0.13157173442877360     
 -0.54699899833635668       0.28658211196602734       -1.6231260892492310E-002
 -0.14211422849632291       -4.1966205583896889E-002  -8.9749672692253674E-002
 -0.14043522906688946       -3.4208813123302276E-002  -4.2056556450491819E-002
 -0.14536901277605649       0.46032705284178904       0.46564228192881163     
  0.49528252426586039      -0.53213489508396106       -1.6646435193597220     
  -7.0650251365599548E-002  0.11556846460204548       -4.4351154159535243E-002
  -1.8032531442878592E-002  0.58928265406468039      -0.15447684252721783     
  -3.7917441182514555E-002 -0.11083606615419145       -8.8200170312665388E-002
 -0.26405371657768623       0.31736236705730991       0.29887085588254225     
 -0.19743542875062653      -0.10619906936269892      -0.13226746813729715     
   5.2473554021232420      -0.80011448475281466       -2.5641610927299636     
 -0.68627553393223628       -1.2635321723467092      -0.32184338401133661     
 -0.14965720032604846      -0.10475750460228993       -1.8766864869688430E-002
  -6.7908121104944930E-002  0.82271982396559107       -4.2124419962636869E-002
   1.3410858283071172      -0.19123601146973473       0.84345947788076836     
  0.88485943467089656       0.33217866367470944       -1.2020870233807848     
  0.90144841649850138       0.56417145434644478      -0.96906434508170425     
  -7.8701112785286326E-002 -0.10938714436699787       -3.3547159095501499E-003
  0.99313703981035728       0.95314961446169799       -1.0614513595823487     
 -0.11383886171653285      -0.97761560853696183       0.24569132172057945     
  -2.8364488179354115E-002 -0.20745299142667226      -0.17264643134092819     
  -3.7511900525381184E-002   7.4314840207044458E-002  -6.5155132194278112E-002
  -9.2905503109923140E-002   6.2534205405519322E-002   4.0400315720930557E-002
 -0.15788322779252811      -0.20365978519279304       0.37340752615401024     
  -5.0753757079479933E-002 -0.22724283724188371        3.0984417050033457E-002
   1.4095812799491791        7.3297684493301526E-002   1.3509389030041261     
 -0.12609744365194014       -8.8373510039263137E-002  -5.6162291857243127E-002
  -4.3313251713327394E-002  0.16351611778860550       -8.5380297350250531E-002
  -5.1133385205109752E-002 -0.21101964742855497       -4.3752688677689493E-002
 -0.48031325407345671        5.5555740396346609        3.3367121277472744     
 -0.12586630821159139      -0.18903220754030894       -8.9472790504008914E-002
 -0.38477589877227564        7.2294632124363656E-003  -1.4531706046770296     
 -0.41516111021101310        1.1742875222558120       0.36272100002664964     
  -1.0621827440745080       0.57129238667030013       0.67425282080211590     
 -0.20669450212535828       -6.4214897755844422E-002 -0.17831203722020494     
 -0.10445997321151172       -3.1230675789286216E-002   2.2710888618756996E-002
  -9.1535807998926258E-002 -0.19000828319119201       -4.4507220435169775E-002
  -2.5366379269441768       -1.8616033658544164       0.39612883348904504     
  -4.4815803455577202E-002 -0.13807460186645629       -9.6389647811916002E-002
  -4.2835210727884022E-004   1.6771402279220374E-002  -8.1940380091312742E-002
   1.7067220167116148       0.37289507570082731      -0.83959138645971410     
   1.6139668156526639       0.29524801777251602      -0.99383916810028872     
 -0.36379539277832734      -0.18536058053505192       -9.6276361631876403E-002
 -0.16013665973100633        3.2707437086440555E-002  -9.1302169140806230E-002
   1.2754346298639858       -1.5565798801711941       0.23645666537752646     
  -8.9927232175368826E-002 -0.15288453765811225        2.0687458132691634E-002
  -1.6494633908279670      -0.18607114467034919      -0.53915222125132267     
 -0.13288214191230949        5.0788075219728043E-002  -9.4811752535229332E-003
 -0.12448213173882978      -0.77399349299867204       0.21583472750643656     
 -0.52884590810637333      -0.92351265403078042      -0.87344610459094352     
  -8.1055507120495029E-002  -6.1296530656980347E-002  -8.7866804873211690E-002
 -0.88210508429566170      -0.97033744200100613        1.6966912148294953     
  -3.7093877055409702E-002 -0.52222351220797436       0.16039694181513936     
  -1.2124906737565475E-002 -0.25499426868618924       -4.7769748977933388E-002
 -0.15601828935619097        3.3948003269383069E-002  -8.3604710056294107E-002
 -0.30207939098755737      -0.53063420635477532       0.31227577451175753     
  -1.0121975295743619      -0.17727598587354268        6.6157065507064780E-002
 -0.16402753632396766        2.2549168848441256E-002   6.4458745556009417E-002
 -0.73821862199496435      -0.36462011148767609        1.4208484362142539     
 -0.40426460418962595       0.17549508565057909       0.95484604863166378     
  0.33917597369665525       0.63003308904833055      -0.25935398863603698     
   4.7568358981697614        5.5129923194542592        7.5584588016009135     
  0.59097307633656138      -0.75050044645286051      -0.53375680508817891     
   3.3099138950117860E-002 -0.14170818359037865       0.10550225687429762     
  -9.0410007431656978E-003 -0.25237481072521373      -0.22651135027169686     
  0.71464389225338232       -1.0684123613766110      -0.29885598598391139     
 -0.19187154537226897      -0.39456019836316303      -0.49903172736331919     
  -7.8732897959012310E-002 -0.13370931562951352       0.15912372781028983     
  0.50033329656188219        1.7391239584119949       0.10029844217111653     
 -0.73970896328254587        6.9425435971822352E-002   1.0050737200183986     
  0.74412878115349879       -1.5106256223003089       0.98471709620461023     
 -0.88961789373170652        1.2048514571417654       0.14872012240482807     
   9.6671648399077589E-002  -5.9336264959997678E-002  -2.2534182414428844E-003
  -5.5153899327859690E-002  -7.4217795342289311E-002  -1.4692645858587289E-002
 -0.16400788449723083        3.2617228472229644E-003  -3.1311295828727201E-002
  -8.0763452643439315E-002  -4.5272017256468879E-002   2.4711492115770776E-002
  -3.5312943097182296E-002  0.30631400459973251       0.18291035435992981     
 -0.20647521376848912        3.7712245866115809E-002  -2.7525637312612303E-002
   4.5383498581230627E-002   2.9788659093566974E-003 -0.14708500506471933     
  0.79285175804091856       0.23732491864359945      -0.99758438644837144     
 -0.61719198682654142      -0.13585529360171331       0.21306870955453380     
 -0.22203863548692282        1.2581783365221360       0.85971425130825763     
  -8.6935064409716073E-002  -8.8492162113447709E-002   9.3758414208474188E-003
 -0.42539270458778222      -0.90280037339116215       0.11232141963242437     
  -1.4780270667335493        4.8610799570464686E-002   1.2774285180794254     
 -0.17569273515480946       -9.9368661990930571E-002 -0.11123935622452862     
  0.36260404253285244      -0.55166138584656910       0.20739388826882105     
   6.4498132653090817E-002  -3.3759431560437668E-002   9.8808274717870695E-002
  -9.2925030028824435E-002  -4.3290831549598022E-002 -0.10471067306573155     
  -1.8649436913531672E-002  -4.1976824287868003E-002 -0.14276100755436885     
  0.34480852829215358       0.48343574266392397       0.86014592936934164     
  0.53993520643991488        2.1539909285982346      -0.50544260856284640     
 -0.14252464606177617      -0.31039878662074938      -0.19728294739104330     
  0.16413494124769315       -1.0699053586115697      -0.12267127189593488     
  -7.6684200492487281E-002  -7.8860194336367234E-002  -3.9673692663111895E-002
  -7.8504068283872963E-002   8.0986479270201944E-002  -3.4739609627638002E-002
 -0.13963198504559554      -0.85373978055832311        1.1011029802576668     
 -0.16894816404646978       0.16168186010031790        1.0202423483204898E-002
   1.2558268105413324      -0.20325810979053102        1.1124998384111879     
 -0.10161978897420659       -1.8614336835277429E-002  -8.2276917956994183E-002
 -0.15466499755191038      -0.13076526502571265        2.3095475214878706E-003
  -6.1634630214319600E-002 -0.91275384430406892       0.48847789781670897     
 -0.18982890057261925      -0.10348197456203199      -0.10700769077534485     
   1.6628913157676743E-003  -2.5641731508073563E-002  -3.6662901894881479E-002
   2.4311290376039752E-003 -0.17888375741268706        3.1587969343982676E-002
  0.27441543667987300        1.5462187942572896        1.1657944814006267     
  -4.8642528437401786E-002  -3.2342790583509799E-002   3.6020968695423303E-002
 -0.21806697105431272       0.88542482005782230       0.23931472938840306     
  0.63227145215052072      -0.63764218743178924      -0.12919179802734579     
   1.5514278215866240       0.50446876715697830      -0.71033574143071510     
  0.43094676089553557        1.5228482998678596      -0.67614957769972961     
 -0.25679648670921174        3.4072182377200457       -2.1321986732246176     
 -0.16218677537494239       -4.9063293179757217E-002 -0.11978348572655054     
   1.0354530927370484       0.95329770782621925      -0.99574938987667028     
  0.22655674686252142      -0.56585387713648350      -0.41085934536913954     
 -0.77869914631170267        1.1718140671744193       0.61692829604470145     
 -0.13492746640456313        8.7481146289083836E-002 -0.20150059213573898     
 -0.12858290802694222       0.25025217483137180        5.3409886803816607E-002
  0.11868002479085091      -0.12551572791522020        7.5423608686768118E-002
 -0.36745314760523706       0.69618269032435987       0.53798297824315833     
 -0.18330792200572429       -1.4793844382827992E-002   5.8281375198564057E-002
  -1.3137438730561235      -0.20853545398491544       0.91626163942907712     
  -6.7493930662767515E-002   2.2968375576531280E-002   2.3174456532830467E-002
  -7.3569545753303711E-002 -0.15162395117263172       -9.4552869914788049E-002
  -6.7981711745900897E-002 -0.45610410977496973       -1.6360051042237127     
 -0.89454213973515218       0.20196770937073802       0.65860466963377795     
 -0.18798666888921714       -2.3482266261698113E-002   5.5321499802407859E-002
 -0.14083118698544286       -6.9977995072358523E-002  -2.7244818288982821E-002
  0.17962425658491024       0.10475386973442206       -2.6617638635703326E-002
 -0.44000539221856050       0.50492168666385007        1.0124818255408097     
 -0.21342134119655415      -0.12977047007487749        3.4045870446903374E-002
 -0.13849780142228282      -0.13704947391048916       -2.7504330030908963E-002
 -0.12194819999317719       -2.3708846217929128E-002  -2.6391013193633472E-002
 -0.31768731371024539       -4.6448834796366661E-002 -0.15232105397800955     
   1.2440059555232035      -0.18808701309770035       0.59127327600514146     
  -5.1400811433821580E-002  -5.6032766113001543E-002  -1.5720849173601718E-003
  -4.5243980135131312E-002 -0.10612944585422365       -7.6862890962959174E-002
   2.3435106919708550E-002 -0.10007837899448879      -0.17875386414075919     
 -0.19924508021824028       -2.2589363378909457E-002   2.8306902018541906E-002
  0.55063802474794354        1.1652561324997344      -0.30678059476659508     
   1.0280508017113750       0.42147699424761814      -0.28260392185263217     
 -0.10833711054428594        1.7539541868894042E-002  -2.1922055623101261E-002
 -0.13598674619103826       0.34728775327734962      -0.17550761723795497     
  0.80029702287339166       -1.0411625467327024       0.34572989397888682     
   8.1219712495916432E-002  -7.2243507502794263E-004   3.3812053644548694E-002
 -0.31887504631730196       0.90071515056544227        8.3943961818705962E-002
 -0.28909507558341807        1.0990928439718572      -0.46477201958473907     
  0.30376813639829553        1.1109636761886477      -0.52056673302257084     
  -8.4884154362635147E-002  -1.2847509697546737E-002 -0.11023631893646429     
  0.90491143816453623      -0.37818944657012249        1.5988147649079869     
 -0.19743139593892714       -4.9138059006849304E-002 -0.12526104912938762     
  -4.5746104588710465E-002  -6.6606663434701036E-002  -1.4217324011347541E-002
 -0.12755194671678974       -4.3001820514338818E-002 -0.10008792674091996     
   2.8223376627033563        2.7990684332338606E-002   1.0258692203225410     
 -0.37499713467571649        5.9597100294501999E-002 -0.10475374511937681     
 -0.10220180715420668       0.11399629526847674       -1.9030612230817784E-002
 -0.18214746538399390       -6.0068495335037504E-002  -4.4415187495000459E-002
  -1.3560159410919502E-002 -0.15163085042956617       -8.4895385266316153E-002
  0.32540208606718468       -1.3366122841454975      -0.13078639166732708     
  -4.9937319116900608E-002  0.10244222140424208       -5.7580421743101851E-002
  -8.8496302486962095E-002 -0.10795269760101908       -2.4729735298026852E-002
  -6.5426360756385082E-002   4.8144130438352389E-002 -0.19423593841200029     
 -0.14950226854636980      -0.45251925816444899      -0.14238399536865029     
 -0.14948028539487890       -5.6902232361624179E-002 -0.11009027835797849     
  -6.5167830818170111E-002 -0.16737983055974195      -0.11056384814819914     
 -0.13357885540498826        3.4602035950241222E-002   2.8054398387116306E-002
 -0.24129528406116205       -8.9505856120554714E-002   2.6224932598317461E-002
   1.5003967581839193      -0.80818887393138361       -1.8830808992557915     
  -8.5842919416465588E-002  -6.5437589092185111E-002  -2.5655454821191248E-002
   9.0143975329029111E-002  0.35220842299122812       -7.3153600731067817E-002
 -0.17949930813505055       0.45952092047314230      -0.52355150650093851     
  -6.1714612263686568E-002 -0.14882061628896123      -0.19467497601953093     
  0.63558009407538096        1.4483095997243403       0.27615790578560145     
  -9.0227585838840135E-002  -8.2126661928186878E-002  -8.9993834916588578E-002
 -0.46813808275434043        1.2851252635438128       0.58598375872180375     
  -5.3759220029845546E-002  -2.1448364824935534E-002 -0.19094094085063362     
 -0.18485370818267099      -0.61351763324390673       -6.7240898741886573E-002
 -0.15625238741659520        1.7451586323643579E-002  -3.7155573356001094E-002
  -9.1715137914083714E-002  -5.6693917604173770E-002  -3.7614717218888830E-002
  0.40893500030753133       -3.1968612530869016E-002  0.49712222987132471     
  -9.4645564363160350E-002 -0.77912653756871009      -0.25464275393719549     
  -1.1186548628273634       0.14130610727378654       0.64407455651015377     
   4.5809944331145949E-002  -9.3000309330808426E-002 -0.14852307764334136     
   3.1042359798396607E-003   3.7100706966353598E-002 -0.19848853409533088     
 -0.95637719993399017       0.59473739873370646      -0.98267710578636258     
  0.68221614593994240        1.3042705987401864      -0.19842562340743175     
  0.26847175558311825       -4.1491147783764039E-002  0.30342425141130680     
  0.81982072723234301      -0.66317203855592166      -0.52074702825754071     
 -0.12541114256567382        5.9124639443323496E-002  0.10550551441334344     
   1.1701736980109740        7.3630121498637333E-002  0.82164718253141888     
 -0.16163002516446850       -3.6593615352262469E-003  -9.6547943519429358E-002
  0.13991706566070766       -4.6593011403064218E-002   1.0218048661972599     
 -0.13668209003899123       -8.8338369739012594E-003  -3.8341351796535007E-002
 -0.12284009834006628       -1.8031381818355496        1.6083214192057786     
  0.22168190549214092       0.32581890726073537       -9.6125003921742197E-003
 -0.89627621212410069      -0.17805684838450525        1.0276735236038990     
  -1.0245029485664892       -9.1212322730457318E-002 -0.88947112986748433     
 -0.24037558156874278        1.0677716924712355       0.80923263163390569     
  0.29323460696540476        1.5512976824461588        9.8498292412553243E-002
  -7.5224570768809174E-002 -0.13750332241490518        8.9558669158993159E-002
 -0.14586673161399805        3.6285061081185517E-002  -6.0235573458150983E-002
   5.9364989726902691E-002  0.67427206375443294        6.1488872515617375E-002
  0.12185688146818884        6.2731630739240721E-002  -1.8836737875564068E-002
 -0.33100630330738340       -1.9567848449701906E-002  -1.0511520681617009E-002
 -0.17988037626433045       -9.3347914669430654E-002  -7.9271710174578389E-002
  0.38787300527891116        1.7329194434417516      -0.59800522057987926     
  -3.4174552411662770E-002   5.0096710289107269E-002   8.0714697097357152E-002
 -0.55754506726636222       -1.2915660296331690       0.42867246652890612     
  -1.0221411084449257       -7.3945933604338168E-002  0.17748663482310803     
  -1.2825010820101244       0.51784177075366788      -0.36503969017370902     
 -0.24616861257458414      -0.23106687804315704      -0.10126383175377678     
 -0.10780321682062183       -7.8079064587505562E-002  -5.5774805664487573E-002
 -0.64054388059060119        1.0953016679303709        1.0208502067727159     
  0.19131625226189750       -1.0363272241266417      -0.11238254671261311     
  -4.8324298122327490E-002  0.18057395333609721       0.11125332962963137     
  -1.5620984310102677E-002 -0.19234172076942391      -0.13830765791510247     
  -1.2178820466940132      -0.25937394784726686        1.0403428863226507     
  -9.5664217105859109E-002  -7.3172626549272216E-002 -0.16909552276317291     
 -0.13989296813076571       -1.5133592633330483E-002  -9.5822148753137951E-002
  0.23139626105446459       0.96872309092930875      -0.64842710701156125     
 -0.31699386266724927      -0.13270226159854004       0.11012388914456329     
 -0.34175456407078286      -0.28081997115523927      -0.92862418917110656     
 -0.45825150805445186       0.14659619276053232        1.8483539208833448     
  -1.7521046582445281E-002   2.4679884218353876E-002   5.6551049246097995E-003
 -0.64408889389801938      -0.53039622036738565        5.1704184171068188E-002
 -0.10987939108121736       -1.7232202443070940E-002  -2.6402367314800567E-002
 -0.10894480244021384       -5.7839897299091447E-002 -0.12171952598991258     
 -0.16506829068708304      -0.18745884499157744       -9.0777991891690960E-002
  0.59253887981353193       0.29989132478080011       0.14347363416564293     
 -0.29733633639489782        5.9241509786817550E-003 -0.12639344032331501     
  0.31812680310895003        1.3407923526323595      -0.65451134242626463     
  0.28720147437555127       0.48013374655838487       -2.3106085389834458E-002
 -0.23364309576643597       -4.9927145160172201E-002  -1.6437817077569031E-002
   1.5107654914427782E-002 -0.12683662343679930       -8.1966986406194847E-002
 -0.14543483506471719        2.9818121121915769E-002 -0.12890032874033858     
  -3.5984656027414560E-002   9.5260192963274107E-002  -4.6119463497907395E-002
  -3.8958932387059129E-002 -0.55697296731781554      -0.21618500773656646     
  -7.0048832557401020E-002   2.0373213462684687E-003 -0.12994413333827443     
  0.72227486377264449        1.4393647602894384       0.45419758193695942     
  -5.7712070508709780E-002  -4.0345403436475968E-002  -7.8179495273296207E-002
 -0.12271284662775386       0.40551863359092799        3.0893112017286598E-003
  -7.4582748106302749E-002   2.0462560343288191E-002  -5.2730584682494017E-002
  -1.3700864587977906      -0.23285596408228137        2.1768166692683217     
   1.9380711542933953        2.4892275105022525      -0.40208576940877366     
 -0.14485649272036741      -0.33948642751492147      -0.19158223876642214     
  -6.4619572063555827E-002 -0.10893964105773569      -0.49780094679219011     
  0.66443629726333553       0.23584943358289673      -0.47527122160380869     
  -2.0871525505793951        4.4095247558663422        1.8522722625679435     
 -0.26331896403505806      -0.26908539293326117      -0.11879883886166148     
  -6.7802023655668606E-002  -3.9865384867759750E-002  -2.7591661592259092E-002
 -0.10982343257344877       0.11429236884000533       -6.5204140590921930E-002
  -1.0841001001741668       0.21115312185326676       0.86965307205884423     
  -8.7250644141151953E-002 -0.13136851425353624       -7.6055906067976266E-003
  -4.7192373141386315E-002  -6.2917542829407189E-002  -2.4413242833951326E-002
  -2.2539897287443402E-002 -0.10880837963603451       -4.8217668580538324E-002
 -0.11614414336245379        4.3030832852398553E-002 -0.12739277780144848     
  0.10670518321345120        4.7370105493833428E-002 -0.58032079813730453     
   3.0921144918269177E-003  -4.2081308653277708E-002 -0.13434198283147566     
  0.31523041147467384       0.13168245322213168       0.79386468925132936     
 -0.19192318425533844      -0.16900066757674245      -0.12076253265924461     
  0.44498411774090207        2.2402418017269010        7.3880019014895044     
 -0.14952500617251788       -1.7213379553970575E-002  -6.9246009276675818E-002
  0.10770121790536631      -0.14577162365577370       -8.0293213729634039E-003
  0.14014121259494716      -0.27239594536742207       0.12039172185993760     
  0.37042596352955726      -0.55151360559879525       0.19681739030729159     
  -7.6450733133779272E-002   5.9190530481228382E-002 -0.16241923486569937     
   2.1610524861436278        1.4536842724668431       -1.7971510234275825     
 -0.95025643660109560       0.16022462949933980       0.70057463110682161     
  0.39050005699020485        1.0099175185989886      -0.54804882464537241     
 -0.26892426562526944       -1.4164546459476404       0.25127226844975353     
  -8.6978465582801409E-002 -0.12781164124051056        6.8748186381118147E-003
  -4.9498620469290842E-002 -0.26653857770244244       -1.0870428115261087E-002
   1.2268123307695868E-002  -2.7520047926277198        1.5551940106300124     
 -0.20510447419569589        1.1393355883387215E-002 -0.21586291979516808     
 -0.42762434849287007      -0.25016540634421153      -0.51228160837655801     
 -0.20330342211249811        6.4644195334012028E-002  -7.9161091613120290E-003
  -1.8066612949482781        2.7356449778813476       -2.8088591057123162     
  -9.9412251114523467E-002 -0.10396956069422286      -0.10666352124126505     
 -0.14777750341824164      -0.38257537966513455        9.2199683735090618E-002
  0.73297543824946054       0.65812050899520880      -0.57037348556492418     
   7.2737261598885383E-002   1.7298608422657499E-002  -3.3670758171271895E-002
 -0.12805747223872266        7.2632719307013441E-002  -1.6690952464482885E-002
  0.12680544296294849       0.56961542738492388      -0.10484575730740348     
 -0.61740765266366715      -0.35396117379188025      -0.86246158226716241     
  0.78573707872936016      -0.29223579154431972       0.26571641653033390     
  0.17726648514870505      -0.78284885599630494      -0.57906786031373614     
  -8.8983629461812361E-002  -6.4143447140013483E-003  -4.4846059832577105E-002
  -8.4983815148047051E-003   4.4419617106300519E-002  -3.0657731431289127E-002
 -0.12943666878698371        7.4557376563301470E-003   7.8409061689267839E-003
  -4.2532204139957563E-002   1.9893989903426196E-002  -7.4809140331957708E-002
  -4.2109585507282388E-002 -0.25774612099839261      -0.16446460598676788     
  0.32153964257078915       0.88652658582028521      -0.58125469242237271     
 -0.25281383748036923       -1.6615347019399398      -0.12865319034068817     
   2.8099149144847756E-002   8.1444880757404609E-002  -2.4576431740316526E-003
   1.4681186246942481      -0.28186544871238939      -0.54269489736159793     
   1.3254163544397910      -0.41415776481387512      -0.68287383581789241     
 -0.13164994134682811       -7.4664660053060813E-002   3.5037186837444660E-002
   2.4418075933410215       -1.8035044226033332       0.25609266090287097     
  -1.3536415322922346E-002  0.50154994579546064      -0.32157410411189619     
  0.38595176345012694       -5.2927284346800745       -7.7878293557730505     
  -3.9591406278132513E-002  -2.6315424396690618E-002  -7.3728674530352797E-002
 -0.16795668475522169       -2.2061308012578267E-002   3.4794174927157279E-002
 -0.81864730158876198       0.90373270109044601       0.42289660830487913     
   1.8105149490233272       -3.9188882327354477       -1.6875946911018918     
  -2.4694111875630762      -0.51971199290660175       -1.6677429394609571     
 -0.30467717089124530        1.8640966670577435        1.7802840380074654     
  -9.7536006318476899E-003 -0.24081004104905127       -7.4996996529908058E-002
   2.1151945185766685E-002 -0.12730776935405741       -8.0323230374862581E-002
   1.0920558746952040      -0.35535803821694106      -0.51177450976165595     
 -0.75952896599334674       0.54595268345176517       -2.7987150415938142     
  0.88986530807845632      -0.31469426873366246       0.52177156982165829     
  -1.1977555667644723E-002   3.7600821925021101E-002  -4.7538704064574597E-002
  -8.0637641770877524E-002  -5.2421094434022333E-002   1.8434612763417901E-002
 -0.95667616183366966       0.40317038941329253      -0.27128805026585312     
 -0.11959539983666603       -5.1865686732258956E-002   7.6009051711751086E-003
  -7.8521766343384938E-002  0.50082696328099185      -0.22501178021433291     
 -0.24477986347861960       0.11309648564625301       0.37043489976518174     
 -0.10390729656287352        5.5414554584123796E-002 -0.13208858634804638     
  -3.8488460105575044E-002   1.9530931467431342E-002  -6.3068145108416129E-002
  0.41484093860403726        1.0845199409761259       -1.0320498434123342     
   1.0071368611995775        1.1055964539032207E-002 -0.14922913276663149     
  -2.3682804491431026E-002 -0.73054350733668161       -1.6380505508533354     
   8.6563790116990821E-002   1.0321425051295789E-002  -1.3565727515013098E-002
 -0.95494655678990314      -0.13737895840324041       0.40226804676222655     
  0.83936903139543773       0.73691993489425101       0.41842419148084359     
  0.75263590332484875       0.63736209705256341      -0.12902266708021215     
  -4.9533342713149735E-002  0.12226584490399384      -0.14232479923958341     
  -9.8259894486673355E-002   4.7683408771299347E-002 -0.14908365650247371     
  -6.2113325236580190E-002  -1.4686375910639529E-002  -7.1234863728095649E-002
  0.49257155058972479       0.79043485924373325        1.0328046034753890     
 -0.89946378700191909      -0.63925675269558657        1.5634126136980406     
 -0.13024862044342186       0.25058560159780163      -0.35750737309089020     
  -1.0562964455079751       0.88962010805466052      -0.58606884614322841     
  0.15848309693319321       0.39108126679158978        6.7175768210950698E-002
  -1.8037339407828206      -0.39727033696913927      -0.64765814256773679     
  -3.4490788036599829E-002 -0.11673802056715646      -0.14609287103922666     
   1.5198471195666521      -0.92026137028454891      -0.60565095507891142     
  -1.3252363340364531E-002   1.7427921353302178E-002   7.1984093282377440E-002
  -6.3462394931042970E-002  -7.7701304051502287E-002  -4.5478749099395262E-002
   1.3073812258131403      -0.50300581319990934      -0.62376323628757868     
   9.1635410689344429E-002   1.0539150656561962       0.10113847216153271     
  -8.2857064622836651E-002  -5.9397412198651051E-002 -0.11747048276878988     
  0.40637663171276844       -1.2611794694436964       0.73352474289063474     
   1.1019975879557575      -0.67967506479641726      -0.75055625699518846     
 -0.15999293995932834       0.10576807008077442        3.0239541664065655E-002
 -0.14091750082447457        7.8514096409110765E-002  -1.3417202759530400E-002
  -5.8860371062618884E-002  -9.1530062505762247E-003   8.1008792040015348E-002
 -0.84067622113755736       0.92151089437122213       -1.9105982825482293     
  -7.8569958171394630E-002  -5.1811699505517131E-002  -1.9756337733241678E-002
  -2.6676044115232653E-002   2.6554372327574412E-002  -9.3412545642848500E-003
 -0.13965571354919551        4.0389122998093566E-002 -0.22456569187577058     
 -0.11636787035566273      -0.39544078728923704        8.2772852547444847E-002
  -3.7299410091110530       0.53928416220994790        10.718384318539918     
 -0.88364510659458739        1.0953785443142161      -0.39976670044932838     
 -0.16534157303301600       -5.0410697751659076E-003  -5.5850835049360205E-002
   5.4395531071022761E-002  -3.1400742084166308E-003 -0.17144280128172451     
  -3.1435918369659255E-002 -0.26568990001548998        4.4802580523083266E-002
 -0.17137281907512680        5.9541509113983919E-002  -2.2090110414164477E-002
 -0.10663816880103526       -1.2657219555702207E-002  -3.6898292030664602E-002
  -3.3190822036246556E-002  -4.1996003798158953E-002 -0.14730664777182728     
 -0.51033485342796514       -5.1686056581205217E-002  0.81682432156025919     
  -7.0229576075922326E-002  0.26358208660766130       0.14781948341412285     
  -2.5089179057619742        2.2152151175816615       -3.2226570430010644     
  0.53355447709644988      -0.49791909883203378      -0.79867610171707026     
 -0.21872167511520571      -0.13299917205716480      -0.12289941820655099     
  0.26232270335108054       0.40050509678788571      -0.21086238265996690     
 -0.10740758949878444      -0.15266487714486210        5.4010186953033057E-002
  -2.0734157715423914E-002   5.8282218136740636E-002   3.6279193243237993E-002
   3.3834934081997524E-002  0.14498829214818892      -0.60213233630877783     
 -0.18638070383587974       0.17729772855219703        7.3553366929192208E-003
 -0.18756731715295200        1.8091468691254824E-002 -0.15103994118168268     
  0.11918173542612515       0.10516245977549188      -0.47548570603072099     
   2.2507168014438490E-002  0.70830208671958461      -0.25059216676487178     
  -8.5381623998549719E-002  -3.8543955731518871E-002  -8.2210461781457175E-002
 -0.17417103705804712       0.10501944209016605      -0.15222281594492307     
 -0.12503721681275887        2.0606814975791199E-002  -5.8728064302150537E-002
  -3.6021983991212127E-003  -9.9944130582504037E-002  -3.9859073919645570E-002
  -6.0576685815063820E-002 -0.91007104128173155       0.53705174724226279     
 -0.12916270379712042        3.8681230522509040E-002  -1.7191765208396950E-002
  0.11700492233397537       -2.9818487194999042E-002 -0.39215509051024411     
  0.42985817240702040      -0.97233001059402158      -0.76837094943220652     
 -0.15205261821661414        2.0153281387961720E-002  -9.5501860889754070E-002
  0.77893160073465073       -1.9659563789404668      -0.16333329829747839     
 -0.94843526070840856      -0.71666138994596740       0.14488720065739399     
  -3.9884410263596598E-002 -0.11697696454680760      -0.11586197187578993     
  -2.6575703677973635E-002 -0.16467935097611647       -1.1518794767372440E-003
 -0.16414752256893483        2.0316614545001249E-002   8.3943149507541368E-003
  0.15860760256230472       0.40573636919880429       -7.4338137309911553E-002
  -1.3439373943562296       0.77267158150534598       0.70923029440365537     
   1.2331597560534711       0.30374078986624464       -1.0278202857071288     
  0.16386719852341594        1.5246386567563692       0.98091108490768542     
 -0.13481595399193838       0.10380343410276940       -6.9853753999603016E-002
 -0.17623451763563841        5.1508790528859177E-002  -2.4653606895796716E-002
  -7.8591733769919986E-002   7.5338183194010727E-002  -9.6920117586452859E-002
   6.3667354790036976E-002  0.33989493637303325       0.42390478736910697     
  -8.0181690971065797E-002 -0.23744590590602666      -0.13463701135950573     
  0.20056467442791950       0.66620248104634516      -0.79602798632567295     
  -1.5651055399512792      -0.52359467822145955      -0.34761469358957908     
 -0.72599949404371311        8.1955699915151989E-002  0.58986821494040043     
  -9.0469734203972751E-002 -0.13479165258559006        2.4305925249034566E-002
 -0.10929609353270155      -0.22397567865866772        6.8796190424542991E-002
 -0.18493257199583760       0.77767347931588626       -8.4804425599492014E-002
  -9.9734187894835874E-002  -9.6950719074695518E-002   1.7137160511391376E-002
   1.3006310074673670       -5.5487909980698387        1.7757290416324063     
 -0.68318012470894074      -0.73264745859947478       0.75644122380350132     
  0.77488979127010049       -1.5638515198214153      -0.85477362538436163     
  0.41049523279776190       0.13752977392004395       -7.9131003121069049E-002
  -3.7947061101072264E-003   7.8625111297923489E-002  -2.7175110049972562E-003
 -0.19738473340676940        4.5714507165787031E-002  -4.7408600779010900E-002
   2.6703000152287264E-002  0.15830814170376784      -0.15864170238782499     
 -0.19487089134493701        5.1497159983581106E-002   4.5517782864045085E-002
   1.2923603984611829      -0.48744477598397595        1.2329679645729790     
 -0.15813822766845798        2.7933461532015397E-002   4.5765955579726413E-003
  0.69539606862750691       0.69735641122238812       -1.1130246196521127     
 -0.29464994362876151      -0.50905311768985861        3.4727584729577071E-002
  0.21049282986991111       -8.7746808046353878E-004 -0.22843263190168431     
 -0.21556550232597085      -0.35977584066857832       0.74381378117674313     
  0.94347307435011729      -0.31086582526162509      -0.11941923144834193     
  -1.2052734563703236       0.47590075192849379      -0.86111908746367960     
  -1.4786676323038066        2.7471122842738693       -1.2889776403033135     
   3.8976200372801886E-003  -8.9029152643175000E-002   4.1055641552067305E-002
   1.1731170961605575        1.6107886361282353        1.6817357294122490     
 -0.10140049514131258       -8.9955701160661511E-002  -2.6636918456005469E-002
   5.3541411790724497E-002   4.5877849884002637E-003  -3.4211381977103210E-004
 -0.12685824003679419       -2.2167912705721000E-002  -6.7358300448536884E-002
  0.12107612353101280      -0.35976009097045453      -0.15002719722021968     
   5.9108094031271069E-002   3.6558665501306646E-002  0.58371640705566274     
 -0.18408642092592659       -9.7729878773346004E-002  -9.4615552218070817E-002
  -6.0366958131411942E-002 -0.34099971647331345       0.11880335467025525     
  -9.0565787960578764E-002  -8.2049636547295579E-002 -0.13549825733770229     
  -9.7196153912526159E-002  0.68916265887804085       0.13299505829401248     
 -0.10261362339988780        2.7055815222283758E-002  -5.1274080199748211E-002
  -6.9669294689230304E-002 -0.14301365822654413      -0.13512336234183844     
 -0.74235034883291529       0.33821380036027082      -0.84061568520152474     
   9.3669773563735154E-002   9.0021374585979683E-002  0.12611871128862909     
  0.51033217598103642      -0.75182178806577349       0.44151312171307922     
  0.17224956752355128       0.67019242511039578        1.4519427199156469     
  -8.7989684479805652E-002   4.0986379579196703E-003  -3.7430875127211098E-002
 -0.87662805776037434      -0.19515048448369396       0.99060902857578592     
 -0.18621342773438254      -0.10191163428785713      -0.13896679407952878     
  0.65620726232500548      -0.63116327630109981       0.96369190607851496     
   1.0887572586868932       -1.6971696674420260       0.38138607907308131     
 -0.17068350261668405       -12.312236654006112      -0.37273632182184702     
 -0.20678698924697783       -7.5192906735028348E-003  -6.3103726167015123E-002
  -6.8871994310202092E-002  -6.3280790132598866E-002 -0.11108115527445266     
 -0.14177007798397351       -4.9031328724796069E-002  -5.1019732544272785E-002
  -2.5544700820614642E-002 -0.12472383861530248       -4.8388757240782329E-002
   1.0913148094019297E-002  -4.0027280225051226E-002  -6.4469934842388721E-002
  -7.6326857447179902E-002 -0.15255083121306925       -9.4394348459889782E-002
 -0.23628778683012797       0.19309679333742111      -0.26403647904901589     
   1.0293346876642366       -1.6656641587384118      -0.19723850014165689     
 -0.45074577435799207       0.33019919826089150      -0.16140283075585213     
  0.51700827634283553       0.77990336328582999      -0.59337297637723552     
  0.56972768003999541       0.46365819345966469      -0.33313072867623122     
   1.0475319001279699      -0.32013577732445803        1.3743117601356538     
  0.16521632208179765       0.26734951346063751       -5.0230322330877333E-002
 -0.69996022779088940       0.71263564877997787       0.52607808763563568     
  0.53665448231070523       -1.1165581958915820      -0.38805835587776638     
  -1.7050803655902093E-002 -0.16970952278857795       -5.9244277001257173E-003
   5.5045140901561165E-002 -0.13485533548977388      -0.12434362482340049     
  -7.6896939485183780E-002 -0.17479858927476682       -5.4626693163361321E-002
  -1.1515847060597280       0.87052700125250371       0.52756652561271233     
  0.80668243682244312       0.57575170263999087      -0.57121922737729769     
   1.1053438459567924      -0.23835760819581320       0.66640348214392608     
 -0.21484691375506310        5.6955330766976855E-002  -9.9802115473292985E-002
   3.9647012864299898E-002  -4.9055503060627982E-002  -3.7211728384293097E-002
   9.7232043942057186E-002   2.7138022671941722E-002  -9.6062619237871280E-002
  0.10287727731525503        1.0887673287262241      -0.33825887914972186     
 -0.12059114676534075        4.0827737390304923E-002  -9.5487633723847221E-002
  -8.2842608417544331E-002  0.86343598678179778        1.2840508384175733     
   5.6208412695829435E-002  0.14246147993102326      -0.11335372370707165     
 -0.10254585946227326       0.14655660357652145       -8.8534061751424711E-002
  -8.9289388044762816E-002 -0.11313764916811966       -1.8729385520379477E-002
 -0.72640685262321814      -0.72263528135948008       0.34810246095781183     
 -0.12457547012362713       -3.4889704751219407E-002  0.22173587070834216     
 -0.65139278750295748      -0.21571299157382520      -0.45529873467409748     
   1.2188599527802950      -0.62352663911150941      -0.32836355934815431     
 -0.11119847281562778       -2.6252088244083115E-002   8.7124119455311386E-002
 -0.16074009231205827      -0.17184098915022794       -1.1701222748504632E-002
  -2.5810078706049379E-002  -4.1992253293153745E-002  -2.7196935461424906E-003
  -9.2480198914865724E-002   6.9346195871043612E-002  -6.9049445673239618E-003
  -6.9519208011259104E-002  -4.3553998219801889E-002  -7.5443688097955319E-002
  -3.8509726600760913E-003   1.0199131070398273      -0.54152103688236275     
  -5.2645011262792141E-003  -4.4766118684994291E-002   6.0377990190445853E-003
  0.55523665813710765       0.95301734740959465       0.43369832824690085     
  -1.2282980902657106      -0.16104911446295939       0.18687567740569322     
   1.4562026256690335       -5.5732888587837696E-002  0.90009429643568961     
 -0.14167335432991676       -4.0162243386583606E-003  -4.0006791618012266E-002
 -0.20933820050835514        1.5666062122428182        1.2620785542567210     
 -0.10493013470509421       -3.4163051086818393E-002  -6.8398474426300135E-002
  0.38856765767353801      -0.67876376040420094        2.5168664532548859     
   1.9690163580068691E-002 -0.12904801538242847      -0.12955340421304176     
  0.47324932811262266        1.1164547532039335       0.31296638339196636     
   1.1049390087998181        6.5026124296041640E-002   1.1391297516622090     
  0.89615144286155635       0.57893891501835670      -0.15811151929169714     
 -0.15371785235616253       -1.7250453768027904E-002   2.0708934056389832E-002
  0.64780912563198834      -0.65842696828276237      -0.16816368921388233     
 -0.82498811616311007       -9.4056574181600336E-002  0.90349494500434890     
 -0.89999119589271681       0.26493182520098268        1.4731106614938896     
  0.76140020958148991       0.85565083289320820      -0.75940032816516323     
  0.85771590872765191       0.37884522517048369      -0.90362997034581949     
 -0.45081930464579267       0.36297111930616077      -0.12505800297371067     
   1.1331449132288065      -0.88955786589207830       0.88835332453857296     
  -1.6708740089079179      -0.95066711328466047       -1.9920552735446813     
  -7.4824723902536375E-002  -3.4994752676563629E-002  -2.7688846077845049E-002
   1.3107671468074973       -6.0959991381537043E-002   5.1896227990505261     
  -8.1399816102674299E-002 -0.13930037424841843       -2.2296386551348722E-002
 -0.14810472293837657      -0.32497667301325611       -2.1354816654992229E-002
  0.35466880769026859       -1.0334096604286731       -1.1535700416881225     
   4.5140659698924807E-002  -2.3581145666853265E-002  -8.4027107814315119E-002
 -0.28325670858338498      -0.81350822222646968       0.18523366351816500     
 -0.13561039885355516       0.18933610485404778      -0.13099202501361043     
   8.8455697484362411E-002   1.5057832992716464      -0.76179445293863435     
 -0.17774194037797503        5.9025001441499657E-002  0.14311985069744701     
 -0.20857685164103645      -0.12716632098415609      -0.11285347150552712     
 -0.14329056016046218       -2.6226771656799536E-003  -9.1004876796718218E-002
 -0.18629927917401506      -0.10527427153853058        1.4006601519544092E-002
 -0.11659811433930090      -0.18127213141081899        5.0690984177664794E-002
 -0.24511325119729757       0.37106582556353868      -0.46794722559128327     
   7.4175635716889239E-003  -1.0771211728547234      -0.58791959374353031     
  -1.0562443753926185       0.58977538124721096       0.62069290457646109     
 -0.56067938741624679        1.5833394058555239      -0.47955077206983820     
  -5.8325357187519369E-002   2.7417892293319535E-002   1.4854392494377531E-002
 -0.20530170727190039        3.1086610261664864E-002  -8.7817909820449458E-002
 -0.53933997481173668      -0.89221503184245154       0.72255102483578548     
 -0.30536961623822884      -0.18735099878769371       -5.4636587973337397E-002
 -0.21433443430867372        4.5837327388023770E-005   3.6080309143143967E-002
 -0.30483708227180095       0.56440146697334992        1.0271544351941297     
 -0.18039832083731533       0.39454448279153614       0.26727898540190020     
 -0.12756694359255183      -0.18533870643833741        1.0632183570005378E-002
  0.83028484878716435       0.31079397754862070      -0.34720588479508330     
  -4.3700021545349903E-002  0.21241551272144674       -2.7929024297779881E-002
 -0.79531479062035981        8.0045363737437272E-002   1.1029634967734183     
 -0.16840398703171636       0.67701481407711772      -0.30984213390744220     
  0.15178280787381299      -0.88089763819584943      -0.14828687669070834     
 -0.11961441060010645      -0.28250534579318687        6.2893098063924222E-002
   1.0861237959109917        9.6184820810956300       -4.1439004582647865     
  0.62107455107100729      -0.31981889913782169      -0.32519496256359098     
 -0.25692702883719754       -2.1359325685042719E-002  0.13749892746515832     
 -0.10926333630646758       -2.0489273651074717E-002  -1.6213930243247576E-002
  -1.0111101620669216       0.35306565364014669      -0.58051520489746944     
  0.33504549285850321       0.86757530420463325      -0.70013355463395455     
   1.9120934380825814E-002  -1.6507623162684291       0.10724667864160088     
  -1.1522721135364693       0.17073112534217774       0.17641990697081816     
 -0.15634185738530998       0.11814433574130444      -0.64476950388597976     
  0.18217908951628972       -1.1650835341247054       0.37750745337209718     
  0.32679232306190314       -1.6811547335096650       -7.3805287048418974E-002
  0.78656994449688200       0.79039218565472802       -1.3545359517708759     
 -0.13247531240233007       -2.7498966309508020E-002  -6.6265014827556229E-002
 -0.12586431873891765      -0.10227733025857984      -0.10334858324326909     
 -0.14023622704340846       -8.8806292425579011E-002 -0.17722139406926940     
 -0.11735411899106757      -0.10168203490611386        5.1844820651976653E-002
  -1.6097068829317325      -0.67084849630111820      -0.80550424082032768     
  0.95007945181364983        2.7021999446607206       -1.3480253400253188     
  -2.1567252424714939E-002  -5.8366375032896267E-002  -8.4334128980488476E-002
  -4.4638231866122643E-003  0.11102564016361338      -0.21216008973341549     
 -0.67381454675528074       0.10997839399581441       0.74656321663152037     
  0.25082035626392163      -0.33356764491995927       0.19922739229201222     
  0.48910714899796398      -0.16355165816955089      -0.42850422052202802     
   1.4057718094345864      -0.10660718759868991        1.8691110038637968     
  -2.0390332665155539E-002 -0.29697137089689640      -0.28572473600175113     
  0.75233165302094074      -0.78712348960635459       0.78075162367628315     
  -7.0337565327555293E-002   3.9557520674360601E-002   2.3119675439271535E-002
  -1.1715234580855758       0.31714782469979280      -0.56396544624400524     
 -0.90879008057846888      -0.92581314085971644        1.3866584613806028     
  -6.0013640259657684E-002   4.9153508754267390E-002   3.1333480953398399E-002
  0.16997771156987421       0.61731303131135828      -0.32254371084081435     
  0.25770447721951928       0.66091258981496481      -0.17321067323591338     
 -0.30537659588205901      -0.63423150721079447        1.0058198629646817     
  -7.4738102629649958E-002  -5.5364650364043609E-002  -1.4850160254447759E-002
  -9.7511531127220830E-002  0.13615260735212445      -0.20914793794396785     
 -0.49421425907603861      -0.44708562329791218      -0.35597849295264239     
  0.97913085768943775       -1.4089208631656058        1.9081640952337688E-002
 -0.12561691446305789        5.3876181593540884E-003   7.3424629881460826E-002
 -0.13313036040043605        9.0321159414852668E-003  0.12937591311269259     
   4.6417266902295416E-003   4.0517265667659806E-002   3.6943791560042891E-002
 -0.22597611282363597      -0.17027746135756416      -0.17948012057006155     
 -0.10480069501429178       0.10451635816720040      -0.10362900895286441     
   1.1123783094928525      -0.49408633498929194      -0.44578341967149698     
  0.31164786084971891       -1.3149140452950490       0.19372531219803441     
  0.30146603251857490      -0.14439116042757316       0.15334583700556315     
  -1.4762404607916126        5.4001169413396832       -2.1492546385833231     
 -0.20764099810333386       0.24758538799193422       0.44170516262764004     
  -4.1610766750604856E-002 -0.12989300430966536      -0.14202088507889568     
  -4.0022655888281182E-002  -3.5896080603539798E-003  -6.4120995711235612E-002
  -2.2896651523388913E-002  -7.6989109108021467E-002 -0.16362979263562469     
  0.11742612899400562       0.11502808101600456       -7.1100945599085266E-002
 -0.28554383933043420        1.4223303035703114       0.43320952513723809     
  -6.5655480454656245E-002 -0.60783261511927633       -6.3588462235268858E-002
  -5.9005795413832662E-002 -0.10509612597556443      -0.12714101111978843     
 -0.12728152671822299        8.5084795927184542E-002  0.11166257501311096     
 -0.78393721428309648      -0.59627620588271601      -0.53519004759492061     
  0.19219989857385786       -1.5260833407147651       -9.8537261236513435E-002
  0.62320331716305111      -0.88785587252183706        2.1005333875557213     
   1.1846561916549223       -1.2322782682848017      -0.45777479112029185     
 -0.29081799604055186      -0.29744604735009994      -0.65457225925388429     
   4.5021131542753966E-003  0.56581942437640353      -0.98141298172719693     
 -0.90681333566847788        3.9878572208474090E-003  0.72759729541137164     
   8.3168144013607434E-002  -1.2692241787652292       0.78763214220839617     
  0.59639514935475713        1.1791347938553658      -0.20136415935184226     
   6.2762584294450238E-002  -3.7558684066620919E-004 -0.12076014614519293     
 -0.71574200854084169       0.46218955298012049      -0.14060858970151008     
  0.57156085418738856      -0.63402249104485819        1.5093255167710953     
   1.0816094137285443E-002  -4.0576685530507736E-002  -5.0824343239966374E-002
 -0.15260675202683158        3.7107493471383781E-003  -7.7143863511195052E-003
 -0.24649954750895930       -5.9230140686106020E-002  0.11840012649952528     
  -8.9734635980810454E-002   7.8107152050398976E-002  -2.2619674277000717E-002
  0.16058299984200297        6.9507865164315674E-002  -7.4411803189043200E-003
 -0.14342328601753807        1.1905419031045977E-002   7.4591461575779172E-002
  -4.5543295726688054E-002   9.6461014337188553E-002  0.27388312420971628     
 -0.29040219375693160      -0.44705342231283940      -0.21276554565649616     
  0.46687667040365016       -3.4435954750013540        1.9006501568367637     
 -0.15216711792312074       -6.3631137755315328E-002 -0.10070574935307693     
  -2.9991473431365621E-002 -0.13293217936427135      -0.10515832795316352     
 -0.83479674758300670      -0.89391071535035160      -0.76707232435652184     
  0.20572722007881533       0.50273034225802682      -0.19185823832812518     
 -0.59664295181193339       -5.9142222276194707E-002  0.50595785029985363     
 -0.44163063119602425       -9.7446017722781306        5.0971430809286504     
  0.10675355704815347       -4.9277147254116319E-002  -7.8077916011025705E-002
 -0.14733295880809338       -5.1470925197365520E-002   6.4780219556394639E-002
 -0.21554721795814630       -8.2447460436199077E-002  -3.1297506236153169E-002
 -0.89239465976100196      -0.52243187957231618      -0.84267335275136035     
  0.29427974670626245      -0.10669645060683948      -0.16447801262542325     
   1.0022263298997829       0.45492317871539883      -0.11366898856030183     
 -0.26724442894809536        8.4020081161516637E-003 -0.13372028152310017     
 -0.43572658117943902        1.1190440786128697       0.38216154356212184     
 -0.44219358612883991        1.4014980165996564       0.59938028435501112     
 -0.26446264402999886      -0.15764838303456563        7.1526400731400375E-002
 -0.10599062266534125       -5.1357425195424591E-002  -3.2192694358270879E-002
   1.1237193963959979      -0.42861683069071355      -0.61416588352859036     
 -0.34537453577160687       0.21295407581850703      -0.38954036464085340     
  -5.7221865735766778E-002  -3.4240705750988179E-003  -2.3224985707016043E-002
  -8.7898742632216850E-002   5.9296973644703967E-002  -5.6260229731935542E-002
  -7.8949287112286007E-002  -9.3956238202635128E-002  -3.6321321560364231E-003
 -0.57440835450909555        3.2946611218018904        1.7132331424473199     
 -0.44253028120030957       0.66364424224997265       -4.8912375783941711E-002
 -0.67921968841926683      -0.50688801663893990      -0.38711139544324530     
   1.0835583309796153        1.0477102473304241       -1.1978784039095944     
   6.4498323024408458E-002   2.8409578705565694E-002   4.3428453156016400E-002
  0.19606579028306007        12.594443067213613       0.41437041326513796     
  -5.8553607076098670E-002  -8.6814228154525289E-002   5.5022607053570594E-002
  -8.1782704314930857E-002  0.61369592009187479        9.8129313230887791E-002
   1.0169906983348653       -1.0304281503940462      -0.31832619041381260     
 -0.17367668333349243       -6.4731702958061382E-002  -8.3137231599967387E-002
  -4.2930916239925787E-002  -7.8809148715941829E-002 -0.11139279385168112     
 -0.30672767929239431      -0.60347507841108405       0.39801451493247131     
  0.53394844251064832       0.68974409683529658      -0.60500871681496293     
  0.83726652190093198      -0.60557583958339112       -1.0172210751282846     
