 -0.19412637329881852        5.7455566466559402E-002   3.8444165533831221E-003
 -0.22602127898083607      -0.14156101499643692       -9.6047166641761120E-002
 -0.12519927816696613       -1.4485669988647042E-002   8.1032483994290840E-003
 -0.19418438295976104       -2.0900866407483874E-002   8.9006342263384622E-002
   4.3102222198206711E-002   2.8877765223281737E-002   6.5206661893474436E-003
  -7.3844408751937207E-002 -0.18112787230355054       -8.7415940558757954E-002
  -1.2584379209534342      -0.75424423901791882      -0.84621759507473804     
  0.10562341789468993       0.39638851443233525      -0.82451030745911758     
 -0.19445987100652612       -6.7940217805215891E-002  -8.3687501837125644E-002
   2.6276233939243148       -2.5391518448486523        2.8586313300089858     
 -0.16368813494507170       -1.4422148238142970E-003  -5.2546473419430945E-002
 -0.13873283161935515       -3.3890981811758529E-002   7.8893081306764243E-002
  0.80876043390419972       -1.3578388482904669        1.2742795836090712     
  -3.2491997057989892E-002   7.9180453538128637E-002   4.6968754511832023E-002
 -0.19335693557656208      -0.15319556612797555       -4.9285857941695946E-002
   1.3971788374984326       0.55994828002470054        1.4728949520703905     
 -0.78821188450760593      -0.96523496039077794      -0.28260467142092588     
  -6.0519860262779557E-002  -2.0651377761291577E-002   6.0111143415475944E-002
 -0.26200343424699452       0.30717425142046673       -1.0307877275637760     
  0.95129733761375790       0.18567379184918287        1.2566204737251074     
  -2.2792957425709949E-003  0.90575141539451054       0.85751056213065346     
 -0.36866628719575723      -0.51229754668234073       0.69796157961653282     
  -5.7116346361980687E-002  0.77799579121795903      -0.12796592928711226     
  -3.8197932381475757        2.7848250360054578      -0.92257021388872129     
 -0.11057058786281589       -6.8686209859992672E-003  -8.1913871021980694E-002
  -1.5841376772645785E-002  -8.2405768284382272E-002  -8.6257481011187659E-002
  -8.1525078250351518E-002  -1.0196184708744505E-002 -0.12690245809325709     
 -0.24865779449929595      -0.11464414311905610       -4.5555893181149075E-002
  0.39418101234100994       -1.3786776975502619       -4.4974631560287352E-002
 -0.18524090772229818      -0.11256473671194817        8.3349465312568649E-002
  0.41921034536570206      -0.28879062888202450       0.69583575632882178     
 -0.16798672920473035       -3.9456786286984749E-002  -2.4832832318990548E-002
 -0.79542020302885552       -8.0501745004366239       -5.2661656478994647     
 -0.20792825786823391      -0.11866815340938358      -0.17341097973508887     
   3.5865132458376463E-002 -0.19364186720219734      -0.25003132176270754     
 -0.15120401835176489        1.0789601032056671E-002   1.5239916637195252E-002
  0.41363011318924903      -0.60172969304395874      -0.38002479899168379     
  -4.1662889714430926E-002  -8.0061645745542018E-002  -1.2730893333295744E-002
  -9.1060320093751868E-002  -8.8722653223421932E-002  -4.3430639646041956E-002
 -0.20731827053596977        5.5785906264410934E-002  -7.6041419357768522E-002
  -8.9964177278978444E-002   1.8188291331221844E-003  -9.0228926845358805E-003
  0.70892311099928340      -0.34423058466571349      -0.40215602735542100     
 -0.19374954711556924       -4.0411601069116530E-002   3.7613705101262496E-002
 -0.66970428821900452      -0.45569832877917782      -0.60501349140261584     
  -3.9482784365702572E-002 -0.27737565867651692       -7.6348235002983003E-002
 -0.27808816418356425      -0.84252330089771044       -1.6554340629406489E-002
 -0.11332871558350774       0.11249410810057879      -0.14418010612102095     
   1.0459250919598043E-002 -0.28504936488871369        4.7788826496044073E-002
 -0.15836375315169329      -0.15088439121322422      -0.10177694811613933     
   1.4642556756271643       -1.0898374074010848        1.0759437303829051     
   1.3659024240449043E-002   9.6597112968668075E-002  -8.9833114095441369E-002
 -0.32338367498237586        1.2554322324169767       0.33270592685871747     
  -8.2212341719790374E-002  -9.6658699365853376E-003   1.4413398831586315E-002
  0.86551090886165716       0.69612992795241324      -0.74345962043923308     
 -0.15036503259698911        2.3625029258058181E-002  -8.8909355774984239E-002
 -0.42176269870760968      -0.56553358066349135      -0.18377355805871295     
 -0.27192508382906549      -0.10319242410186608       -5.5659808715316283E-002
  0.26812277507860038        1.4314761873734843      -0.78861079436320092     
 -0.19709510191878193       -4.3849341971247693E-002  -6.0617892920825284E-002
 -0.12942792754771448       -4.9148007160966484E-002   3.6030292345877395E-002
  -8.6054646788883138E-002 -0.23147191087270436      -0.12059732234257442     
  -1.1513857467207150E-002 -0.14763154366311668      -0.14997563637714664     
 -0.20548713711152064        4.4257457687502590E-002  0.12509049815071754     
 -0.51682323874306157       0.48503685033564758       0.14164670094472581     
  0.12206803680163941       0.97722623300529088      -0.14082674239271112     
  -3.0918457475229821E-002   1.1986772354415785E-003 -0.14379828865046770     
 -0.12917934575295636       -4.5289877016987945E-003   9.2659911662883926E-002
   1.3596853261734624E-002 -0.22465742444708889       -7.3821551167990634E-002
 -0.18839604457778014      -0.13811792142151180       -9.0360993238626008E-002
  -1.2772091519997391      -0.62013503747943000       0.27181051437741749     
 -0.24678588578609642       -3.5007499391282155        1.4397913035173313     
  -6.3974086792752988E-002  -7.2117567297565327E-002 -0.12673807518138547     
  0.92440680347490711       -1.4914043727505122      -0.88992623567068896     
   1.6462422820736261E-002 -0.15012369609295045      -0.18810041721041265     
 -0.40376305769722126       0.16965472404856796       0.22003752823970454     
 -0.24228587829167808        1.2107623274578714E-002   8.9042341627462898E-002
 -0.13558169371241161        4.5137576831301936E-002  -4.6142363927012917E-002
 -0.13268078130237634       0.14989246574498757       -3.9314693858547668E-002
  -6.9774909434073870E-002  0.38491027865972210        4.5458124138117853E-002
 -0.10756731990402513      -0.22556898231072989        4.4093920569540177E-003
 -0.51084512326638176       -1.1263387102639797      -0.11830548400254672     
 -0.44750323541624609      -0.54469609576716294       0.44965122765629245     
  -4.4884520806471331E-002 -0.12802273468989936        1.4290304435159239E-002
 -0.15539466834196630      -0.81432326633478835      -0.12969809251179915     
  0.44167214999829957      -0.83725857731562137       0.20311509376986081     
  0.93924298487188473       -7.1130713279460717E-002  -2.2495164860366490     
  0.76206151201684258       -1.8630709135899561      -0.34355988479991323     
  -1.3345647384526585E-002   2.0209378944814740E-002 -0.10779933742979948     
 -0.24997916664320696       -1.4470223146329584       0.25274374748568462     
  -1.0396394165953855      -0.52385218735467531      -0.93840221231363785     
  -6.6088296311861014E-002 -0.21873760983380064       -7.8292640063145277E-002
   3.0416242081073554E-002 -0.10594863952584808      -0.16439579257181888     
   6.0800525125299237E-003   5.6809477564129074E-002  -3.3046103449750633E-002
 -0.12936834514567844       -6.6038281262545309E-002  -7.3645581907862911E-002
  -8.1311047077046603E-002  -9.6518550620494928E-002  -9.2637963070169600E-003
   7.3612767204308385E-002 -0.15699376554272990        3.7894884044978677E-002
 -0.21357409936461480        2.5853047977504713E-002  -7.2773448409251540E-002
  -9.9378817631115751E-002  -8.6323061406258186E-002 -0.17971179174767632     
  0.16840765207976885        1.1910203683222560        1.2458966367442110     
 -0.10204391745573096       0.17076419887105113       -6.5572472875451288E-002
  0.61488041900644497      -0.98930124168862088       0.61615526209851701     
 -0.21474587228515141       -1.9456910739079347E-002   3.0495920768735637E-002
  0.78836668241608576      -0.65269528729557613      -0.44950810955080595     
  -8.9652574680184519E-002  0.81023298851461911        6.0600947537682352E-002
   5.6279441718122391E-003  -1.6496098510513472E-002 -0.12000164037333565     
 -0.62051653029558407       0.94731811985891290       0.52379922929503087     
   3.9401435664827575E-003  0.79506735230478864      -0.27379154359792829     
  -3.5454072831222996E-002  0.26037186578707777       -9.8595666085747616E-002
  -2.5873487091367730E-002  -8.1294298620450178E-002 -0.11542068755563148     
  0.48957355851204687        1.2695647453081125      -0.53165487453774729     
   4.5155889420875929E-002 -0.29295675358209450      -0.44016688718888919     
 -0.17032924911148073        9.5291852272632108E-002 -0.13909306587422998     
 -0.21544685724587653       -9.8479446259781292E-002  -2.8202377596849230E-002
  -1.0727437045251100       -4.5567544463679270E-002 -0.72763933221843025     
  0.19044377296274173       0.62303751389032247      -0.34826282289889376     
  0.54958004925762105      -0.51943280967203687       0.21002212788975955     
  0.27107362609452534      -0.47499179605217096        1.1118734548898337     
 -0.20974517644232399       -7.2710576248910364E-002 -0.14917295127504127     
  0.33223007600015486      -0.64871988656836399       0.14428750230331502     
  0.86989076551907929      -0.42685409289622794        1.6203643646453099     
   2.2171253844892994E-002  -1.5360497370820913E-002 -0.10210837164315552     
  -2.6459865283526528E-002   9.2974318834616917E-002   7.7946272436911698E-002
 -0.10297563800832613      -0.14682798020190660       -3.4678361366757920E-002
 -0.31287320259322260      -0.12624361325444119       -2.4644806456855659E-002
  -1.9049911786249980        1.9575443514583195        2.7931895007870717     
   1.5378420767990935E-002 -0.10091462465277980      -0.30372864977083019     
 -0.56729528687119424      -0.70835751459748031      -0.65086967012941555     
 -0.40642383957083317       0.18875588980345429        8.9662159119746995E-002
  0.56893027416427178        1.2932606293770663      -0.41821514431770573     
 -0.13378520349723191       0.16663795925585345      -0.12438506508298627     
 -0.32918071844088237        1.4916471326896943      -0.20875574556587562     
 -0.27938341848485720        1.3528614155945191       0.25609081295370745     
  -9.0591638750174286E-002  -3.4301144612049507E-003  -4.6458510532779364E-002
   1.6808725772394888       0.60682305532177727      -0.60625136715491590     
  -6.4476459082746795E-002  -2.5472388174963469E-003   9.2202534856710400E-002
  0.25224648947925943       0.54967046086740101      -0.27681477415032951     
  -4.7687407694793682E-002  -2.3360335200291640E-002  -7.4288235028598715E-002
   1.6580603017861848       0.61556666881253774      -0.58475813370178287     
  -7.5183785336798800E-002 -0.14739696816039510       -9.4968705079260862E-002
 -0.15007061249857476       -8.9510463441635657E-002 -0.10029943348090860     
 -0.13127048145081371      -0.20771170484761287      -0.10430151919941111     
   1.5215434054105512E-002   6.3242814847519271E-002  -7.5619543390327573E-002
 -0.11633689506359345        5.0315651849830285E-002  -3.4204132648678741E-002
   2.2990494637882990E-002   5.5124122864491663E-002 -0.18471359785377497     
  0.80877250825074831       -1.8697214601758982       0.65018387783512499     
 -0.13329971545456903       0.11820046749502912        7.2152507225489770E-002
  0.82351560594790774      -0.67847029356768163       -1.3206829991944100     
 -0.16967851181327193       -5.8203921377794569E-003 -0.16390700021784207     
 -0.28478882549864509       0.77703102433180571       0.52471608734246666     
  -1.5580612751053335        5.2158981067208100E-002   1.8338470085295662     
  0.29080740649465753      -0.36089526653979975        6.3488928551386742E-002
 -0.34506281158629482       0.84185299719322304       -1.2192867120900874     
   2.7023777448053204E-002  -9.0288449829285342E-002  -7.8835932972861802E-002
 -0.30771135580722175       -6.4608570404104365E-002   2.1483218693829211E-002
 -0.16676868259502889      -0.20887028783808828      -0.10570951011679038     
   1.1991364752056739       -9.5152206287164674E-003  0.88252158849444684     
  -4.9989649392628913E-002 -0.12263725236025289      -0.15993967248147356     
 -0.16844324042163605       -1.5374648865935565       0.88889561610281820     
 -0.59580497438582003        1.8225332001383250        1.6722979744314024     
   1.6317527664217738E-002  -1.4290010928908604E-003 -0.18651840770824035     
 -0.28620787633962291       0.23409860882446756       0.28877602309520028     
   1.3008878379320268      -0.27873713123402621       0.97927182489592257     
  0.59208519532231529      -0.81456045873926208      -0.90798646837753627     
  0.17567909107077020       -1.1605794743554954       -2.0299602181959350E-002
 -0.15025194478685952      -0.23550174522025882      -0.19076077270509545     
 -0.11924547376563445        3.4251757799059229E-002  -5.2455288644854048E-002
  0.61504676038013706      -0.26915860290062699      -0.53614549793974642     
  -9.7707175213091219E-002  -9.7791664354933458E-002 -0.12341679039831203     
 -0.11978390181656179      -0.14577925959693741        3.9531400222807857E-003
 -0.12671499540065115        5.2537472879261804E-002  -6.8450999045731944E-002
  0.86404747235299784       -1.3021028488315523        1.2273509651873793     
  -4.3556343432617842E-002  -8.3508097382887087E-002  -3.0089935592367858E-002
  -1.0504282539272869       0.15677782641218221        1.3666827346562840     
 -0.33061135750561266        1.2344370821686284      -0.34672572559163528     
   4.0347691135744657E-002  0.43063200681749314      -0.38452080073596501     
 -0.13273210916486344       0.51831668129022235      -0.15021617605352142     
  -1.1655772820301506E-002  -4.8756754454114683E-002  -5.5579129575873132E-002
 -0.14975228080805492       -1.1470010414214952E-002  -8.0319434428109016E-002
 -0.73205790559150818       -6.1374891030515348E-002   9.5091420627096218E-002
  -9.2381821673703818E-002 -0.17986134766332923      -0.12932749318718070     
 -0.11660500941719240       -3.4457231503799868E-002  -1.0828276346272602E-002
 -0.21179868972764626      -0.36777327573956237      -0.24818176254318977     
  0.13933777048699614      -0.41307204728170477       0.13445059030486295     
  -9.7824288103553980E-002  -1.3306621257459178E-002   2.0726553469123749E-002
 -0.26931421335376510       -5.4791438474263064E-002  0.13849260538050359     
 -0.10368002263085507       -3.7572180987153869E-002  -9.9868487902137038E-002
  0.41877965672682960       0.85869532958817041        1.3942581767208708     
  -4.9018656336898316E-002  -1.8926755247172050E-002  -2.5735824780515351E-002
  0.69157176618721938        1.0483802049992246        1.2064343881485722     
  -7.6754145972916007E-002  -3.7050512264695121E-002  -6.6987974350795162E-002
 -0.19707410581658319      -0.11257553380914649        9.3129258011447821E-003
   3.1993981034761615E-002   1.5229362873898076      -0.37653887621387555     
  -5.3899920345525494E-002  0.35571236560854697      -0.44076445993352248     
  -8.3459650574720115E-002  -1.7755521153354679E-002   5.4060333046131351E-002
  -1.4600469389890753E-003   2.4972973434655706E-002  -4.2124671651745126E-002
  0.40863050244584820       0.22888377250204639       0.40295609421677892     
   9.2554365451576123E-002  -1.1567965938188765       0.14496213707875708     
  -4.5622184707412985E-002   3.5883952951871981E-002   8.6186939920617572E-002
  -9.6848942056671244E-002 -0.55837318009383563       0.65627468755718976     
   4.3542381434723136       0.72442338262111938       -12.562255007113972     
   6.5356558685191510E-002   1.6881842019710205       0.57582366077361991     
 -0.38572024179621772      -0.40823469429394182      -0.41241071126243967     
  -8.2382273586192989E-002 -0.75717601281891744       0.31968890793029525     
  0.22679011016638359       0.81230017428999057       0.44212557321205181     
  0.79929115049521282      -0.87018137995308498       0.75914950371581613     
 -0.11837924750686031       -9.4082535331417916E-002   5.1036611374840904E-002
 -0.33145281745763844        9.2309596866670798E-002 -0.47200632185771130     
  0.18687947488016934      -0.14520735958426578        1.5871966070883033E-002
 -0.14585415214184666      -0.10998817472311835      -0.13916662519640660     
 -0.22786008141662858       0.17422617965286871       -8.8240158994954423E-002
  0.86033792725119318       0.53239875037198248      -0.45657932551072422     
  -2.0926597046561626        1.4518061814811369      -0.65770603328791755     
  0.19425795757421982      -0.86722115151061396      -0.14504455532238561     
  -2.7921440067295453E-002  -4.1365702192993920E-003 -0.18563364903263027     
  -3.8754363821605631E-002  -9.9194289397286195E-002 -0.13086563263802775     
 -0.62445603297037877       -1.0701703546935650        1.3686395768747022     
 -0.36613572912822873       0.51585467126171747      -0.52576465082099455     
 -0.12154630662523337        6.3372580756128505E-002  -7.8217366887854967E-002
   2.0044007161691781E-002  -6.4948903911786246E-002 -0.15495530531789045     
  0.95453188553794921       -1.1276792339873767       0.42470127914239336     
  0.38133026683836013       -1.2794609069034986      -0.28985647557856981     
   1.1815704388414787       0.41914162494891805      -0.88974240330298338     
 -0.11721496985972681       0.15710638677926908       0.25598007596194777     
 -0.33633138440767119       -5.8440468194141545E-002   2.9050662666932632E-002
 -0.87763002899855780      -0.93789466010615152       -1.9163547179358036     
 -0.10146677764182034        9.0316480255236906E-002   3.4047381092253338E-002
  0.95893389868314194       -1.3127603128008829      -0.68386254858148532     
 -0.16804995851225804        4.9755094068725449E-002 -0.13405686356896723     
  -3.0753202416455312E-002   6.2399619240454535E-003  -4.0072192159905415E-002
 -0.37836090269513956       0.17978243943297997       -7.3972772792700786E-002
  -1.4625903517020141E-002  0.16451201287990491       -6.0778982610118888E-002
 -0.14201536611219903       -5.3043065068132104E-002   1.0327698784497196E-002
  0.75665849943590913        1.8595223619971939       0.40769931582967056     
 -0.14516239379599297        8.9893946785672835E-002 -0.10692444394924280     
   1.4642987447903248      -0.41472459859823607      -0.71176336426246334     
  -4.8140865710648989E-002  0.10791881091030286       -4.4669180453076787E-002
 -0.14279281381307651        1.5790348900890649E-002   8.1584418994494392E-003
  -7.6911911937666430E-002   8.9053989772779521E-002  -8.0603993346175073E-002
 -0.10934982515268572      -0.13415501244115144       -9.4757776502474383E-002
  -8.0589911014366231E-002  -7.3002210993650035E-002   1.4633800151879175E-002
 -0.17136660054814987      -0.11705936545194418      -0.15498386019248486     
 -0.16420215320537621       0.12145301677084192       -6.9403560055664462E-002
 -0.10457314716136248       -4.0381310306309676E-002  -3.5763007293662080E-002
 -0.15254940151519700       -5.9460356883743411E-002  -6.9106420190376383E-002
  -3.9042084782613506E-002  -6.3844826686478159E-002 -0.13578740863512551     
  0.56183542452654667      -0.74401405518631070      -0.45338791704419196     
 -0.11185173321229323       -7.5713286148208159E-002  -2.6713177102407525E-002
 -0.18751377950675213      -0.15260554352080324       -4.7926421693173966E-002
  -4.8229758644254314E-002  0.39593587584873213       0.42770027680531536     
  -3.6905566062916367E-002 -0.18923588412434819      -0.13931121805583044     
  -7.3962940642676278E-002   3.1237377748655228E-002   2.7075569288767764E-002
  0.17008911062013773       0.20317673537983946      -0.19214787610238623     
 -0.11303494715639885      -0.33780376333048201       -7.2891382938554170E-002
 -0.16309992602001039      -0.15687390385029282        3.3558272458733128E-002
 -0.25214545790690962       -1.6134310632309107E-002   5.3617035016375846E-002
 -0.10962159613560847       -2.6423283055095129E-002 -0.12888542228962732     
  -4.7904347792845972       -4.6825125970428436       -8.1348726032261123     
 -0.32996280080659141       -1.6642854812501287        1.0138974675886594     
 -0.10549735969536503      -0.74972763437349865      -0.41444619593920717     
 -0.10863804790674753        6.2801868203367486E-002  -1.9864008360442657E-002
 -0.13828367808518427       0.13441779357872186      -0.70375170443114066     
   1.4124335776217010      -0.53285399370513076       0.45234661861928588     
  -7.9922441063493277E-002 -0.19470365069073362        2.9667340502288600E-002
   3.9071042748555062E-003 -0.73665374733127842       -7.2105051639644979E-002
  -3.6369122903141905E-002  -3.5614444114663517E-002  -7.2590500508761702E-002
  0.16569135377005875        1.0643067854549788      -0.51069997266593936     
 -0.12511250498614690      -0.14893326018033418       -3.2069234321828337E-002
  0.52472255627521425       0.85046036487783672      -0.95777158379560423     
   8.1512200862049619E-002  -1.5598497301263846E-003  0.14851575615858403     
 -0.12814885527168449       -1.6419271672823900E-002  -3.6845135689243552E-002
   7.4423838126886112E-003   1.1124506052959675       -2.5982083182817854     
 -0.46106335537059689       0.29723485139788830       0.76414174297429449     
 -0.29011737328417159      -0.11444841344827215        7.8510486655593029E-002
 -0.13003488658842047      -0.27377725869815084        8.4570922039024582E-002
  -9.1073166060342617E-003  0.19453041997467899      -0.18282975272832588     
  -5.7072457442486776E-002   2.4383143780708386E-002  -9.2188322922731367E-002
   1.0559492795877172       0.74846806157403467      -0.77785690677981967     
  0.29578862961574626       -1.3441024570449371       -6.0432210792413552E-002
 -0.10553753312306555        9.2045973555754987E-002  -4.4903108988024631E-002
 -0.11251532232813639       0.10178102584032794       -1.3300961730465946E-002
 -0.88041346009819754      -0.98685170355293028      -0.26900628360750478     
 -0.22364638241667822       -8.3652931777173228E-002 -0.10865130664237216     
   2.7317933656878092E-003  0.30598494474652188       0.55131036775474851     
 -0.15337121211211979       -1.4661743732200616E-002   4.9150452116662191E-002
  -7.7336747650392459E-002  -4.0715398002459199E-002  -3.5434262339119733E-002
  -5.4532566180576759E-002  -3.6208361968382251E-002  -2.7373276280124367E-002
  0.18315735131118197      -0.50884362742366229       0.64756951053311729     
 -0.10410645748990521      -0.10232862035489942      -0.12347907153635337     
 -0.66866270636937308       0.63131205224364395       0.40232768635653693     
   1.6078346273963071       -7.4487140780415850E-002  0.55550279009289016     
   1.3953654488896423       -1.1998724692173490       0.56098663006551897     
 -0.13618436027559733      -0.18528973411808991        1.9298659133695422E-002
 -0.12660602218075459       -4.5642246165269067E-002   4.6611538895695109E-002
  0.96913468610802722        1.0186725567464348      -0.12205784083414273     
 -0.11379357040125866      -0.32821358037527626      -0.66456050872254446     
 -0.18773259371687157        4.2678766922116876E-002  -3.5010948380767508E-002
  0.82043009526818877      -0.62059538423190053      -0.67728855430866097     
 -0.91682003082824415       0.80676483496282470       0.72749130015516106     
 -0.15969164903755281        1.8068474761021226E-002  -8.8894516834402748E-002
  -5.0060260010955510E-002  0.16432453875833219      -0.15355738521375203     
 -0.23704924890857398      -0.16097879735753673      -0.22047148794677074     
  0.11275698313008288       -1.3100688983318554       0.92410355956990953     
  -1.9361932388688764E-002   2.4623637365406386E-002 -0.18026664428517092     
  -7.6623403051897243E-002  -9.0462461404528155E-002  -6.8524462441506728E-002
  0.45917173801584760      -0.30348129770785448       -2.6354474129365618E-002
 -0.14783229746039608       -9.9323118023098372E-002  -9.3355847312857052E-002
 -0.13475713941441253      -0.11940277003740010      -0.14843140651707359     
   1.9897338760115104      -0.48047974952917583      -0.43498187698867574     
  -1.3388936197309966       0.22843581245794378       0.31385303777018697     
  -7.6386634590391606E-002   1.1889963279035229E-002  -6.3451217820780191E-003
  0.16284223592508953       -2.3753675831316308      -0.30834722862582858     
 -0.28002947234960124      -0.32189929018968988      -0.41656917421365885     
  0.41932594154002045      -0.40906144206303963        1.3502327865928618     
  -8.2955957842704861E-002   9.0544430575962877E-003 -0.14915718833197741     
 -0.13819754165774495      -0.13525194940728108       0.11188479175615548     
  -4.1595206016958895E-002   1.9013795531595885        2.1481032331071029E-002
 -0.79085961809265104       0.88451032950458974      -0.32741334401149896     
 -0.93695315658338685      -0.24316960248343580       0.89018388603621146     
   1.2077522320891649      -0.61031985153673751       0.98243760241250067     
  0.27347184546637648      -0.84810562074429352       -5.9110500288212998E-002
  -4.8854427402734487E-003   2.1059871485652304E-002  -6.4561606825764006E-002
 -0.22444372524374906        4.7442890341345696E-002   1.2336145190100938E-002
  0.80829114015318415        1.6309306293830332       0.38711894865838814     
  0.38703306525271552        1.7787494258818179      -0.56670212787751284     
 -0.21387195209189505       0.94930669168917914       0.26253120307576794     
 -0.14483993383091637        3.2006039430241856E-002  -4.7930225433108563E-002
 -0.10763480432500329        4.8639746080395244E-002  -7.8246375236534230E-002
   1.6320484906990285       -1.9186071893245233        1.3811772549320374     
  -3.0731684261608067E-002 -0.24125691016437595      -0.17039789143844727     
 -0.85620290604065707       -1.0882369999311268      -0.93284962232759616     
  -7.0686838103184962E-002 -0.23204884906442846       -8.8674081166229546E-002
 -0.50654382200942916       -1.5056723761046786      -0.26928167897993149     
  -6.1180685346027615E-002  0.33310782730572752        3.4780242415346524E-002
 -0.94856425070625139        1.3972235819157810        1.5666720002675476     
 -0.14549505530405446       -2.8502421485681377E-002  -2.7362599081652478E-002
 -0.12798201058339079       0.25268089678599226      -0.11616340962910385     
  -1.0257125970182430       -1.5378005585548751      -0.10019669059583425     
 -0.56887946875502871        1.5103618582765526       0.84597791445211945     
  -8.0627015489507500E-002 -0.12415501327188398       -1.8696114538808255E-002
 -0.55875457115444560       0.17288771085425358       -1.1991945234285337     
  0.54689674357558615        1.0738577850756301       0.25678091867094999     
 -0.97059492090374411      -0.38474678521320577      -0.82027483148275915     
 -0.13555459145955093        2.4649838482838846E-002  -2.0874934719835023E-002
  -4.5452357956150324       -4.0855568707154060       0.96469603107571844     
  -1.5466079861577104       -2.2494339341079903       0.11329923828496040     
  -8.3845062969831505E-002  -6.0953126742202532E-002   8.2744464036522622E-003
  0.98143529149747311      -0.48661837657051915      -0.50682879819202720     
 -0.41773744655236267        1.2562361197873437       0.53766792590448598     
   1.6851131685095451       0.12196085475933813       -1.1918162172125066     
  -1.0564053659695455E-002 -0.28295338320164715       -8.2629264310105005E-002
   5.9206534418922048E-002 -0.28930075718965825      -0.23246348324803504     
 -0.31218871821588190      -0.90777027026624857       0.20028126374144098     
 -0.15306026013563795      -0.17954896146082283      -0.10479840611961172     
  0.16058711742717346       -2.0818609882099119       0.67216931950551151     
 -0.23433011315229821      -0.19795716253719198        7.5462754992296155E-002
  0.29119726424745512       -1.3597994064329131      -0.15955892500972388     
  -3.8628709831901135E-002  0.25011404757726374      -0.10083030110810096     
 -0.14626003525941594        1.1039801154295543E-002  -3.0834111237451528E-002
 -0.20755333743494653       -8.8598028688326849E-002  -5.3707572390432175E-002
 -0.28966510954190478      -0.20831749892424109      -0.13938350450941839     
  -8.6016808914365486E-002  0.44597935639271097       0.10873123526195677     
 -0.59028264328017221       0.30325705915409529       -1.3603356046477990E-002
  -3.6068182190873856E-002  -7.8178828518333993E-002  -4.3522831945780840E-002
 -0.12927815946493812        3.2744714711904543E-002  -6.6594148311562004E-002
 -0.15973767528692581       0.46257031029885121       0.53419145352861985     
  0.52456283408103710      -0.57397178968369467       -1.7896889915878198     
 -0.10816594599909336       0.10708113944026257       -3.4659240256972410E-002
  -6.4788298863670858E-003  0.61183476753308874      -0.16003500500817563     
 -0.12594166859314898       -8.7629833577036478E-002  -7.7872454642718955E-002
 -0.27209795204824633       0.31968309709045917       0.26796898245377232     
 -0.20732575284716021       -8.0808443943383879E-002 -0.10623210930470356     
   5.6775749713216825      -0.86783581550815103       -2.7755190543054864     
 -0.73545280720271378       -1.3503202019720841      -0.34629654954101552     
 -0.15248681801988467      -0.10259384207013796        3.9348502444336138E-002
  -6.8842770468255279E-002  0.85606594178813944       -5.2705487686800417E-002
   1.4572045348861025      -0.21052670127264647       0.92012534219007713     
  0.95533662396457708       0.36481973322575140       -1.2907432598658537     
  0.95834387100094598       0.60374638800955971       -1.0424229501950144     
 -0.17256579184085744      -0.19211316890377778       -4.5292274222951158E-002
   1.0652226517528856        1.0297076303530921       -1.1551050430476275     
 -0.14556403135360749       -1.0324965523890184       0.24099564844671714     
  -7.5136782212587988E-002 -0.17554385165290484      -0.16527126662582373     
 -0.14955370345612506        1.9957302890100635E-002  -4.4301196729531596E-002
 -0.11466639578266756       -6.5114187146723228E-003  -6.0678171794338806E-002
 -0.15705353695398516      -0.19513738367693653       0.36940707766716158     
  -8.9065903594357135E-002 -0.17041952649415329       -4.1110357181219276E-002
   1.5220385836834154        7.2914584463818960E-002   1.4560252588110987     
 -0.12560536788675672       -7.9000979716186429E-002  -7.7234253661249502E-002
 -0.10241514454918962        7.9453234283460711E-002  -5.5077027864431437E-002
  -2.4806456280426631E-002 -0.22124723444237984      -0.11259367131710453     
 -0.52293042514684951        6.0158578157625406        3.6116998649808387     
 -0.16805798301055652      -0.18384439472199823       -6.9693930918682132E-002
 -0.41432582658613898        9.4204464304317760E-003  -1.5645846669570622     
 -0.45733444451022259        1.2594800792991188       0.37882402222199280     
  -1.1331454947407107       0.60865281217396272       0.71380364216591941     
 -0.27074631220602641       -5.0382650209384552E-002 -0.16433923596710012     
 -0.10945864246203020       -3.2143823163904572E-002   9.0754686300488444E-003
 -0.14209358787647333      -0.20253363368154664        1.5907972077327467E-002
  -2.6891193663516577       -1.9389986098844252       0.40910462593268476     
  -7.5955241758718983E-002 -0.20374179097400941       -9.1371214869739523E-002
   3.8088752449123003E-003   8.7585682808719978E-002  -2.5717186816753342E-002
   1.8417389772501553       0.40471545420452326      -0.91638966491994167     
   1.7464222061764707       0.31975134395439908       -1.0853385946082108     
 -0.31024855844351179      -0.16520612681549099      -0.11277514046945214     
 -0.23237126877503156       -2.3602008918102844E-002  -6.3070071482783374E-002
   1.3775714011171118       -1.6858513231549292       0.25271703267093748     
  -4.6922716525131941E-002 -0.10691860125130696       -3.6234378960219860E-003
  -1.7700082849253618      -0.21031918109223102      -0.57578937735067870     
 -0.12458109685601490       -4.9302689004666410E-002  -8.5638574618991617E-002
 -0.12825229664673107      -0.82186888734086161       0.21169107569064352     
 -0.55960410198719523      -0.99682653223046236      -0.94508144128203619     
  -8.6008806758427397E-002  -3.5506726135355826E-002 -0.17852200688470229     
 -0.96049488272760153       -1.0574291795692574        1.8434853713129322     
  -3.7074935927445762E-002 -0.52723188008018385       0.15403963755312125     
  -3.8922970263629078E-002 -0.18069135895695232       -1.5826660229915471E-002
 -0.12981775624299363        4.5515539302138034E-003 -0.11501779078539355     
 -0.31581354206487988      -0.54225190031980719       0.30501246641545571     
  -1.1491913256497930      -0.19047274105182083        6.7592499720415269E-002
 -0.10887854954986440        2.0576189608384133E-002   3.6577372987685854E-002
 -0.81113790384869877      -0.39655806851122694        1.5367532051246477     
 -0.40707216969693255       0.22069278886476612       0.98414079782190977     
  0.33774037035185328       0.65169453631380336      -0.26535491585930265     
   5.1967373747045071        6.0193076185843353        8.2541378476387361     
  0.61366983167196665      -0.80954346199797000      -0.57582839833281674     
   4.0164619554884942E-002 -0.12880561796152362       0.14735008986474546     
  -3.1355466362750418E-002 -0.26455861317318918      -0.21444199101916606     
  0.75513471791012943       -1.1520103984562047      -0.32489397411746662     
 -0.15413780330233262      -0.44193150293925465      -0.49822740148547767     
  -6.4885601061810114E-002 -0.11961168932921537        9.2150486409668136E-002
  0.53517878438378941        1.8880229085010007       0.10810494157073332     
 -0.79423327938160226        7.5641955029851923E-002   1.0641904288256232     
  0.80174988168064221       -1.6445728957593830        1.0686387520114253     
 -0.96674926209571110        1.2966444637681502       0.15253701442504269     
  0.12029855942087860       -2.7869350605017485E-002  -7.1563007037531920E-003
 -0.10936076135713033       -8.6371476042336661E-003  -8.0042015225181298E-002
 -0.10308450327480946        1.5261886152876970E-003 -0.15224376511904472     
 -0.12231122669226681       -3.7603502261080342E-002   6.5778997166827252E-005
  -5.5267708893795106E-002  0.28283188966624234       0.16218264602861676     
 -0.19677339584479034        7.8535194653309798E-002  -4.7084252538153654E-002
   4.0362688502164672E-002   1.5426955495531398E-002 -0.13690168717706000     
  0.84441300940437847       0.25514007447826875       -1.0628016940384926     
 -0.62605920004479432      -0.12726765948098695       0.21149707257206549     
 -0.24560259415010313        1.3537075402030634       0.92271679522967121     
 -0.14980677087478250       -6.3510490631169370E-002   3.8848970223546643E-002
 -0.46488224328064631      -0.95343557424373271       0.10931231858437811     
  -1.5972529726690645        5.6566440807799497E-002   1.3768254950460264     
 -0.25652886545141468      -0.16605642856218494      -0.12648192371661379     
  0.37439481662022334      -0.56930671114346842       0.18853507851824156     
   7.3284676577251170E-002   5.3455986913791224E-003   4.5782938981329624E-002
  -5.2073018660176718E-002  -8.5026531234453445E-002 -0.10632938878140863     
  -2.1733095600388920E-002  -7.4838955314717376E-002 -0.19666881341706782     
  0.36943138645284479       0.49674371075154150       0.94306395716229585     
  0.58592703167644522        2.2291501665263480      -0.55654405455079548     
 -0.13947145062952004      -0.34289613010352893      -0.18206546745253893     
  0.17703487724287689       -1.1258513512845747      -0.14698285587118148     
 -0.10381562227260206       -1.9300838618417308E-002   4.2368844630165339E-002
 -0.10426361381355265        9.1993564873165921E-003   1.0424108579949666E-002
 -0.15083980048467502      -0.91115159281822322        1.1745929718757806     
 -0.16750207158948338        6.9731808084641703E-002  -4.1336099674481826E-002
   1.3583284234026778      -0.22525281291111890        1.2020276494985518     
 -0.14985497140905368        2.9993928768149741E-002   1.0718455549637764E-002
 -0.19892827751881920      -0.12131927263435859       -6.8548674527065478E-002
  -7.2927636208958951E-002 -0.98963439403603326       0.52641394304303768     
 -0.22399069457075213      -0.16420848735530030      -0.12779396506879928     
  -2.6323957134916889E-002 -0.10897661723004394       -8.3871177009060771E-002
   2.0176104714354083E-002 -0.17469684479325862        1.0431795202157545E-002
  0.29314473552211262        1.6803002362150135        1.2581009560596299     
  -8.1369767545447835E-002  -6.2828857667034277E-002  -3.6980568489006369E-002
 -0.17506447991201302       0.93870209842539643       0.22779871695141057     
  0.64889753932774796      -0.67810708634735062      -0.14628447998542735     
   1.6742182793455227       0.54363318722176357      -0.77271928624124253     
  0.46092142166608285        1.6388230063902851      -0.72589187449452020     
 -0.27972284838129358        3.5175129069268141       -2.2315384372432856     
 -0.12389191852061830       -3.5654299311966712E-003  -7.0406667565390504E-002
   1.1146298420374803        1.0270583811470353       -1.0858368288088116     
  0.22720185426008632      -0.59780981396140209      -0.41440554750860686     
 -0.83135379687040523        1.2517035307156992       0.66245241592555593     
 -0.15083497762023604       0.12064912898027330      -0.29254170646195193     
 -0.10991569399848387       0.22434507854958979        8.0918377263924812E-002
  0.11276561431311601      -0.12593634029167802        8.6777585856907230E-002
 -0.41498019374756956       0.78030872949274754       0.57383077751465328     
 -0.18837576767630210       -8.0817218667266974E-002   1.8919901464773882E-002
  -1.4142880808998395      -0.22251519339861700       0.98210253947139659     
  -3.5899052113775184E-002   8.0581938547191145E-002   2.0631144211557435E-002
  -9.2736963838526101E-002 -0.15995086541822912      -0.11408082788474586     
  -7.8787685331971988E-002 -0.49022912908115157       -1.7464528774521233     
 -0.95855417738762694       0.21760038811543250       0.68302024931501326     
 -0.15087548947309753       -4.4264855236183240E-003  -2.6284080870171686E-002
 -0.16246579829455360       -7.8338993109250188E-002   4.0868501163401391E-002
  0.13218359986636513        8.7290762184419876E-002  -7.1741389395183954E-003
 -0.48387423952974190       0.55928765239526634        1.0951017124133815     
 -0.27034446803490186       -6.9613379771536199E-002   2.0853374746934550E-002
 -0.17928973101746259      -0.20111159502477766       -6.2859457982972447E-002
  -8.7187956841113842E-002  -1.5237615330681341E-002  -3.3198402575791812E-002
 -0.30629591929714423       -5.4070712086538908E-002 -0.12756448550704236     
   1.3328451979827398      -0.20388192395161520       0.64276400244153697     
 -0.10143202447626597       -1.4944603628571505E-002  -7.8297312759974799E-002
   2.1385246856385442E-002  -4.3849505227217263E-002  -4.9354011394264347E-002
   2.0651316147916581E-002 -0.12713269959385837      -0.21116096655346120     
 -0.21385774008355693        7.3455680818393210E-002   5.1262129280371369E-002
  0.58237032921042564        1.2381605805559917      -0.32281551080070070     
   1.0991354426009803       0.45227099249551461      -0.30756155732180424     
 -0.16305561194798415       -7.3179074754405798E-002   8.7391335307472548E-003
 -0.12097412823321718       0.30915912554641511      -0.15120386126821733     
  0.84891197557745612       -1.1202837236059133       0.37468686613780577     
   2.5239082181392879E-002  -3.9441951327923927E-002   4.3770385150973749E-002
 -0.34471441437276673       0.94667276062444172        7.9308264091883865E-002
 -0.30904756829388458        1.1624184994662974      -0.49406781212204537     
  0.32176353517760176        1.2108878170553972      -0.54674931632733526     
 -0.15285121082420297        4.6338098406868644E-002 -0.11991304299260765     
  0.98146122319333096      -0.41802871925138552        1.7393118826439029     
 -0.17492091247919347      -0.10579861434366503      -0.13188862295136364     
 -0.12358650181564704        3.5380178386452465E-002  -1.7369104527325194E-002
  -6.8509601961052158E-002 -0.11108101222791091       -7.8304201366188084E-002
   3.0358569117345406        3.5803350233885020E-002   1.0955615130603724     
 -0.31337637617848296        5.8241340647904184E-002 -0.11551861943752365     
  -7.6154365661640494E-002  0.17147072210111433       -7.8029754628457602E-003
 -0.10416535481284220       -4.3756432095861372E-002  -8.2631459496248019E-002
  -3.5117971064279226E-002 -0.10776285699419412      -0.12069329267174220     
  0.34375174631834393       -1.4304580615882996      -0.15596782392357264     
  -3.5954336857570227E-003   7.7969047960120802E-002  -9.7571893059811565E-002
 -0.16280425347031519       -1.2045936249800816E-002  -1.8780916411917727E-002
  -4.4766924117468014E-002   6.5263199989082879E-002 -0.27782231023479687     
 -0.17920056112460375      -0.42080357391089074      -0.15689202859770351     
 -0.12913479360761246       -2.0699368136309997E-002  -9.0256216657199462E-002
  -4.6061481836778051E-002 -0.20774258483321514      -0.12496790247365695     
 -0.30345482831870635        8.4597228143112435E-002   7.7295341276199053E-002
 -0.18759734720213883       -9.8800429740316525E-002   5.1475919600430943E-002
   1.5936358145544716      -0.86166752180465755       -2.0135606817227134     
  -5.4964384377235304E-002  -3.7521434132316074E-002  -9.4064204416666269E-002
   9.7916892569476263E-002  0.31584879544141087       -9.7203894189000481E-002
 -0.19178812142188145       0.46353753292338368      -0.52798651812456820     
  -5.0702467144939964E-002 -0.11902919191529046      -0.11341014948225972     
  0.68282833361908712        1.5633971821705219       0.29651083566469844     
 -0.16881173403846650      -0.15655771400445348      -0.12911434363122024     
 -0.50627029351928410        1.3766238534602269       0.62736538766076066     
  -7.6994943910563274E-002   3.0443641174255038E-002 -0.14615576603084662     
 -0.20723657251638974      -0.61129235496734480       -7.9365476770381388E-002
 -0.17170694312970777        7.0730981713432631E-002 -0.11801569678902721     
  -8.9676582134521149E-002  -1.6121145355283757E-002  -5.4655252327320533E-002
  0.41259419278751530       -1.7859899855436519E-002  0.53034387666316563     
  -9.3698893013923812E-002 -0.81770488081851378      -0.25104200213992023     
  -1.1579902936025959       0.16436586949262855       0.66749243677281045     
   2.4461696863873946E-002  -1.3809978446313266E-002 -0.16275554385111568     
  -2.5249854634098456E-003   6.4545646659024153E-002 -0.22409470236345624     
  -1.0312007015826430       0.63712262122623464       -1.0482224303267169     
  0.72561507202879116        1.3980976150533664      -0.21922044792848497     
  0.24469315418730339        2.5104058988679404E-002  0.32407676555879361     
  0.87727420336725326      -0.72716247973507553      -0.56000704879530339     
 -0.13574852004963475        8.4716439112674374E-002  0.17048978707027174     
   1.2578671681319533        7.9477136003643548E-002  0.88573541123407040     
 -0.13751670548900258        2.8546878936760344E-002 -0.14204675770461625     
  0.14434011413219469       -5.3365928350467551E-002   1.0873220976851741     
 -0.10633150949176579       -3.7660335004485526E-002 -0.11180095152580705     
 -0.13523480127539639       -1.9624856227297578        1.7408624317531585     
  0.20153642992508403       0.32471051501965109       -7.0908701626567093E-003
 -0.96060241575476746      -0.19517055538897368        1.0931035625717906     
  -1.0901724981669962      -0.10319216020417186      -0.94251001159613501     
 -0.26700598371216783        1.1516884357243458       0.86030210674948671     
  0.31616865892958240        1.6650646114539547       0.10144169066277306     
  -8.3719860121974229E-002 -0.13127870934821803        8.4789740832986737E-002
 -0.12301593263816302       -3.1894841117227381E-003  -9.2043398845237170E-002
   3.4878916409696328E-002  0.70730170076775278        4.5548802110109553E-002
  0.15923789938653149        4.2678328530208622E-002   6.2495657781379790E-002
 -0.35723863500280334       -2.9411062765427473E-002  -2.7154750206566491E-002
 -0.12309756672835467      -0.13504900367051875       -9.1440091053486397E-002
  0.41644855701143307        1.8599216494922226      -0.64741547873767469     
  -5.6085357731178502E-002   6.7255489829258608E-002  -7.4192722102502939E-003
 -0.60829783783033708       -1.3833515130908136       0.45381709849712981     
  -1.0689340540482521       -6.8959689724936879E-002  0.17693828885590146     
  -1.3744584834531586       0.54222062104792457      -0.40140687044586754     
 -0.21650741502792739      -0.28404205639507707      -0.17772792677967542     
  -9.0517849595364977E-002   1.1177246485031270E-002  -1.4382747363444861E-002
 -0.69512730265274203        1.1803161048100981        1.0922184155455761     
  0.20371388945801236       -1.0942849105701189      -0.12233949482424898     
  -3.7294037809540194E-002  0.14136837289514162        8.4054387210237641E-002
  -2.1622942269803054E-002 -0.18964346718461542       -9.3948118622634885E-002
  -1.3135176394589101      -0.27716399917558004        1.1058792358921343     
 -0.11018585635195435      -0.12710042436282329      -0.14676190414099077     
  -8.9640663298882206E-002   7.3577697842931227E-003  -7.6685047267256154E-002
  0.23839921448825357        1.0390325453928402      -0.69683543687645177     
 -0.35256688421279014      -0.14990828371389370       0.11734426926581246     
 -0.36780381692723724      -0.28653633534137235      -0.97267165497831320     
 -0.50300506495539699       0.16049301381017406        2.0110327656040488     
  -4.2043970530630768E-002   3.8512554701760585E-002   4.0578832822749253E-002
 -0.70993505771629783      -0.52987212062037903        6.5216366236804088E-002
 -0.16761381964056457        4.0633651414075531E-002  -1.6348631744319265E-002
   3.8663817510470842E-003 -0.10119824642667509      -0.15840639716492297     
 -0.20664163721950923      -0.13442782608794449      -0.11214039497056701     
  0.61802762483723050       0.31551370422231328       0.15814292435104144     
 -0.27947650174752470        2.2897650317014889E-002 -0.10594333387118765     
  0.33407496463854158        1.4398910068087556      -0.70925182020942112     
  0.28067069565444058       0.50067313006915737       -4.5230019603865232E-002
 -0.27842124549062325      -0.13467286853412247       -1.6361402527258991E-002
  0.10269435298482707      -0.17471170492891233      -0.11109447606156608     
 -0.14063592045044099        2.9868647684629109E-002  -6.0140087601570878E-002
  -6.9901325301152367E-002   4.5753698228072834E-003  -8.1286993483509470E-002
  -6.5675237337905340E-002 -0.55762023834088503      -0.22107058662681087     
  -8.5928577350017216E-002  -9.3343576356309729E-002  -6.9164730241442401E-002
  0.77782103194078744        1.5574418368692338       0.48451427621822324     
 -0.11111614064676553      -0.10108537913400424        3.0819477682592702E-003
 -0.12092958368639796       0.38290966199507531       -3.6260841809641488E-002
 -0.13436087834881583       -3.3953512693125937E-002  -3.7314117747829348E-002
  -1.4248378128552659      -0.25799365655417944        2.2360069817562036     
   1.9886110499752414        2.6021337068625154      -0.42311279140963631     
 -0.16088517356260781      -0.31488224904170420      -0.15949159901298848     
  -7.1198725684019581E-002  -7.3261653754298037E-002 -0.43740547761656379     
  0.66478710267228813       0.29456788978785842      -0.46469859004962660     
  -2.1341420300102576        4.5573884694502942        1.9280888240998131     
 -0.23199236343947427      -0.21460667023248070      -0.11521297363035332     
  -4.0299726380596611E-002  -6.9766008033114044E-002 -0.14410538956898689     
 -0.12788177678914900       0.14130149235791506       -8.1079858247028319E-002
  -1.1592810622004461       0.22943120586233853       0.92023346888877644     
 -0.12180388923306734       -4.2474452772784763E-002  -1.3449272435517740E-002
  -7.4001874145979252E-002  -3.9510225940083264E-002   5.3220512235791426E-002
  -1.6175175528629019E-002  -7.4956299366567378E-002  -2.5084864790783954E-002
  -7.8231911578457061E-002  -3.6325096135535806E-002 -0.17727415211167413     
   9.6986360121613616E-002   4.0747202884213685E-002 -0.62107878291562180     
   4.6149506964216880E-002  -5.2077887164077366E-002 -0.15349171429443764     
  0.34178982936920227       0.13561569805635446       0.88161577107487921     
 -0.16950663751841130      -0.12845334985623488       -7.6772851556460991E-002
  0.47928151387648038        2.4382741697828241        8.0330914072842727     
 -0.16946673212685959        1.3182502487101025E-002  -1.1646469222588040E-002
   9.9692643679568940E-002 -0.13322373255319869       -5.6042560109793159E-002
  0.16697907327229125      -0.29080062219056291       0.11104630662718969     
  0.35893806855995841      -0.56744552229417133       0.21020368311239562     
  -3.6808759329209392E-002   3.0152120531950610E-002 -0.15496999838080100     
   2.3298634170427652        1.5731435792999091       -1.9417106053493229     
  -1.0193158694543580       0.16101127718693573       0.73284195468818758     
  0.40042217009642134        1.0743405764828153      -0.58839122382121667     
 -0.29438192496117194       -1.5099438003357570       0.26228540372424847     
 -0.14642688699820008      -0.11754474333120900       -1.9779436991645711E-005
  -8.5844667850418693E-002 -0.17859415032670031       -3.9074799834025245E-003
   6.0694408740177277E-003  -2.9519011365814483        1.6609195317239220     
 -0.22320369452935412        2.0771557009277228E-002 -0.22104978340327050     
 -0.45547003893407689      -0.27881425205625232      -0.50737046447602430     
 -0.22681647664660712       0.11606844452871919        3.2787321036157328E-002
  -1.9488784041597149        2.9541074979280686       -3.0364827940780001     
 -0.18255851935129802      -0.15059709410012184       -6.9316040412491134E-002
 -0.16136817654722804      -0.35508209301993904        5.9476825858326615E-002
  0.79816324443500730       0.69126627832296650      -0.61562669876137932     
   5.6878156666393197E-002   2.4098075724351180E-002  -5.7029890055951084E-002
  -6.4464518696138923E-002   2.3944606415771612E-002  -8.5570586088265774E-002
  0.12948421234829474       0.56749080263589580      -0.11217417382505319     
 -0.67018426421957100      -0.39402640080805290      -0.93698981487688915     
  0.81900131258187381      -0.31079842848476469       0.26997289049868228     
  0.16870172326186866      -0.83077104386109135      -0.61523809088097303     
  -9.7128693868194796E-002  -3.3920891080219395E-002  -1.4819321272655825E-002
   2.5741596088419562E-002  -4.6813872693024245E-003   1.7117433580326819E-002
 -0.11755725973435258       -1.9389415686508406E-002  -6.7334440679536950E-002
 -0.13651405616045575       -7.6802858529131754E-002  -1.9944279310167047E-004
 -0.10144580885985470      -0.18863707957675524      -0.16212144363022835     
  0.35955814254350210       0.95155153194540487      -0.63693837869655978     
 -0.26978170502058069       -1.7810745949065880      -0.13947469214070840     
   2.2972763487894649E-002   2.9384715985185376E-002  -1.4197329471292944E-002
   1.5902866514333367      -0.30342912182911269      -0.60187743041236741     
   1.4209774932995265      -0.45110988019707521      -0.73307606748744125     
 -0.12611098157159681       -4.0437959264331025E-002   6.1157071651841269E-002
   2.6091132093043470       -1.9270271160892760       0.27150277215356083     
   2.1010513451010424E-003  0.50308591826000493      -0.33451027192444621     
  0.41504393725691419       -5.7576589212880469       -8.4780125914629973     
  -2.1061708466798609E-002  -1.9391751624434694E-002  -5.5274379468567399E-002
 -0.10886560174623121       -9.9766471092297311E-003  -6.9413487797310075E-002
 -0.87107875296545911       0.95665288181365016       0.45019572284876924     
   1.9019775144683926       -4.0631730165747015       -1.7351761516325044     
  -2.6811573113460829      -0.57012098776440256       -1.8148187733294321     
 -0.33420645802444138        2.0308262831320634        1.9352712863775161     
  -3.7091247955352062E-002 -0.16267816231850413       -6.5201283253984540E-002
  0.12709194408445182      -0.17232137812083120      -0.11349212318897409     
   1.1662167337774463      -0.38344912092847000      -0.55223028295050669     
 -0.85616217590537647       0.61071742247711702       -3.1404748558129563     
  0.96392615257523695      -0.33301907605641151       0.54771533049811794     
   2.3430976959429493E-002   7.5843801879907358E-002  -9.8185828478540016E-002
  -8.3637076873935581E-002  -3.0217031346572630E-002   7.0824966417234306E-002
  -1.0188093673423275       0.43516452054746763      -0.28195879824812620     
  -9.3906665242181594E-002  -9.4885744013818649E-002   6.6739739702771977E-003
  -5.3213900467233261E-002  0.50354158276326855      -0.22796075200776689     
 -0.28926417941380483       0.10760307166176845       0.37619504617726546     
 -0.16348279901152654        2.2654244191728894E-003 -0.13272257611569185     
 -0.14880504880958176        2.3457841603378278E-002  -7.2731214748268602E-002
  0.43715592868826575        1.1606583723452979       -1.0996028934585249     
   1.0988637364498968       -7.5289622838218568E-003 -0.16143019045703122     
  -2.2346051842040533E-002 -0.79467187241475945       -1.7695707701144685     
   3.6229373509106738E-002   2.0370107149785217E-002  -4.0058463355085380E-002
  -1.0097781498176361      -0.14430598132115594       0.41367016022040076     
  0.89277141605065580       0.79509378753756810       0.45276569891658230     
  0.79073191686068967       0.67174182673979577      -0.13118198420011307     
  -5.4431542114581018E-002  0.12384582713856479      -0.19523184084463957     
  -6.6380346571461010E-002   7.7099555179449053E-002 -0.21728078945506510     
 -0.11982663674926054        2.7430805449868218E-002  -7.8385537354772952E-003
  0.52851575434544584       0.85256330942519243        1.1099667732633276     
 -0.98329393949919941      -0.69375990897349982        1.6980765184767457     
 -0.12586179615175946       0.23957269001002737      -0.32752270399937561     
  -1.1334093542673238       0.95079097865865669      -0.62763527250293227     
  0.14563005933706738       0.40062623388751295        7.2815778328617894E-002
  -1.9428999196734467      -0.43430458240833425      -0.70060148244548770     
  -5.3041515052517689E-002  -7.6715641141731836E-002  -6.4705216632605589E-002
   1.6314479670805511      -0.99108516330863172      -0.65380413799894144     
  -5.6101652331206897E-003  -6.6191837737688358E-002   5.2796895896865488E-002
 -0.11835969534209032      -0.13069055959753556       -4.5000185484116884E-002
   1.4051779206818451      -0.54177672807322352      -0.68043678836192723     
   9.5826749969053104E-002   1.1151730504105366       0.11198112523262589     
  -9.8059964731294233E-002  -3.9777877307061629E-002 -0.12275447887005447     
  0.43375208088113892       -1.3581521811559043       0.78616308013034231     
   1.1781550249043682      -0.73541550250539833      -0.81664178346071725     
 -0.15573880266976833       -3.0776147173778266E-003   5.6100640546891895E-003
  -7.8194837904879674E-002   1.8185380032016696E-002  -5.5472873982818582E-002
 -0.10511019311346408       -1.1012605503325599E-003   6.5317497830809756E-002
 -0.91227749639294409       0.99042966606419669       -2.0669322999352877     
 -0.10287048148635054       -3.3981911552537450E-002  -6.9492383252115195E-002
  -2.4769864725239302E-002  -2.9627162759216046E-002  -8.5250283852781675E-002
  -7.0076482222776265E-002   6.9787818686256262E-004 -0.17730862304533784     
  -9.8322368025939910E-002 -0.36340225193401499        6.6441596909605730E-002
  -3.9630659946556670       0.58753934568835364        11.390730665298028     
 -0.96510501792639192        1.1784343642088890      -0.43877999092053860     
 -0.22618344219934969        1.9615788702910968E-002  -7.5696824761216489E-002
   8.9050239930783936E-003  -2.3817627210614888E-002 -0.15306582874959379     
  -7.3255712562232900E-002 -0.20990101725662444        6.0729980880448182E-002
 -0.15710170738607929        9.6627912525136771E-003   1.0039501710029631E-003
  -7.7584541651460323E-002 -0.10978907279266101       -4.7019643392872804E-002
  -7.3581845151171582E-002  -4.3232399393370334E-002  -5.7153771225397790E-002
 -0.53646354872022628       -6.0171234751634183E-002  0.85106255782930229     
  -6.8024428060726505E-002  0.21952492375463115       0.11807114721636951     
  -2.6114506316029917        2.3028284302427409       -3.3640638135862559     
  0.55609942044987071      -0.53705350727797119      -0.84688371001870300     
 -0.15759963591936860       -9.4576869673200073E-002  -8.5491639653758139E-002
  0.24068308071399541       0.40425389288824354      -0.22442554303642043     
 -0.18136368345519399      -0.10034874815360059        6.6709388607855413E-002
  -5.0066345767519227E-002  -6.0038933502882363E-002  -2.2927963022684565E-003
   4.4039933555966748E-002  0.14799326133879362      -0.62356620027770393     
 -0.23012496318827361       0.23627862942335359        4.7091747785929915E-002
 -0.17919468749513714        3.6050530592279612E-002 -0.12775965685809568     
   9.9864914325707974E-002  0.14181161348654603      -0.47104131780855601     
   2.6261170708227932E-002  0.72645969157422197      -0.26690544779889358     
  -9.9815238413256749E-002  -4.8741094621892446E-002 -0.13600197455636018     
 -0.12069902836074724        3.0606358339583053E-002 -0.14617825757478659     
  -7.0145981066267807E-002  -6.9507046969898650E-002   2.5506617507605578E-002
   2.6966627781237092E-002 -0.20104911605773454       -3.7800944232882848E-002
  -8.3609859889693175E-002  -1.0079338600667482       0.57157006768784646     
 -0.13609535180284660       0.10475654438778183       -6.8520837502654849E-002
  0.11622955535920931       -3.4276549221117107E-002 -0.37327471136558216     
  0.44613060404022847       -1.0375149542511644      -0.81977267289879951     
 -0.10010584949752381       -3.0747143326249657E-002  -1.4562901131184003E-002
  0.83609757364863635       -2.1208213729614842      -0.17610616960655412     
  -1.0150004104254771      -0.75618885511146050       0.14637522183480886     
  -8.1759811247244768E-002  -7.0847564115982031E-002  -5.2682984478194958E-002
 -0.11021267618913007      -0.14236254320270680       -3.8725767352475161E-002
 -0.11849126448900757       -5.3820530666100833E-002  -8.3947349009278902E-002
  0.13992176821237437       0.40407382348909909       -6.4232040008685959E-002
  -1.4497297757741416       0.84045291258267085       0.75959952382366003     
   1.3200848123111821       0.32646892958020168       -1.1049500498266625     
  0.16830999631802998        1.6438978412390681        1.0520585595250300     
 -0.12171330476909954       0.11843028903764397      -0.11691245332230994     
 -0.15231825039810126        6.2963764440406994E-002   8.1994116408134560E-002
 -0.16207863770020065        8.5512613743511323E-002  -6.5182546517299850E-002
   4.7936283014233444E-002  0.34044462772356099       0.42660306980021423     
  -9.2700371619668986E-002 -0.13740173853488047      -0.15045465658224044     
  0.20420864745104114       0.70631180944653782      -0.83576047975051881     
  -1.6709691101586981      -0.56918294556855342      -0.37577050207636326     
 -0.76392884357141067        8.5707022639728625E-002  0.62294019498568509     
  -6.8508450005934377E-002  -5.7107910448601681E-002   6.8493672854188892E-002
  -8.2735102730169957E-002 -0.14447079915840375        3.3137842113866237E-002
 -0.20174329514545269       0.80513195089815937       -7.7333285399901447E-002
 -0.11107668387664392       -7.3102645639088158E-003   1.8716528107084302E-003
   1.3420677944844457       -5.7728231030393369        1.8334961895130761     
 -0.73600753579948686      -0.78907463185873883       0.79590366075581598     
  0.80670924958412427       -1.6642967301894329      -0.92110946896800527     
  0.45555954757470440       0.13374737738376208       -7.7914837280613519E-002
  -4.1876556051422195E-003  0.12618088346820866        3.6620751651925449E-003
 -0.21960089967614513        4.6887721694485351E-002  -3.3404132584452351E-002
  -1.3519422216130856E-002  0.10993450843640297      -0.11077271027678835     
 -0.14817403790538786       -1.9502724124695042E-003   5.8976204742439108E-002
   1.4075952351187397      -0.53187809973279832        1.3408174211220005     
 -0.18610282702800701        8.9918194244789126E-002   2.6039451159742778E-004
  0.74368198409094766       0.73893268913450583       -1.1994195305014617     
 -0.29564829911397345      -0.50582228074894275        1.6827957228683754E-002
  0.16270837309632954       -2.8507736537056325E-002 -0.21647158699620273     
 -0.21794107169432408      -0.41949276470335373       0.78289769358814409     
  0.99700836712984087      -0.33198614444369573      -0.13644103050061535     
  -1.2919256538458905       0.50891307483289705      -0.92497058626793649     
  -1.5938551041217894        2.9454820230726813       -1.3904487488014210     
   3.1993969669423840E-002 -0.12212796677439391        5.1689004155712079E-002
   1.2706697322334679        1.7444887896910628        1.8201861085716775     
  -7.9262194618283516E-002 -0.10302788051256140       -1.6087328684729420E-002
   3.7508790687107343E-002  -4.4382169369035863E-002  -6.7185464668651690E-002
 -0.14574322944538079        4.6383507047991802E-002  -8.9109993338574358E-003
  0.20771037897371797      -0.34932746224205719      -0.16151862324581681     
   6.2665820544740097E-002   5.2584989932219273E-002  0.64921297564868363     
 -0.19259095109974492       -5.5749121695522166E-002 -0.11213222265969117     
  -3.5073072794566860E-002 -0.31104918898966250       0.10335063420925271     
  -1.6016484656041378E-002  -6.9124359593786072E-002 -0.20000880799154958     
 -0.11356266858641414       0.70933013803898237       0.11985258014908291     
 -0.15537563232064344        9.3956193368638530E-002  -5.2344230744266779E-002
  -4.2156456477012494E-002 -0.12331690687631078      -0.15662563867702475     
 -0.78363668505173456       0.35099159439601008      -0.89025237834927318     
   8.7343064020705116E-002   5.7787802094140445E-002  0.11167258691682579     
  0.53984537713370429      -0.79661881305548599       0.45371377155346743     
  0.18277816283461029       0.72988578094293421        1.5725655806595513     
 -0.17005649033557121       -3.3936186356143330E-002  -5.2451047612015203E-002
 -0.93491645085369446      -0.20497038464611783        1.0589568005766610     
 -0.13408153686558394      -0.14411354397831616      -0.14736326108036424     
  0.70615822953398810      -0.68423376345262488        1.0332540067288281     
   1.1688304944307977       -1.8324667346539170       0.40441131446859840     
 -0.17966492168795190       -12.810492324854989      -0.40365005357789407     
 -0.13909228205638199        8.5247939846227784E-003  -6.7489938154044526E-002
   1.9188632011351479E-002  -6.3090351862958749E-002  -8.2954904411976699E-002
 -0.20391937889688624        1.6268065734830608E-002  -8.3453651784803518E-002
  -1.8840408119319044E-002  -5.9850038708734024E-002  -4.2151776835173238E-002
   2.4500927289302634E-003  -6.8854094551828060E-002  -5.2634058613480195E-002
  -8.0417729144754063E-002 -0.10636518135103856      -0.11465178833805736     
 -0.31459472349552320       0.14620198765909034      -0.25267502464327651     
   1.1123565347474746       -1.8045395854745132      -0.21725359937355077     
 -0.45407754205224793       0.32732729494938306      -0.15851110425040957     
  0.54206388853780108       0.81975300846042043      -0.63587096026531453     
  0.58789213193242673       0.49228139400884652      -0.35642122295593420     
   1.1363793729116949      -0.35143390548084380        1.4932857828585506     
  0.12038221940036745       0.24684745746616363       -6.5499165156674227E-002
 -0.74341157004578251       0.74843105261485288       0.55609176803903360     
  0.57369774978254851       -1.1905630213107672      -0.41197546052376899     
  -6.2604590558921439E-002 -0.18304718180074178       -1.2357447223754287E-002
   3.7567432390911031E-002 -0.11606365313852039       -3.6851208428898753E-002
 -0.10207506929455354      -0.20071775234139375       -6.6184730820238624E-002
  -1.2412410747807163       0.92936329969044129       0.57598502214428726     
  0.85274444337346111       0.61972771699407325      -0.61420939190303792     
   1.1842272650581847      -0.25563853959138400       0.71746036768182964     
 -0.24698463362638609        7.9451168522746779E-002 -0.11926575915907404     
   4.4919721662221704E-002   1.8325849850735348E-002  -1.2712538835076233E-002
   3.3118428430556429E-002   2.2117580127680277E-002  -4.3771881176480419E-002
  0.10635276595682236        1.1521141052828134      -0.37060413845261164     
  -2.7007601798179556E-002   2.4237041968037061E-002 -0.10840454262035658     
  -9.4552250985730724E-002  0.92515650533603266        1.3760452625624831     
   1.7309462874484940E-002   8.7073380282763846E-002 -0.15094527732822982     
 -0.14561640711659274        7.5506817197868226E-002  -4.7132581000476285E-002
 -0.15045697055069851       -4.1253310465015326E-002   5.5303250089574790E-002
 -0.77023494356894884      -0.77282956825953930       0.34835845461388754     
 -0.13694050746474754       -5.3687322528643409E-002  0.14440373640954382     
 -0.67465379666374548      -0.22395835234889108      -0.48111010959058703     
   1.3134511547906635      -0.67101898579990238      -0.35317819292101554     
  -9.2648217890704924E-003  -9.3537128457827787E-002   2.9941396786553498E-002
 -0.12529004355393347      -0.16695505958143358       -6.5796256787581525E-002
   5.8949673414099620E-003  -7.4149040364766494E-002  -4.3980994871218086E-002
 -0.15706284586715485        5.3410380070768392E-002   2.6049852905482866E-004
  -2.9649682316903857E-002  -3.2851264812411726E-002 -0.18356216490552527     
  -1.9457151376720036E-003   1.0774101486322505      -0.57336799537551797     
  -9.5567768942740189E-002   2.6736682198010037E-002  -3.3423083900058451E-002
  0.58246902680159718        1.0300845928226336       0.47249920575550614     
  -1.3029877938337899      -0.18428342907188600       0.19095766940475770     
   1.5862787909533158       -6.9007204267216085E-002  0.97977115022847283     
 -0.15065102382615458        3.8182668528811435E-002  -1.8300050413588519E-002
 -0.23164697524008948        1.7003391792348173        1.3614507141575061     
  -6.6059743495978165E-002  -3.0917864502608937E-002 -0.18983550631396437     
  0.41363650304582750      -0.68356107432469482        2.5938627079576220     
   5.3756902086697159E-002  -8.6867185713729284E-002 -0.18705328589975642     
  0.50460946026965292        1.1919930612188645       0.32629673042412449     
   1.2057138155978329        6.9498806878230304E-002   1.2433097952277634     
  0.97839969618509459       0.63152176457529929      -0.17636076196124306     
 -0.12249445714250337        8.5160904938845775E-002   3.2539021378105798E-002
  0.67295709061996301      -0.70464859343049591      -0.17826063517005061     
 -0.89323972093009496       -9.9842547210101218E-002  0.95342527227564977     
 -0.97874868003252080       0.28435836717109853        1.5931172899208121     
  0.80896773180807047       0.91490921661353652      -0.81255496875776345     
  0.91495713185258620       0.40768131156085335      -0.97632050044470742     
 -0.46178768923809299       0.33887033685281204      -0.12202239788009872     
   1.2262837458035916      -0.96709312838902184       0.95542570901894242     
  -1.8085541903517768       -1.0346638585078505       -2.1548245027793280     
  -6.2176404304621728E-002  -1.9982819511617837E-002   5.9111238097082047E-002
   1.3667413581497607       -5.9183065025936121E-002   5.4115167498067986     
  -6.1348567833436757E-002 -0.11625002939880438       -3.1752777677796086E-002
 -0.12903705318495129      -0.36521653745953991        1.6632608971169333E-002
  0.37451912472325460       -1.1246290779478689       -1.2590643232064684     
  -5.1600388772266546E-004 -0.10176012216792675      -0.10456130537905003     
 -0.29715439386610670      -0.88961840706663298       0.19844416990086156     
 -0.13471885486610974       0.19121610476972589      -0.10468248632204348     
  0.10074154977128147        1.6238938130093235      -0.82269403974987776     
 -0.13382168393867966        8.1427430505834147E-002  0.10515878539589030     
 -0.22472700448876101      -0.12674591463899343      -0.16546556421655129     
 -0.20638239326709129        1.3891660516213896E-002  -6.8733076565449497E-002
 -0.12478102163198496       -4.6102194641165946E-002  -1.6824005469511155E-002
 -0.13763128379597436      -0.20599791081531035        7.5308073666229491E-002
 -0.26155150992274856       0.36608591944420171      -0.47255730876519147     
  -4.5614209223328803E-003  -1.1467812152522843      -0.62073634846137959     
  -1.1217005696487674       0.63188029048855243       0.66005628453696030     
 -0.60902089252261016        1.7184748332283653      -0.51744297428120012     
  -4.3461030327625924E-002  -5.8560065764525819E-002  -6.6699236411259022E-002
 -0.19428157404304497       -2.6032328002935042E-002 -0.11597416974878051     
 -0.59648846765037677      -0.96854598751072241       0.78050470748655321     
 -0.32674404902254284      -0.17975468462676755       -4.8763975458246886E-002
 -0.13159161988258036       -3.1539299441341984E-002   1.6368338540261766E-002
 -0.33160909850754344       0.59858587894871940        1.1054332474114350     
 -0.18520020955902092       0.39195708276195040       0.24237952653747002     
  -9.5083506059124134E-002 -0.13854840767890461       -2.5626945661456776E-002
  0.87819183385835753       0.31747556984562186      -0.37577838107820150     
  -8.4384596135202466E-002  0.18637377998938498       -3.9716593488733659E-002
 -0.84922015313574473        8.5779083390884581E-002   1.1670666895590538     
 -0.18418199801621432       0.69030191168524002      -0.31903069753123847     
  0.15575658735475428      -0.92881730631774662      -0.15497536601712639     
  -8.7275127413916603E-002 -0.23046207187717135        4.1587871150799864E-002
   1.1803591330188694        10.197265246397757       -4.3800025502284319     
  0.64369326593419585      -0.33445895754399213      -0.35896898712799086     
 -0.35666196912188897       -3.8886922602484601E-002  0.22952434543639280     
 -0.14826494204656421       -3.5510494566262221E-002  -7.2752325821829056E-002
  -1.1112472548401520       0.37767622059609429      -0.64131128445076901     
  0.34972556966210550       0.91819113748387504      -0.74105444145391330     
   2.3375430862493260E-002  -1.7765629344943152       0.11537136928413119     
  -1.2258964298841670       0.17900820796241415       0.20124945132553215     
 -0.17736422029088839       0.10368503947586008      -0.65602887420602007     
  0.18388750500859849       -1.2371753950189752       0.39735505892417333     
  0.34558087654112224       -1.8072646500065399       -7.5427636254330077E-002
  0.84902508984080072       0.85318396753392134       -1.4624683099887754     
  -6.9396548369567643E-003  -7.1513049522210381E-002  -4.2732130149805994E-002
 -0.12932026019814966       -9.5858631974902075E-002 -0.10357196903110795     
 -0.16889257645335054      -0.14439125800124766      -0.14225172327004521     
 -0.17830157168961425       -7.6957172213714259E-002  -1.7128072223480287E-002
  -1.7318471452195712      -0.72776724796638270      -0.86987004139471746     
   1.0092212566301562        2.8112151540603225       -1.4127352396913673     
  -2.6266020655754323E-002 -0.10352324567950520        1.9607420068245833E-002
  -2.6414238766541663E-002   3.2273567910655110E-002 -0.15913594920757207     
 -0.71518491205118762       0.11363970037569628       0.79101101598880796     
  0.28527472497088607      -0.36737035441214089       0.23431688836534398     
  0.49337427155869096      -0.17085449120574639      -0.44351037381792874     
   1.5260282116294221      -0.12033694709746999        2.0309145310409362     
  -4.1153891610899898E-002 -0.25437884300736691      -0.26534721793817823     
  0.80716298405406250      -0.85489316647833691       0.84234872986507281     
  -7.9508833989256449E-003   1.4347090700281218E-002  -6.3628273069626790E-002
  -1.2487723770759007       0.33365047991426999      -0.59400017423690477     
 -0.98823274444401221       -1.0067138564699039        1.5000247053827365     
  -5.0710066901820630E-002   3.9372273249475842E-004   5.5021874104270403E-002
  0.15238959893757342       0.64316594589516374      -0.32813842768509532     
  0.28923613673035636       0.70926891669476955      -0.19625676329947928     
 -0.33498733843705986      -0.68157815397863064        1.0626772037820811     
 -0.11311840201150938       -5.3586149712313805E-002 -0.14555129682929249     
 -0.13661430703638255       0.10912171570020017      -0.18143415558174117     
 -0.51187251458319893      -0.45104328273107341      -0.35297818503742845     
   1.0620964279601328       -1.5287862025704686        1.2414182461120003E-002
  -8.7684303242286238E-002  -2.9575813335643242E-002   3.5274635848546912E-002
  -9.1572799464906138E-002  -1.3138287568740990E-002   3.4882606488501715E-002
  -2.1632942170061519E-002   4.4647583679148714E-002   4.9423130893109339E-002
 -0.17650387261330089      -0.14943817142339605      -0.19530164494054525     
 -0.12338535563796395       0.11096400214025204      -0.13585916159770300     
   1.1884424399202911      -0.53185049656740035      -0.48078366326300892     
  0.32121986291846116       -1.4107211672491367       0.20321866031226163     
  0.27631175020138282      -0.14308158241764901       0.12612345247807719     
  -1.5419903062734477        5.5994582310806260       -2.2430112762028140     
 -0.26219657216358810       0.28492149551873769       0.50052222386055290     
  -9.5201044518537031E-002  -4.0529428183675054E-002 -0.11032930738032617     
  -1.9256397354913746E-002  -2.6824733077052316E-002  -5.8807390536921571E-002
  -7.6749594647727071E-002  -3.4927705877079544E-003 -0.14969641143433071     
  0.10409467535996013       0.11577928782058891       -9.3333199790315846E-002
 -0.30303762476205792        1.5252862814399835       0.45995502427976465     
  -8.4003399635737705E-002 -0.60537445488752728       -8.3662192771994159E-002
 -0.11050089948508114      -0.14953583608439777      -0.12962829015387742     
 -0.11146561224826618       0.12571285754557227        6.8265858041237415E-002
 -0.82258844673540166      -0.63776743832662774      -0.56605638631422661     
  0.19986255572595041       -1.6375147309636198      -0.11927816590565106     
  0.69901435568163084       -1.0022562720013035        2.3705858935533719     
   1.2672302880555886       -1.3261334939593004      -0.49631375702866254     
 -0.31204036206898728      -0.32464455057683600      -0.66188130916732268     
   1.1141302720984438E-002  0.62306883269365365       -1.0734794418129607     
 -0.96402238801450790       -3.8779562683965065E-003  0.76352232925285235     
   9.4182373248032164E-002  -1.3667519098231282       0.84303083711103255     
  0.64225282183952925        1.2539605073168150      -0.21454529299883449     
  0.11824740395106587       -3.6667141236956080E-002 -0.13781872175432877     
 -0.75687137814528216       0.50144111653009205      -0.14476127511554623     
  0.61927045425343485      -0.69377368347560331        1.6381357179843001     
  -2.1288074836984430E-002  -3.1973348407369942E-002  -7.1987552392043172E-002
 -0.14515852081171235       -8.0961164569578435E-003   7.5305715321567934E-002
 -0.23097305481987065       -9.0906051141554714E-002   6.8386323339784033E-002
  -7.1686520764853559E-002   8.4213855725101650E-002   8.7915196067832949E-003
  0.11092911392336484        5.3757472921628836E-002  -4.2626716103413127E-002
 -0.22563178174677181       -4.1017882915129568E-002   2.0241893075085414E-002
  -1.9340539714386505E-002   6.4414162123394722E-002  0.26122296181043825     
 -0.34197194233809169      -0.46213350418078969      -0.20472130259885243     
  0.47024899884900717       -3.5827891970788164        1.9480769422057702     
 -0.11504300712748131       -5.9674919879414590E-002  -3.0747374740222717E-002
  -3.1012733142035707E-002  -8.7963526620289931E-002 -0.11519355607445088     
 -0.90256795944677759      -0.94818637164080921      -0.82011020000580159     
  0.15356088922904623       0.50814367108145109      -0.17823488702556819     
 -0.61776203032869303       -6.8187036005848314E-002  0.51263795938629531     
 -0.43656058350930621       -10.291397828037722        5.3980543803321721     
  0.11075923285542942       -7.4680472940576337E-002  -8.8825872248313745E-002
 -0.23907065527962110       -1.2797041417485607E-002   6.2786014802782952E-002
 -0.19774158239744821      -0.12280523535992262       -6.8263420403257544E-002
 -0.94585054936151358      -0.55922253843416470      -0.89394012544703871     
  0.27893282720462381      -0.10967611464311521      -0.18216060735289499     
   1.0586909787397527       0.49262299114459535      -0.12231590957345810     
 -0.29470508241354304        4.8189455419935757E-003 -0.10186041099432015     
 -0.46596532735126439        1.1924709897276651       0.39947189406668815     
 -0.48727913409383017        1.5056272870383416       0.64257332470784545     
 -0.26435080242954007      -0.17523591419031390        5.1684544127813148E-002
 -0.11243546205174521        1.3161135778302782E-002  -8.8802358562358796E-002
   1.2001953837740547      -0.46547471150209635      -0.66363691529278224     
 -0.37464710010141955       0.20161013504083652      -0.38291139818877051     
  -4.0280782964489031E-002  -6.8855436824051375E-002 -0.11256166482147564     
  -8.0650863015842039E-002  0.11402263874594860        3.1061423126366991E-002
   8.3700741907799751E-003 -0.10048994492181904       -6.2518209482656101E-002
 -0.61753828436753599        3.5495479044860887        1.8428770687961793     
 -0.45161199445620931       0.68670768772053514       -5.4773936084176286E-002
 -0.69724437994382094      -0.53745585334454304      -0.42101458843709100     
   1.1676739422882021        1.1358873837701446       -1.3039971307840250     
   6.5956231423786787E-002  -4.0644629470682460E-002   9.3597041220013014E-003
  0.20149378676523663        13.069975977348722       0.41453599500193700     
  -3.2736080693048938E-002 -0.11484278777425549        1.6162263398767286E-002
 -0.10566114897987505       0.62403109972469883       0.10463771026513063     
   1.0895624018374692       -1.1122029855730176      -0.34731850897981059     
  -9.3282816096482812E-002  -8.4958227496258143E-002  -7.5281554332805853E-002
  -7.2440844480361657E-002  -3.1047985108268287E-002  -6.0750321774756186E-002
 -0.31690852063847530      -0.62927498337104404       0.43006170011055100     
  0.56438436421180571       0.73729110776578033      -0.64340247570642084     
  0.88988660043538115      -0.64749948132828961       -1.0981451504858732     
