  -4.9359665443725650E-002 -0.21940395486782185      -0.34458276094370682     
  0.11890226031577542       -3.5781153885740290E-002  -8.5410508932346571E-002
  -7.9934512690583145E-002 -0.13682229288020964       -8.4062332346720420E-002
  0.10693284254277406        4.6982694915604320E-002 -0.28742015952496763     
  -3.7620965977879881E-002  0.13778976299673909        4.5495415462041978E-002
 -0.12359610199264975        3.5342610301553626E-002  0.10018002194244781     
  -2.2180581879916996       -1.2600565574500535       -1.5929458906291980     
   2.6796796322272363E-002  0.44397336887652511       -1.1126624507341809     
 -0.19304369116697637       -4.7729991160204384E-002 -0.23050164632519249     
   3.5971911285176312       -3.5072006209352971        3.8239517767081983     
 -0.22661748008402521        4.7745699402362972E-002 -0.12852874866526368     
  -5.2495732889749146E-002  0.10716592757806254      -0.16123213023938199     
   1.4480711978167662       -2.4219067910922423        2.1711844902575241     
  -3.8959177019500184E-002 -0.18426691041271925      -0.16409274058405671     
 -0.15999099441739270        7.6942360775638929E-002  -5.8332931842944725E-002
   2.5186040204950326       0.98531388764225347        2.6331932522653103     
  -1.2118607362067342       -1.4054638134113075      -0.40528245625821274     
 -0.76973374787185422       0.11347226345424796      -0.68594091464995344     
 -0.45234577547747246       0.56842507894206851       -1.9204740967394944     
   1.7195949065725469       0.29521517757490340        2.2647286378721407     
 -0.12976688256244420        1.5121998211916816        1.2897285075406804     
 -0.61962714095029292      -0.61350287791551572       0.99731377229790918     
 -0.13308207715208975       0.88254906112330112        7.6763517965075436E-004
  -6.3377484581010393        4.6128450507428260       -1.5492232122914777     
  0.50925561089097138      -0.15298679328422415       0.77646072147615863     
  -2.4959630156018951E-004 -0.11628208931400372      -0.10095928230173930     
  -5.7682247587589407E-002  -7.4879474845247901E-002 -0.19818604535454545     
 -0.21144176870163808       -8.9810056197281427E-002 -0.10474974634336016     
  0.84613781903619856       -2.4651949897127867       -8.8193789954876686E-002
  0.14822816386735091       -2.7594552770148773E-002 -0.39240411249838314     
  0.59189975973309594      -0.44726493098344128       0.95984312960865248     
 -0.12437026330841360        8.1466689591708968E-002 -0.10128606392242977     
  -1.4328743209670283       -14.217045679632863       -9.3127245957052516     
   3.4558161141914415E-002  0.13618699375127988       -9.3945248976203252E-002
 -0.11989633291385356       0.19990874667108458        5.9705353554136413E-002
 -0.15118804935443908        4.7600276430511755E-002  -3.0639843899865182E-002
  0.40601056432967297      -0.75208375251058646      -0.50226193860365287     
 -0.12459977167116833       -4.2117315839877968E-002  -8.9916696754153980E-002
  -6.3605413014097209E-002 -0.16143954188746093       -9.2265619085606446E-002
   4.0672269226001936E-002 -0.31269837563601616       -5.9110297915411850E-002
 -0.24341312127976131      -0.40788266491594416      -0.22881998544638865     
  0.88563329919790501      -0.38048751154523625      -0.51198722982268641     
   1.0702694819304311E-002  -3.1375172580400817E-002 -0.25881629714725846     
 -0.81094552748712789      -0.73371464344529058      -0.80692538178551310     
 -0.24759165419762774      -0.15867051421356354       -1.5016563567654915E-002
 -0.41446745248805261       -1.0347800711307868      -0.26806690989988330     
 -0.10323201723713459      -0.27419702614377284       0.17060743384476579     
 -0.12586201106148462       0.50616793090627221      -0.13545770488655329     
 -0.16561198088020168       -4.1631371511496103E-002 -0.12771424934972064     
   2.6105205032779062       -1.9494000097662905        1.8771644399710401     
 -0.23013078411004678       -7.2717274932127887E-002  -6.5544498977253729E-002
 -0.58726492530812968        1.9886318089555299       0.43716864068065464     
 -0.10022244385961608       -8.5522304283303291E-002  -9.9705105435699035E-002
  0.94314546329339211        1.0030040809838059      -0.57233762305628233     
 -0.10234262617071804      -0.38582888580558566       -2.0426983616587220E-004
 -0.26081202320257552      -0.49919614359253756      -0.17057097396411877     
   8.5869336325798420E-002  0.13044955369130101       -5.0976477046355620E-002
  0.51313491582591397        2.3560197549431852       -1.3270555147470429     
 -0.21413187573954348       -5.2164778914494073E-002 -0.12984925438892991     
  -3.0971785180408135E-002   6.6411835839448458E-002  -6.1210955562025340E-002
 -0.10901399306564800       0.31697971040215694        2.2991509924710697E-002
 -0.25185563707775355       0.35425032141542195       0.24946535618617816     
  -2.8842569090242638E-002  -2.6577185498880551E-002 -0.43658338207950831     
 -0.96110324608831266       0.91228763052852624       0.11361657223762435     
  0.15098543143408361        1.3115259419049612      -0.30132935614072370     
 -0.18658725885572888       -7.6784017962648263E-002   4.2530077933358029E-002
  -1.9751702578842484E-002   3.8190937159222074E-002 -0.13601828860773557     
 -0.23397019981376493       0.33774335533895328        2.5085161413447504E-002
  -2.6539292069816145E-002  -3.6865501582194857E-002  -6.8989106705087344E-002
  -2.1078805281212332      -0.94229966158708478       0.31981871081051949     
 -0.23415324406842508       -5.4991871150837230        2.1864662739973877     
 -0.13157413682739222       -8.0783719007256199E-002 -0.10295716775872643     
   1.5996511695877678       -2.6609475538478518       -1.5688736466406354     
 -0.39455800373935462        2.4030853493276043E-002 -0.14308274623811387     
   4.9208720135786164E-002 -0.16020212863522545      -0.28032672573604456     
   8.5075367646701303E-002 -0.11123770737175329      -0.42517112465854878     
 -0.15376549362222733        2.2219386615029403E-002 -0.10651923298211617     
 -0.17414987153658690      -0.27456633620235205        7.8252503250269875E-002
  -3.5894732318435527E-002 -0.37591494618175264       -7.9196432240595041E-002
 -0.12780141969387848        2.5328404014863845E-002 -0.11190525214776173     
 -0.75175954857755112       -1.7005637293576104      -0.34673257358239573     
 -0.94174915124524805      -0.74424070229979389       0.89314222587074787     
  -1.1317049157669817E-002  0.11592523808956684      -0.13141379825302812     
 -0.19024626630156644       -1.0013823803347959      -0.36963446940262151     
  0.57384235662476124       -1.1295390801490870       0.15289560610988573     
   1.1972030397456965      -0.30096870779831636       -3.2333072458049266     
   1.2879085312042351       -3.1263077467097466      -0.55929785593454506     
 -0.15618093967315214       -3.4881588022291125E-002 -0.11055848366867595     
 -0.46598886296238934       -2.3505390775410318       0.31711349962417645     
  -1.6477742288881325      -0.80313850520918395       -1.7027631149091846     
  -4.5500724722616792E-002  0.18094695948641185       -5.8395879843093315E-002
 -0.20909131588622235       0.12673310796417833        1.1888469995478492E-002
  -5.4245373683311594E-002 -0.13166181623970560      -0.15202302588460107     
 -0.26650186091039640       -3.2294813490789782E-002  -6.3240184625227000E-002
 -0.14672961939565482      -0.10104601430969185       -5.4094023522791426E-002
 -0.27992700454463371       0.12912466442659556      -0.10965504142433957     
 -0.17899766883040322        2.2938205624398390E-002 -0.13592207233746192     
  -6.6081365027869043E-002  0.20396423039522496       0.20460249356065946     
  0.22858143316301402        2.0816816091607993        2.1079492340985126     
  -6.4829911809374280E-002  -3.6149915118903052E-002 -0.12041120070605117     
  0.96210381083317242       -1.6715350274698433       0.92197204596602855     
 -0.14116656891214419      -0.19803500525423207      -0.17953801486191354     
   1.1553042597509062       -1.0289710635752851      -0.67282937365443218     
 -0.27136825047603014        1.0395719773020793       0.22114350988825004     
  -2.5604425369982788E-002  -5.8148607636899566E-003  -9.9988946091536135E-002
 -0.98468855033760327        1.4442428244459462       0.70500281567017564     
 -0.11962305390236047       0.84809175534935111      -0.45244193749272948     
 -0.20493081073146457      -0.35596984140114474       0.11358132135420104     
 -0.15106458165823092       -3.2245407664184184E-002  0.11217051142411058     
  0.79997140207211226        2.0216897439050858      -0.77355355469389564     
  -6.7311574043852518E-002   3.2076262771406822E-002  -4.2086885267788744E-003
  0.19007537590443088      -0.30486568673044906       -3.7180512929276596E-004
 -0.17693317753905988      -0.10629168805711986       -5.2593018833389009E-002
  -1.6718108176878621       -8.8243728522622106E-002  -1.0379981823840259     
  -6.4493103547681965E-002  0.76915501814419884      -0.30032444047962076     
  0.68055043405820292      -0.65031341123933395       0.13102856904626350     
  0.35425262091952098      -0.74949566342657015        1.6526982445106677     
   7.4369095431043988E-002   3.7009505317665711E-002   3.1373030745904765E-002
  0.25206651845787081      -0.78557624735332954        1.8705071724116919E-002
   1.5092421321563703      -0.83108791590722764        2.7475735369549410     
   1.6432223422805460E-002  -6.0934161017508329E-002 -0.14022970744043181     
 -0.36134057455583679      -0.42058983966805719      -0.22052694405674916     
   4.1688030670514471E-002  -2.9883727002672077E-002 -0.10295453068955328     
  0.34495793066181374       0.12321440873817394      -0.33460235448372022     
  -3.1926187118544163        3.2297378836600652        4.5577050582320080     
 -0.44688422708362874        8.1211515880969753E-002  0.20483715312789094     
 -0.82369753178782124       -1.0940637016578831      -0.95214999807148981     
   8.8997925880425904E-002 -0.22190900686127413      -0.26770730448011126     
  0.86056928624612328        2.0806853050326026      -0.76936717011729450     
 -0.18723357949736458      -0.18193815759911780      -0.22477194735986300     
 -0.54316346207308619        2.3780485372162175      -0.36846142501254620     
 -0.50202055940686652        2.1446252536803461       0.35688600197638670     
 -0.25598922750319308        5.1334986377379120E-002 -0.11067612415330905     
   2.9175392238451865        1.1307551351583596       -1.1179229251689538     
 -0.19848651587366298      -0.20913144934297495      -0.46706971499907640     
  0.15064463482651305       0.43923118609170603      -0.34325587501140714     
  -1.9063519458170475E-002   4.7591504927281363E-002 -0.11792970455839000     
   2.8577596775642422        1.0184910554846962       -1.1308747073516823     
  -5.2435078538521432E-002  -9.1939926478898135E-002 -0.13303661523865454     
  -1.0051876769035652E-002   9.1033871751021983E-002 -0.17045182795009214     
 -0.21375717430174559       0.21337013616419220       0.14127450536438746     
 -0.23788600420793066      -0.20433944560024411       -2.4224606010747347E-002
 -0.13800173734919932        3.8715450545920342E-002  -1.3567276653991588E-002
 -0.27058095553829919       -3.8069140022009375E-002   6.0954753171852311E-002
   1.3852609053844307       -3.2833712947958547        1.1390849511802599     
  0.17166882094312308       0.20785408169685302       0.19545650512838572     
   1.3324394616371424       -1.1560631712439644       -2.2049179508756382     
 -0.10891252397973400       0.11836555934058458        7.4003889294733199E-002
 -0.46674868746968923        1.1491521243185288       0.57139638774451451     
  -2.7307624167254878       0.14445099304582315        3.1198320733185789     
 -0.19187935335496945        1.7245612326666142E-002 -0.14294182662699240     
 -0.53358837133977688        1.3651887744800448       -2.0427357482177895     
 -0.24293314030151889       0.10405957959810094       -4.7152406556201613E-002
  0.36370811402229525        3.8098247589588188E-003 -0.12775173487829317     
 -0.19653657804478972       -2.0584557694979251E-002  -2.3184500269660097E-002
   2.2001886561879420       -3.0563031442190858E-002   1.5842740488777189     
 -0.16410320206388360       0.26374889451230993      -0.13547838466794010     
 -0.29473443702611973       -2.6077003983427294        1.4340117171349136     
  -1.0647609750360094        3.1926377406352309        2.9226503846853076     
  0.16594839833445382      -0.18540782148476520      -0.24070949377547135     
  -6.0697716272670593E-002 -0.18192056826825126      -0.25242214135097768     
   2.2591711386316704      -0.45175394602500885        1.6696323518991418     
  0.87571946901372311       -1.2497436683136418       -1.4043472025955703     
  0.20273945779461011       -1.6600076513678275       -6.4205166655519036E-002
 -0.24899151655959034       0.33341763891219550       -2.6765582356592026E-002
 -0.27314603437305618      -0.40226145851219341      -0.12206073554244737     
  0.69036477030667476      -0.44655845061227528      -0.73139013357070537     
  -6.6129944865701298E-002   3.3356860974562544E-002  -8.4922083181195318E-002
 -0.17725771676511751      -0.15915692494167222       -3.7899302456968390E-002
  -5.6934294062462185E-002 -0.12183810914432983      -0.16263393060269574     
   1.5140477924342060       -2.4212867919170256        2.1645410242694001     
 -0.14946865357730668        2.9870930773053347E-002 -0.14461895544187597     
  -1.7430130022364498       0.26734345100922785        2.2528735110875791     
 -0.59686438027997979        1.9457724949218276      -0.46081946178172123     
 -0.14597263591529244        5.5173271485564536E-002 -0.11883465657595009     
 -0.20094486434000527       0.21672503391721337       -2.2735354435560937E-002
 -0.25685920048757788       -8.7094666447637636E-002  -5.2803717957377733E-003
  0.21550513885454764        6.0591682719708176E-002 -0.21835925081576346     
  -3.2144452004089312      -0.12007854036618532       0.68449938915013886     
 -0.19792046181357784       0.22717059991270358        5.5994784033427919E-002
  -8.4932336723420251E-002   2.3190173857841591E-002   2.5684445966049241E-002
   5.0715294872719419E-002 -0.19689380577316584       -5.8989454033891414E-002
 -0.27178569744672160      -0.71230560416673927      -0.24285998950572033     
 -0.18585931192152191        5.0919722906434997E-002   5.4653949229595801E-002
   5.7425467843752714E-002   6.0576576028811231E-002 -0.21727199840473851     
  -7.6592139777183557E-002  -3.0883212310387067E-002 -0.15147304481365206     
  0.70902487533361569        1.5902509881320286        2.4927895244453713     
  -7.5456627586746469E-002  -3.4349325503547461E-002  -1.0824941084257605E-002
   1.2578673678675059        1.9007560162048420        2.1632333201220035     
 -0.43837780189769660       -5.1353068625991517E-002  0.28937554566250390     
  -6.7704377380415140E-002   1.6644279941599477E-002 -0.22892091752372423     
  0.17050789626769022        2.5545843152303371      -0.67252991485253244     
  -6.0249299334905998E-002   8.0532998767396516E-002 -0.10446808238114025     
  -2.0851595437009866E-003 -0.14594893745427631       -1.6735741190224859E-002
 -0.45946555477941775      -0.43792251458652925      -0.15615197634810138     
  0.30111068640812461       0.14943692654085663       0.58814679089204291     
   3.0352455015526653E-002  -1.7927117714956462       0.10578506913569445     
 -0.14014355861851643        2.9494246147817500E-002 -0.26625439056699834     
 -0.18443205684399444      -0.89211231905870070        1.1162501183941962     
   7.0580445074095737        1.2921977907154820       -20.333421832808526     
  0.11285994273217639        2.8779255574000775       0.99518081242051071     
 -0.27599491112199803      -0.26393105700945718      -0.18652995300718847     
  -9.7912696309616867E-002  -1.0340850833833977       0.40556443734390735     
  0.34606442675416338        1.2472752234910427       0.79549316486130417     
   1.3198927663713880       -1.5699175069838924        1.2148493577157158     
 -0.14035112995718668       0.11877374902094652      -0.17067133648637919     
 -0.21450821252649782        1.0409056022370518E-002   1.9493428653353340E-002
 -0.23238951896732002       -8.3436718215505495E-002  0.19670528334925724     
 -0.16937106904153523       -9.1171815099383699E-002 -0.14970653597086256     
  -9.8644448613105853E-003 -0.17627650169452183       -9.8576559469682301E-002
   1.2755290760170175       0.71850362209066143      -0.79322441977475355     
  -5.0308979916096304        3.9120727246103351       -2.1115294705663930     
  0.11214986702746051       -1.1961747069612527      -0.22579939821964795     
 -0.39914534224051940      -0.10697985020073369       0.10368003816736877     
  -6.2946376793870440E-002  -9.1890392309698157E-002 -0.16172593838273919     
  -1.1253517182676340       -1.9018922121407060        2.3752748697991914     
 -0.69123681574461115       0.65720781550912932      -0.77683769527253421     
  -6.4550783919679472E-002 -0.18746934766230156      -0.16538385809247605     
 -0.58339018059433512       -7.5277535290330544E-002  0.27577660377993524     
   1.6132666406503580       -1.8647795346275604       0.59641684959592400     
  0.55138040050428949       -1.9722398006756479      -0.50490458782850023     
   1.9283411928135350       0.72264953468245352       -1.5504283776685894     
 -0.14941390933677884      -0.26067549833359555      -0.48674918200273282     
  0.14453222009825661      -0.21558563578722093      -0.20881150204836088     
  -1.5451240690475476       -1.7014335262187752       -3.3458564939544417     
 -0.11013357488946074      -0.26389264594428186        1.3810161577831947E-002
   1.0631251850449916       -1.9749412240853412      -0.98404625876653140     
   8.5373825687100162E-004 -0.29385081632343329        3.1551535069646842E-002
 -0.21283378603244815       0.37395629568202698       0.10510059206588944     
  0.17461668839158601      -0.43887722640463173       -1.8414105218344035E-003
  -7.4080013672421827E-002 -0.22333639150533963        2.4660039740105090E-004
  -4.8356032280282707E-002  -2.7140311314210939E-002 -0.27025894413779655     
   1.2849356552923288        3.2643886189913633       0.67871858139878982     
   2.4195297886429809E-002 -0.43705360397009435      -0.23222948233239660     
   2.5004295672144785      -0.70744532400995641       -1.1774890570975749     
 -0.17657987483914767       -9.8798148395793470E-002 -0.10944654051794397     
 -0.14207561036715832       -1.1201815992453299E-002 -0.14800912113850104     
  -3.3996655035350681E-002   1.7776460057558237E-002 -0.13533589505436408     
  -9.6013895372190738E-002 -0.19374569477158540      -0.15226442790475403     
  -4.3178352361880841E-002   1.0738393147624471E-002   1.8937554441282246E-002
 -0.17484634825760290        5.7681062770568642E-002   6.1754588192348067E-002
 -0.13755361113297726        7.3292716023148574E-002  -4.7896330137667378E-002
 -0.15123227889152729       0.81511928703489434       0.62242649485843482     
  -6.6196125637229847E-002   2.5682105052740198E-002 -0.12884514595619875     
 -0.16070567258912216       -3.1699810121325001E-002 -0.16570899794211660     
  0.69301574380751352       -1.0907811639366403      -0.70028807472093002     
  0.10411052153578783      -0.17378780486076104       -3.5229483822708373E-002
  -9.0065192496793386E-002   7.4540780659811859E-002  -9.3105154469203061E-002
 -0.12262899513984007       -1.1604252075926247E-002  0.56791318818669889     
 -0.30845425744432536        3.3399785074369644E-003  -7.3876218904008695E-002
  -4.0864560021056803E-002   6.9425031920601551E-002  -5.6378399172429407E-002
 -0.25289168010319013      -0.21974909269900900        1.3161183265814908E-002
 -0.13438639324733534      -0.24110304687178108        2.5139211087527216E-002
  -8.8242100181430666E-002 -0.11493490126129585       -6.7183176374263728E-002
 -0.12218385295810183      -0.10074377246264139       -9.7826721316049428E-002
 -0.15679582036122955       -2.1178220238209866E-002 -0.17720919761714118     
  -8.8176723657277272       -8.6496076731382221       -15.005647825863003     
 -0.57844233900785758       -2.8278487037996753        1.7613872243532753     
 -0.17718959205636831       -1.0853869986071150      -0.52255391027534837     
 -0.11054719803080217        2.6841610212646725E-002  -6.2410364738808038E-002
 -0.17636014366136923        8.6849714542050815E-002 -0.49857321358896634     
   2.3766379508159576      -0.91996652293434344       0.72514372266754656     
  -9.7889110129489962E-002  0.13048381166332496      -0.23141731334604451     
  -7.3636467516236911E-002 -0.67284603571350432      -0.23456206872385696     
 -0.13295909375623849       -5.6168900249370081E-002 -0.24054332365000111     
  0.21184897080317919        1.6625666708105054      -0.70820774157094524     
 -0.19538051113560431      -0.15442911175670757       -3.8740005424734693E-002
  0.74587531476533020        1.3180072817003636       -1.5129596195118258     
  -8.2931633194791549E-002  -9.3752541425687050E-002  -6.6265902425809875E-002
 -0.17091571824143303        4.1061353639564391E-003  -3.0075232600924106E-002
  0.13891943378604141        1.7138903254281355       -3.6438942867981901     
 -0.75982396220273629       0.46635916339733618       0.93039581672482441     
  0.23770850280121730       0.11274595782079889      -0.30923151102066954     
   6.8627014938106745E-002  0.25219166006259325      -0.32238094450251731     
 -0.33784420832190037      -0.30328827961869853       0.13846863360734421     
 -0.19505861881630693       -2.9362585533813941E-002  -9.1122903611281281E-002
   1.6890512572864229        1.2201185839576862       -1.3734002082993217     
  0.46152066438483147       -1.9337776422439887      -0.10909036221063013     
 -0.19127544776577718      -0.74673506168565795      -0.25783190021464719     
 -0.10700145169570585        2.4667369380898954E-003  -6.0881770845420270E-002
  -1.3517159350841752       -1.6513047953789248      -0.42432384422240976     
 -0.18334098862556164       -1.8435425928965118E-002 -0.12691398643289326     
 -0.16137894235506312       0.22248940319334559       0.45014678615479686     
 -0.10122333063735073       -9.2026228687010325E-002  0.41358864435055714     
 -0.11368465820032078      -0.19464520919765996       -5.3214951231344981E-002
  -3.5234707442144360E-002 -0.11087874419732859      -0.13184911898190566     
   5.7613059049563951E-002  -8.3943963884848316E-002  0.55372982262598569     
 -0.14763652455091522       -7.3885809729122495E-002  -7.2850712439108845E-002
 -0.82418971148017806        1.0057081118475446       0.62515744158833897     
   2.7905797911301788       -5.0511304696191507E-002   1.0454406055541026     
   2.4805984271695363       -2.1972074784213023       0.93894129540795701     
 -0.10681390675704594        4.9212974344579240E-002 -0.22656841693359545     
  -7.9480273356286352E-002  -7.4220448304227873E-002  -2.2204959172993366E-002
   1.4970325279834440        1.6689774187198960      -0.23575595966752066     
 -0.15249600067894575      -0.35947944648600183      -0.94538455278051359     
   4.8923274797097120E-002 -0.40214805528736486      -0.10998895818094268     
   1.2110502672851504      -0.97729710818633719       -1.0199228353217984     
  -1.6206936262869220        1.3192487860905870        1.3112760301409825     
 -0.10924710210137260       -2.3890281651257325E-002 -0.17343496362386951     
 -0.12015805986520278      -0.46329100547435959       -3.9734686543191379E-002
   6.3073731678843975E-002  0.12547905738174084       -7.0575293048069254E-002
   9.1793799601978518E-002  -2.2695715846698477        1.4869354178387726     
 -0.30367773691047095      -0.11633414748592799        8.3219013859295726E-002
   9.1950418662814032E-002  0.10021310494874400      -0.10025651623365574     
  0.36142952289833763      -0.34676069837100615       -6.1547791955244006E-002
   5.7094657839162441E-002   3.3422247305337494E-002  -9.4257958685691881E-002
 -0.15749392721575523      -0.11499293728563974      -0.13376213048062097     
   3.5270255519609739      -0.85911243187689190      -0.82539287935161754     
  -2.1138141195652294       0.34585934562412646       0.50797668711699273     
 -0.12026796891265233        6.2646245539962273E-002   1.0349028240484812E-002
  0.47305119308607901       -3.2712321246680598      -0.72894682783771825     
  -6.7997562826090208E-002   5.3789068696101765E-003   3.6473314565639570E-002
  0.66534732450592005      -0.70374581215207421        2.1648412257880052     
 -0.16019221110462833      -0.17905048928189510        2.1465519886253184E-002
 -0.17858290243384364       0.14264490998974938      -0.25725926702246782     
 -0.14231277891731303        3.3156448034902519       -5.8419319800140307E-003
  -1.2378898573983199        1.4739945863593120      -0.45104264191985749     
  -1.5828828219534410      -0.36420885117317575        1.3519655592174573     
   2.0746937473987246       -1.1151112625421700        1.7088018952905373     
  0.13631223930373648       -1.2982313385990460       -7.5192676196673733E-002
 -0.19659055584767277       -7.1918437705904656E-002   2.0809822131847181E-002
   2.1751114820744294E-003 -0.25897923787699229      -0.26139410879014385     
   1.3365184390380409        2.8037062289768500       0.63938773840819862     
  0.61583733210535019        3.0136364285196180       -1.0560047705248221     
 -0.42476938748541043        1.3659976875475861       0.17322778873008512     
 -0.18121217373689172       -3.0585506207769782E-002 -0.14562287291230100     
   1.2568680077255912E-002 -0.15615953943456878      -0.12934163484153333     
   4.4975869150401797       -4.7231193160487290        3.1161476363654526     
 -0.21885829969791165       0.26798056499865852        2.0389320925636799E-002
  -1.4409025275474208       -1.7985764506001172       -1.4580546799727856     
 -0.18083637060839092       0.30694263758400864      -0.13863099533311887     
 -0.79458663160955700       -2.4294418624560015      -0.49657352355677387     
 -0.17381588320238495        2.8774989593804610E-002 -0.74029616400905918     
  -1.6667610752782707        2.4380694103227563        2.6916168789523072     
 -0.15820417619275579        4.5505326664599943E-002  -5.2786903313001940E-002
 -0.18488070454520658      -0.35905340800440427       0.13153702819828389     
  -1.7782417644951203       -2.7229784435685644      -0.22273424210445047     
  -1.0925589269760063        2.6315463307678053        1.4252619365910359     
  -4.4203975028715307E-002  -7.5831127243447941E-002  -3.3379226957380596E-002
  -1.0051844219448800       0.15716398148746119       -1.9041714321004972     
  0.78502281076944413        1.6708154939393174       0.51512375567489532     
  -1.5172557497120096      -0.67194022587610092       -1.2182419191808354     
  -9.3442559206948578E-002  -4.6904904849358366E-002  -5.2679349402262404E-002
  -6.5580669658966366       -5.8333973783556150        1.1612970719279323     
  -2.6940378358155264       -3.8557032121902037       0.20613063066981732     
 -0.16984059134895227       0.68077308149096560       0.20972412638704924     
   1.4913193478365419      -0.80837571683066656      -0.91197130675174576     
 -0.69446576573403718        1.9800915334546483       0.81477092284255881     
   2.9298338278763314       0.18329949538796628       -2.1681941505556712     
  -6.8367248015067140E-003  0.31735787745806637        6.2591313186846118E-002
 -0.15131394065108306       0.26806725749760058       0.25883601094886649     
 -0.37326927290292033       -1.5599035431725021       0.31016095939371169     
  -5.3343768544263939E-002  -6.8269514494964656E-002 -0.12334022737208243     
  0.28626003106882369       -3.6282790220042656        1.0807250392845340     
  0.17692819979039839       0.10287965624514397      -0.18815132320007349     
  0.34297580753378448       -2.2185467985717842      -0.22350427115310376     
   1.9591332499640714E-002 -0.36652499384911214        2.4622724083178789E-002
 -0.17929865382541540      -0.11143856423209147      -0.23812719201819377     
 -0.25153568904023876       -9.0684696824460051E-002  -6.7145785626754148E-002
   7.1266895551393081E-002  0.27560670104268825        8.9176984445332202E-002
 -0.12828576845092676      -0.13641551171306782      -0.15741968335871301     
 -0.81698909952546162       0.35280822047090121       -2.3325376698822230E-003
 -0.31520530954506004        2.5283625045255421E-003 -0.17815499286127220     
  -1.8796932809290769E-002  -9.1776464518309439E-002 -0.14454327513839083     
 -0.29206569064138854       0.40919507398989280        1.0998911671723206     
  0.80841259042488267      -0.98408446696061147       -3.0108379833253327     
   6.1425096304745117E-002 -0.15213778874820966      -0.15643952072208708     
   7.3312092538033308E-002  0.61999154541612722      -0.18822800542563528     
   9.8523669829292809E-003  -4.5622674713419242E-002 -0.20728607724552542     
  -4.2223712515035872E-002 -0.14461190574952287      -0.16805545191932980     
 -0.18255221912355146       -8.1328428313273859E-002 -0.15555590194920915     
   9.9769140983346034       -1.5446950962431818       -4.8878447620690704     
  -1.2023175177115399       -2.1740535382904040      -0.57878540860250904     
 -0.13394008159384213       -5.5043522966700564E-002 -0.21833840030649501     
  -8.4446870287541151E-002   1.0344622473681833      -0.15473549701524938     
   2.5868080849875561      -0.39959561120261522        1.6726655438045370     
   1.6366459202932375       0.68507239424934530       -2.1420905354297677     
   1.4980817353607114       0.98153367129260027       -1.7444216656328182     
 -0.42578149110986718      -0.23972813964447812      -0.36945519648501240     
   1.7782788787010517        1.7757637386744134       -2.0595579558077906     
 -0.45349080078262394       -1.4870534951301284       0.17094492542990919     
 -0.12595808527751423       0.28298611658960243        7.2383269418460100E-002
  -9.5049216395211467E-002 -0.41697345818402998       -6.7360019012955422E-002
  -6.4306537565628919E-003 -0.22244385299610162      -0.10666613469420846     
 -0.10498247229035518        2.2884667886759547E-003 -0.30158906802049917     
  -8.9561540776713577E-002  0.21429175287298644        5.1899572758785067E-002
   2.6271509037381597        6.5814939354082738E-002   2.4884728792446036     
 -0.12576153946264068       -4.0777643123359325E-002 -0.19283528379765763     
 -0.18714642431178530      -0.61089975385116413       -5.1830019324936930E-002
 -0.16399646212480959       0.17543002312052117       0.34503063502132564     
 -0.94902673316437036        10.616480762272564        6.3601941166371088     
   9.4256243057753208E-002  0.18302016262979454      -0.15732789314744985     
 -0.70035405406023077        3.0181398581505703E-002  -2.6341534942633857     
 -0.85095518560700600        2.0456141946168978       0.53333661241282015     
  -1.7887669663063781       0.97699803755174452        1.0581773157330698     
  0.11789771972689282       -3.6299511839942261E-002 -0.12739320451611066     
 -0.20547155463377098       -1.8781886366892406E-002  -4.3400355725022779E-002
   1.4959638853290587E-002  0.13250404837674307      -0.26568107316982609     
  -4.2030052939871752       -2.7053245991557042       0.53679206043368011     
   7.5775041973670069E-003  0.15876396080399280      -0.15495705217786576     
 -0.17678980334915437      -0.20214350496546413      -0.20388967969070237     
   3.1650261669177717       0.71748973592635590       -1.6757690151769196     
   3.0479119227151239       0.56062206747897425       -1.9852827772215291     
  0.19732480572211544       0.29230247103522439       0.16278121362057205     
  -2.1919788372407954E-002   7.5230767172392771E-002 -0.20594547202604177     
   2.3798299318449292       -2.9607307808397647       0.41205910404916180     
  -5.2947695825043758E-002  -7.7050692478423499E-002 -0.13017184282683147     
  -2.9404705777885818      -0.45071048558657839      -0.93187009360284834     
 -0.14993194138283025        1.7099908715239823E-002  -6.3023699851428250E-002
 -0.15814276697411289       -1.1737031182135169       0.12876790393634702     
 -0.85131796366416435       -1.6927899699684703       -1.6235793064668365     
 -0.16967310766563143      -0.17610159418236046       0.15554294344004951     
  -1.7361662802342313       -1.9176769425449773        3.2918232569942254     
 -0.10084282293196689      -0.14891400781338213       -9.5338219912592712E-002
 -0.38439629990365159       0.67636346989174689      -0.46379024228334798     
 -0.13358724004269129       0.10697340486171446       -7.8269796934576294E-002
 -0.35401668943486148      -0.46798114648993194        9.8189514035399383E-002
  -2.4468236695743717      -0.31116892569844579        8.4956874538868785E-002
 -0.19160706343109649      -0.27495548303460543      -0.25925445935819919     
  -1.5276471884315781      -0.70879967413701883        2.6646918518986173     
 -0.41821047606850131       0.65023961163555144        1.1961555316779116     
  0.22764456222082005       0.74852843124283108      -0.28554891709585090     
   9.5953073383685616        11.081974603715901        15.210258221638485     
  0.80131155587920500       -1.3487827327077206      -0.95609859049555512     
 -0.19669971888851059       -4.3368476831767838E-002 -0.31305040133843537     
  -6.1530483440386682E-002  0.31843848992821805       -1.9598491653752697E-002
   1.1243525381047317       -1.9470272059293956      -0.57657952226317799     
  0.20632803718521797      -0.73430184848773727      -0.32083055265036992     
 -0.22029079476837674       0.12536200572849185      -0.44253958266328441     
  0.87430013585422239        3.3467168437610071       0.18402265247977381     
  -1.3163059992273887       0.13219679489408834        1.6113195158104652     
   1.3677410085029611       -2.9637355985985998        1.8935113592907258     
  -1.7104415367505017        2.1792723791718474       0.18817666116345319     
 -0.32545863346771825      -0.17968324929192825       -7.5949412509428077E-002
 -0.52926102494475236       0.54771562206132884      -0.36991365304733687     
   9.3455626517488566E-002 -0.13100193800312510      -0.15715963312072626     
  -7.4683119580114199E-002  -3.7656890750790699E-002 -0.11812052711660126     
  -3.8449680554562798E-002 -0.41086160192353960      -0.37274730218156471     
 -0.13699427369286393        2.4063984120197120E-002 -0.10879080936038066     
  -2.5723585016993671E-002  -1.8385566657057220E-002 -0.14040551688705746     
   1.3306150018999037       0.43130223841631388       -1.6744265589263014     
 -0.41849385018058338       -1.1481776140785124E-002   6.0654094749139437E-002
 -0.47976217727229975        2.2758203426541845        1.5260105721724497     
   7.8950840876849601E-002 -0.18496280829326039      -0.12162231066253586     
 -0.81192316049213942       -1.3730671653605884        6.4199051901562831E-002
  -2.7674706016659782       0.13463565571584504        2.3519474896228467     
 -0.14872778583270305      -0.17852509435018232       -5.5769057852547863E-002
  0.38971547017379937      -0.59734789491265317       -6.9905370760095870E-002
 -0.32913043906549155      -0.20790476318661658        9.2173517022918743E-004
  -8.8766243735045144E-002  -7.0568111771627334E-002  -9.0332906993485410E-002
 -0.12510366839321588       0.17400805589015109        3.4241488330500128E-002
  0.59160752936183802       0.60640947421192115        1.7199684483329847     
   1.0356621300693549        2.9547018961704596       -1.0619906560935726     
 -0.13535128327127136       0.15427907448075723      -0.14710123524901172     
  0.30793070394394112       -1.5854116067385235      -0.32743414238335972     
   7.6455411713724601E-003 -0.18170471621050821      -0.12050155985958842     
  -4.0550443960627708E-002   5.5680739586720644E-002  -8.0687023568855917E-002
 -0.26113577055554382       -1.4589625190588817        1.8692586049515691     
  0.14247003925092971      -0.55773165018282667       -8.1282113286771915E-002
   2.3606845926104123      -0.44253610707993141        2.0739661782283481     
  -2.9966564320580362E-002 -0.12577136521989019      -0.21315365189674504     
  -7.5727845850872194E-002  -6.4724287362831192E-003   3.3428377054457357E-002
 -0.19069834309186479       -1.7079276943156796       0.87465556673094202     
   3.7941904423738817E-003  0.20333507012008428       -3.2865240177940354E-002
  -3.8996500517055194E-003  0.15511162435498860       -1.8699579892724579E-002
 -0.34917577000662947       0.24538533785856223       -2.2519538416072606E-002
  0.47373372580097295        3.0010086484649658        2.1638039935872571     
  -9.3218500831427242E-002   1.2351873662897975E-002   4.8393704996508247E-002
  0.24069190301161070        1.3812887598566861        9.4458504829874751E-002
  0.78466282819098820       -1.0587216773908923      -0.31987016512949623     
   2.8759402767138638       0.92713460182691554       -1.3849045140621903     
  0.74733770713600112        2.7687803373783635       -1.2061756433519595     
 -0.50866872178684430        4.6129788395557725       -3.2202058858145515     
 -0.13486992924487851       -8.8898266622876754E-002 -0.12692593885604500     
   1.8730910712007631        1.7479274443113488       -1.9827628050832966     
  0.15929605546411557      -0.77795284774203388      -0.36213188408486219     
  -1.3330260335889403        2.0173564372259549        1.0983154040188665     
 -0.19706520807969094       0.20939215058126973      -0.72014541428617929     
 -0.25475949442741591       -9.0086429594406145E-002 -0.37939015279828708     
 -0.35563898179868808       0.14384254517373082      -0.39571607255981184     
 -0.86588797735350498        1.5680335557199392       0.88449847434153894     
  -2.3137232107855947E-002   7.4830702711028985E-002 -0.17401883152905281     
  -2.3818549371398530      -0.35805156612499128        1.6213964109911390     
 -0.13418732361610802       -9.8372906956327347E-002  -6.1853327666741439E-002
 -0.11967447403145837       -7.4725790954575211E-002  -9.3904261089857541E-002
 -0.18588685858905465      -0.82340329387831401       -2.8150661544066127     
  -1.5533397244881977       0.35320734708712798       0.88007646977435694     
 -0.16028203167512969       -9.7952122184768439E-002  -9.2316892459427827E-002
 -0.12891228445426942       -9.5136879174670314E-002 -0.16863977779020239     
 -0.42866483019469626      -0.24123941946916044      -0.29692762229975772     
 -0.90273671162337943        1.0802770303375770        1.8735877222067663     
   2.9398605777246435E-002 -0.18915247828646176      -0.11040237487729615     
   6.3214241544886599E-002  0.17381293815127527        1.3570208902384768E-002
 -0.12478984469486483       -2.0718953264576862E-002  -8.7355986325162130E-002
  0.19440535598971043       0.11184030315630557      -0.12262615008551112     
   2.1822894970775626      -0.36003936576360934        1.1464451431267990     
  -3.4129538820349789E-002 -0.20645830035666268      -0.12115435084287958     
 -0.11955501790458953      -0.18321918167145296      -0.13702593195367216     
 -0.22200759453184973       0.30284195653115575       0.26421480753479537     
  -4.7205578741335776E-002   1.3502263024498112E-002 -0.15116083915296799     
  0.87660418731123868        1.9291335165524426      -0.47922777439360659     
   1.7517837618006802       0.74343324443517411      -0.54593154991124171     
  -3.2436042044710747E-002  0.10311241843818375      -0.11618356088308965     
 -0.16554414702227577      -0.46773364909752085      -0.12303804325788441     
   1.3117782326685641       -1.8783133947886963       0.65245643845127854     
  -3.9793288544886923E-002   3.1230124996767833E-002 -0.12854113518710034     
 -0.56486302429976165        1.3125981150567205        2.5724713751483597E-002
 -0.49061795645603196        1.7393670601769740      -0.75730883643966651     
  0.49232884850183600        2.1565192442452794      -0.79071211003307229     
  -7.2295895855588321E-002 -0.13279972458415948      -0.24832408091854652     
   1.7334838520811040      -0.81241220089532751        3.1175753913405733     
 -0.16646133811635000       0.14022243889650746      -0.14620936938638984     
  -1.6936609706905293E-002 -0.10921134019612573       -6.8349888734709083E-002
 -0.23616547666641427       0.10193327964735506       -8.6196421963516068E-002
   5.1602147968765850       0.11339664731169123        1.7886678672356024     
   7.9703606375479172E-002 -0.34325690011862370        7.8646202353586589E-002
 -0.17315830710098121      -0.29879048010099135      -0.16603141370203436     
 -0.23969615291738844        8.4441323460525582E-003 -0.12648458972294885     
  -6.9772938140240742E-002  -9.5389708581169866E-002  -7.9937193480025995E-002
  0.50427856671778792       -2.3023853491364936      -0.39177246816966177     
 -0.26196678510084537       -1.2092736620499934E-002  -2.8061835834301335E-003
  -8.6417777912585786E-002  -9.0014018715742355E-002 -0.11665360993183763     
  -7.2309734983211135E-003  -2.1310914616279930E-002 -0.33828730403767693     
   2.6524670043540040E-002  0.35523734845911126        6.8754846441148557E-002
 -0.16292971715358612       -6.5692601373940590E-002 -0.17746484750051095     
 -0.15649486334706603       0.21044103149347940        2.5990061273213967E-002
  -1.6270710488506945       0.40676645227476005       0.36915168397251236     
 -0.19883759130499443       -1.3588029866136678E-002 -0.19326174307752778     
   2.5149803522176075       -1.3910903965149186       -3.3049584300882828     
 -0.79012388487304441       -2.6271943508580153E-002  0.76323058617999295     
 -0.34524137855666315      -0.30405174541276830       -2.4016062932434648E-003
 -0.26309867468502346       0.33319113063185873      -0.39455419885450449     
 -0.24290066414707506       0.67454656249922851       0.56478907230358233     
   1.1432756220552764        2.6870539022161148       0.49678458532868536     
  -1.9639794484217602E-002   7.3805103542763095E-002  -7.4366665045241448E-002
 -0.87172216210979647        2.2574634719477453        1.0204663050632681     
  -6.6332281128856710E-002  -7.6956553121883039E-003 -0.19443427256782755     
 -0.28972277658695356      -0.23217663653170764      -0.17020820692096120     
 -0.17603090197030069      -0.29040854040522118        6.7148156425191563E-002
  0.17594043944773469      -0.33002345492450097      -0.16760132865587896     
  0.35348725867838249       0.11435426380298863       0.74083378272568445     
  -9.2445082597673478E-002  -1.0497371733891074      -0.17584853287289784     
  -1.4823326251160156       0.37244628278531183       0.88627327738356021     
 -0.24718374815047725      -0.19304267498740249        8.7466814978439125E-002
 -0.16691378193416079      -0.35525131110941471       0.17640927577518850     
  -1.7510841681725633        1.0399757902877065       -1.6710390909263868     
   1.1318737206207470        2.2942028638735521      -0.42612300666920161     
 -0.15867070989984414       0.57064459610495966       0.28878680262649281     
   1.4044499625646172       -1.3297422043268388      -0.92763584823357925     
 -0.12583808360351040        6.5023307063638673E-003  -6.9779873653606689E-002
   2.1031188238351710       0.11676656229536606        1.5088942337549924     
 -0.10148434650002541       -9.1357895616999332E-003 -0.17444845560508745     
  0.17600413223129571      -0.11924574646125566        1.6722963301709364     
 -0.12482740534495791       -2.8768877104611890E-002 -0.14068621167105630     
 -0.25857478465687378       -3.5431504404214507        3.0535010062832257     
 -0.28410163011980799      -0.21196863478513356      -0.12882437207674283     
  -1.5412835103307494      -0.34550623881077358        1.6813556680540500     
  -1.7013685033770576      -0.22131756281539589       -1.4301415368691925     
 -0.52900516967821254        1.9583979531349407        1.3395367797581901     
  0.53779846618595739        2.7659598498455731       0.12673867067165104     
  -7.1985750069525692E-002  -7.5691701116967047E-002  -4.1405317934781201E-002
 -0.20898008927366249        7.2209909473615871E-002  -6.6396529667648974E-002
 -0.23249909302464758       0.89145128242736738      -0.14012006859960188     
   7.2977386254043333E-002 -0.21790720118425549       0.54093795998296423     
  0.22330921026179215       -7.8058482471203708E-003  -5.7007140804816787E-002
 -0.12724672791846575       -2.8039768775105375E-002  -8.9237308410760968E-002
  0.69141402723510148        3.0894746459434526       -1.1237800600724335     
 -0.15792600341561661      -0.30867676764960894       -5.0641656637753128E-002
  -1.0952545808733121       -2.2600159527453618       0.68889591710456299     
  -1.4432500515769406       -2.1126241563625154E-002  0.16158234820027303     
  -2.2457667799022119       0.76589741393082189      -0.75327082224303776     
  0.18045451949322522      -0.35900322066368029      -0.54740347071394047     
   1.5928840612832165E-003 -0.16813872428644114       -5.8791090974932063E-002
  -1.2264114440298894        2.0068991388245556        1.7792480357563809     
  0.28446551202839038       -1.6168331530165163      -0.24981976171487258     
 -0.17726372356013650      -0.13628692949232329      -0.14128041441550648     
 -0.13323044223427014       0.16973854805727293      -0.17881941605878895     
  -2.2421599325221067      -0.44479337556269516        1.7309672558279272     
  -9.5184628298039906E-002  0.15203196777799138      -0.21345030461768136     
  -6.5474032980639404E-002   4.6888423300366848E-002 -0.21174605566772214     
  0.30523685547968527        1.6897922578159272       -1.1375539363928733     
   4.3842295379914603E-002   2.2929150261302936E-002 -0.17102052676473473     
 -0.59872964487322466      -0.32166584352541994       -1.3149770517711499     
 -0.94650491126743874       0.29722724204540613        3.6125593761079910     
  -1.6253375444711095E-002  -9.3049075357632419E-002 -0.10470454819110819     
  -1.2508474961885856      -0.45338555620658944       0.17742913442656344     
 -0.25599882676851177       0.14229969592791392       -4.8850897245966522E-002
  0.14700682789707731      -0.10380763156575468       -3.7263996155087770E-002
  -3.0440314114660218E-002 -0.10598261400486066      -0.10397112330428293     
  0.75398952619399751       0.41770227325400189       0.26276207684957481     
  -8.5062004075073069E-002 -0.13940516891748295      -0.11023682616169402     
  0.48155244752296789        2.3901547209775198       -1.2480419899275168     
   6.2045950292668545E-002  0.51028142803786258      -0.26523620951826038     
  -3.5393946158341398E-002 -0.11599640557067041      -0.15488037378841507     
  0.58537723623068560      -0.36042006552758765      -0.31194658226282634     
 -0.15494105715980794        4.8418434115398194E-002 -0.19245394043209821     
  -3.8903230336181885E-002   4.9632341554498860E-002  -9.6047920960623340E-002
 -0.25029264163314918      -0.16839958755104006      -0.11509857302336063     
  -8.9611326473193850E-002   7.3281732925775320E-002 -0.26822400651869610     
   1.3168795920951613        2.7191542695215198       0.76539518561356046     
  -9.3212904417424615E-004   9.4249036934262349E-003 -0.19048615186697360     
  -9.5536871900333914E-002 -0.27039800753461762       -2.2756346264121274E-002
  -4.8254034857295514E-002   1.8762806525738123E-002 -0.11157403287633134     
  -1.9618237888194774      -0.50708308764423671        2.8091156539001263     
   2.4857217119213169        3.7209685255161680      -0.63217176976995471     
  -4.0632625042486915E-002  0.47453658772230750      -0.16096552762951630     
 -0.23401306871732933      -0.11859284476333005       0.45476302948034575     
  0.57573730822571079       0.84082637862316645      -0.31907691830035445     
  -2.6021511922641283        6.0314651036932405        2.6841990117466081     
  0.14957518705416092       0.29900213690819916        1.5954146201317760E-002
 -0.13113994365115897        4.6086664875133632E-002   3.5648642840885730E-002
  -4.0004382298733732E-003 -0.32077561493996615        4.2063498452600004E-002
  -1.8685222507169075       0.40057604107631500        1.3897752781882622     
   3.2519012122138258E-002 -0.14788135204654262      -0.13910401363310221     
   1.3102803874395309E-002 -0.16167226493497436      -0.11440566776651551     
  -6.4879945017936022E-002 -0.13658584109996288       -7.3603060548645904E-002
 -0.15586922531870573       0.13675398984185877      -0.12096383901017436     
  -6.3884205872123567E-002  -3.3773321027524651E-002 -0.78337010162012233     
 -0.37277950122494291        5.8327214769239730E-002   8.9334953190199629E-002
  0.57602021874913412       0.16416280882409670        1.6899132086750102     
 -0.23280818192429956      -0.14982249954249305      -0.15941355004035132     
  0.82209465709963458        4.4180765594007729        14.482306645406034     
 -0.13318338375824776       -4.2684798945623680E-002 -0.11009502719414743     
 -0.33432210310683796       0.12094019443050197       0.15018531495113027     
  -6.1519580106785769E-003 -0.12639827856606348      -0.14288681333161163     
  0.12237894319989556      -0.62753901832730485       0.27555573560108121     
 -0.18967165137927355       -1.1428982878977157E-002 -0.12923239889593036     
   4.0102355504172564        2.7627182958380030       -3.3813754420295012     
  -1.6520140072591487       0.16538074942536279        1.0075837795840594     
  0.47389333654461530        1.6653807984136020      -0.96877412507206573     
 -0.52336661462591483       -2.3799446067795937       0.35625726621644249     
  -6.0834139272569809E-002 -0.14195885296762475       -7.8442674060466205E-002
 -0.22275201505570333       0.53505159638950373      -0.31054270666898653     
  -5.5973040587995793E-002  -4.9411553067813694        2.7118409793455123     
  0.15474732283900378      -0.17610561878812619       -5.3289280992169577E-002
 -0.56714377159011575      -0.46207324472280620      -0.29098531809922085     
  -5.8574639321529558E-002 -0.20476382851556688      -0.23673913394711404     
  -3.3686757886012866        5.1344914800246126       -5.3086222973259618     
   4.0761823838400053E-002   4.7138707873793442E-002 -0.21737178495787102     
   6.2014457988122440E-002  0.48593143216068369       -3.0711839684716843E-002
   1.3886071752806626       0.96583462798533704       -1.0383424980603626     
  -3.2474637963308614E-002  -2.4207363610055422E-002 -0.11683349166728295     
 -0.13278831590053455       0.11820313602013550      -0.10885603385002682     
   2.8907770791875096E-002  0.27231814932656284      -0.17411221561543191     
  -1.1621841855943338      -0.77249020361314391       -1.6192212968614321     
   1.0639817033345933      -0.47373727147582884       0.28120576083175230     
   6.5161157621804508E-002  -1.2358079115274576      -0.91380859139411708     
 -0.15268081897091462       -9.2944911566692226E-002  -3.0773559103210512E-002
  -9.4928813981354970E-002   6.0567043175913188E-002 -0.20303765824639852     
 -0.16545372596549454       -5.7803877438223038E-003 -0.13442741608676126     
 -0.44589178678244434      -0.35318404997854103        9.8387927922436516E-002
  -4.0410703516989534E-002  0.32848285133226851       0.25529625934520556     
  0.70823360487023423        1.5555895419080727       -1.1628631930151858     
 -0.43218562112811909       -2.9364853148150214      -0.24401235337221294     
 -0.33856130415045321       -9.4905505694546755E-002 -0.11509050241277144     
   2.7747826589844560      -0.51867984346856733       -1.1845806379061532     
   2.3483669369268814      -0.82216467470759680       -1.2069728288430848     
  -5.0592439791222611E-002  -8.0022953589356183E-002   1.2892970095608384E-002
   4.2717576284818675       -3.1554615090794096       0.42446109544613453     
   8.3118044474824598E-002  0.27290404847693850      -0.29690567162546028     
  0.70585434374201794       -10.406233849011764       -15.378750235283791     
 -0.12430244599957312       -2.3457431741902651E-002  -9.0528332358899011E-002
  -7.6946593554246170E-002  -6.6095836265427033E-002  -8.8179606436071048E-002
  -1.3548355009232027        1.4440614499242865       0.70561609021409311     
   2.8136146559631650       -5.5004779684189060       -2.2086765351512159     
  -4.7881623746340587       -1.0721750125167466       -3.2784560315107591     
 -0.62871623790568376        3.6868931084533498        3.4736335000512599     
 -0.23907222369178394       0.23813624409016057       -3.8614637780112889E-003
  0.52175869815403164      -0.32954462455725264      -0.27310922738351401     
   1.8620608763042545      -0.66513799446790001      -0.94089867741962718     
  -1.8200485239243773        1.2561972907296854       -6.5474467499687758     
   1.6562298342844974      -0.50456776221690181       0.78099045042676440     
 -0.23219639429480618      -0.10766760600114027       0.11475348200142646     
  -2.1488568931622327E-002 -0.11958366808133436       -8.1919163091004454E-003
  -1.5644107836256993       0.71936521564696987      -0.37019525847415025     
  -8.8202001750518177E-002  -7.9776087803557882E-002   4.1124202905653849E-002
  0.11608877721095440       0.23163420478145411      -0.14844466709234286     
 -0.52303855034592472       -2.1688104546976637E-002  0.12873448184661906     
   3.3583681165839839E-002  -7.4020049852920877E-002  -5.9702153186051259E-003
  -1.3230282096581101E-003   1.8617254064427876E-002 -0.18685150707651868     
  0.64948117972870933        1.8920221351244000       -1.7424802329996087     
   1.9528208336164303      -0.19500759032304638      -0.28063759170172048     
  -9.4962850906829162E-003  -1.4222760770938960       -3.0548764431444129     
 -0.24793139614871165      -0.19956394645624118        3.2899633853136739E-002
  -1.4756265276386500      -0.19967401108420380       0.48938639914494159     
   1.3880148230411216        1.3488815381288917       0.77468111913758275     
   1.1111828751358006       0.96977451361994160      -0.15498301413212867     
  -9.1548422645182106E-002  -8.3722955705620439E-002  0.14926856754116713     
 -0.17119116664761841      -0.15373719112925852        2.2561072269553888E-003
 -0.11136308864427964      -0.40393767892163246      -0.34328347484562288     
  0.87078844993423055        1.4537115624451802        1.8526593448860418     
  -1.8098284861588125       -1.2306902795389847        3.0213379169380703     
 -0.10451723740550621      -0.42376819235876051       0.11009170677579662     
  -1.8715506972386053        1.5340731270073025       -1.0244349712680212     
 -0.18237741290930970        9.9703153059861313E-002  -4.4723457195885448E-002
  -3.3053842911223792      -0.79876171539873542       -1.2199310292141530     
 -0.26326931975356077       0.20779974829475728       -8.1724683387693051E-002
   2.7213638657229553       -1.6852525907006206       -1.1264100645788380     
 -0.20989065436337806        7.1552357156884058E-002 -0.19902450894421536     
   3.8343329263597570E-002   4.2995643032808957E-002  -9.3186007057518908E-002
   2.3478711559884538      -0.89984041271684545       -1.2334728228170122     
  0.12248372717070562        1.6516710187212968       0.20531433888239997     
 -0.14995372963768591       -1.4569763628918065E-002 -0.19846875220517729     
  0.69430969914863327       -2.2957984368908972        1.2903356427110173     
   1.9079280159463923       -1.2728675064118493       -1.4529198560141225     
 -0.17473994727852632        5.2805204402295740E-002   1.3723133687967050E-003
 -0.30976621718127284       -1.3180874007941923      -0.52367156491974765     
 -0.13837852078596091       -3.1832411798863085E-002   3.5367427003260815E-002
  -1.6209522690792364        1.6710849140191153       -3.6127023691297335     
 -0.12234873063877041       -4.0207469098029705E-002 -0.16096932002495357     
  -5.8971066386739435E-002   6.0048072557839220E-002  -6.4667634891254086E-002
 -0.31066305181223658      -0.16061345747211245       0.11075532251829519     
 -0.22187232153825284       0.39366075234096742      -0.22839212120778743     
  -6.2940320590105081        1.0700301357965025        18.113265780148865     
  -1.7517096738494808        1.9738708323719512      -0.81607051891035942     
 -0.17100265735895342       -1.6148964878038380E-002 -0.14605227934734571     
   1.9396465272480301       0.31904678199553654        3.1629863161560707     
   1.5093696358342403E-002  0.31436612339742864      -0.40741716087748581     
 -0.16130675451736334        4.0425547855590029E-002   4.1322737585477304E-004
 -0.10619083039986428        3.5982778349346205E-002   3.9378168195796127E-002
  -9.4899058831816929E-002  -1.9047878318473370E-002 -0.16147862432967985     
 -0.76055165075393982      -0.13670793270062684        1.1052243272168882     
 -0.23688937801396356      -0.47647586404877601      -0.22823365336076629     
  -3.6332063218536255        3.1757055592538181       -4.7733511776334252     
  0.74481519526459417      -0.89960924648418839       -1.2694131095217860     
   1.1936937158032786E-003  0.21646307611353946       -4.5982986999731322E-002
 -0.16611655592778873       0.15447101802438837      -0.20459773378999124     
  0.12022005635911423        3.3156575762206875E-002 -0.21315242867713333     
 -0.51499507268928957      -0.39278565526139830      -0.49660823408114957     
   7.4021041465972090E-002  0.10151738644855486      -0.58900354365957419     
 -0.39481928530931326       0.38680777423115742       0.23877367827247828     
 -0.17833188583413728        9.3352326701277855E-003 -0.23253798283288316     
 -0.19315556259560462       0.23672588827674737       -7.3781031911005157E-002
   4.3456637987213803E-002  0.74771791729717718      -0.37074762704038722     
 -0.13930676144786397       -5.5778299140839316E-002 -0.16035103611610863     
 -0.12562089748841812       -8.0239951182306743E-002  -2.2229335935155907E-003
  -7.7795266501724178E-002 -0.25593125877612577       -6.8828230686328304E-002
 -0.14410853108987351      -0.42051102669949109      -0.11166952692956489     
 -0.30381797490050133       -1.9183299487449457       0.86369289859581799     
  -3.7141980755662454E-002 -0.14492664628499938       -9.6689794711703136E-002
 -0.64645737460730113       -4.2895450156053921E-002  0.24649055630730654     
  0.59152835460790321       -1.6464644514770752       -1.2960853000782682     
 -0.13897078335852917       -1.0363093751886090E-002 -0.17691467262294336     
   1.3977722315675263       -3.6444131420861861      -0.30259225816106622     
  -1.6213412663365698       -1.1087064064734218       0.15091950330515211     
   1.7153262709093765E-002 -0.18227749233901208      -0.16535068238086612     
   5.5747177291635690E-002   4.6671339805822422E-002  -2.4074412181794708E-002
 -0.19374454940753741        2.5112154089706164E-002  -6.3417587382356200E-002
 -0.22661107463360058      -0.16762182157495750       -8.1734867887940030E-002
  -2.4769208846133210        1.5011557355657366        1.2471995244338194     
   2.1603060003216741       0.54934946629130732       -1.8529718882127022     
  0.20849464580978880        2.8124316989917810        1.7480849133527454     
 -0.16946116869202890        2.4664190511142232E-003 -0.13230443335463624     
   9.7943030394718009E-002 -0.16400069352541355       0.11270585649493195     
   2.7185710064982056E-002  -4.4455601773764342E-002 -0.23175885910645763     
 -0.17101852434293346       0.18429356694850726       0.21564196905816169     
 -0.19939557886798287        8.4360045877225218E-002  0.25314547269591892     
  0.22535677804338647        1.0606400416954687       -1.1692023427616141     
  -2.6926839258656008       -1.0118942270260076      -0.65089463103807754     
  -1.0739792979376750       0.11229478764309443       0.88874545470422395     
 -0.15073751149769674      -0.12722030055326047      -0.20230732327699819     
 -0.12402191008107707       -4.6553857456691550E-002  -9.2563871551813393E-002
 -0.32258216063562545       0.93634855919257021        8.2643367575179882E-004
 -0.11521980710139761      -0.27677446324979327        9.9951739409961465E-002
   1.7553651193933477       -8.0094305442108435        2.4098611406958921     
  -1.2305921716187842       -1.3197534668327942        1.1521418948752433     
   1.1151345038842242       -2.6422867777212815       -1.5682537567699733     
  0.67754983582415040        4.3900659498714918E-002  -6.5412370958157717E-002
  -5.8767199261973498E-002 -0.31434861467270903      -0.16507781189893592     
 -0.16954271327233689       -2.5294884252687239E-002  -5.6724040893542771E-002
  -2.7842414286707209       -1.3474801087255015       -2.0903910093884379     
 -0.18638292370468543       -4.8052887612277710E-002 -0.26910638534512721     
   2.5398513934600757      -0.96838115874900110        2.4005473450135550     
  -7.3631395813815337E-002 -0.11329559983089872       -3.6599641989275102E-002
   1.2086868333108312        1.1368462893509670       -2.0277491519103377     
  -4.9188495378626435E-002   5.8441715223873258E-002 -0.10961916582642466     
 -0.53120092062019864        7.9873787935093490E-002  0.18256106731128960     
 -0.22396809847981075      -0.97283171564335658        1.0783611199216661     
   1.4593268270436208      -0.52677322496411216      -0.30431127336396935     
  -2.1226165024670731       0.82402184648376842       -1.5367365537355482     
  -2.7414268038243867        4.9205801826598341       -2.4013466200873999     
 -0.25005579098756375       0.21133393180781376       -6.3653493091190241E-002
   2.2390656248435654        3.0728246445244638        3.1952320677576451     
  -6.8221475393708014E-002 -0.16688534603361627       -6.6098297366151193E-002
 -0.25204816373506850       -4.1289831796024350E-002   7.5941555295822208E-002
  -6.7498402952203579E-002  -7.5568687719482344E-002 -0.14151075801472091     
  0.80268746743765174       -8.9159819556386827E-002 -0.20814168219882620     
   6.9100019768661008E-002  0.19697494921104253        1.1635667211932939     
 -0.16278489904005361       -3.2586098599483249E-002 -0.14613951158739708     
 -0.36102337063805851       0.32183512667377551      -0.30565559073611742     
 -0.30766264299366125       -4.0060636164813701E-002  -4.0688564724958173E-002
 -0.25417124328181734       0.73977633963319889       -6.0233005862441555E-002
   3.7359463839428071E-002 -0.21078264020829643       -8.8594697413688611E-002
 -0.11134225562850507       -7.2684621408599354E-002 -0.18923248257140721     
  -1.1505047509645945       0.45484840799713583       -1.3295093895921810     
 -0.31486194443313031       -7.4817097751591552E-002 -0.30971027048314925     
  0.78863484958045071       -1.1936236261343531       0.53652258819715981     
  0.28333967675895777        1.3155543382946431        2.7474777236753143     
  -2.5666430269682006E-002  0.50614774617373537        9.4357211206474098E-002
  -1.5164569351003641      -0.29753578824519072        1.7103081916402929     
 -0.23232988905171004        2.3614369274564152E-002 -0.18910601053008974     
   1.1843900181150924       -1.1981265785542794        1.6941493396164307     
   1.9554506148058179       -3.1642532748396572       0.62837551046039153     
 -0.26950143592483794       -17.792053364248225      -0.71277088122081678     
   7.3979341537038709E-002 -0.29756182496655831       -2.3044281642986376E-002
 -0.31950409628518917       -5.7279234182375315E-002 -0.24775521398198058     
  -5.9518410160526690E-002 -0.21666374418944637      -0.12527259075459160     
 -0.19328286125470667       -3.3265003990956013E-002  -9.0364557782464341E-002
   2.5502782088051099E-002  -8.2322734684598095E-002  -6.2557939875005658E-002
 -0.14638424741113407       -9.7668304907565826E-002 -0.14694172901686950     
 -0.60721792681792097      -0.41045850597478417        7.2243072084730478E-002
   1.9255382950365263       -3.1703006251684958      -0.41422438780233228     
  -8.7400735117159359E-002  -7.8996124883059848E-002  -5.5836293830329266E-002
  0.76353600881736028        1.1584097252226273       -1.0244423412558674     
  0.68372293826569419       0.71070465809638850      -0.54502190799060890     
   2.0082533997833916      -0.66101683361741859        2.6605781700150830     
 -0.33731557278391361      -0.53111321369919340       -3.0225203791843323E-002
  -1.1332970652761130        1.0641002037234923       0.81728436642792424     
  0.91835029374973298       -1.8838953983127431      -0.63120850231675918     
   2.1700192986978138E-002  0.15221761082285379       -1.2457807875962656E-002
 -0.43951013644399384       0.15748479289082892      -0.14980349493795692     
  -8.8469606644100501E-002  0.18371435664694435       -3.7489646365730198E-002
  -2.1044332757471387        1.4921129712001351        1.0461419208416189     
   1.2673534294257165        1.0596327588665915       -1.0227510112968068     
   1.9426872379676938      -0.42166776439282816        1.2070406091583836     
   1.9243492941674847E-002 -0.24795625514606640      -0.12358169550968749     
 -0.17992633489512866      -0.18281474845907639      -0.13697300531638074     
 -0.41221254467045343      -0.19135101186232709      -0.17907848596675546     
  0.13904295201502107        1.7141999274086652      -0.68369129779632132     
 -0.22537161219388002        9.4993807316128595E-002 -0.15885435118661007     
 -0.21112197810846695        1.5236521046656146        2.2630389309472476     
 -0.27698711280047195      -0.30258243758822101       0.16403052628807557     
  -4.1337640156123697E-003 -0.40841950604933985      -0.18079374802001894     
  -3.6754418327108400E-002   4.6233710540477868E-002 -0.20913991013677322     
  -1.1512668917898368       -1.2161981154157697       0.32098369279350863     
   9.6515409407831487E-002  -1.4389911396091932E-002 -0.59262632252233671     
 -0.76742958949849893      -0.27269294408827016      -0.63494496514921239     
   2.2171555709982478       -1.1272042636199617      -0.59866773038769328     
  0.13416245195511742      -0.21030833923201067      -0.67289635392450120     
 -0.20408348662020964       -7.5045978506007943E-002  -3.1780577241898790E-002
  -4.9031726275928167E-002   1.4932496570859384E-002  -7.5014160786502387E-002
 -0.13833980658662937        1.3771264796438944E-002  -6.9906584090792076E-002
 -0.20968251450182440       -3.9910512770907763E-002   4.2050028390091584E-003
   2.5644389946195396E-002   1.5920473546940506      -0.85363817002584719     
 -0.12076140435250234       -3.0864948224368822E-002  -8.0087151142844301E-002
  0.82618087291599629        1.7630716385566041       0.83200415600366895     
  -1.9812691490619345      -0.40354220404241731       0.21730565862883347     
   2.8564479661693736      -0.20543668347068247        1.7614586638404084     
 -0.16268145951190757       -1.5719395404985379E-002  -4.6191370690719512E-002
 -0.45317723277383898        3.0186403888114031        2.3386932312990489     
 -0.19303110692688405       -6.2697392396848281E-002   1.5074375540540504E-002
  0.66139048192229510      -0.72806841453145466        3.3453548044053436     
 -0.21853128068662162       -9.4916118998402424E-002  0.10460994706916875     
  0.79615560057272228        1.8962647957684939       0.44256441439752492     
   2.1929730494486259       0.10909377454494996        2.2615986298152557     
   1.7477573305256189        1.1238391400238050      -0.35639581841378515     
 -0.17237058248730536      -0.18977441738665471      -0.10755627252275379     
  0.80793963925497592       -1.0665683260475181      -0.26146346358796496     
  -1.5381430165396255      -0.15414208809761426        1.4046296353151213     
  -1.7522452369837367       0.47217371339842790        2.7631332461564222     
   1.2540975114026789        1.4752276481148290       -1.3175998312043451     
   1.4547687133263083       0.68513766349141303       -1.6711051379026365     
  -5.2242014690300188E-002 -0.11633783249844419       -6.5227517390042886E-002
   2.1362938879223168       -1.7271001242914330        1.6099291070319406     
  -3.1764418827875507       -1.8693668235087035       -3.7712953994316369     
  0.72771850570768393      -0.35956642062900723       0.93986298477703001     
   1.9252358771229015       -4.1472870524640819E-002   7.6261562878614324     
  -2.8488959287383871E-002  -9.1032158151931636E-002  -1.4990336470375282E-002
   1.3467643375114330E-002 -0.17861083516105966        9.1363964261424055E-002
  0.56509068678793806       -2.0125623841666402       -2.2841318314470320     
 -0.19110114642678869       0.12623441609133576        1.1709386647780316E-002
 -0.39356282771730783       -1.6239979426631754       0.34339937325482706     
  -9.2469308916330040E-002 -0.18293413552182095      -0.21311771547090114     
  0.22546362495891270        2.7713654399948009       -1.4122935808390895     
 -0.19402785822214352      -0.33402435708042866      -0.26769153693070713     
  -9.3409997876153866E-002   6.7335977635325756E-002  0.16027672647311067     
 -0.13439377909383787       -7.5959476918522451E-002 -0.13015493507822412     
 -0.19951677307352422      -0.11803640332967505       -1.5987751521024003E-002
   7.5110741918976445E-002  0.24581566931030110      -0.22040404488304544     
 -0.28989898743861109       0.12542788759724310      -0.28235431430327995     
 -0.12342690089904836       -1.7830362154597938      -0.91264034268404515     
  -1.7464455492530717        1.0128598413199952        1.0528539404232444     
  -1.0808604603991319        3.0391301802998978      -0.88680118835714150     
 -0.10626823055371080        3.3825375959105938E-002  -1.9381098121294051E-002
   1.4316348944029084E-002   6.8485425834120747E-002 -0.17161568620909981     
  -1.1455805138601982       -1.6925428808365157        1.3258360000394627     
  0.22204820333881209        7.6552211255268329E-002 -0.18259624182790618     
 -0.15352370085118056        2.1990305633513610E-003 -0.14858231295401866     
 -0.59511743206028567       0.91677900778791865        1.8372670941036564     
  -7.8161972651423883E-002 -0.16606745402064635      -0.19265943443273451     
  -6.4796095400520323E-002 -0.13777304676393640       -7.9402738997156691E-002
   1.2827788248144649       0.36762784106912549      -0.63799356484764969     
  -4.5547809018480039E-002  -3.7288251206156642E-002  -9.3615746091277402E-002
  -1.3585376040456139       0.13704102413213406        1.7492893333149593     
 -0.29547336521007173       0.66070822163137566      -0.33631395102066830     
  0.17604569751483606       -1.2759095474060360      -0.20047796556059869     
 -0.27967217509809461       0.21104369729574932      -0.16027598725629175     
   2.1225420755273889        15.984040800283397       -6.7405959753041333     
  0.78096379865482957      -0.43942412061838959      -0.65234098815122676     
  -1.1522718056449197      -0.20121450449033523       0.93046204212943640     
 -0.15853544925069701       -8.5833465332936093E-002 -0.17156946454660196     
  -2.0666403875212218       0.60403887131641898       -1.2164371802420577     
  0.48005169412411097        1.3874612762222791       -1.0980701953179841     
   6.6464719193886371E-002  -2.9937776711438886       0.19111659399522904     
  -1.8950757988469773       0.24903394992972894       0.43943475442551694     
 -0.30571441979060432       -6.3992317916237260E-002 -0.50318860464796111     
  0.18931390597963021       -1.9024162104344795       0.56887578274914397     
  0.52431382695151574       -3.0283532349403055       -9.1447281512296544E-002
   1.4594951832206564        1.4670630597650778       -2.5131797157475688     
 -0.23289252773237035        5.1349020282696802E-003 -0.18108472404068912     
 -0.22051645862953437      -0.13075719421758242      -0.12463208791312087     
  -8.2009810168028316E-002  0.13660167659144423      -0.22718012522934761     
 -0.12091582003010244      -0.46181092998885093       -7.0910783635900740E-002
  -2.9268031692443772       -1.2852177912823277       -1.4998532389862829     
   1.5958849541052598        3.8899475054916670       -2.0541552202748217     
 -0.14191020400311463        4.7137597424952479E-002 -0.20148463801538574     
 -0.40429246311147377      -0.29055006340187023       0.27809027658131541     
  -1.0834513972852089       0.13838503048086528        1.1645349733108128     
  0.49105776819242963      -0.59769754886090665       0.46336861562598680     
  0.37685037674548921      -0.21108504459885222      -0.47707746338814688     
   2.7175444050157220      -0.25763524439961877        3.6338771288294485     
 -0.20199082697510340       0.27166634762482622       0.19251475839476645     
   1.3288899055689536       -1.5121111674917418        1.4189523952388219     
 -0.12500236913962889      -0.10688964355361505      -0.37175900611489632     
  -1.9650361767238635       0.48659346224087074      -0.87388923236045501     
  -1.7692642670610883       -1.8015992808707448        2.6138033349254086     
  -8.9144227903998882E-002  -2.9044112932269064E-002 -0.11509786944118933     
  -7.2439386464624939E-004  0.76502139209883824      -0.30342684724429836     
  0.53575644237389919        1.0790621129038438      -0.41224625625679617     
 -0.61848609697398393       -1.1267802903632009        1.5792014416024760     
  -8.5370308670348435E-002  -9.1666646162095772E-002   4.7953276797015873E-002
   8.1119445851647404E-002 -0.28700461183855114        3.4492398277063754E-002
 -0.49172878599664338      -0.33592569689168156      -0.21862881398016940     
   1.8709254546879552       -2.7029257522019368       -5.5717790418090711E-002
  -1.7138025114271326E-002 -0.29732363465773293       0.13940729293144588     
 -0.10451771777726317      -0.12888150026307454      -0.17286078915180475     
   7.6487928773845209E-004  -8.3801005534691428E-002  -9.7358468685211669E-002
 -0.21867827178990604        7.9484440611492790E-002  -1.8270240872243354E-002
  -9.7235012955660061E-002  -2.0276008283802445E-002 -0.19900394895772433     
   1.9023273828257128      -0.88966374266893511      -0.82314689935409724     
  0.40278300406877632       -2.3177237643296853       0.28254872567724143     
 -0.48047180135404871        3.9096445005658412E-002 -0.23553828946825733     
  -2.1986626106782596        7.5891030345772279       -3.1792053126624378     
 -0.75694833408933726       0.58694768953646981       0.95751911586445504     
  -7.4764242154535435E-002  -9.0566686315553688E-002 -0.19153524649275777     
   1.3454228114249811E-002  -7.3630010221017367E-002  -9.5509887154823447E-002
  -6.1483855678276036E-002  -4.0237801563813722E-002 -0.18470858451735950     
 -0.38477075310645237      -0.26665754394825858       0.11658663049027294     
 -0.47500192968550242        2.5094500634743371       0.71539738611558679     
 -0.23227074102841982      -0.16327880166748174      -0.20221930873626018     
  -5.2800321030421732E-002   3.1818588624492883E-002 -0.14431843494694357     
 -0.15838592328776327      -0.30775546307442864       -3.9835920835753352E-002
  -1.1448255023275804       -1.0022420122395224      -0.83345482872797760     
  0.27420801347920482       -2.7047869296947957      -0.32118502371556562     
   1.4529149653069311       -2.1409182115629144        5.0573903879695443     
   2.0674864815825815       -2.2419749381441902      -0.87310779630086865     
 -0.45173246952922241      -0.50665829148546826      -0.56052655244470151     
   7.5357627749841144E-002   1.1651220462975793       -1.9364727643185975     
  -1.4822436897079256       -7.5906344578081195E-002   1.0781842475169001     
  0.19838114485546471       -2.3012799296299873        1.3839366859347981     
   1.0685464232749986        1.9635154303395206      -0.35337685450265061     
 -0.24927600968619243       -3.6371189503230400E-002  -6.2644025774515194E-002
  -1.0679970226528326       0.81864437461863604      -0.17049001787779880     
   1.0882465345136738       -1.2808901763634706        2.9001064586129570     
  -4.6167805925572038E-003 -0.11062377858275334      -0.17124550562052174     
 -0.14844691088971312        1.7057458789452633E-002 -0.18757927857323770     
   2.4576874704667614E-002   2.1369701769513159E-002 -0.20272827803202814     
  -5.1683342039802849E-002 -0.13084392811256773      -0.23735897128316563     
 -0.53019882134579899      -0.23890979137594029        9.7630361861755485E-002
   3.2706385221830649E-002 -0.11890001125191270      -0.19821624234318008     
 -0.29767337416598227       -5.8536318697840192E-002 -0.35381288218011769     
 -0.63389818018605004      -0.37352181538081708       -6.3635776474397499E-002
  0.50226480639678539       -4.9665775055046941        2.4176853020730822     
 -0.15275306389630058      -0.17092273789198001       -7.1149255225315011E-002
  -4.7675126813091412E-002 -0.10568479086802635      -0.21434090894568925     
  -1.5481267659239246       -1.4593137201344548       -1.3232240861858326     
 -0.36395332579125561       0.23314600301028582       -1.6974703576975583E-002
 -0.70743219898129439      -0.14380241573768035       0.45325138464134596     
 -0.38586426127446000       -15.758396821879717        8.4066174067156236     
 -0.26546699401678830       0.11875842670148026        2.7285381703167799E-002
   9.5754563463429729E-003  -1.9391565187737946E-002 -0.18091260868291589     
 -0.26123963316177368        1.0250472359081393E-002  -8.6024726687759720E-002
  -1.4446238270889433      -0.89756384650861509       -1.3667228811215271     
 -0.60824837535560849       0.26502087599232926       -2.0745390686821262E-002
   1.5641740716638692       0.84928876443717904      -0.21468088607302643     
   6.4458465198362819E-002 -0.10006395308281467      -0.28638725496266459     
 -0.74619286719048361        1.8966396465158737       0.55357844666543310     
 -0.92670125124378289        2.5018373926191044        1.0582693972706101     
   1.9654541330132558E-002  0.21896859880303704       -8.8817079987711420E-002
 -0.10901684924999032       -4.3079724310549551E-002  -9.5672953558782872E-002
   1.9250119528094924      -0.82159381738999437       -1.1291577480741408     
 -0.27977912523788290       -7.1255102222701650E-002  -5.1935809694219098E-002
  -6.4538840534632463E-002  0.17196551852062456       -5.7328951352213199E-002
 -0.14625898772568216       -7.0721006002984144E-002 -0.13221467018470731     
 -0.19644604354634279       -7.8987111661134007E-002   3.8623576877258314E-002
  -1.0480116091662746        6.0915404574476630        3.1356305914735088     
 -0.45811238600530352       0.77836144568360566      -0.10767502988012712     
 -0.78605954073365447      -0.76636878694017774      -0.70625819922673649     
   1.9904271924087888        1.9999317908542820       -2.3447121269345588     
 -0.20831134512091906        5.0916155216171030E-002  -8.5365253613961495E-002
  0.25573129756452967        17.824394292990920       0.41614458725031095     
  -8.3706732894466160E-002  -8.8480386508003842E-002   3.4626902548109149E-002
 -0.31197077187311190       0.52543399749968722        9.5892889956816579E-002
   1.7828994233010147       -1.9030328964489132      -0.63094489820841515     
  -8.7719093987798716E-002  -4.3399222229952170E-002  -7.6933256381598286E-002
  -4.9111541569233669E-002 -0.13668411378538947      -0.23241781981712478     
 -0.37934637808688698      -0.78456155674849404       0.65469052484580259     
  0.81915043076933269        1.1907397054880493      -0.98993838434830872     
   1.3892451178119387       -1.0514446004002895       -1.8744335228352544     
