 -0.20010635137040178        4.2173540551623208E-002   6.8842262038788113E-002
 -0.19826875183863982       -7.6681916600754869E-003  -6.6282954937294178E-002
 -0.14843722770603163        8.3160694112155972E-002  -9.8403609340005360E-002
 -0.18461411992102941       -2.4753384751566763E-002   1.8334086029730176E-002
  0.11645858718496879       0.11438250568993770        8.9083674982624511E-002
 -0.10858695792893797      -0.18081255242971658      -0.23092371285899185     
  -1.4870153857775916      -0.87501959326926093       -1.0236053650073813     
   9.0336046639633821E-002  0.41505983013989767      -0.90872379698846006     
 -0.14616302014210486      -0.14357563854507804        3.1505707388264900E-002
   2.8544588819846353       -2.7655371741776644        3.0845189328562133     
  -1.0068902830516634E-002 -0.13446384695728394       -9.1241888361788342E-002
 -0.17074110217884395      -0.21626764365971010       -8.7799267869104452E-003
  0.95735936237827390       -1.6094304282972449        1.4871794318950062     
 -0.19077500641128811       0.13041995667386960       -1.7933666344616198E-002
 -0.13060348676793904      -0.10782850477362495       -8.0008788368761588E-002
   1.6610422639758973       0.66031954310633345        1.7458981490608552     
 -0.89310909016541673       -1.0753908741770959      -0.31335111281464229     
 -0.34125477769471269        5.3948182382679663E-002 -0.14161468147988615     
 -0.30833668724773833       0.37128785302359485       -1.2487789755555705     
   1.1331016368114144       0.21223521952032107        1.4957110506441873     
  -3.1231804648038174E-002   1.0528760015624037       0.96443705843938898     
 -0.43273071634027649      -0.54296063615859680       0.78112795431549420     
  -7.2371261552475141E-002  0.82840293296155809       -9.9338012099257508E-002
  -4.4080012799038082        3.2118926450945668       -1.0689317556864035     
   9.0801919640094916E-002  -3.0870177133427788E-002  0.19998575212894426     
 -0.16197746697750065        9.0250200280167892E-002  -3.2364296201146198E-002
 -0.17038937768940438        6.8943342615758851E-002  -2.4978005194786424E-002
 -0.12493988767434287       -4.2095311745354094E-003  -3.6358926027004218E-002
  0.50341884443498452       -1.6392342543584146       -5.4307208810416417E-002
 -0.17771077298842267       -6.3636434775694570E-002   5.9616648183965573E-002
  0.46785477273244941      -0.32989581515659405       0.76987137787800275     
 -0.15168667903169936      -0.16646720778437304       -8.0267776602462645E-005
 -0.94416953028624984       -9.4892891803387105       -6.2104763663614966     
 -0.17772813189001910      -0.11105480237108031      -0.10309051966899713     
   1.9556446546771834E-003 -0.23251767768171550      -0.24637252642854560     
  -5.1839432407520127E-002 -0.15177310232243993      -0.13007766026930306     
  0.42516263661325171      -0.65147484748535733      -0.41840394010342075     
 -0.23815215356526157        8.8083388891140729E-002  -7.3226965526900584E-002
 -0.16010209516353768        5.7914488018261337E-002  -6.3652070186749014E-004
 -0.19699226291861099        7.5722125303363419E-002 -0.12190380387085711     
 -0.30702234114692745      -0.14070024937389738       -7.4644857280018850E-002
  0.76913136148297334      -0.35672602971215311      -0.43336952045233462     
 -0.26258052090195322       -5.6286399470126945E-002  0.13180778482253219     
 -0.71392148855857729      -0.52876336786430767      -0.66461717056815384     
 -0.10275941128746290      -0.37075210274027021       -3.2113187130058819E-002
 -0.31760068161890842      -0.90875455570844899       -7.5904931786821464E-002
  -6.3029645099054649E-002  -9.3600016875730385E-002 -0.17762563511269666     
  -9.8066496129873962E-002 -0.12841324818149449       -6.7329820736553039E-002
 -0.10618346591929970       -6.9073109289457882E-002  -9.3648220885796163E-002
   1.7344398307561544       -1.2921673522845647        1.2648027930673662     
   6.7828774231736472E-002   4.5163824086192163E-002  -8.5771988144732969E-002
 -0.38569947345248085        1.4335837391250661       0.35878185644059096     
 -0.11622382723066429        2.1014242270029097E-003 -0.10969086664145754     
  0.88977898355195062       0.77359769492812547      -0.70749631732572849     
 -0.25886327528746939      -0.16906459907637630      -0.14785908570272402     
 -0.40724038255100681      -0.59222657775547916      -0.19004028285375646     
 -0.27252353428749487      -0.14679861639956679      -0.10469826704306019     
  0.32540382105113275        1.6515270105559181      -0.92047670370806300     
  -3.1054334265021244E-002  -4.9255848277064744E-002   5.3421589966094404E-003
 -0.18650261973403293      -0.14251950189853710       -4.0098865738866195E-002
 -0.11324367682381491      -0.21196925385254933      -0.14497116408779162     
 -0.16201617797467122        2.1070461595527071E-002  -8.1868241605970293E-003
 -0.11369138235724047       -6.0196048786691270E-002   4.7343386703631536E-002
 -0.63513004186040078       0.59999631080421567       0.13979019797176659     
  0.13234179834337556        1.0697268040742753      -0.17975398603135842     
   5.9683512532401756E-002   8.6879561578298709E-003 -0.26829556639018959     
 -0.14846962131260483      -0.11876702673590159       -1.1231178609887567E-002
  -4.7781353381225772E-002 -0.11378003852025236       -8.8998038185008413E-002
 -0.16503944508282944      -0.29197286418734925      -0.14002886493709396     
  -1.4784982115842689      -0.69888362188127151       0.28473015522640766     
 -0.24394741092590413       -3.9684363803160569        1.6145455073892918     
 -0.11463428969453367       0.11866718057705690       -6.3915048017920903E-003
   1.0844838019957403       -1.7674483760858253       -1.0505646413076859     
   3.3751216267238295E-002  -3.6639641909119405E-002  -6.5872238117154494E-002
 -0.36659268737467460       0.12759255829042623       0.17967666205689944     
 -0.10430782053640478       -1.2906563434095717E-002  -1.9669113687860722E-002
  -3.6571826700382469E-002 -0.13950253883330457       -8.7583527370973122E-002
  -5.7032638460134275E-002   1.6735021704416084E-002 -0.16998388433650655     
 -0.13248626339843039       0.30023275741803257       -1.4545363931014545E-002
  -9.2135974460017436E-002 -0.26249281753661358       0.11787725427507632     
 -0.57145853865010043       -1.2705725393235023      -0.17292729076450394     
 -0.57214928015321453      -0.60067338530904868       0.56431355546233453     
 -0.21577133059737208        5.5878923334316058E-002  -9.3397241007709228E-002
 -0.16866046044381261      -0.88118869510224562      -0.19007515729489133     
  0.48123382314695745      -0.91763017540894565       0.19564893630507080     
   1.0007501667177054      -0.12487585719740286       -2.4822591466796240     
  0.88645151683755274       -2.1617083944530071      -0.39478157509428624     
  -5.1396855896258330E-002  -6.3771985435721306E-003  -7.4997697921187573E-002
 -0.29976231140157550       -1.6630929354404740       0.26843397553541548     
  -1.1873750395962746      -0.59136156806777518       -1.1229584256051248     
 -0.13595214005620865       -6.8688384116064899E-002  -7.7366729220163757E-002
   6.8052449222568118E-002 -0.16427916594059969      -0.19195423684349180     
  -8.2217851487117910E-002  0.10780123752527032        2.0915517178515728E-002
   6.6132885574948258E-002  -1.3682702466753599E-002 -0.13611205276690147     
 -0.11740697951246869       -2.9770585078558835E-004  -9.4424376206039912E-002
   4.9081433251981443E-002 -0.12395364529437956       -6.1064779152423029E-003
  -3.0569590269232959E-002 -0.10304362697063711        1.3384935943107279E-003
 -0.22414434170496383        5.8249757018367189E-002   5.8672551848838149E-003
  0.18326272209696398        1.4019632082919764        1.4506550906670708     
 -0.15413750362513501        7.3253498217429741E-003  -7.4535959243242619E-002
  0.69953125778843972       -1.1538684054300188       0.69147425813263752     
  -8.2599661341479752E-002   9.6328909292253156E-002   3.3689763460677702E-002
  0.88239290869727771      -0.74605331245882456      -0.50484601289028763     
 -0.13335160179222230       0.88394427099277351       0.10463544453187294     
  -5.9829147900931891E-002   5.6430209958626774E-003  -5.2367206189827105E-002
 -0.71034291703926478        1.0706059490729898       0.57006229852564161     
  -2.5918810279245738E-002  0.83088035908575464      -0.32536779461683296     
  -3.2603677535036159E-002  0.17094744506308041      -0.14558412465110651     
   7.8109433918338647E-002 -0.10623914371358482        5.4535411369772663E-002
  0.56410606062503010        1.4505943925285170      -0.59190536087731038     
   9.1062748952218886E-002 -0.26187725365769859      -0.40132206297840850     
 -0.13150698348889270       -7.4957425793323422E-003   3.7244448336074647E-002
  -7.6245896175141478E-002  -2.8747164097734933E-002  -2.9269502155589704E-002
  -1.2212684980274731       -5.5446714248793667E-002 -0.80542933398010430     
  0.15435723708569013       0.68076411942202886      -0.34454886293513931     
  0.59725374043968182      -0.56079422546320912       0.19794185059326277     
  0.29260162226039144      -0.54191739754419210        1.2459535833864934     
  -6.6273683748556272E-002 -0.11888240801227591      -0.23025693489526294     
  0.32669146101366919      -0.70327372459160986       0.12067241370493903     
   1.0204503255047297      -0.52194043316851169        1.8866457488840935     
 -0.17822203271480572       -7.0464757977650685E-002  -2.4989794958614510E-002
  -3.5185037050407000E-002  -8.6916591471763970E-003 -0.14174769102198925     
 -0.21730117481507091       -1.2384776514541862E-002  -6.0281486629723761E-002
 -0.12220055462591629       -3.7593446825635451E-002  -2.3952683374506008E-002
  -2.2060108404384580        2.2550108508469604        3.2058276149439435     
  -2.1952039919879748E-002  -4.6474975597715455E-002 -0.11847815653089902     
 -0.63321284995957261      -0.80787411934815212      -0.72984103381847898     
 -0.32979170851660283       0.13191369889856791        8.4134406334209808E-002
  0.64200954740243321        1.4843579088914871      -0.50121727452026710     
  -7.9535842358884168E-002   3.2920380582841816E-002  -2.6871233534134963E-002
 -0.38071384012259007        1.7054204381910711      -0.24689635268752880     
 -0.33165541743175153        1.5462549418302667       0.27987904801018926     
  -7.2556311755941363E-002 -0.12683948912658558       -8.8489443285419994E-002
   1.9763497935138599       0.73273708976824614      -0.72728181447174933     
 -0.21204800536656909      -0.12631843478511326       -9.8263782823094434E-003
  0.24877954680299080       0.54923806918927642      -0.30691823542202529     
 -0.11510361059521808      -0.13228239799235300        1.6633324867951362E-002
   1.9388949391201218       0.70928621530002778      -0.71124768216064327     
  -6.4506630452195068E-002  -2.7327798147391301E-002  -7.3189344897595265E-002
 -0.24378426048196333      -0.19956135027757149       -3.4210051075149059E-002
  -3.2151280033553872E-002  -9.7963292668803187E-002 -0.14436980107448036     
   5.8059299110431360E-002  0.11349735903038427      -0.11339970441492001     
  -6.4435258521474914E-002 -0.13279980402470903       -8.8213607098034136E-002
  -4.5519038006989747E-002 -0.12107556434276599      -0.13479321796413202     
  0.94474448499584507       -2.2027823798792294       0.76557723568046543     
  -2.6710213731264830E-002  0.20341092056085461       0.17804131336929913     
  0.94494595167630469      -0.79197164916150975       -1.5319337673161268     
 -0.12679943342383315       -5.9706245512124223E-002 -0.23335682015617426     
 -0.32985160268659819       0.87484260260886726       0.54378730359181870     
  -1.8336817816625093        7.3876299358308223E-002   2.1364230977975383     
  0.24991499568409961      -0.34156302033145169       -1.0614794104345109E-002
 -0.39058447985803108       0.96782829550311722       -1.4172374560258287     
 -0.14219400987352526      -0.21019588805329043       -9.3481000703195399E-002
 -0.13066800293706676      -0.10840259564152475      -0.14787068847802379     
 -0.29062846639515988      -0.27068442127408265       -5.3268308842405077E-002
   1.4364818966340032       -1.5444084193779860E-002   1.0495810804850680     
  -2.0558724988431257E-002 -0.21090234258444918      -0.13668393713904659     
 -0.19845815856270058       -1.7915983504778261        1.0188371387486659     
 -0.70583675473066299        2.1441032487546909        1.9659002109935011     
  -5.0213071643319208E-002   1.4652210119722934E-003 -0.16026876387749714     
 -0.26298070834779025       0.20883684860495738       0.24161625504340431     
   1.5277595616006405      -0.32012117812055912        1.1431920748748468     
  0.66212492633451048      -0.92093080498026703       -1.0303114734232852     
  0.18371934092504261       -1.2889384364746186       -2.8533076162835801E-002
  -1.3985294277121578E-002 -0.14016485406269716       -5.5374117424713779E-002
 -0.31029376187554453      -0.12722719573096930      -0.11150252214031688     
  0.64623988013997691      -0.31516868119599767      -0.59450079453032123     
 -0.25876743296826799      -0.13170122726691300        1.8694485687659218E-002
  -9.2092282308426546E-002   6.2736887855503978E-002 -0.10652369971178882     
 -0.16888977439965117        2.9300381419287522E-002  -8.7690588507252337E-002
   1.0195739371994512       -1.5645680665819015        1.4477226101051703     
   1.9139522063299007E-002 -0.22464508385974094        3.3782140983746205E-002
  -1.2151497698025289       0.18321752522192591        1.5781628981951901     
 -0.39540448666072492        1.4088075795521904      -0.37520039836461500     
   1.9521080547740929E-002  0.39712856191765056      -0.37208407606285898     
 -0.15462206087851266       0.51212318737791140      -0.12639026640709997     
  0.10707075660580409        1.3766661480728117E-003 -0.10727006778334824     
   3.1381527992146795E-002   9.3065102732185281E-002 -0.21294908491391737     
  -1.3219020475572458       -7.5873250334157732E-002  0.23578507008380445     
   9.6057559842089579E-003   4.5460301083072870E-002 -0.13612777506459883     
  -2.6344251216984044E-002  -8.0985295661802847E-002 -0.11344696692032812     
 -0.13745619261015660      -0.41805122242836001      -0.24488913051931369     
   5.4102991432513542E-002 -0.53369210302688985        5.5135323227833828E-002
  -4.4737178059918538E-002 -0.10614992918522374      -0.16445485147148797     
 -0.16983725163134594       -6.9223980358289527E-002   1.9934725356384166E-002
   8.4348478746491887E-003  -1.4218595772173144E-002  -5.3166726707020127E-002
  0.48798581244482991        1.0315423804808013        1.6545886342642673     
  -1.9323551831236640E-002   1.0847854779430090E-002 -0.13754937740749423     
  0.82594752782563163        1.2498426848961028        1.4327655604418814     
 -0.27517263719689083       -6.4307281990979723E-002  0.12133826346299166     
 -0.22238232153729134       -3.2906505776238153E-002  0.14118626229113615     
   6.4317064949570998E-002   1.7700685532956180      -0.44679162747883411     
  -4.8579630792098170E-002  0.35750741282131304      -0.40555081599501125     
 -0.22281214447859887        4.0709098268441928E-002 -0.11735980910001931     
 -0.22550196269271586      -0.17720625392487854      -0.11876662934080609     
  0.40143070075733417       0.21904798600235006       0.46561314063508263     
   7.8476857056631433E-002  -1.3162187781382566       0.13855846696568008     
  -5.8915532809346041E-002 -0.11762921729396277        9.3413998189370434E-002
 -0.11528682876830229      -0.64491448837966248       0.77573485528614250     
   4.9851685999598594       0.85691228809518383       -14.375636633901074     
   7.7008529673846360E-002   1.9704562597501201       0.67546266451350945     
 -0.39323331291787011      -0.41345314172847425      -0.39529573737475254     
  -8.5528680992371459E-002 -0.83927480763760087       0.35086544651744450     
  0.25889140991709592       0.92303190780997213       0.53152632906313257     
  0.92467897797005050       -1.0374240611139620       0.86760592658879743     
  -9.0702253032344540E-002  -7.0720568849818394E-002  -4.0422919032417563E-002
 -0.36677598898034297       0.10020463917782062      -0.42665789437548829     
  0.14599929007775883      -0.16749756444632002       0.14281625488200850     
  -6.9389901649275956E-002  -2.8456348538947532E-002  -1.0976749939664465E-002
 -0.28133523953627038       0.22291746499088655       -8.5130787044073300E-002
  0.96591894667984313       0.57974790045030966      -0.53880106342994427     
  -2.7796580345419160        2.0269575065139369      -0.99742513939947519     
  0.18004716266429155      -0.95636763927615764      -0.16774984170634302     
 -0.15346278220921444       -7.7995409023995391E-002   2.4893848685510998E-002
  -6.3704201980098143E-002  -4.6550820675195649E-002  -8.9160456249602796E-002
 -0.74264246043353788       -1.2668518502053170        1.6070703070963464     
 -0.45245159980208899       0.56277457513255114      -0.59866100130564770     
 -0.13302109126155143      -0.10358796991485798        7.8037259197785397E-002
 -0.23012275546857169      -0.14594319453759141       -6.9878963979146461E-002
   1.1134509755643380       -1.3036873884614095       0.46658615332119219     
  0.42407213940603561       -1.4487554241066785      -0.34303585260392622     
   1.3609411435242060       0.49132800494747259       -1.0468306959118936     
  -8.7218422122647965E-002   9.8892772197682111E-002  0.17229213699574511     
 -0.20658195959345940        7.4534076567493598E-002  -3.9561182574389203E-002
  -1.0345789194556867       -1.1174229681713677       -2.2527910266509870     
  -7.0594827837594409E-002  0.12768433838303736       -7.1230860105858412E-002
  0.98662988645158922       -1.4719413659792815      -0.75667190595409495     
   7.4512522236408370E-003  -3.5378902715496457E-002   2.9216488359650523E-002
  -3.0121392902994364E-002  0.20670572244609453        6.0175051641121968E-002
 -0.24030065819473362       0.11056493964315701       -8.1804447474095890E-002
  -7.6354987901591467E-002  0.23804479218442276      -0.13634897172753357     
   5.5885044751264303E-002  -1.7448471378502086E-003 -0.15172374251755719     
  0.88165106938037441        2.1912551538957783       0.47201922305150390     
 -0.11151907074930675       0.11657462255487235       -5.8176999097302833E-002
   1.7129813883730560      -0.48214145656508101      -0.82219632620061178     
   1.5483842748745343E-002  0.18432223264236017        3.8181700167420875E-002
 -0.30646659262406850       0.12356353396775585       -2.4948710728418456E-002
 -0.15314511056302316       -8.5270697690064151E-002  -2.2260266556928126E-002
 -0.17961974700817226        3.7741950144756314E-002   1.2803424045645930E-002
 -0.15764525299684207       -9.6958556029248813E-002 -0.15689727684775004     
 -0.10584917011023082      -0.15601921628944626      -0.25677624256223347     
  -8.3887517061150538E-002  -5.7645173809571834E-002  -5.3865482274593854E-002
 -0.19050347406024845       0.17650897786673142       0.15111025949027154     
 -0.20008792313707038       -5.0731748205235919E-002  -4.5689029088691241E-002
 -0.14130645979074641        2.1907726242739966E-002   3.7919349061292983E-002
  0.60004569344513026      -0.83385593373784950      -0.51673642579189205     
   4.8576421489139369E-002 -0.17985493160354160        4.6654125205187823E-002
 -0.12625798324115070      -0.28394458764262742       -9.9679242105087870E-002
  -6.5859407608383047E-002  0.31331486399231689       0.49412314787268191     
   1.5196992057129266E-002  -1.9127502080903677E-002  -7.7849903749341975E-002
 -0.17226087519152844      -0.11858515581064098      -0.10231065495215494     
  0.10044609097876918       0.12607780677784153      -0.27886767087293352     
 -0.12072668014357246      -0.42427604983718786       -2.3041794220923090E-002
 -0.15468604314448078        4.6052606629190203E-002  -8.3740483289426029E-002
 -0.19940835932412099        4.0843243105550646E-002  -4.8503345964263873E-002
  -1.8934115107340645E-002  -7.5317707256593716E-002   7.0254800827062980E-002
  -5.7302005792437276       -5.6082458735917617       -9.7381904311911640     
 -0.38889309064926109       -1.9394926477820338        1.1909561349207400     
 -0.12341287181621673      -0.84724303831234604      -0.45124016492278807     
  -3.8345038276519930E-002 -0.15093478843487348      -0.10255097927097123     
 -0.15150414401782206       0.13361375786344043      -0.69993172831381345     
   1.6424624264404339      -0.62479406674353843       0.51730545801424010     
 -0.13428907856603683      -0.11674411845127608       0.15287807476262072     
  -8.8397510651604845E-003 -0.75599339531100562      -0.11339664589979527     
 -0.10412025223724025       -5.9769521355207411E-002 -0.11177433627614644     
  0.17880944468637011        1.2120398842001736      -0.56091445767505166     
 -0.21273775880115900      -0.27634507324152768        4.5099499097953313E-002
  0.57944316468065016       0.96385930250533614       -1.0935901113908266     
  0.13222468808717458       -2.0670318175531062E-002  0.18752341563770544     
  -3.0292384918402682E-002 -0.13374288892750719       -5.1418598552919699E-002
   3.8239838297585906E-002   1.2538736781246111       -2.8446324314640083     
 -0.53785590404430594       0.34169258179920281       0.81634673841748095     
 -0.10784427205459786       -4.0675659835252495E-002  -8.3147567716611526E-002
 -0.21162865979988868      -0.12438069741875681        9.6171765314465113E-002
   1.5846274058108775E-002  0.11492061473269424      -0.20013448132371531     
 -0.10049265260189416      -0.17466450193390692       -5.5775699345910826E-002
   1.2088672645384477       0.86167564247225881      -0.91966175009946660     
  0.33731256353274064       -1.4895230485304776       -7.0470406515886416E-002
  -1.4621031355072162E-002 -0.20828729039680779       -7.2442004849811198E-002
 -0.17567693093975567       -3.6564233051945741E-002  -2.1185808645775121E-002
 -0.99770263468394871       -1.1497234188857153      -0.30675924844199276     
 -0.14377061774667571       -9.2316988193624258E-002 -0.13517012079518922     
  -3.1288751561363633E-002  0.30322430399688949       0.56316019484877622     
 -0.15744602948618203       -3.4817610478887859E-002  0.25007304337023412     
  -7.7474176644915987E-002  0.13619260150362936       -6.5283536022787872E-002
  -8.6672011644211955E-002   4.8263385415130431E-003 -0.11450941163719114     
  0.16154425863227073      -0.41897788230392979       0.64953700526452995     
  -9.8184528613071795E-002 -0.12646173266524402       -8.0782026146654112E-002
 -0.71294746051617131       0.72765415930721100       0.46073719830028986     
   1.8884375373312781       -6.8572834920428552E-002  0.67094447748653374     
   1.6518257958487514       -1.4348832169149028       0.65035290879974827     
 -0.13107331354233859      -0.21975535774383528        7.9949297713994408E-002
 -0.10155497536363160        3.1618825037674325E-002  -8.1351233443682919E-002
   1.0977618504198632        1.1750917311814919      -0.14845998824933998     
 -0.12359024745012721      -0.34597248822752941      -0.75721861364006815     
 -0.18643035289101584      -0.18820253863303829       -4.4590148800971258E-002
  0.91810330868139012      -0.70766064323606637      -0.76313962960142445     
  -1.0855297882060415       0.93050817043464817       0.86821465716155033     
  -2.5471269284211867E-002   3.7469880796545098E-002  -5.2925618810864071E-002
 -0.14278323442418159       -3.2516807812032790E-003  -2.4370515006814815E-003
 -0.27377137639935967      -0.18512777009952683      -0.11253823388158572     
  0.10775929146509637       -1.5373215541521834        1.0613234063448020     
  -1.1771617154852145E-002  -1.3899451225696493E-002 -0.15204130688914771     
 -0.15134044985206271      -0.13553572729449898       -8.9320806192177929E-002
  0.47336566801400054      -0.33112358496509964       -3.0976129345380632E-002
 -0.28333948496968303      -0.11784985086177423      -0.11806262628021136     
  -6.4250112257758923E-002  -2.4554811251788451E-002   1.0314258381207333E-002
   2.3520421838667187      -0.56947562883104574      -0.52657848668746310     
  -1.5288172393804551       0.25791557522128822       0.36149351313695971     
  -7.6385046276755186E-002 -0.16835389340518003      -0.12574800700794531     
  0.23555727817637467       -2.5883291164425350      -0.40727041851722323     
 -0.29215531284354374      -0.31736302431904950      -0.34989711931853112     
  0.47856318375190637      -0.47915493948651122        1.5461667648586976     
 -0.10479420847369174      -0.10532773465673373        1.7809642297755460E-002
  -6.6176568124848650E-002  -7.0810891405756610E-003 -0.10769635377467143     
  -6.5265389311047098E-002   2.2360805177234964        1.5241736431812777E-002
 -0.90154889241852809        1.0296404200326792      -0.35878718762620887     
  -1.0939057380135242      -0.27459626305309981        1.0035472453214029     
   1.4134665722665962      -0.72979315442566861        1.1547547866208814     
  0.24862565863262312      -0.96877696404814506       -5.9726650351916502E-002
   6.6922317236697226E-002   3.1862053253770575E-002 -0.19738026465771574     
   1.7833744918727194E-002  -1.7230179583004629E-002  -5.9714281302605862E-003
  0.93477643483691719        1.9091614831034667       0.44628869091110712     
  0.44042844820276206        2.0704818349775032      -0.68061034983608804     
 -0.26590993632398841        1.0599439662359782       0.24623170691937263     
 -0.17519093991048415        8.0200242624484889E-003  -5.6916662646174246E-002
 -0.18818575047761676       0.15354605756178827       -9.8419420773955810E-002
   2.3016129918563788       -2.5739290266399939        1.7867022413093816     
  -2.3879440189871842E-002 -0.20376176969050785      -0.17298769659891300     
 -0.99590292617021914       -1.2588680559989072       -1.0593846263129478     
 -0.11219299579455169        5.6561257036124649E-002  -5.6277527287398266E-002
 -0.57582943157261690       -1.7278139676848137      -0.32361096966894476     
  -8.5931679264027339E-002  0.32599345588575007      -0.19284793027466599     
  -1.1174528443695735        1.6419642044246385        1.8315004366298044     
  -4.5423692263516002E-002  -9.2418239345469833E-002  -7.3088419828988116E-002
  -7.3518582814052116E-002   7.5087128947742943E-002 -0.18229212379559231     
  -1.2042620773379318       -1.8186530828061209      -0.12894309974723547     
 -0.69288009206098922        1.7764088043285604       0.98406280209458752     
 -0.16549893258835735        4.5967092559295541E-002 -0.14560055316741444     
 -0.66662497965362288       0.17037455710731705       -1.3721662719006291     
  0.60697706267049845        1.2187969578153557       0.31925050822386131     
  -1.1056234343004356      -0.45385382325273987      -0.91892277393801902     
 -0.11487310123659791       -2.7371461032044669E-003   2.9845564299980226E-002
  -5.0153490087665755       -4.4938034997511345        1.0106865779492307     
  -1.8157710982271371       -2.6263310040977195       0.13513044568938939     
  -9.6371845458687516E-002  0.19177199619435659       0.13941825814437564     
   1.1077656147881680      -0.56424013442471721      -0.60482038875330923     
 -0.48364031710339611        1.4313575775241429       0.60648170868091922     
   1.9786200846844157       0.13610863666796560       -1.4219811098372832     
 -0.14172617172886817      -0.14411339079161167      -0.15297828819254897     
  -5.6783739201215988E-002 -0.16488391773115638      -0.24016105765575488     
 -0.32469280439125880       -1.0789594534790088       0.24149001960123428     
 -0.10641492589250645      -0.29198172622829260      -0.21233965181738876     
  0.19020584117294273       -2.4462275412297774       0.76876190715427972     
 -0.16736992882120094       -2.2834541333925987E-002  -6.8567441459817052E-002
  0.30321675563673345       -1.5681573294303881      -0.17558202135389339     
 -0.11892119255094027       0.11748635682669377      -0.11954729712161259     
  -6.5240853678622202E-002   9.2085550139108352E-002   9.1715934647938674E-002
  -1.6306357258071679E-002  -8.6293522743832885E-003  -9.3942453388130676E-002
 -0.10347777404458737       -6.1113773120566484E-002  -8.1359463019040623E-002
 -0.12546735134277218       0.41497349274177647        4.4577437647160052E-002
 -0.67353138941143686       0.33179497852213480       -8.6959785219273833E-003
   6.4522278703025113E-002  -8.1564312892593221E-002   1.0041051499923339E-002
 -0.11015350087929558        4.3254129015285352E-002  -5.1120359114702432E-002
 -0.19210388369630260       0.45989220432012001       0.68354165741196826     
  0.59204496387014138      -0.67084722959407928       -2.0787833152910533     
 -0.17155179122189756       -7.5105383756394348E-002  -4.0246908019959483E-002
   1.8796430198296677E-002  0.64778960902141292      -0.17066831133631349     
 -0.22003842696654910        5.0287761264363573E-002  -1.9048388600565930E-002
 -0.27939576662259746       0.30440681419488430       0.17765056500024171     
 -0.10113867468919889        6.8315739414129030E-003   1.0214965468097536E-002
   6.6811541179335805       -1.0258201556883395       -3.2685707161950939     
 -0.84794750554542386       -1.5488242637645524      -0.40224457341144748     
 -0.12374055962594567       -3.7057688126637532E-002   4.9326299851918956E-002
  -7.1275592036497720E-002  0.92147925760247484       -7.7623190885962465E-002
   1.7251743922686054      -0.25520888358348326        1.0976994720518729     
   1.1176575088915401       0.44044567498646225       -1.4943480421819946     
   1.0884145127686462       0.69451611396612567       -1.2106736213652871     
 -0.31637323959873093      -0.27557244092355337      -0.16676462953205895     
   1.2324730083633730        1.2066160097366929       -1.3707204680415743     
 -0.21885494757486787       -1.1525168576200986       0.22739703336662256     
 -0.15995190915001814       -1.7884538994448626E-002  -1.7392638229678584E-004
 -0.28503060414691445      -0.18069604491076557       -6.2239819848181419E-003
 -0.10605187284895121      -0.18284703401385591      -0.24176660701866939     
 -0.15124064634428058      -0.16409723397660053       0.32815582700714258     
 -0.16674376706790248        6.4555492670439488E-002 -0.16875233121798516     
   1.7826503993592324        7.1709515670503515E-002   1.6995314905164016     
  -6.4592400346729112E-002   5.0668463975681449E-003  -8.1596205959107007E-002
 -0.21843901612338801      -0.19776633483003295        1.5479553176026568E-002
  -3.0003667628772861E-002 -0.14057578629742101      -0.22391267840767407     
 -0.62236435830396031        7.0896447925351449        4.2532081148990706     
 -0.14913277340385506       -2.5915243552002053E-002  -3.6685706776628718E-002
 -0.48241086352184270        1.4434743333799698E-002  -1.8204416831826407     
 -0.55347517115928435        1.4522376522907134       0.41587337187680823     
  -1.2944658044272057       0.69482750613352307       0.80162902640704015     
 -0.32039634949930829       -2.1627737541835015E-002  -6.7684352363864927E-002
  -8.4274567719882260E-002  -6.6995834649007144E-002 -0.12154959875744918     
 -0.20186654230573944      -0.11057833481186945        8.7375229066636584E-002
  -3.0439655741566902       -2.1189071928193712       0.43919838823572260     
 -0.15348381894853821      -0.21884729118629298       -6.1825537606051563E-002
  -6.9438593140211669E-002  0.14595694038614732        6.1634732079651380E-002
   2.1542381745465087       0.47848970518459227       -1.0947714191745770     
   2.0533140605172044       0.37654903612297391       -1.2974327740469587     
  -8.8982068488659666E-002  -7.5035272135413028E-002 -0.10145687024671055     
 -0.23180408670718827      -0.14595076845376689        6.1210586956202250E-003
   1.6140993214076909       -1.9858278030522540       0.29035854616978235     
  -8.5194515370674934E-002   2.8755804211675097E-002 -0.12317019855610657     
  -2.0480743156824759      -0.26674440445294739      -0.66033052469359987     
  -4.7482306816022418E-002 -0.23538199629594930      -0.13856516428199336     
 -0.13643817327498228      -0.92284499584748880       0.19825992201755269     
 -0.62989844497117542       -1.1644657291948630       -1.1087430148215973     
  -6.5708063468003911E-002   1.8496407920297345E-002 -0.21540897843478785     
  -1.1426228795805089       -1.2596310501089314        2.1841359911244256     
  -4.0059588349484768E-002 -0.51563496141231424       0.12769737895185668     
 -0.17973160243735725       0.11499737072910467       -6.3304264684702335E-002
  -2.4287207032048733E-002 -0.13866911936665990       -4.3802242436910423E-002
 -0.34153786759825433      -0.55669791004056224       0.27849135413307097     
  -1.4617052207990577      -0.21995024490181458        7.0972864721277756E-002
  -2.8849979809077157E-002 -0.10903078372536629      -0.18565929372444295     
 -0.98010963792159989      -0.47041560508390656        1.8042426537579275     
 -0.41214857119056941       0.32474379877516080        1.0457020435734232     
  0.32611511079772010       0.69349815652626068      -0.27591361421431043     
   6.2231313661927947        7.2006633203125983        9.8773248514651826     
  0.66300913121639926      -0.94278863861643292      -0.67033353407734553     
   1.7051031204354153E-002  -7.4325619633762496E-002  0.17933373619091741     
 -0.10092078314296588      -0.21578397808261926      -0.13228362046303879     
  0.84642958729523343       -1.3434331177357210      -0.38483763822843148     
  -6.4885694050622125E-002 -0.53875780196606071      -0.48065672701612944     
  -9.2652535732254251E-002  -3.1635962123901441E-002 -0.18469554813938646     
  0.61558342286692014        2.2326045182212382       0.12612502767170353     
 -0.91941946302424959        8.9670237533573005E-002   1.1980068686309071     
  0.93522716164842379       -1.9551723586223826        1.2631265798497309     
  -1.1441835665140856        1.5075399193578958       0.16119343241320050     
   7.0473448610458136E-002   3.8187175548111282E-002  -4.2267516167962579E-002
 -0.26887338312335018       0.19344368604633139      -0.21205979542870515     
   4.8305795600101245E-002  -4.6647412491608746E-002 -0.28256364456038463     
 -0.10651289176305560        1.7284395184488693E-002 -0.10086088181959595     
 -0.10790718415838821       0.18528101695827071        8.2241024674361632E-002
  -7.9287859430484914E-002   3.9173946459490749E-003  -5.6344377431485695E-002
  -9.7648614866935338E-002  -1.2280023174158858E-002  -7.8093928138477986E-002
  0.96210325118673012       0.29656009109480669       -1.2113045277683696     
 -0.62798937803710198      -0.10395111139195852       0.19879140418834385     
 -0.30046928791165373        1.5735553418629236        1.0672694177217745     
 -0.19915262463555022        2.9913191608212038E-002  -3.7309023680433859E-002
 -0.55284620217431046       -1.0638097049701309       0.10086943612210553     
  -1.8733818800620612        7.4997439448870898E-002   1.6069808257032983     
 -0.33885287675025705      -0.26650143176523938      -0.12131061083075063     
  0.39874702046409644      -0.59507743545356884       0.13388922834524036     
  -1.5383360304460187E-002   6.2743898916078955E-002 -0.12485515388775749     
  -8.4760515083494206E-002  -8.7563797400996485E-002  -6.4470529265480539E-002
  -7.8286885904030379E-002 -0.11382098434824929      -0.18600260125943771     
  0.42462861150011333       0.52555698081237956        1.1318147267692693     
  0.69255578503544823        2.4023517315926735      -0.67532258381243571     
 -0.12974290923967391      -0.35886198288696775      -0.11968725854676554     
  0.20872659296153484       -1.2463387633368002      -0.19885878293168585     
 -0.17003933340052024        9.5822023823844735E-002   5.3407394151513944E-002
 -0.15553509543157709      -0.17241145372782229       -2.7297126353420350E-002
 -0.17685013454427276       -1.0427322953900213        1.3424423674923283     
  -6.4405521472186644E-002 -0.21531294530866024      -0.10701456541742482     
   1.5953708644523596      -0.27636657458454716        1.4087523313804147     
 -0.18806241557286421        3.1449246455140752E-002   6.9921759991328547E-002
 -0.16746167630108169       -4.1210337083691928E-002 -0.19887050239484741     
  -9.9726897676536710E-002  -1.1640835325203551       0.61313759180024696     
 -0.21523887087791016      -0.21557506046504538      -0.12676388684753842     
 -0.16398996374818042      -0.15814808300018540      -0.13285003547157245     
  -4.5923233290647472E-002  -7.5770033645522164E-002  -8.9114361194610997E-002
  0.33619577915284810        1.9912803190542132        1.4718251104513576     
 -0.16186474522980393       -5.6931328219291220E-002 -0.16562274314472653     
  -7.6017637381281866E-002   1.0558558921219672       0.20073262497383326     
  0.68439094712825999      -0.77072874358569810      -0.18909716621676287     
   1.9582803434885063       0.63430529977199701      -0.91705976715773030     
  0.52971024262161515        1.9066883289849839      -0.84035444392812031     
 -0.33319803929039260        3.7742477236351260       -2.4629500426649491     
  -2.9937504844345847E-002   4.9967479948967407E-003   2.7828583929977828E-002
   1.2964586869207040        1.1974761628704402       -1.2956003617491985     
  0.22292712081785404      -0.66224286811249045      -0.41526440096765538     
 -0.95194930437617187        1.4350625399236596       0.76693482718062245     
 -0.17413935239100090       0.16883934875437090      -0.45058774703077920     
  -6.3544435184508280E-002   9.3896807404892396E-002  0.10425497504290454     
   3.4144166864135989E-002 -0.10351001985967927        6.2976520083536894E-002
 -0.52329735460192650       0.97156665949917065       0.65276252420946168     
  -7.0720178161076550E-002 -0.12954261614412188      -0.13853250933282935     
  -1.6454723211105240      -0.25467823404032514        1.1339289088782720     
  -1.8454269987628127E-002   9.3186211268659669E-002  -4.4573996152849224E-002
 -0.13636401267375961       -4.3851416227382173E-002  -7.5749858362015005E-002
 -0.10393398445037350      -0.56915234929014635       -2.0009126489244875     
  -1.1038855767701714       0.25148943015848052       0.73691896944471658     
   1.8146586987225398E-002  -2.6365322096473714E-002 -0.17489123292415881     
 -0.10396886390235166       -4.6573973583537882E-002   4.1288111934656369E-002
  -6.7773754181555221E-002   6.1011913221283541E-004   8.8816546583629502E-003
 -0.58438441859111256       0.68411649385474194        1.2833921399589123     
 -0.28501402316193603        8.0677403161869457E-002  -4.1483293634666019E-002
 -0.20309178916159676      -0.22046680384849171      -0.13902026722744587     
  -8.4528294358559117E-002  -5.8977237732978027E-002  -8.3373999675798643E-002
 -0.15202202988998564       -6.2358866709761950E-002  -3.3239156521433721E-002
   1.5365867768991870      -0.24058081198227638       0.76192956017172708     
 -0.22232339649026092        3.4269784909560931E-002 -0.14760669186365791     
   9.8967105135255168E-003   8.9768778568681928E-002  -1.3177834174125425E-002
  -4.6954711434360655E-002 -0.14478562208102858      -0.18512665147214238     
 -0.17781583844854129       0.22337588595756774        3.7291665371676275E-002
  0.65425106474515327        1.4049627695674578      -0.35994116328737585     
   1.2597001770445684       0.52264387805124135      -0.36482035850803901     
 -0.18515508065977451      -0.18650812599031957       -1.6682720099242494E-002
  -8.0477012535491638E-002  0.15805120565699360       -7.6144253456768049E-002
  0.96032513316734558       -1.3019592710222430       0.44136001600034142     
 -0.18489978828865683       -8.6820291704523517E-002  -4.7721753645690201E-002
 -0.40175845632811652        1.0458858053161810        6.7716211475187679E-002
 -0.35400412934562348        1.3052209900023102      -0.55970888828970289     
  0.36282548994651143        1.4389481259170553      -0.60603009390718232     
 -0.23512523187990764        7.3657692973791544E-002  -4.6795028606712245E-002
   1.1587379265180335      -0.51063740325310780        2.0645682581171974     
  -4.6463558225181098E-002 -0.15585968125245231       -5.0618463441475171E-002
 -0.27802074805771304       0.11878287937433855       -9.7666657565390419E-002
  -1.6112991677067052E-002 -0.12633737319217855       -1.7544226124163707E-002
   3.5330656472305599        5.3986508170463021E-002   1.2578210577649356     
  -6.9188077956567923E-002   1.5315029710640964E-002  -7.8546635487656252E-002
  -3.8125732387624608E-002  0.19223774883540834       -1.0320321913832503E-002
   2.7367231377829676E-002  -3.6779898243816875E-002  -8.9865916455026604E-002
 -0.14579713937814642        5.3113378739827466E-002  -6.1682331231424567E-002
  0.38421938257979538       -1.6427989588145877      -0.21326046668331547     
   2.2099551794967476E-002  -7.6046591979748057E-002 -0.13735797281040352     
 -0.18091369416497646       0.18739611044571783       -6.0023074274781638E-002
  -9.9863923023801003E-003   7.6316774471660603E-002 -0.39526389168729215     
 -0.23402319935338647      -0.30086429037580525      -0.17758325012548754     
  -2.0382604910623613E-002   1.4624779514084287E-002   2.8941809485073092E-002
  -5.1186817276342299E-002 -0.18018628574588397      -0.11487920876933168     
 -0.64292043551145284       0.17018322433951719       0.15694924493080592     
  -7.3245474476584544E-003  -3.8743697766425673E-002  -1.7066409746988982E-002
   1.8101963659579157      -0.98596996631393663       -2.3168150150777969     
  -7.0505629680160067E-002   7.1253177538317166E-003 -0.12061312128279390     
   9.1739893099173325E-002  0.19489791908353848      -0.14578442166013403     
 -0.21762840215611554       0.46156199422938798      -0.52598770942842465     
  -5.1442263321131783E-002   9.4596404613881704E-002  0.13934180440043711     
  0.79192490597010390        1.8293876905930198       0.34367800286602662     
 -0.28111461417655681      -0.22408244809006370      -0.12732313621728006     
 -0.59369561926376657        1.5870322728730708       0.72202516514996384     
 -0.16508306376154239        6.7975627751198538E-003   3.2138178595064661E-002
 -0.25343332638660626      -0.58380266643094270      -0.10685439584485433     
 -0.11754789288429153        8.8878797308128546E-002 -0.19972997849772020     
 -0.12215680655752487        1.9583954776658571E-002  -5.1962567251803420E-002
  0.41304842167374006        1.4793112288486353E-002  0.59840717650455233     
  -9.1466851660486709E-002 -0.89537655507344993      -0.23838548166098425     
  -1.2439463210050574       0.21726629921125493       0.71977557879606391     
 -0.12845869206859642       0.10838081745983401       -9.5952618614938728E-002
  -5.9472679989780987E-002   7.4628502110047928E-002 -0.19381719796449687     
  -1.2032079657576886       0.73410287327816259       -1.1981609837305187     
  0.82428179609688568        1.6131521059943801      -0.26768794658538519     
  0.17269023957089938       0.17656243865203777       0.35287471410122595     
   1.0068825639219106      -0.87307354053949093      -0.64929359537948950     
 -0.14998261530468507       0.11130527564679764       0.24431582229542648     
   1.4592669495909429        9.1305167875939050E-002   1.0335020417470615     
  -4.2699450878071928E-002   9.9616953555606916E-003  -8.2624211322211941E-002
  0.15348409127471149       -6.9063171135400808E-002   1.2340154315355507     
  -4.4996198902332356E-002  -7.0978992857892262E-002  -6.7626818252348439E-002
 -0.16410253007036041       -2.3330863194334230        2.0489139657755278     
  0.13131533402065187       0.29990675024010777       -6.4062306898433029E-003
  -1.1061733388772452      -0.23424566002421743        1.2397381179209439     
  -1.2393588303084113      -0.13102646914142560       -1.0624107442925186     
 -0.32876955378294276        1.3445599176379164       0.97655909433669252     
  0.36898901303242021        1.9271364288381994       0.10792649322818168     
 -0.12750453936657677       -3.4602290195003313E-002  -5.7361180842244203E-002
  -1.6635760068637338E-002 -0.10747195857993204       -6.4904796647631241E-002
  -2.5860161906465891E-002  0.77155844237580706        5.4248527402470381E-003
  0.19052190982253273       -1.8018367680152643E-002  0.22239860216723770     
 -0.32497359864068881       -5.5704785494800346E-002  -6.8404211505335238E-002
  -1.3877633170471911E-002  -9.8790682314630854E-002  -8.3530089034497185E-002
  0.48224463886720070        2.1527056487435123      -0.76119733797485656     
 -0.20142839271024607       -3.3125748505624414E-002 -0.18170417407970829     
 -0.72484925541263856       -1.5937452004225319       0.51094301605525938     
  -1.1700794554671758       -5.7462377452277030E-002  0.17455071602295250     
  -1.5846570668490536       0.59723802069307319      -0.48522443966135120     
 -0.12080854792445549      -0.35606275016212818      -0.32149915352197417     
 -0.11745624341737988        7.5328688472346444E-002  -6.8937151372349612E-003
 -0.82116306495611313        1.3765212950529984        1.2562812466539972     
  0.22776473637699271       -1.2261430617430491      -0.14748847939018331     
  -6.7141046462698639E-002  -3.3148881412220041E-002  -5.5512318172419042E-002
 -0.11580668530862702       -5.3955582081993018E-002  -4.5982716145952932E-003
  -1.5340885994462108      -0.31776732612658443        1.2560413315029624     
 -0.11689798142666083      -0.13621794638203832       -1.6138330331086845E-002
  -6.9303060675314790E-002  -6.5468075165340214E-002   6.1372474632003849E-004
  0.25446111706924124        1.1982870664532717      -0.80581662427760081     
 -0.38353350734546060      -0.16468247040048115       0.10162454904827745     
 -0.42628959622063139      -0.29791335059567126       -1.0671048168511901     
 -0.60705618457925359       0.19270802224841671        2.3882159286669982     
 -0.15956146380080075       -7.3441657641984672E-003  -8.8464960964874054E-003
 -0.85353131725731568      -0.52155334899541594        9.4887691368480964E-002
 -0.13218566571843729        3.0593009233530394E-002  -6.3542036559688389E-002
  0.16944721208785157      -0.14443605599969850      -0.15457500706185875     
 -0.17627318141666551        4.2484279886397809E-002  -7.8986205042146956E-002
  0.66760201039142730       0.34764705686350950       0.18906913206741580     
 -0.10391412916390258        2.2451971552807856E-002  -3.2591549759489545E-002
  0.37035968024937188        1.6675642661039396      -0.83526829287900262     
  0.25325057060244704       0.53509698649597026       -9.8382214482547220E-002
 -0.28719267940387005      -0.27635135429459140       -4.0621688058383731E-002
  0.26077157674465495      -0.24089855165652205      -0.16504536943828962     
  -7.5832873457608932E-002  -6.7348124660539160E-002   6.7785331441032368E-002
 -0.18939596566592870      -0.19040678772795874       -8.9467195430918300E-002
 -0.12960830162055176      -0.53506474175266128      -0.22315477164969119     
 -0.11440074818224182      -0.18406274777287979        6.9961513055352822E-002
  0.90590301046535804        1.8311202506727766       0.55328542769685640     
 -0.20727450895442076      -0.12851438977057095        8.7832196300817664E-002
 -0.11018435243086139       0.28746802734007015      -0.12640418039056192     
 -0.17427371913853401       -7.9052549782608741E-002  -2.3527494766609720E-002
  -1.5517410116758894      -0.31647814681031194        2.3725604671624625     
   2.1058443904639352        2.8647451670294046      -0.47207601125364446     
 -0.17231178216180645      -0.17736755412341504       -6.5136700081604576E-002
  -8.6946555078755899E-002   1.0514959387338714E-002 -0.24149020196670395     
  0.65814700866607001       0.42904768810195903      -0.43577986016473125     
  -2.2436299918365745        4.9020318125321047        2.1048289963584592     
  -6.4708193177859641E-002  -4.0805603011863679E-003  -6.2341867220721700E-002
  -5.8089022717260928E-002 -0.11846606574183509      -0.25641298361339854     
 -0.14013738912607637        4.8118209437580654E-002  -8.8239402313176660E-002
  -1.3308534274654562       0.27102244713201651        1.0349046502586243     
 -0.14868258535916262        9.0947680211132156E-002  -9.6261610915449478E-002
 -0.18119288886664403        4.2360784415316752E-002   6.7660667890159953E-002
 -0.15108525420070529        1.2769121047821783E-002  -9.8943289241541568E-002
  -2.1125959174453427E-002 -0.20064985179571992      -0.13211459221840577     
   6.7860927678207394E-002   2.4347367327709365E-002 -0.69703806500211918     
   2.7313117793136832E-002  -6.9424500427796826E-002 -0.14078560856879538     
  0.40068102207961731       0.14369741751453183        1.0798362564360826     
  -3.1525880782513692E-002   3.8757336119005503E-002   4.8677927710998777E-003
  0.55929314218744797        2.9002995386671415        9.5381397544865045     
  -6.7015495145768877E-002   1.7939881174492300E-002   2.8297749124067018E-002
  -2.5912482313230324E-002  -5.2879773211076515E-002 -0.15645814446893538     
  0.20280986528861969      -0.31011242849555615        7.1951062218968409E-002
  0.31780250207443406      -0.60285865836072539       0.24081260281555897     
  -3.8465386646703154E-002 -0.10822884960866477       -4.3156078386639797E-002
   2.7230346317439476        1.8514162993936099       -2.2784624757846839     
  -1.1752653561234396       0.16240583941203035       0.80376159763341359     
  0.42097197341693898        1.2199446596579557      -0.68039788160983816     
 -0.35151663130997357       -1.7219484094053641       0.28665509630780012     
 -0.18880220504972789       -7.1700729268439935E-003  -6.8956057591004080E-002
 -0.16036592497921767       0.13467961460782410       -7.5379645006098783E-002
  -8.4218431654891693E-003  -3.4174259188914311        1.9070373599055426     
 -0.19895422448995911        1.6286380592599840E-002 -0.14115466626083159     
 -0.50885604701556586      -0.33946854650554897      -0.48193900807112089     
 -0.20303530604451164       0.15265288428455431        7.8693965747591077E-002
  -2.2804982935931322        3.4634589508749074       -3.5672240989896360     
 -0.26607821663390280      -0.15479591300355913        7.7693507419213112E-003
 -0.17343029897552029      -0.22924232107741047       -4.0414722305752021E-002
  0.94698256422408134       0.76432325450032923      -0.71953310630602640     
 -0.12748692144368126       -3.4689479674297564E-002  -9.0478543715776169E-002
  -2.7128913787778101E-002 -0.16969827053868744      -0.13076445872916356     
  0.12819807943769787       0.54489347491699147      -0.12968368666851718     
 -0.78989060477477313      -0.48550121814270097       -1.1049369030598637     
  0.88944440776358080      -0.35233668059958845       0.27729507676532883     
  0.14693400065483694      -0.93626011307028412      -0.69422266285773748     
 -0.14128360285848951       -3.1335774519668000E-002  -5.1914218140987761E-002
  -9.8319295858971863E-003 -0.13056051377359021        3.8385849625335124E-002
  -3.3557788492368852E-002  -9.2709986867537592E-002 -0.12103036832048221     
 -0.29165763821518847      -0.21539662522844719        9.9027324346610532E-002
 -0.17857952506918884        5.5218249529033286E-002  -2.7172854048819372E-002
  0.44582524517286592        1.0992269265160910      -0.76443732266866771     
 -0.30870990237138712       -2.0563278278125163      -0.16436254119433938     
 -0.14274924670101757      -0.12409075223058648      -0.10454137007978817     
   1.8719515026322824      -0.35364485272269308      -0.73915242608211695     
   1.6413247710233090      -0.53686326808128937      -0.84743528059383111     
  -8.8176635292812874E-002   3.1413793166906775E-002  -9.4308266208109087E-002
   2.9985461294604345       -2.2146278742797509       0.30735623533507633     
   3.6008876462342326E-002  0.48975863105558509      -0.35392540512943554     
  0.48291470042460555       -6.8424274091212478       -10.088335687895007     
 -0.15581769429119494       -7.7804891933207804E-002  -5.4074238261798524E-002
  -2.4625433345825537E-004  -3.3688372733191439E-002 -0.25926029191832850     
 -0.98984436603754222        1.0763873308069254       0.51238170886945356     
   2.1151462498541149       -4.3993792481994172       -1.8460042786532351     
  -3.1742455869828126      -0.68755457527967956       -2.1573200831392247     
 -0.40304028161325550        2.4187894611217664        2.2958054872380211     
 -0.14776892222430643       0.11124459605074466       -3.4466868193704404E-002
  0.28722630851994008      -0.24295219870561818      -0.17449493797266494     
   1.3350925362157060      -0.44912640176226298      -0.64523386404574368     
  -1.0813947817500225       0.76161553213749755       -3.9368403725332617     
   1.1324338620632881      -0.37468980953653885       0.60579278727807306     
   5.4221325759654677E-003   7.1209797892358775E-002 -0.15664347254061553     
 -0.13777238087574906        1.3083817098666527E-002  -2.5286520206318754E-002
  -1.1570268737346809       0.50668203471110407      -0.30516448887229447     
  -8.8484447123714380E-002  -3.8383061061226305E-002 -0.11989847950363587     
   5.0533271317880265E-003  0.48989716721062726      -0.22683622766648187     
 -0.38123538803732626        8.8389790324347184E-002  0.36408142905676188     
 -0.17940662427465337      -0.15683568225840536        1.4278167121822869E-002
 -0.29389773625194182       -3.3651676795071576E-002  -1.9017765194241393E-002
  0.48825846044310189        1.3355649575921966       -1.2542754280385389     
   1.3070206070964197       -5.1113615208622530E-002 -0.18963981077446321     
  -1.9277510810240130E-002 -0.94302981405395381       -2.0736696983656353     
 -0.21425775664467031       -2.3825018473613395E-002 -0.10805942564159142     
  -1.1306126775586183      -0.15925825793265425       0.43685090360895112     
   1.0138211969102071       0.92833057411947550       0.53095482583902109     
  0.87449783681892368       0.74802127234766580      -0.13642785319865500     
  -7.9269724587231999E-002   5.5802245235410573E-002 -0.24136686153210271     
  -3.7937795664806403E-003   8.9152056119140469E-002 -0.27974292460933048     
 -0.26102643185833507       -8.4426532687356087E-002  -4.3524374229718797E-002
  0.61079913397046282       0.99570391252551882        1.2873618954334771     
  -1.1777847865952802      -0.82017898296158331        2.0100686284242206     
 -0.11096619501935819       0.18065583195297277      -0.22245558157270615     
  -1.3103346035715038        1.0909073047632447      -0.72290145741326473     
  0.10200078469574969       0.40088870271299659        7.6327428602762426E-002
  -2.2649100989379609      -0.52018046539855867      -0.82319970515126684     
 -0.19028931374427477        8.2969465365073755E-002   8.2938907824348179E-002
   1.8894479207286485       -1.1550675780797957      -0.76533910305497033     
  -8.6085655937805095E-002 -0.19478955504494960       -9.8633098521813650E-002
 -0.19194625813648775      -0.11682704367960739       -7.3150974116964196E-002
   1.6299365666328229      -0.63043992748677735      -0.81141755325008147     
  0.10427266804978010        1.2514556129018664       0.13594919504914232     
  -6.7813073107253263E-002  -7.2461884690435602E-002   1.8233052708333617E-003
  0.49643749551621030       -1.5814908890748867       0.90693910530169675     
   1.3528878376757671      -0.86366623606032511      -0.96860098648384174     
  -2.4077072367318392E-002 -0.16409737487294943      -0.13263631741003701     
  -9.5452776152093216E-002 -0.34601556042664999      -0.19378379724301362     
 -0.15136895651059340       -3.6777563608670946E-002 -0.13438536742864740     
  -1.0786654545521717        1.1504370534082311       -2.4300735294802700     
 -0.10052324120112902        2.3936224278990844E-003 -0.11149099096098362     
 -0.13754356187188965      -0.16390166966075909      -0.14273504153592356     
  -2.5293479956485510E-002 -0.10720271548719038        4.3287134387710618E-002
  -6.3018849128624113E-002 -0.22836383685019110        1.6001803100038721E-003
  -4.5069989558911505       0.70012927494367649        12.959455584984681     
  -1.1525816988611641        1.3689262915931624      -0.52862794032698646     
 -0.18018829747474605        2.7051233865735227E-002  -7.5415885400605828E-002
   4.5879368394852182E-003  -4.2590910154236758E-002  0.19094974416300586     
 -0.17087840973097937        1.0947678235797391E-003  -1.3115838384458811E-002
  -4.6891734131972826E-002  -8.7493268688604298E-002  -3.7003720927985768E-002
  -3.6604782239544574E-002 -0.14880318913857876      -0.10023854801376905     
 -0.21190877409830100       -1.9011273411765457E-002  0.10623146045901675     
 -0.59440205837826809       -7.9300003089455576E-002  0.92352762588648607     
  -8.5045822038580937E-002   5.6886383363976008E-002  -5.5143160034609381E-005
  -2.8503924981603967        2.5069831250159864       -3.6936099452686575     
  0.60545491114369476      -0.62596391948425056      -0.95417703830517198     
   3.5139717800077103E-002   6.0041764297551023E-002  -1.5778395423939318E-002
  0.17590456827452805       0.39888432950529834      -0.24854313269957962     
 -0.26048976101755728        5.6018730570538140E-002  -1.3488521380301944E-002
 -0.20077508596729263      -0.24951111957739947      -0.16899024047184319     
   6.3513051907434573E-002  0.14921740199697167      -0.65504711901490908     
 -0.30488871163031700       0.32520807342883823       0.12090952158110517     
  -6.6233713596721158E-002  -1.6729974857390504E-003   1.6174769457922226E-002
   4.3558255355292730E-002  0.21678536511827620      -0.43634395331749154     
   3.2940527577072533E-002  0.75819052972297085      -0.30071690808331575     
  -9.2001040968026290E-002  -5.7821876792877508E-002  -6.1015758764902742E-002
  -1.1930434758737309E-002 -0.15815404222203064       -5.4728087695749706E-003
  -9.2194872615572691E-003 -0.23137495208702830        9.8422239513476312E-002
   2.8262875040703322E-002 -0.35847035770193592       -4.8012157297527058E-002
 -0.13674275765908012       -1.2301690941500503       0.64572321617124595     
 -0.13206143886795044       0.10997817263119267      -0.13102466401076393     
   8.5792346452126092E-002  -4.5105807121880816E-002 -0.28747661323237128     
  0.48249383906380361       -1.1858175177698811      -0.93638503845463261     
   7.0748102379400253E-003 -0.15672596380306769        8.4935308328395895E-002
  0.96854593839163527       -2.4798465144548101      -0.20579047231046976     
  -1.1650479358221253      -0.84455618916710784       0.14887782565405722     
 -0.16350205795442133        7.1321838459310005E-002   4.0432933917086099E-002
 -0.22338555506373373        1.0838387385111640E-002 -0.13069754569383157     
   2.2281532716017998E-002 -0.16600419071804765      -0.19213406425737908     
   8.1759764591310111E-002  0.37495860482126603       -4.0929711187323983E-002
  -1.6937315109167161       0.99703059189767795       0.87562623703495102     
   1.5202823436232762       0.37911163400798775       -1.2827764262894912     
  0.17827970163572640        1.9199406158568333        1.2166588023089793     
  -9.4749011704416367E-002   2.7368212207038695E-002 -0.14681521207945941     
  -5.9258330669594100E-002   2.3693327760787166E-002  0.21665763916644334     
 -0.23222928111357702        1.7872107715961663E-003   3.3338628847622148E-003
   5.0876755002193536E-003  0.33150131201985106       0.41859138257694939     
 -0.11571074591373737       0.11186815470381638       -1.8670759052592741E-002
  0.21135043711299625       0.79595541767920663      -0.92287357242594992     
  -1.9146112484318496      -0.67439086144295912      -0.44090312608131266     
 -0.84646535662878997        9.3520612132552361E-002  0.69461705660693063     
  -8.6441664281506445E-002  0.13166794702163431        5.8332753629694971E-003
  -8.0289679548766604E-002   6.4418969929722292E-002 -0.16235461212238700     
 -0.23714428946437732       0.85792125705932354       -5.9171984509269790E-002
 -0.15402661613863566        7.2937690334072852E-002 -0.10795384980410815     
   1.4386618799831279       -6.2952557557216542        1.9681764482139943     
 -0.85624384344154381      -0.91774951820932760       0.88441490383807064     
  0.88002567086840577       -1.8962350750221741       -1.0744469503976730     
  0.54097291747290077       0.11979869440969573       -7.4597968358509154E-002
  -6.6915686742078179E-002  0.12575133107577502       -1.8264309218251687E-002
  -9.8958661133899506E-002  -2.4375725920790823E-002  -3.3567203077864968E-002
 -0.29648134713642527      -0.14757429342605699      -0.14100724381941571     
  -2.6415199307226536E-002 -0.13533370092760982       -7.2800085645371326E-002
   1.6745812612803428      -0.63482298761596745        1.5906910754671675     
 -0.16036049602455518        9.0283024015128666E-002  -7.2889415870631816E-002
  0.85471408127224802       0.83431419265351703       -1.3977586834001252     
 -0.28505266054713368      -0.47248526162444404       -2.9914896124839083E-002
  -2.1530521634967211E-002  -8.8799377082056610E-002 -0.13802973650931560     
 -0.22246698111735652      -0.55548187053356934       0.86545696292295993     
   1.1155808619536438      -0.37988517962681251      -0.17607634506324432     
  -1.4908474698438789       0.58456792508623512       -1.0715372851454146     
  -1.8622333428767446        3.4075519685853046       -1.6268653180666630     
   9.8544445258061698E-003 -0.14589324986310909       -1.0885652056772093E-004
   1.4976202734138586        2.0556410150393556        2.1423465395951196     
 -0.10904470480161903       -2.8890692355965260E-003  -9.8700020084920986E-002
 -0.15078903237550270      -0.13155309655236799      -0.16141786452269397     
 -0.14118644902501776       -8.2275873837254418E-003   1.7730863267267236E-002
  0.38578021612441443      -0.30399790706945906      -0.18054094389754274     
   6.7993770844369097E-002   8.8788982450544063E-002  0.78884337383348735     
 -0.10268961446428290        5.5851867985603890E-002  -7.7214858912968518E-002
   3.0465928380476615E-003 -0.18503660953462792        2.6793109838174359E-002
   9.1466261139864349E-002  -2.8965986814141694E-002 -0.21239275776380503     
 -0.15037871628518817       0.74298148278825071        8.4397077834542866E-002
 -0.18456934913700204        8.8938924744741285E-002  -5.4339335353587155E-002
  -1.4703639701231400E-002  -4.5365789831466191E-005  -3.2677475148326286E-002
 -0.87598167056692100       0.37868403287024177       -1.0011092463461102     
   7.8805941358946040E-003  -4.1594391924783286E-002   1.9324238465011231E-002
  0.60478558600342813      -0.89688414669765315       0.47873314706351450     
  0.20688891527164299       0.86812941516296460        1.8510782014159539     
 -0.17646645934857833       -8.2104594096256797E-002  -5.9958167257991635E-002
  -1.0695583951242980      -0.22628234147780033        1.2155311426195008     
  -1.8341630177614743E-002 -0.10192333183223286       -5.8212784930875942E-002
  0.82075260977535325      -0.80652919608583284        1.1924004247434581     
   1.3543431832368205       -2.1461965821216284       0.45755158228210391     
 -0.20062359775948013       -13.973005287922245      -0.47578068493727088     
   8.9610631674140698E-002  -7.3806296904825222E-002  -2.6788131373862899E-002
   5.8060014768310804E-002  -3.7632200846259928E-002   5.8903026257953357E-004
 -0.19938784232192555       0.10771807353437234       -9.1644680526661623E-002
 -0.18314044571763557        7.1208178547526674E-002  -8.9946389918375100E-002
 -0.16621675777115563       -5.3978824860589032E-002  -5.5568364703885507E-002
 -0.10294432717693029        5.2610115349218396E-002  -3.1808167667204811E-002
 -0.46087878486672906        1.5412874867811212E-002 -0.19704949723884535     
   1.3044765732055892       -2.1264394704714986      -0.26366732863019748     
 -0.44464100835095632       0.30258784900494817      -0.13751405627754559     
  0.59752905246604504       0.90759485759784464      -0.73210820522355491     
  0.62310068739360081       0.55421352515781508      -0.40778609283482548     
   1.3421332092174985      -0.42416119182071460        1.7687946950248730     
  -2.0886973178395964E-002  0.15531451299973872       -9.8862849057978944E-002
 -0.84097098743307885       0.82822505644222144       0.62275823498948379     
  0.65774750492665168       -1.3590346278872369      -0.46593200515512323     
 -0.18665391786887103       -7.0132048792656068E-002  -8.3647322138519373E-002
 -0.12588569605493993       -2.4577479970091819E-002  0.10377497575132505     
 -0.12987590410118713       -8.1347067882908075E-002  -8.5590782896865780E-002
  -1.4473464611097244        1.0642605508200946       0.68770083604375876     
  0.95524779873392995       0.72107508959289990      -0.71231133511194156     
   1.3654765858151190      -0.29533583347676196       0.83472318567181225     
 -0.21402858344633632        5.9611603914079020E-002 -0.10345984338501760     
  -7.2037305678053387E-002  0.12849289788315454       -8.4922593071619680E-003
 -0.19130228215818482       -6.1866305448996711E-002   4.9238913518274981E-002
  0.11404020826718583        1.2937214331636804      -0.44497883198994481     
   8.7555943487536342E-002  -6.9538290714584922E-002  -7.5894844925947211E-002
 -0.12182918985439679        1.0674541152600467        1.5876677415578602     
 -0.12354073621190388      -0.11524412840516508      -0.14164514348350266     
 -0.15990314856270371      -0.19287069498783138       -3.1499714040027316E-003
 -0.20770702475308814       0.13150863270052629        8.2875702229284129E-002
 -0.86747106738219060      -0.88489666117751409       0.34612275570723955     
 -0.13289765130130377       -7.1017884179382471E-002 -0.15844651530299403     
 -0.71754035675298666      -0.24051808376046582      -0.53330845297336871     
   1.5302641585183039      -0.78009732899425499      -0.41084024674599245     
  0.11988687703915170      -0.18142895548613214      -0.18258901406636771     
  -3.1760327490231895E-002  -2.5222220908853284E-002 -0.14918680832969397     
 -0.10455571183849566       -7.0478684540273270E-002 -0.14181313937954204     
 -0.17044776915371276       -9.4260569205029288E-002  -6.5480573936519001E-002
  -2.6426900526597807E-003  -2.6644873689695210E-002 -0.30147106318310812     
   3.2632840055031353E-003   1.2061559159144799      -0.64431397754697006     
 -0.28389080403899736        9.8268570417065493E-002 -0.13566438279365164     
  0.64330376483752438        1.2065582813549776       0.56048654645690232     
  -1.4708703393789373      -0.23754308046799652       0.19926636070776824     
   1.8869201511282563      -0.10036927194512832        1.1642603532420530     
  -8.3287293750585925E-002  -1.2307763146065267E-002  -3.5734799581189455E-002
 -0.28356072810791677        2.0105994698426946        1.5917608533894001     
   6.7950114937352967E-003  -3.7769506545107343E-002 -0.30710618275504592     
  0.47189935416060813      -0.69446300319258403        2.7719968051577459     
   3.7251198202350747E-002   2.3060191817437379E-002 -0.24030867582744697     
  0.57586571300620959        1.3637482003939994       0.35569253453670252     
   1.4389251922728639        7.9445542378468181E-002   1.4841703800990378     
   1.1653829805619771       0.75113558036332839      -0.21880053895887092     
  -4.2257575624042802E-002  0.20083420152293546       -1.9630160910429614E-002
  0.72233869975622877      -0.80423978755811609      -0.19790897720302883     
  -1.0492370685826664      -0.11290996419322814        1.0655022484898646     
  -1.1612125906607933       0.32906335535987219        1.8702868803629793     
  0.91721219345187166        1.0501513921437751      -0.93414665047753276     
   1.0455475657632212       0.47404436225527175       -1.1430138247078319     
 -0.46474362008945574       0.26453380208922239      -0.11862768729484763     
   1.4416253820624987       -1.1466115369415941        1.1104209216270962     
  -2.1289723765145516       -1.2301685005073810       -2.5335623039966157     
  0.15386448196578748      -0.10743931092090706       0.31263792761923437     
   1.4972411809292323       -5.5041987217477634E-002   5.9289070573485123     
 -0.10451154162325639        3.3578700362690762E-002  -8.9391384801994753E-002
  -7.9727548887226829E-002 -0.40251300153462044        9.1179172192469071E-002
  0.42006397717245325       -1.3351933030648504       -1.5023936184077926     
 -0.21480936586634367      -0.15823992903417380       -8.3840428937719438E-002
 -0.33186824788696323       -1.0677215524673709       0.22881398446022841     
 -0.11259362795074934        6.0239143735443007E-002  -3.0158506647612028E-002
  0.12951822815747707        1.8964174785620478      -0.96301823017979538     
  -3.6990883867008495E-002   4.4719047340476131E-002  -8.4172067574556753E-002
 -0.15453403870325008       -8.2446048706019473E-002 -0.17320869025712460     
 -0.16285061993242531        8.4761639424621085E-003  -8.0441656385564966E-003
   2.0885553468912965E-002   6.1631130258079696E-002 -0.10761611458394420     
 -0.16248055064136457      -0.17999638758407116        4.8563289146971382E-002
 -0.29269610094877341       0.34229101080718843      -0.46855916173854018     
  -3.2527440459212416E-002  -1.3040065169702695      -0.69404394179418949     
  -1.2711594794978571       0.72704461339501669       0.75166840509567656     
 -0.72071953096189845        2.0308963154608128      -0.60494077485203668     
  -8.6919863147278675E-002 -0.19412759267840476      -0.22203119363883561     
  -4.3326717514460093E-002 -0.14422936448823634       -6.4779375682661247E-002
 -0.72780440760107679       -1.1429542445047507       0.91249267278818436     
 -0.29005274732620584      -0.11723730437981018       -3.9261992398899846E-002
   2.2987068007197953E-002  -6.5474098136300937E-002 -0.17570450527359979     
 -0.39377410408114855       0.67607125805082957        1.2834408608275167     
 -0.19176436588257012       0.36353713975597324       0.16841366868876409     
  -4.4795202038602676E-002   5.4949215088307059E-002  -9.9823650741842906E-002
  0.98350896768835383       0.33164276638111240      -0.44056638476924204     
 -0.16496642874848721        1.1996086715411173E-002  -8.8814853795566903E-002
 -0.97238321239037062        9.8637422668411148E-002   1.3115162273112684     
 -0.21753471823373535       0.70921614205621464      -0.33470373551688964     
  0.16401554388363895       -1.0299709500791385      -0.16863364352838503     
  -5.2298487536957108E-002  -3.4194772302920118E-004  -7.6662506032338221E-002
   1.4002267426217447        11.547666166964467       -4.9308694326786657     
  0.68929647117125326      -0.36554793958848292      -0.43525402844642147     
 -0.56192636504632265       -7.9752041755433933E-002  0.41316423468637042     
 -0.11409731060896013       -3.0322329595740105E-002 -0.10995512755203207     
  -1.3406427085179915       0.43315826484020270      -0.78016805043195514     
  0.38230069884578366        1.0329443692167344      -0.83149163784189251     
   3.3347887627367942E-002  -2.0662976261672203       0.13383929621372456     
  -1.3915944560579716       0.19713855561737187       0.25840795575942960     
 -0.22164825932109183        6.7642650887174582E-002 -0.66501834971522922     
  0.18680118807641966       -1.4005032851688988       0.44121088575839712     
  0.38854427724524221       -2.0977982454862016       -7.9150476875991166E-002
  0.99344553490727594       0.99839203673830401       -1.7116371186148780     
  0.11985022442973693      -0.13285669853906115       -1.2941245974190675E-002
  -5.4481825622067201E-002  -1.6011815248751123E-005  -3.0482188548228421E-002
 -0.15661314545720700      -0.16371174959233531        1.5808195912959247E-002
 -0.16306246186316067        2.0208073981215983E-002 -0.17523002902064483     
  -2.0143881277223263      -0.85950288264483321       -1.0187889165022594     
   1.1468311274692209        3.0646207229221600       -1.5632513170527937     
 -0.12798086711534332      -0.14214601095536186       0.12970621107732178     
 -0.14108155629705932      -0.16882965494038649        5.1727197520390622E-002
 -0.80779802427815017       0.12107733913107442       0.88854517948450984     
  0.35230174629758881      -0.43586818736261296       0.30483044394884301     
  0.49198274544599119      -0.18586618659969992      -0.47047142147000937     
   1.8055798542462389      -0.15237952832320073        2.4070314025433404     
  -9.6546343076915161E-002 -0.10345713013824157      -0.14177655541223028     
  0.93261400924486626       -1.0111635379893591       0.98241957556368975     
   2.0755962653943954E-002   7.4816100530712450E-003 -0.28549373760644231     
  -1.4238302221920269       0.37104137014609762      -0.66211479969327303     
  -1.1723343258048784       -1.1941536856935675        1.7626692971598075     
 -0.12604887006544796      -0.12692292966157048       -4.7887369867004821E-002
  0.11196703433661966       0.68962748226622916      -0.33699918301428378     
  0.35673418964988962       0.81137374627292591      -0.24946202943616003     
 -0.40303461764836457      -0.78958979237432581        1.1906578400214594     
 -0.15225940535856053       -3.1282707371276718E-002 -0.29581809000232756     
 -0.17861277563529124       -2.6876518477894039E-002  -1.3912780646730008E-002
 -0.54035537899690078      -0.44949461128816137      -0.33806683175729285     
   1.2537268368765131       -1.8061716487524788       -3.2938268485343588E-003
  -8.4940021698593590E-002  -7.5463925815449154E-002 -0.17640176797002743     
  -7.0129363624022528E-002  -9.1970167472469389E-002 -0.23616560187936636     
 -0.17459383226487665       -1.1436815459274680E-002  -4.1531181714029440E-002
  -3.1422492581468051E-002  -4.5044145656451651E-002  -9.5123072592240857E-002
 -0.13335223157113227        2.5753394995947337E-002  -9.9795689520466357E-002
   1.3616490963715226      -0.61820879644062166      -0.56175404715844490     
  0.34215329286178781       -1.6296531963706313       0.22387308685385424     
  0.18133465088096237      -0.13139646051378465        4.5565074163742565E-002
  -1.6953398459173075        6.0642757931054696       -2.4616636887795571     
 -0.38496317602846813       0.36508002563072506       0.62368241334814378     
 -0.19205963127388309       0.10999870781985654        3.1999871248990917E-002
 -0.16428804676204589       -5.9938141989055421E-002  -3.3536179176717772E-002
 -0.14759743542779241        5.5922021842393276E-002  -8.3324486645355716E-003
  -8.1373408491463642E-003   5.8246961546711370E-002 -0.12109053402894020     
 -0.34356835840899524        1.7613541798466521       0.52128459162624552     
 -0.12778867497146382      -0.57612230134613396      -0.12953580222948455     
 -0.16473370815740354      -0.10379214793391398       -5.0105725463553505E-002
  -7.0783428503066320E-002   9.3235556145984236E-002 -0.10353325665528493     
 -0.90708098595419062      -0.73023329126252323      -0.63446644603151503     
  0.21753360170111502       -1.8931683550705716      -0.16721917885917686     
  0.87546530762330788       -1.2686360445152995        2.9993087454672391     
   1.4575369555981543       -1.5430611401393215      -0.58547229330425032     
 -0.35656386580668176      -0.38220327685950167      -0.66494223721395329     
   2.6464586962714129E-002  0.75376716214225981       -1.2827797626150879     
  -1.0927612924274359       -2.1630010433484871E-002  0.84334944944224133     
  0.11966763910426116       -1.5906436860230817       0.97081836489232332     
  0.74645269504951706        1.4250532008994028      -0.24604725952487627     
  0.15187123524602825      -0.12178037944870056      -0.14753861123447376     
 -0.84391464853019960       0.58651907001737447      -0.15300534307318334     
  0.72982691802027844      -0.83223632049852714        1.9362231968506203     
 -0.14685572454244350        8.9953463300219957E-002  -2.1760893079172686E-002
  -8.7415438038493887E-002  -6.7454700947291613E-002   9.1929616864383293E-002
  -8.8117604961831908E-002 -0.10188149786082096      -0.12010091136317469     
  -9.4497650427360830E-002  -2.9123174768239932E-002  -8.5944193307395094E-003
 -0.13718969104404077       -2.2136000929033010E-002 -0.10242752270005578     
 -0.28138873025192046      -0.14973308866074125      -0.15680971979798039     
   2.4802756694157730E-002  -2.2328671834645267E-002  0.17797463181224388     
 -0.44701500894119844      -0.47603920434922264      -0.17820399010532453     
  0.47798603895565184       -3.9069075325489773        2.0583454335710187     
  -3.2464268417556473E-002   3.4531047795368044E-002   6.7246843711596472E-003
 -0.14206755271551647        3.1404767565683937E-002  -4.1096466535680616E-002
  -1.0578146572931624       -1.0719326335640007      -0.94140705571172234     
   2.3771952588465574E-002  0.50438823004194500      -0.14186345506129311     
 -0.65833766637994118       -8.8270998913747178E-002  0.51888825533652239     
 -0.42473061166239451       -11.567170326235210        6.1001323682889890     
  -3.7626504274404018E-003 -0.11026210060662622      -0.10160059027397141     
 -0.34385050185714755        5.6430681912124678E-002  -2.7890536099203590E-002
  -5.3466114545725987E-002 -0.11544943222810729      -0.11601886927197487     
  -1.0676819657848746      -0.64237710044558238       -1.0100594446416902     
  0.20168893515900296      -0.10989715577597553      -0.20872556531181552     
   1.1850702738634740       0.57888730349492434      -0.14310768731053081     
 -0.23849426511888527       -1.9911484492820420E-002  -6.4183364139858085E-003
 -0.53428793049305778        1.3612220458052167       0.43810922176286471     
 -0.59151244110407653        1.7443715502325503       0.74184616202108600     
 -0.18281594369601434      -0.14438304074881478       -3.9725219335787501E-002
 -0.13007756910195728        2.4685261794969944E-002  -7.9098786715626840E-002
   1.3749499883026444      -0.55041035016712125      -0.77638489916276365     
 -0.42465341692497777       0.16223153899275033      -0.34789363344647234     
  -8.1069812834060187E-002 -0.18426670291226824      -0.18542103987508088     
  -8.6700290884740572E-002  0.13105016284413024       0.15994168317420340     
   6.3500044323884869E-002  -4.0686406326998228E-002 -0.19538489907889289     
 -0.71809535987246087        4.1436436906074725        2.1450376890187086     
 -0.46611054112432415       0.72982133963147677       -6.8075655881651709E-002
 -0.73118834093132035      -0.60257930815745198      -0.49582762250344764     
   1.3622161170261688        1.3399793299041904       -1.5496893002285812     
  -6.4004345291903797E-002 -0.16321260538419854      -0.10849412892093444     
  0.21415549057901198        14.179477437874224       0.41491848227964567     
  -8.0757492243889659E-002  -5.0810116954730603E-002 -0.14882757502583444     
 -0.16028390590209649       0.63416574911989954       0.11473743360309736     
   1.2559020675689447       -1.3005609629996888      -0.41440480602225327     
  -4.9194985773714020E-002  -9.7159945119072930E-002  -7.8926520282359400E-002
 -0.17316310824446382        2.7000440407497852E-002   4.9421658059193331E-002
 -0.33725754457612250      -0.68038289144830533       0.49672749470839761     
  0.63144151007671034       0.84617986763592090      -0.72950200095844975     
   1.0101866853814927      -0.74392447453848565       -1.2839742954573827     
