0.001
0.1
10
20
1.00000000 0.97627008 4.30378733 2.05526752 -0.68206083 -0.77924972 0.31265918
1.00000000 0.89766366 -1.52690401 2.91788226 -0.72363410 -0.60683528 -0.26254966
1.00000000 -1.24825577 7.83546002 9.27325521 0.64198646 -0.80579745 0.67588981
1.00000000 -2.33116962 5.83450076 0.57789840 -0.80780318 0.95291893 -0.06269760
1.00000000 1.36089122 8.51193277 -8.57927884 0.95352218 0.20969104 0.47852716
1.00000000 -8.25741401 -9.59563205 6.65239691 -0.92162442 -0.43438607 -0.75960688
1.00000000 5.56313502 7.40024296 9.57236684 -0.40771960 -0.76254456 -0.36403364
1.00000000 5.98317128 -0.77041275 5.61058353 -0.17147401 -0.87170501 0.38494424
1.00000000 -7.63451148 2.79842043 -7.13293425 0.13320291 -0.46922102 0.04649611
1.00000000 8.89337834 0.43696644 -1.70676120 -0.81211898 0.15189299 0.85859240
1.00000000 -4.70888776 5.48467379 -0.87699336 -0.36286210 0.33482076 -0.73640428
1.00000000 1.36867898 -9.62420399 2.35270994 0.43265441 -0.42118781 -0.63361728
1.00000000 2.24191445 2.33867994 8.87496157 0.17302587 -0.95978491 0.65788006
1.00000000 3.63640598 -2.80984199 -1.25936092 -0.99060905 0.35563307 -0.45998405
1.00000000 3.95262392 -8.79549057 3.33533431 0.47038804 0.92437709 -0.50249371
1.00000000 3.41275739 -5.79234878 -7.42147405 0.15231467 0.18408386 0.14450381
1.00000000 -3.69143298 -2.72578458 1.40393541 -0.55383673 0.90549802 -0.10574924
1.00000000 -1.22796973 9.76747676 -7.95910379 0.69281734 0.39895855 -0.40512610
1.00000000 -5.82246488 -6.77380964 3.06216651 0.62759564 -0.20698852 0.76220639
1.00000000 -4.93416795 -0.67378454 -5.11148816 0.16254575 0.76347072 0.38506318
