0.001
0.1
10
150
1.00000000 0.97627008 4.30378733 2.05526752 -0.40688747 0.98402249 -0.50115992
1.00000000 0.89766366 -1.52690401 2.91788226 -0.78818769 0.90190522 -0.53315949
1.00000000 -1.24825577 7.83546002 9.27325521 0.37953653 -0.88328728 0.46141820
1.00000000 -2.33116962 5.83450076 0.57789840 0.76344042 -0.45512621 -0.24188621
1.00000000 1.36089122 8.51193277 -8.57927884 -0.25140763 0.49757652 -0.52438551
1.00000000 -8.25741401 -9.59563205 6.65239691 -0.65629380 -0.10141670 -0.39106319
1.00000000 5.56313502 7.40024296 9.57236684 0.67837824 -0.52451635 0.00477891
1.00000000 5.98317128 -0.77041275 5.61058353 0.88516720 0.26799540 0.73457881
1.00000000 -7.63451148 2.79842043 -7.13293425 0.88041938 0.50152972 0.39915012
1.00000000 8.89337834 0.43696644 -1.70676120 0.93593113 0.98880158 -0.09635663
1.00000000 -4.70888776 5.48467379 -0.87699336 -0.85826044 -0.41441194 -0.69529059
1.00000000 1.36867898 -9.62420399 2.35270994 -0.16502725 -0.73742134 0.20823561
1.00000000 2.24191445 2.33867994 8.87496157 -0.23438388 0.79077177 0.93558934
1.00000000 3.63640598 -2.80984199 -1.25936092 0.09376980 -0.45035286 0.18446084
1.00000000 3.95262392 -8.79549057 3.33533431 0.79352232 -0.18653331 0.10415655
1.00000000 3.41275739 -5.79234878 -7.42147405 -0.45669446 -0.08911170 -0.19657293
1.00000000 -3.69143298 -2.72578458 1.40393541 -0.50317307 0.01173277 -0.37923835
1.00000000 -1.22796973 9.76747676 -7.95910379 -0.25393027 0.04994088 0.50119005
1.00000000 -5.82246488 -6.77380964 3.06216651 -0.33298507 0.84831753 0.72463709
1.00000000 -4.93416795 -0.67378454 -5.11148816 -0.90261941 -0.49271495 -0.10772897
1.00000000 -6.82060833 -7.79249718 3.12659179 -0.79074422 -0.30304802 0.48019505
1.00000000 -7.23634097 -6.06835277 -2.62549659 0.36102896 0.24476886 0.42105681
1.00000000 6.41986460 -8.05797448 6.75889815 -0.59015263 -0.31660377 0.35248496
1.00000000 -8.07803184 9.52918930 -0.62697597 0.75846953 0.08735611 -0.43460070
1.00000000 9.53522176 2.09691039 4.78527159 -0.93952948 0.42067366 -0.98423179
1.00000000 -9.21624415 -4.34386075 -7.59606878 -0.25464186 0.06107443 0.84422292
1.00000000 -4.07719605 -7.62544562 -3.64033641 -0.82101091 -0.18811536 -0.95137360
1.00000000 -1.71474011 -8.71705007 3.84944239 -0.31477803 0.24446212 -0.44186410
1.00000000 1.33202908 -4.69221018 0.46496107 -0.58050010 -0.76859353 0.15428049
1.00000000 -8.12118978 1.51892991 8.58592395 0.39054001 0.34391428 0.89772204
1.00000000 -3.62862095 3.34820760 -7.36404275 -0.99459357 0.29439331 0.20078447
1.00000000 4.32654408 -4.21187814 -6.33617276 0.17747922 0.92554064 -0.96625665
1.00000000 1.73025870 -9.59784908 6.57880058 0.39296486 0.62735730 0.01961439
1.00000000 -9.90609048 3.55633074 -4.59984054 -0.33207026 0.58168033 -0.80551415
1.00000000 4.70388044 9.24377090 -5.02493713 -0.11592872 0.03990475 0.38791282
1.00000000 1.52314669 1.84083863 1.44503812 -0.81822854 -0.54448100 -0.17939687
1.00000000 -5.53836735 9.05498023 -1.05749243 0.24658935 0.77392156 0.23765234
1.00000000 6.92817345 3.98958551 -4.05126098 -0.73307706 0.96116027 0.74357147
1.00000000 6.27595639 -2.06988518 7.62206394 0.00544152 0.84469596 0.08276159
1.00000000 1.62545745 7.63470724 3.85063180 0.84661214 0.65979474 0.93657282
1.00000000 4.50508560 0.02648764 9.12167269 0.83956562 -0.92793237 -0.65045599
1.00000000 2.87980398 -1.52289903 2.12786428 -0.22173065 0.90428539 -0.39994216
1.00000000 -9.61613603 -3.96850367 3.20347075 -0.67906471 0.77260933 -0.10721117
1.00000000 -4.19844786 2.36030858 -1.42462598 0.81575119 -0.67953907 0.32223502
1.00000000 -7.29051872 -4.03435348 1.39929821 -0.11947249 -0.84702646 0.39292629
1.00000000 1.81745522 1.48650498 3.06401640 -0.50520249 -0.92076895 -0.88011140
1.00000000 3.04206540 -1.37163129 7.93093192 -0.87784293 0.81546591 0.47976784
1.00000000 -2.64876260 -1.28270149 7.83846710 0.79612471 0.34516462 0.05787986
1.00000000 6.12387978 4.07777167 -7.99546225 -0.39110727 0.99592450 -0.27562188
1.00000000 8.38965227 4.28482599 9.97694013 -0.05870210 -0.24350965 0.95905386
1.00000000 -7.01103391 7.36252115 -6.75014131 -0.65068323 -0.34402400 0.36069733
1.00000000 2.31119129 -7.52360034 6.96016459 -0.87358476 0.21449875 -0.04470699
1.00000000 6.14637917 1.38201477 -1.85633406 -0.43200005 -0.52317344 0.02902549
1.00000000 -8.61666009 3.94857546 -0.92914635 -0.26414484 -0.08696022 -0.32504524
1.00000000 4.44111199 7.32764652 9.51043010 0.94098739 -0.73312114 -0.80639209
1.00000000 7.11606685 -9.76571832 -2.80043871 -0.31321654 0.18205380 0.31835294
1.00000000 4.59981125 -6.56740645 0.42073212 -0.20548651 0.99855599 -0.29621401
1.00000000 -8.91324023 -6.00006950 -9.62956411 0.44281334 0.27516539 0.62610773
1.00000000 5.87395407 -5.52150624 -3.09296639 0.95245133 0.77958731 0.52912395
1.00000000 8.56162587 4.08828804 -9.36322141 0.39649696 -0.32900366 -0.70462884
1.00000000 -6.70611687 2.42956803 1.54457177 -0.87472799 -0.51619659 -0.13543704
1.00000000 -5.24214357 8.68427996 2.27931912 0.04399255 0.54616711 0.91748185
1.00000000 0.71265606 1.79819953 4.60244059 -0.76535904 -0.78599172 0.17938945
1.00000000 -3.76110009 -2.03557876 -5.80312502 0.49079615 0.69630076 0.87166416
1.00000000 -6.27613988 8.88744780 4.79101590 0.96685248 -0.20039662 -0.23932963
1.00000000 -0.19082383 -5.45170744 -4.91287036 -0.70438265 0.36986888 0.31352392
1.00000000 -8.83941679 -1.31166749 -3.76408236 0.72412519 -0.80548401 -0.00444618
1.00000000 3.92686978 -2.44496321 -6.40792645 0.16216386 -0.51688592 -0.66194919
1.00000000 -9.50642543 -8.65500737 3.58785547 0.71916167 -0.88293016 -0.05875819
1.00000000 -0.92606311 0.73158422 7.93342586 -0.76833200 -0.08588248 0.95992465
1.00000000 9.80677895 -5.66206031 3.26156406 -0.15258729 0.71424984 -0.76536887
1.00000000 -4.73355247 -9.58698001 5.16757308 -0.45749585 -0.19241452 -0.20037572
1.00000000 -3.59965698 -2.33072212 1.76634227 0.34276696 -0.31056375 0.42753374
1.00000000 6.62096910 2.57963687 7.45301311 0.27837380 -0.20167771 -0.13647974
1.00000000 -4.52915930 5.96093668 -6.28728111 0.22905540 -0.85991562 0.64481348
1.00000000 9.05583314 3.74976553 -5.68984646 0.30684232 0.45268493 0.07384600
1.00000000 8.94741181 4.61711614 -4.92116715 -0.77904578 -0.18992877 -0.18925283
1.00000000 -5.73376045 0.36401428 -9.48674564 -0.35791402 -0.94009935 0.47450849
1.00000000 -5.85059849 -1.50629062 -2.51660039 -0.78043108 0.21261627 0.40643499
1.00000000 -0.72849151 -4.44742587 1.73568693 0.26957265 0.91828450 -0.79340369
1.00000000 7.27711212 -7.64936288 0.34758214 0.73433432 -0.94161953 0.06983371
1.00000000 -7.35863787 4.33719362 -2.07880594 -0.19151276 0.04836772 -0.26980025
1.00000000 1.30842624 -6.33440328 -7.10304481 -0.61886617 -0.96175421 0.03629963
1.00000000 -0.23887439 -2.88774524 8.80863891 0.68555373 -0.25356809 -0.55427236
1.00000000 5.30650508 4.97327240 8.07439479 -0.83893599 -0.82937815 -0.55720711
1.00000000 -8.33155129 1.04384940 1.68952138 -0.79997188 -0.46992060 -0.86770108
1.00000000 9.23872757 -4.15704946 -5.18342440 -0.86879027 0.71255236 -0.67575948
1.00000000 -7.99412115 -9.67140741 8.59058634 0.11936481 0.54691109 -0.08718087
1.00000000 3.39833093 5.70305824 -4.36539788 -0.69326224 -0.60080772 -0.13403159
1.00000000 1.72820332 -8.72089468 -0.28744808 0.05646818 -0.30111942 0.56295920
1.00000000 9.54990279 7.53010491 -3.23682096 0.50204330 0.85442361 -0.94209490
1.00000000 9.23140309 -5.36596747 8.98637645 0.79138258 -0.21486242 0.75674499
1.00000000 8.82755409 5.98405175 2.60895874 0.38156955 0.97469751 0.51856490
1.00000000 7.48575933 -4.13959431 6.97887111 -0.27091075 0.00212635 -0.24722169
1.00000000 2.35753384 -9.73526284 -3.05532964 -0.27017633 -0.47819100 -0.00805941
1.00000000 -7.03718278 9.63658780 -0.43259386 0.36347989 -0.44531946 0.04875962
1.00000000 -0.05217269 2.78945033 -2.62830788 -0.76523941 -0.68030943 -0.90638729
1.00000000 -7.26199457 6.44235466 -6.20304176 0.94146289 -0.99227930 -0.64284006
1.00000000 0.22637965 -5.51365942 -8.04311031 0.22573351 -0.83726080 0.76379301
1.00000000 7.24383035 9.45838978 9.21669316 0.43924032 0.93277994 0.01527109
1.00000000 8.13110998 5.48094665 -3.33709696 -0.39919263 0.09900115 0.86163743
1.00000000 -8.37797220 -1.85517657 -5.35531716 0.04152287 -0.46558594 0.75479758
1.00000000 -7.35024730 -8.93145636 4.51188728 -0.25616250 -0.99723330 -0.50462996
1.00000000 -9.77145083 5.41161497 -7.06106709 -0.36353298 0.71755494 -0.08299367
1.00000000 -8.40955835 -8.20793932 3.44095615 -0.11082542 -0.32779547 0.76135625
1.00000000 -5.09265580 -1.58921067 1.14737583 0.89005355 0.98378066 -0.24651747
1.00000000 7.21102348 4.54088525 -4.59344190 0.93229489 0.58375914 0.35137830
1.00000000 -7.37034401 -8.89251359 -3.96802731 -0.51022104 -0.56708548 -0.66790435
1.00000000 -4.75763702 -0.87718866 3.66562671 0.84551322 -0.41184668 -0.09381151
1.00000000 3.91250891 -4.32962307 -2.40146088 -0.01208433 0.55634319 0.68846992
1.00000000 -6.37698077 5.77091025 -8.86303847 -0.72185460 -0.14619128 0.68570978
1.00000000 3.93994483 5.57390792 5.54815124 0.63606661 -0.79517248 -0.68723330
1.00000000 -4.81154871 -2.52373724 1.75199270 -0.39160262 -0.84928186 -0.15067399
1.00000000 -4.54356195 -2.58294402 -6.05891440 -0.78476459 0.13643519 -0.50688612
1.00000000 -0.80288232 -9.10775397 5.99591769 0.19286613 -0.76494871 0.95176774
1.00000000 -8.46087106 0.37670298 -3.86379801 0.86512241 -0.21640612 -0.51564281
1.00000000 1.55085898 9.18866682 2.91140489 -0.49920357 -0.03321293 -0.92001440
1.00000000 -9.29275128 -1.39195121 0.20033705 0.27941021 -0.18339418 -0.24518685
1.00000000 0.72354989 3.62785021 -4.44807805 0.61872994 0.41807092 0.90866763
1.00000000 -7.42278869 -2.14648647 9.12811446 -0.29612752 0.79508553 0.53993437
1.00000000 -6.25738216 8.07967910 0.87611900 -0.28515070 0.24333087 -0.42286008
1.00000000 -0.86177157 7.64082820 -0.82792076 0.74879983 -0.77514537 -0.57513128
1.00000000 4.48335273 -2.01949357 8.08088786 -0.63393342 -0.19394800 0.49046592
1.00000000 3.80050040 3.99244109 -3.44559197 0.05381490 -0.02464735 -0.99890807
1.00000000 5.13557285 2.72122111 -5.19959453 -0.14919655 -0.87289245 -0.58349350
1.00000000 -6.78922355 5.92782949 9.18333206 0.86478788 -0.56920359 0.71667528
1.00000000 -0.83722345 1.81968331 7.15445288 0.60578674 -0.68170753 0.21142391
1.00000000 -0.85553093 9.03748954 1.51502324 -0.76867626 0.45577632 0.27492455
1.00000000 6.41534241 8.17687437 6.31047638 0.62387712 -0.04123090 0.82972618
1.00000000 -6.81171073 2.57796878 -2.03131483 -0.90130211 -0.41422287 0.43010519
1.00000000 -8.74574096 -1.51935496 -4.82631866 -0.16378158 -0.65409729 -0.78557851
1.00000000 6.98076617 -9.33390747 9.17965444 0.63467822 -0.05371404 0.76456734
1.00000000 -2.89262303 -2.86586219 -9.67342995 0.46657827 -0.18054759 -0.25297797
1.00000000 -6.29535350 -1.97480998 8.58582835 0.03127669 0.77811991 0.47455716
1.00000000 -8.00770140 8.90603067 7.38977061 -0.98969407 0.38831570 0.83901481
1.00000000 -0.91675206 -3.46598236 -5.34511741 0.42091152 -0.64598844 -0.03296375
1.00000000 2.28929413 -9.33850817 -9.68787871 -0.71936796 -0.28200944 0.87423408
1.00000000 -1.42408555 -8.63851852 -4.96118024 0.84661062 -0.43432630 -0.32073791
1.00000000 -5.57678169 -4.93617613 -7.37889538 0.20042574 0.92639459 -0.70439733
1.00000000 -9.75927554 -7.69031406 2.36960519 -0.48616671 0.74711365 -0.01621554
1.00000000 9.48512426 9.80690003 -1.81891809 0.79792218 -0.62896420 0.06533717
1.00000000 -6.74091148 2.77523515 -0.19389307 -0.34746073 -0.36691488 -0.10624607
1.00000000 9.78819555 -8.69391586 5.66468877 -0.13384510 -0.28530624 0.82994154
1.00000000 -4.23203005 -5.17162760 3.25009143 0.46348837 0.45509398 -0.42017310
1.00000000 -5.07873630 3.31718235 0.34617034 0.15541885 0.55835887 0.59118074
1.00000000 -1.51822023 1.09375617 -4.25896960 -0.31093908 0.54174551 0.47178779
1.00000000 4.13149413 -1.70286261 -2.78908879 -0.71698703 0.73189094 -0.11735706
1.00000000 6.57313829 8.49933824 -9.07985378 -0.02717910 -0.10326164 0.13569200
1.00000000 -5.34746014 -3.02961261 6.29932959 0.24233849 -0.00364087 0.73357709
1.00000000 9.70982855 9.37943409 8.09896691 0.25546951 -0.19714410 -0.16661649
