    0.001000
    0.100000
   50.000000
  500
  0.200000E-02 -0.570428E-01 -0.767424E+00  0.900799E-01 -0.505058E+00  0.378250E-01  0.000000E+00
  0.200000E-02 -0.189675E+00 -0.180319E+00 -0.959496E+00 -0.323592E+00  0.324142E+00  0.000000E+00
  0.200000E-02 -0.300421E+00  0.901361E+00  0.188622E+00  0.433579E+00  0.146752E+00 -0.000000E+00
  0.200000E-02  0.323857E+00 -0.613955E+00 -0.534346E+00 -0.430216E+00 -0.222391E+00  0.000000E+00
  0.200000E-02 -0.500393E+00 -0.494947E+00 -0.109512E+00 -0.377374E+00  0.374695E+00  0.000000E+00
  0.200000E-02 -0.337816E+00  0.318691E+00  0.840039E+00  0.305031E+00  0.335245E+00 -0.000000E+00
  0.200000E-02  0.152752E-01 -0.571372E+00  0.840946E-01 -0.584014E+00 -0.141360E-01  0.000000E+00
  0.200000E-02 -0.639469E+00 -0.454877E+00 -0.204678E+00 -0.293711E+00  0.404575E+00  0.000000E+00
  0.200000E-02 -0.287040E+00 -0.682492E+00 -0.511822E+00 -0.440333E+00  0.183220E+00  0.000000E+00
  0.200000E-02  0.147583E+00  0.777311E+00  0.534064E+00  0.449995E+00 -0.858748E-01  0.000000E+00
  0.200000E-02 -0.239948E+00 -0.168724E+00  0.115814E-01 -0.486752E+00  0.655911E+00  0.000000E+00
  0.200000E-02 -0.563257E-01  0.249982E+00  0.799202E+00  0.469782E+00  0.112714E+00 -0.000000E+00
  0.200000E-02 -0.155996E+00  0.410511E+00  0.528364E+00  0.498195E+00  0.195645E+00 -0.000000E+00
  0.200000E-02 -0.894818E-01 -0.890554E+00 -0.384604E+00 -0.454293E+00  0.457325E-01  0.000000E+00
  0.200000E-02 -0.604391E+00 -0.330688E+00  0.424638E+00 -0.242030E+00  0.429929E+00  0.000000E+00
  0.200000E-02  0.546189E+00 -0.694774E-01  0.560482E+00 -0.723832E-01 -0.494913E+00  0.000000E+00
  0.200000E-02 -0.467318E+00  0.350867E+00  0.442114E+00  0.305776E+00  0.420568E+00 -0.000000E+00
  0.200000E-02 -0.287579E-01 -0.313651E+00 -0.322117E+00 -0.679059E+00  0.628056E-01  0.000000E+00
  0.200000E-02 -0.257497E+00 -0.542054E+00  0.448906E+00 -0.462285E+00  0.216539E+00  0.000000E+00
  0.200000E-02  0.853368E+00 -0.426067E+00 -0.202895E+00 -0.207969E+00 -0.406201E+00  0.000000E+00
  0.200000E-02 -0.800322E+00 -0.324598E+00  0.268710E-01 -0.185893E+00  0.444995E+00  0.000000E+00
  0.200000E-02 -0.379468E+00  0.584061E+00 -0.412389E+00  0.422867E+00  0.280520E+00 -0.000000E+00
  0.200000E-02  0.278016E+00 -0.383321E+00  0.603836E-01 -0.525776E+00 -0.369824E+00  0.000000E+00
  0.200000E-02 -0.148835E+00 -0.569114E+00 -0.328708E+00 -0.533127E+00  0.138064E+00  0.000000E+00
  0.200000E-02 -0.904114E+00 -0.621846E-02  0.211848E+00 -0.844094E-02  0.464585E+00  0.000000E+00
  0.200000E-02  0.265664E+00  0.555526E+00  0.186078E+00  0.504423E+00 -0.244643E+00  0.000000E+00
  0.200000E-02 -0.840252E+00  0.240090E+00  0.200580E+00  0.124794E+00  0.456836E+00 -0.000000E+00
  0.200000E-02  0.376081E+00  0.805456E+00 -0.314140E+00  0.423647E+00 -0.199715E+00  0.000000E+00
  0.200000E-02  0.686495E-01  0.441092E-01 -0.825667E+00  0.226297E+00 -0.450546E+00  0.000000E+00
  0.200000E-02 -0.576141E+00  0.781163E-01 -0.608278E+00  0.581005E-01  0.494115E+00 -0.000000E+00
  0.200000E-02  0.307580E+00  0.566288E+00  0.647324E+00  0.408634E+00 -0.225153E+00  0.000000E+00
  0.200000E-02 -0.813842E+00  0.309957E+00  0.256667E+00  0.162341E+00  0.441449E+00 -0.000000E+00
  0.200000E-02  0.537606E+00 -0.432677E+00  0.176368E+00 -0.336181E+00 -0.407153E+00  0.000000E+00
  0.200000E-02 -0.751353E+00  0.503006E+00  0.410001E+00  0.246203E+00  0.375992E+00 -0.000000E+00
  0.200000E-02 -0.205587E+00 -0.855789E+00 -0.146333E+00 -0.461990E+00  0.110312E+00  0.000000E+00
  0.200000E-02  0.389069E+00 -0.314674E+00 -0.609633E+00 -0.329857E+00 -0.393785E+00  0.000000E+00
  0.200000E-02  0.706014E-01  0.308262E+00 -0.292329E+00  0.691808E+00 -0.161104E+00  0.000000E+00
  0.200000E-02 -0.514275E-01 -0.484552E+00 -0.306261E+00 -0.593821E+00  0.631589E-01  0.000000E+00
  0.200000E-02 -0.679716E+00 -0.507997E+00 -0.157514E+00 -0.293070E+00  0.385073E+00  0.000000E+00
  0.200000E-02  0.771622E+00  0.871046E-01 -0.474574E+00  0.473210E-01 -0.474243E+00  0.000000E+00
  0.200000E-02  0.341589E+00 -0.973072E-01 -0.815161E+00 -0.146171E+00 -0.462680E+00  0.000000E+00
  0.200000E-02 -0.252205E+00  0.757900E+00 -0.219197E+00  0.473195E+00  0.160376E+00 -0.000000E+00
  0.200000E-02 -0.576905E-01 -0.741379E+00  0.390430E+00 -0.482502E+00  0.378038E-01  0.000000E+00
  0.200000E-02 -0.128027E+00  0.846685E+00 -0.459846E+00  0.456739E+00  0.705621E-01 -0.000000E+00
  0.200000E-02  0.253818E+00 -0.749608E+00 -0.228323E+00 -0.470333E+00 -0.156370E+00  0.000000E+00
  0.200000E-02  0.773744E+00 -0.267395E+00 -0.128367E+00 -0.167400E+00 -0.465824E+00  0.000000E+00
  0.200000E-02 -0.408178E+00 -0.392916E+00 -0.617490E+00 -0.348717E+00  0.354106E+00  0.000000E+00
  0.200000E-02 -0.109346E+00  0.221471E+00 -0.178838E+00  0.753927E+00  0.394534E+00 -0.000000E+00
  0.200000E-02 -0.155103E+00 -0.477858E+00  0.355220E-01 -0.596021E+00  0.190864E+00  0.000000E+00
  0.200000E-02 -0.360332E+00 -0.189171E+00  0.893090E+00 -0.215866E+00  0.391381E+00  0.000000E+00
  0.200000E-02 -0.270400E+00 -0.311332E+00 -0.302857E+00 -0.486094E+00  0.410565E+00  0.000000E+00
  0.200000E-02 -0.194279E+00  0.570200E-01 -0.214398E+00  0.201232E+00  0.840692E+00 -0.000000E+00
  0.200000E-02  0.434317E-02 -0.364547E+00  0.762922E+00 -0.479842E+00 -0.402742E-02  0.000000E+00
  0.200000E-02 -0.249924E+00 -0.191053E+00  0.472905E-01 -0.488735E+00  0.609749E+00  0.000000E+00
  0.200000E-02 -0.329563E+00 -0.426603E+00 -0.361509E+00 -0.448784E+00  0.339810E+00  0.000000E+00
  0.200000E-02 -0.621278E+00  0.223847E+00 -0.332484E+00  0.171760E+00  0.500505E+00 -0.000000E+00
  0.200000E-02 -0.222951E-01 -0.694634E+00 -0.717027E-01 -0.535138E+00  0.178358E-01  0.000000E+00
  0.200000E-02 -0.497797E+00  0.122428E+00  0.754606E+00  0.101884E+00  0.453124E+00 -0.000000E+00
  0.200000E-02  0.625458E+00 -0.131826E+00 -0.183200E+00 -0.123122E+00 -0.541054E+00  0.000000E+00
  0.200000E-02 -0.345252E+00  0.153605E+00  0.440688E+00  0.221441E+00  0.535086E+00 -0.000000E+00
  0.200000E-02 -0.430871E+00  0.306732E+00 -0.527594E+00  0.299903E+00  0.437024E+00 -0.000000E+00
  0.200000E-02 -0.185848E+00 -0.159757E+00 -0.917929E+00 -0.315421E+00  0.347074E+00  0.000000E+00
  0.200000E-02 -0.308771E+00 -0.580544E+00  0.537048E+00 -0.425438E+00  0.223220E+00  0.000000E+00
  0.200000E-02  0.840626E-01  0.130115E+00 -0.833525E-02  0.963047E+00 -0.665663E+00  0.000000E+00
  0.200000E-02  0.719786E+00 -0.482995E-01  0.201590E+00 -0.419583E-01 -0.515139E+00  0.000000E+00
  0.200000E-02  0.729118E+00  0.380092E+00 -0.391129E+00  0.215865E+00 -0.424841E+00  0.000000E+00
  0.200000E-02  0.197449E+00 -0.433325E+00  0.630047E-01 -0.585279E+00 -0.258957E+00  0.000000E+00
  0.200000E-02 -0.390641E+00  0.181045E+00 -0.575778E+00  0.216302E+00  0.496181E+00 -0.000000E+00
  0.200000E-02 -0.349848E+00 -0.910112E+00 -0.221566E-01 -0.423626E+00  0.161584E+00  0.000000E+00
  0.200000E-02 -0.414382E+00  0.133792E+00 -0.148355E+00  0.191449E+00  0.643906E+00 -0.000000E+00
  0.200000E-02  0.256794E+00 -0.850823E-01  0.231862E+00 -0.255070E+00 -0.684016E+00  0.000000E+00
  0.200000E-02  0.417044E+00  0.692791E-01 -0.515587E+00  0.790777E-01 -0.556896E+00  0.000000E+00
  0.200000E-02 -0.934002E+00 -0.103159E+00  0.275216E-02 -0.557856E-01  0.460102E+00  0.000000E+00
  0.200000E-02 -0.274643E+00 -0.910185E+00 -0.268534E+00 -0.433363E+00  0.129875E+00  0.000000E+00
  0.200000E-02  0.689808E-01  0.238035E+00 -0.763600E+00  0.491963E+00 -0.146384E+00  0.000000E+00
  0.200000E-02  0.160221E+00  0.137910E-01 -0.750710E+00  0.117474E-01 -0.524589E+00  0.000000E+00
  0.200000E-02  0.921450E+00  0.203046E+00 -0.295390E+00  0.933979E-01 -0.445759E+00  0.000000E+00
  0.200000E-02 -0.472964E+00  0.304075E-01 -0.102865E+00  0.276217E-01  0.649095E+00 -0.000000E+00
  0.200000E-02  0.167012E+00 -0.445633E+00  0.483890E+00 -0.502379E+00 -0.182734E+00  0.000000E+00
  0.200000E-02 -0.516551E+00 -0.170478E+00 -0.773247E+00 -0.154473E+00  0.442585E+00  0.000000E+00
  0.200000E-02  0.115837E+00 -0.469287E+00 -0.531221E+00 -0.522669E+00 -0.124956E+00  0.000000E+00
  0.200000E-02  0.882451E-01  0.197535E+00 -0.492075E+00  0.574979E+00 -0.267214E+00  0.000000E+00
  0.200000E-02 -0.646030E+00  0.309166E+00 -0.544910E+00  0.201385E+00  0.436018E+00 -0.000000E+00
  0.200000E-02  0.452320E+00  0.455504E+00 -0.480496E+00  0.358825E+00 -0.363538E+00  0.000000E+00
  0.200000E-02 -0.514814E-01 -0.184368E+00 -0.894952E+00 -0.461578E+00  0.124952E+00  0.000000E+00
  0.200000E-02 -0.281225E+00  0.768758E+00 -0.739421E-01  0.468444E+00  0.174416E+00 -0.000000E+00
  0.200000E-02  0.285427E+00  0.283479E+00 -0.458803E+00  0.409303E+00 -0.425751E+00  0.000000E+00
  0.200000E-02  0.140841E+00  0.605109E+00  0.450066E+00  0.496452E+00 -0.116538E+00  0.000000E+00
  0.200000E-02  0.497449E+00  0.272135E+00 -0.369811E+00  0.259597E+00 -0.491877E+00  0.000000E+00
  0.200000E-02 -0.236099E+00 -0.170196E+00  0.702772E+00 -0.305752E+00  0.402124E+00  0.000000E+00
  0.200000E-02 -0.287386E+00 -0.383365E+00  0.222241E+00 -0.489074E+00  0.358589E+00  0.000000E+00
  0.200000E-02  0.345006E+00  0.185996E+00 -0.132590E+00  0.324341E+00 -0.634431E+00  0.000000E+00
  0.200000E-02 -0.115978E+00  0.126408E+00  0.218740E+00  0.577788E+00  0.582746E+00 -0.000000E+00
  0.200000E-02 -0.654315E+00 -0.303393E+00 -0.556296E+00 -0.205211E+00  0.428917E+00  0.000000E+00
  0.200000E-02  0.226097E+00  0.685960E+00 -0.254030E+00  0.494415E+00 -0.164553E+00  0.000000E+00
  0.200000E-02  0.326581E+00 -0.593101E+00 -0.545655E+00 -0.428043E+00 -0.230849E+00  0.000000E+00
  0.200000E-02 -0.532615E+00 -0.206114E+00  0.232193E+00 -0.212284E+00  0.523793E+00  0.000000E+00
  0.200000E-02 -0.373379E+00 -0.539897E+00 -0.314634E+00 -0.437507E+00  0.297894E+00  0.000000E+00
  0.200000E-02 -0.190200E+00 -0.968857E+00 -0.944385E-01 -0.441744E+00  0.863549E-01  0.000000E+00
  0.200000E-02  0.776276E+00  0.202155E+00 -0.832609E-01  0.120923E+00 -0.488338E+00  0.000000E+00
  0.200000E-02 -0.508634E+00  0.619221E+00  0.457742E+00  0.357141E+00  0.298989E+00 -0.000000E+00
  0.200000E-02  0.388292E+00 -0.386348E+00  0.532414E+00 -0.361973E+00 -0.353317E+00  0.000000E+00
  0.200000E-02  0.983021E-01  0.944567E+00 -0.472389E-01  0.461780E+00 -0.479923E-01  0.000000E+00
  0.200000E-02 -0.618405E-01 -0.894234E+00 -0.168137E-01 -0.471417E+00  0.328562E-01  0.000000E+00
  0.200000E-02  0.269791E+00 -0.281018E+00  0.620231E+00 -0.378542E+00 -0.349097E+00  0.000000E+00
  0.200000E-02  0.468972E-01  0.490778E+00 -0.311556E+00  0.599976E+00 -0.570571E-01  0.000000E+00
  0.200000E-02 -0.168345E+00 -0.993519E-01 -0.719289E+00 -0.288739E+00  0.446729E+00  0.000000E+00
  0.200000E-02 -0.127809E+00  0.653697E+00 -0.585115E+00  0.476373E+00  0.955066E-01 -0.000000E+00
  0.200000E-02 -0.541751E+00 -0.273284E+00 -0.453971E+00 -0.241574E+00  0.462630E+00  0.000000E+00
  0.200000E-02  0.330005E+00  0.162375E+00  0.499272E+00  0.235559E+00 -0.509076E+00  0.000000E+00
  0.200000E-02 -0.291646E+00 -0.319755E+00  0.567937E+00 -0.389890E+00  0.346006E+00  0.000000E+00
  0.200000E-02 -0.250272E+00  0.736989E-01 -0.581108E+00  0.141382E+00  0.560166E+00 -0.000000E+00
  0.200000E-02 -0.146840E+00  0.543393E+00 -0.662877E+00  0.473466E+00  0.131462E+00 -0.000000E+00
  0.200000E-02  0.518667E+00  0.298513E-01  0.719335E-01  0.234588E-01 -0.618675E+00  0.000000E+00
  0.200000E-02  0.357482E+00  0.202597E+00 -0.804148E+00  0.229040E+00 -0.424207E+00  0.000000E+00
  0.200000E-02 -0.403806E+00  0.240506E+00 -0.735889E+00  0.242167E+00  0.425917E+00 -0.000000E+00
  0.200000E-02  0.934394E-01  0.601920E+00 -0.470688E+00  0.516191E+00 -0.804719E-01  0.000000E+00
  0.200000E-02 -0.266157E+00 -0.313092E+00 -0.623804E+00 -0.407316E+00  0.336809E+00  0.000000E+00
  0.200000E-02  0.210554E+00 -0.340891E-01  0.532958E+00 -0.119844E+00 -0.566126E+00  0.000000E+00
  0.200000E-02  0.151349E+00 -0.935001E+00 -0.318007E+00 -0.444712E+00 -0.706432E-01  0.000000E+00
  0.200000E-02 -0.612104E+00 -0.180696E+00  0.351570E+00 -0.154608E+00  0.496637E+00  0.000000E+00
  0.200000E-02  0.744142E+00  0.597392E-01  0.409641E+00  0.321523E-01 -0.482482E+00  0.000000E+00
  0.200000E-02 -0.547393E+00 -0.601897E+00 -0.440835E+00 -0.349808E+00  0.313499E+00  0.000000E+00
  0.200000E-02  0.458525E+00 -0.437319E+00  0.250634E+00 -0.376247E+00 -0.384467E+00  0.000000E+00
  0.200000E-02 -0.438191E+00  0.767449E+00 -0.649510E-01  0.415840E+00  0.241298E+00 -0.000000E+00
  0.200000E-02  0.133125E+00  0.785321E+00  0.562566E+00  0.446730E+00 -0.760372E-01  0.000000E+00
  0.200000E-02 -0.178107E+00  0.204345E+00 -0.462094E+00  0.465509E+00  0.429993E+00 -0.000000E+00
  0.200000E-02 -0.244940E+00  0.162904E+00  0.394920E+00  0.330071E+00  0.532135E+00 -0.000000E+00
  0.200000E-02 -0.681570E+00  0.662462E+00  0.234775E+00  0.313775E+00  0.328465E+00 -0.000000E+00
  0.200000E-02 -0.304301E+00 -0.625454E+00  0.190204E+00 -0.471604E+00  0.226644E+00  0.000000E+00
  0.200000E-02 -0.391917E+00  0.371001E+00 -0.780715E+00  0.317416E+00  0.345873E+00 -0.000000E+00
  0.200000E-02  0.389183E+00 -0.327057E+00  0.298128E+00 -0.377603E+00 -0.434362E+00  0.000000E+00
  0.200000E-02  0.390978E+00  0.629212E+00 -0.136162E-01  0.445154E+00 -0.280319E+00  0.000000E+00
  0.200000E-02  0.551560E-02 -0.399631E+00 -0.165627E+00 -0.685475E+00 -0.722170E-02  0.000000E+00
  0.200000E-02 -0.618480E+00  0.198629E+00  0.990471E-01  0.161008E+00  0.529585E+00 -0.000000E+00
  0.200000E-02  0.393131E+00 -0.239361E+00  0.784143E+00 -0.249352E+00 -0.391557E+00  0.000000E+00
  0.200000E-02  0.435516E+00 -0.376354E+00 -0.280596E+00 -0.376314E+00 -0.422781E+00  0.000000E+00
  0.200000E-02 -0.833378E+00 -0.316777E+00  0.177896E+00 -0.171088E+00  0.436645E+00  0.000000E+00
  0.200000E-02  0.734659E-01  0.292694E+00 -0.423402E+00  0.624361E+00 -0.159742E+00  0.000000E+00
  0.200000E-02 -0.356257E+00  0.188365E+00 -0.269102E+00  0.294614E+00  0.591185E+00 -0.000000E+00
  0.200000E-02 -0.130524E+00  0.132033E+00 -0.303532E+00  0.535981E+00  0.579627E+00 -0.000000E+00
  0.200000E-02 -0.169532E+00 -0.578892E+00  0.739535E+00 -0.435243E+00  0.126135E+00  0.000000E+00
  0.200000E-02  0.132351E+00  0.870398E+00 -0.141612E+00  0.475056E+00 -0.724340E-01  0.000000E+00
  0.200000E-02  0.173901E+00 -0.460867E+00 -0.353447E+00 -0.547486E+00 -0.200708E+00  0.000000E+00
  0.200000E-02 -0.217233E+00  0.370152E+00  0.911109E-01  0.580729E+00  0.352434E+00 -0.000000E+00
  0.200000E-02  0.317751E-01  0.561314E+00 -0.172042E+00  0.595509E+00 -0.330425E-01  0.000000E+00
  0.200000E-02  0.328224E+00  0.602670E+00  0.675521E+00  0.398065E+00 -0.219731E+00  0.000000E+00
  0.200000E-02 -0.226274E+00 -0.699843E+00  0.478943E+00 -0.450666E+00  0.144371E+00  0.000000E+00
  0.200000E-02  0.392095E+00 -0.333236E+00  0.417014E+00 -0.358171E+00 -0.407633E+00  0.000000E+00
  0.200000E-02  0.167054E+00  0.346002E+00 -0.224527E+00  0.621966E+00 -0.307223E+00  0.000000E+00
  0.200000E-02  0.129468E+00  0.193750E+00  0.515375E+00  0.479377E+00 -0.335058E+00  0.000000E+00
  0.200000E-02 -0.476643E-01 -0.144694E-01 -0.272259E+00 -0.409477E+00  0.810055E+00  0.000000E+00
  0.200000E-02  0.125067E+00  0.429589E+00  0.143683E+00  0.628515E+00 -0.185649E+00  0.000000E+00
  0.200000E-02 -0.220699E-01  0.467574E+00 -0.256265E+00  0.629547E+00  0.320283E-01 -0.000000E+00
  0.200000E-02  0.762175E+00 -0.474570E+00 -0.288100E+00 -0.249682E+00 -0.391919E+00  0.000000E+00
  0.200000E-02  0.533015E+00 -0.231897E+00 -0.308531E+00 -0.231957E+00 -0.509478E+00  0.000000E+00
  0.200000E-02  0.364703E+00  0.256082E-01  0.496679E-01  0.311424E-01 -0.736132E+00  0.000000E+00
  0.200000E-02  0.370186E+00 -0.210974E+00 -0.591571E+00 -0.275503E+00 -0.459564E+00  0.000000E+00
  0.200000E-02  0.745702E+00  0.222858E+00 -0.578757E+00  0.126955E+00 -0.444527E+00  0.000000E+00
  0.200000E-02  0.188862E+00 -0.716933E+00 -0.515340E+00 -0.461157E+00 -0.119014E+00  0.000000E+00
  0.200000E-02 -0.480423E+00  0.145716E+00 -0.559224E+00  0.142984E+00  0.508273E+00 -0.000000E+00
  0.200000E-02 -0.420381E+00  0.847596E+00 -0.105535E+00  0.414491E+00  0.208679E+00 -0.000000E+00
  0.200000E-02 -0.551335E+00  0.731117E-01 -0.744917E+00  0.535284E-01  0.470346E+00 -0.000000E+00
  0.200000E-02  0.273664E+00  0.859229E-01 -0.415628E-01  0.226451E+00 -0.815141E+00  0.000000E+00
  0.200000E-02 -0.412008E-02 -0.846110E-01 -0.236518E+00 -0.947364E+00  0.531179E-01  0.000000E+00
  0.200000E-02  0.868354E+00 -0.147183E+00  0.287385E-01 -0.855109E-01 -0.471062E+00  0.000000E+00
  0.200000E-02 -0.748065E-01 -0.665565E+00  0.593606E+00 -0.465088E+00  0.523066E-01  0.000000E+00
  0.200000E-02 -0.459337E-01  0.427197E+00  0.231811E+00  0.634913E+00  0.717666E-01 -0.000000E+00
  0.200000E-02 -0.671170E+00  0.279705E-02  0.633089E+00 -0.511377E-02  0.462584E+00  0.000000E+00
  0.200000E-02  0.368514E+00  0.125942E+00 -0.102841E+00  0.216103E+00 -0.686001E+00  0.000000E+00
  0.200000E-02 -0.195743E+00 -0.613494E+00  0.451313E+00 -0.475726E+00  0.150210E+00  0.000000E+00
  0.200000E-02  0.888975E-01 -0.545885E+00  0.787386E+00 -0.445692E+00 -0.702861E-01  0.000000E+00
  0.200000E-02  0.814645E+00 -0.470054E+00  0.724133E-01 -0.234675E+00 -0.397465E+00  0.000000E+00
  0.200000E-02 -0.409704E+00 -0.123716E+00  0.180451E+00 -0.200916E+00  0.616343E+00  0.000000E+00
  0.200000E-02 -0.600032E+00 -0.325725E+00  0.685600E+00 -0.220047E+00  0.393799E+00  0.000000E+00
  0.200000E-02  0.152035E+00  0.245748E-02  0.277198E+00 -0.394429E-01 -0.765457E+00  0.000000E+00
  0.200000E-02 -0.302034E+00  0.595427E+00 -0.662877E+00  0.418397E+00  0.216801E+00 -0.000000E+00
  0.200000E-02 -0.819441E+00 -0.246002E+00  0.194245E+00 -0.142235E+00  0.455539E+00  0.000000E+00
  0.200000E-02 -0.576318E+00  0.178036E+00  0.201497E+00  0.156297E+00  0.537907E+00 -0.000000E+00
  0.200000E-02  0.167173E+00 -0.787610E+00 -0.240425E+00 -0.480415E+00 -0.999414E-01  0.000000E+00
  0.200000E-02 -0.440805E+00  0.222749E+00  0.646006E+00  0.213099E+00  0.443208E+00 -0.000000E+00
  0.200000E-02 -0.728012E+00  0.593667E+00 -0.338173E+00  0.283612E+00  0.354473E+00 -0.000000E+00
  0.200000E-02  0.122554E-01 -0.302608E+00  0.131379E-01 -0.799555E+00 -0.282618E-01  0.000000E+00
  0.200000E-02  0.134605E+00 -0.418207E+00 -0.772158E+00 -0.461963E+00 -0.143846E+00  0.000000E+00
  0.200000E-02  0.203818E-01  0.345738E+00 -0.445238E+00  0.615874E+00 -0.352155E-01  0.000000E+00
  0.200000E-02  0.710964E+00 -0.300992E+00  0.104606E+00 -0.203693E+00 -0.464538E+00  0.000000E+00
  0.200000E-02 -0.979328E-03  0.877779E+00  0.197719E+00  0.474970E+00  0.119182E-02 -0.000000E+00
  0.200000E-02 -0.352312E+00  0.679236E+00  0.433485E+00  0.422046E+00  0.223013E+00 -0.000000E+00
  0.200000E-02 -0.114432E+00  0.467895E+00  0.211913E+00  0.598370E+00  0.151179E+00 -0.000000E+00
  0.200000E-02 -0.229122E+00  0.174734E+00 -0.585746E+00  0.331812E+00  0.464566E+00 -0.000000E+00
  0.200000E-02  0.652683E+00  0.166170E+00  0.584725E+00  0.109752E+00 -0.458521E+00  0.000000E+00
  0.200000E-02 -0.464243E-01 -0.189016E+00 -0.190146E+00 -0.860986E+00  0.205785E+00  0.000000E+00
  0.200000E-02 -0.737645E+00 -0.333757E+00  0.250749E+00 -0.204470E+00  0.439178E+00  0.000000E+00
  0.200000E-02 -0.517738E+00  0.150460E+00 -0.323497E+00  0.150158E+00  0.555673E+00 -0.000000E+00
  0.200000E-02 -0.248407E+00  0.395651E-01 -0.563625E-01  0.104542E+00  0.889518E+00 -0.000000E+00
  0.200000E-02 -0.640232E+00  0.113862E+00 -0.737329E+00  0.733095E-01  0.453750E+00 -0.000000E+00
  0.200000E-02  0.425455E+00 -0.436106E+00  0.431990E+00 -0.371354E+00 -0.352985E+00  0.000000E+00
  0.200000E-02 -0.331468E+00  0.855326E+00 -0.374998E+00  0.425021E+00  0.167306E+00 -0.000000E+00
  0.200000E-02 -0.425318E+00  0.733735E+00 -0.416664E+00  0.403391E+00  0.237804E+00 -0.000000E+00
  0.200000E-02 -0.862151E+00 -0.670971E-01  0.134367E+00 -0.427272E-01  0.477045E+00  0.000000E+00
  0.200000E-02 -0.387297E+00  0.409517E+00 -0.479840E+00  0.381593E+00  0.371278E+00 -0.000000E+00
  0.200000E-02  0.276653E+00 -0.182384E+00  0.621357E-01 -0.436370E+00 -0.624049E+00  0.000000E+00
  0.200000E-02 -0.448341E+00  0.948191E-02  0.646152E+00 -0.829876E-03  0.498722E+00  0.000000E+00
  0.200000E-02 -0.431053E+00  0.644124E+00  0.484155E-01  0.423277E+00  0.288631E+00 -0.000000E+00
  0.200000E-02  0.551214E+00 -0.102925E+00 -0.526446E+00 -0.104864E+00 -0.509713E+00  0.000000E+00
  0.200000E-02 -0.373083E+00  0.511086E+00 -0.773362E+00  0.366127E+00  0.273600E+00 -0.000000E+00
  0.200000E-02  0.247766E+00 -0.487952E+00 -0.777698E+00 -0.418306E+00 -0.207035E+00  0.000000E+00
  0.200000E-02  0.699047E+00 -0.499942E+00 -0.181704E+00 -0.283557E+00 -0.387869E+00  0.000000E+00
  0.200000E-02  0.286908E+00  0.766560E-02 -0.152737E+00 -0.725452E-02 -0.808275E+00  0.000000E+00
  0.200000E-02  0.115452E-01  0.237626E-01  0.764987E+00  0.400214E+00 -0.306020E+00  0.000000E+00
  0.200000E-02  0.431379E+00  0.365960E+00  0.264407E+00  0.360632E+00 -0.436108E+00  0.000000E+00
  0.200000E-02  0.883052E+00 -0.327274E+00 -0.909438E-01 -0.165371E+00 -0.432093E+00  0.000000E+00
  0.200000E-02  0.123814E+00 -0.717659E+00 -0.262957E+00 -0.504637E+00 -0.850081E-01  0.000000E+00
  0.200000E-02 -0.214385E+00  0.759715E-01 -0.123390E+00  0.266291E+00  0.873232E+00 -0.000000E+00
  0.200000E-02  0.175162E-01 -0.638413E+00 -0.397389E+00 -0.521421E+00 -0.131180E-01  0.000000E+00
  0.200000E-02  0.403163E+00  0.438135E+00 -0.538805E+00  0.372525E+00 -0.349943E+00  0.000000E+00
  0.200000E-02 -0.326279E+00  0.885053E-01 -0.577771E+00  0.130694E+00  0.546777E+00 -0.000000E+00
  0.200000E-02  0.696074E+00  0.802781E-01  0.271891E-01  0.539089E-01 -0.534775E+00  0.000000E+00
  0.200000E-02  0.284563E+00  0.442550E+00  0.511016E+00  0.434532E+00 -0.284815E+00  0.000000E+00
  0.200000E-02 -0.858992E-01 -0.116539E+00  0.202408E+00 -0.699806E+00  0.480801E+00  0.000000E+00
  0.200000E-02 -0.417307E+00  0.540413E+00  0.867259E-02  0.429376E+00  0.338932E+00 -0.000000E+00
  0.200000E-02  0.163262E+00 -0.525514E+00 -0.222621E+00 -0.560241E+00 -0.169475E+00  0.000000E+00
  0.200000E-02 -0.692211E+00 -0.242796E+00  0.185640E+00 -0.175823E+00  0.481836E+00  0.000000E+00
  0.200000E-02 -0.340028E+00  0.131729E+00  0.708004E+00  0.166240E+00  0.466879E+00 -0.000000E+00
  0.200000E-02  0.760590E+00 -0.577116E+00 -0.549273E-01 -0.280946E+00 -0.363241E+00  0.000000E+00
  0.200000E-02  0.459328E+00 -0.182878E+00 -0.238656E+00 -0.238263E+00 -0.565255E+00  0.000000E+00
  0.200000E-02 -0.130835E+00  0.700718E+00 -0.428084E+00  0.492140E+00  0.941052E-01 -0.000000E+00
  0.200000E-02  0.709609E+00 -0.148715E+00  0.436603E+00 -0.105958E+00 -0.472252E+00  0.000000E+00
  0.200000E-02 -0.263356E+00 -0.492171E+00 -0.519481E+00 -0.460401E+00  0.242438E+00  0.000000E+00
  0.200000E-02 -0.182362E+00 -0.524303E+00  0.426229E+00 -0.498817E+00  0.171295E+00  0.000000E+00
  0.200000E-02 -0.299998E+00  0.262343E-01 -0.136996E+00  0.422652E-01  0.795416E+00 -0.000000E+00
  0.200000E-02  0.491589E+00 -0.157991E+00  0.277168E+00 -0.187884E+00 -0.547712E+00  0.000000E+00
  0.200000E-02  0.532321E+00  0.525592E+00 -0.579664E+00  0.326660E+00 -0.336650E+00  0.000000E+00
  0.200000E-02  0.184105E+00 -0.732467E+00 -0.530875E+00 -0.457327E+00 -0.112628E+00  0.000000E+00
  0.200000E-02  0.414827E+00 -0.259888E+00  0.118047E+00 -0.342368E+00 -0.524266E+00  0.000000E+00
  0.200000E-02  0.317862E+00  0.658004E+00  0.466760E+00  0.431677E+00 -0.211025E+00  0.000000E+00
  0.200000E-02 -0.152847E+00 -0.175362E+00  0.265785E+00 -0.558992E+00  0.463974E+00  0.000000E+00
  0.200000E-02  0.346972E-01  0.687188E+00  0.305689E+00  0.516392E+00 -0.255539E-01  0.000000E+00
  0.200000E-02  0.719925E+00 -0.212985E+00  0.543080E+00 -0.137112E+00 -0.441486E+00  0.000000E+00
  0.200000E-02  0.243409E+00 -0.340927E+00  0.271937E-01 -0.564397E+00 -0.389295E+00  0.000000E+00
  0.200000E-02  0.201566E+00  0.239442E+00  0.400146E+00  0.465756E+00 -0.407146E+00  0.000000E+00
  0.200000E-02  0.585192E+00  0.702013E+00 -0.737122E-01  0.361204E+00 -0.304924E+00  0.000000E+00
  0.200000E-02  0.502441E+00  0.474185E+00 -0.668777E+00  0.316401E+00 -0.341830E+00  0.000000E+00
  0.200000E-02 -0.484578E+00  0.350154E+00 -0.703989E+00  0.272609E+00  0.389578E+00 -0.000000E+00
  0.200000E-02 -0.740736E+00  0.279891E+00 -0.409059E+00  0.164371E+00  0.452244E+00 -0.000000E+00
  0.200000E-02 -0.518203E+00  0.354758E+00  0.522064E+00  0.272318E+00  0.410538E+00 -0.000000E+00
  0.200000E-02  0.442246E+00  0.334423E+00 -0.285800E+00  0.343192E+00 -0.466895E+00  0.000000E+00
  0.200000E-02 -0.987414E+00 -0.136984E+00  0.362881E-01 -0.662161E-01  0.444673E+00  0.000000E+00
  0.200000E-02 -0.353277E+00 -0.355231E+00  0.594841E+00 -0.359340E+00  0.348537E+00  0.000000E+00
  0.200000E-02 -0.881362E+00  0.540880E-01  0.758690E-01  0.236710E-01  0.476335E+00 -0.000000E+00
  0.200000E-02 -0.137692E+00  0.612990E+00 -0.774345E+00  0.446210E+00  0.102817E+00 -0.000000E+00
  0.200000E-02  0.329464E+00 -0.682578E+00 -0.222205E+00 -0.457607E+00 -0.216823E+00  0.000000E+00
  0.200000E-02  0.967195E+00  0.156033E-01 -0.191127E+00  0.252988E-02 -0.454811E+00  0.000000E+00
  0.200000E-02  0.584710E+00  0.484537E+00  0.508469E+00  0.294896E+00 -0.362794E+00  0.000000E+00
  0.200000E-02  0.251650E-02 -0.324061E+00  0.130024E-01 -0.774711E+00 -0.305656E-02  0.000000E+00
  0.200000E-02 -0.330997E-01 -0.260762E+00 -0.482726E+00 -0.615273E+00  0.778701E-01  0.000000E+00
  0.200000E-02 -0.467984E+00  0.556023E+00  0.114751E-02  0.402014E+00  0.345584E+00 -0.000000E+00
  0.200000E-02 -0.520315E+00 -0.512025E+00  0.349490E+00 -0.349282E+00  0.348785E+00  0.000000E+00
  0.200000E-02  0.404291E+00 -0.729375E+00  0.240064E+00 -0.419929E+00 -0.228866E+00  0.000000E+00
  0.200000E-02  0.446830E+00 -0.252411E+00  0.198915E+00 -0.303506E+00 -0.514971E+00  0.000000E+00
  0.200000E-02  0.646066E+00 -0.437376E+00 -0.510039E+00 -0.267698E+00 -0.385674E+00  0.000000E+00
  0.200000E-02  0.335605E+00  0.222752E+00 -0.309489E+00  0.347167E+00 -0.546274E+00  0.000000E+00
  0.200000E-02 -0.166427E+00 -0.459604E+00  0.213986E+00 -0.568161E+00  0.202706E+00  0.000000E+00
  0.200000E-02 -0.439015E+00  0.112038E+00 -0.829617E+00  0.105934E+00  0.458053E+00 -0.000000E+00
  0.200000E-02 -0.485309E+00 -0.390219E+00 -0.250081E+00 -0.350277E+00  0.425553E+00  0.000000E+00
  0.200000E-02  0.394478E+00 -0.447709E+00  0.655652E-01 -0.436536E+00 -0.374899E+00  0.000000E+00
  0.200000E-02 -0.730947E+00 -0.999838E-01  0.528403E+00 -0.695006E-01  0.461689E+00  0.000000E+00
  0.200000E-02 -0.329941E+00  0.100082E+00 -0.582419E+00  0.146384E+00  0.539483E+00 -0.000000E+00
  0.200000E-02  0.839236E-01 -0.152868E+00 -0.479862E+00 -0.577364E+00 -0.292849E+00  0.000000E+00
  0.200000E-02  0.517531E+00 -0.513782E+00  0.266218E+00 -0.359714E+00 -0.354443E+00  0.000000E+00
  0.200000E-02  0.194856E+00  0.356571E+00  0.573106E+00  0.461556E+00 -0.258082E+00  0.000000E+00
  0.200000E-02  0.426945E+00 -0.458960E+00 -0.594652E+00 -0.362121E+00 -0.328592E+00  0.000000E+00
  0.200000E-02 -0.298285E+00  0.172721E+00 -0.843574E+00  0.228820E+00  0.421733E+00 -0.000000E+00
  0.200000E-02  0.812359E-01 -0.329441E+00  0.266002E+00 -0.646284E+00 -0.152287E+00  0.000000E+00
  0.200000E-02 -0.187699E+00  0.217144E+00 -0.642153E+00  0.405767E+00  0.370434E+00 -0.000000E+00
  0.200000E-02  0.195866E+00  0.804081E-01 -0.173480E+00  0.305032E+00 -0.846135E+00  0.000000E+00
  0.200000E-02 -0.467175E+00  0.233731E+00  0.623158E+00  0.211920E+00  0.444103E+00 -0.000000E+00
  0.200000E-02 -0.654976E+00  0.596739E+00  0.275699E+00  0.310547E+00  0.347433E+00 -0.000000E+00
  0.200000E-02  0.508550E+00 -0.286143E+00 -0.262303E+00 -0.285773E+00 -0.489206E+00  0.000000E+00
  0.200000E-02 -0.209748E+00  0.626067E+00 -0.506154E+00  0.474497E+00  0.162532E+00 -0.000000E+00
  0.200000E-02 -0.497806E+00 -0.269654E-01  0.175143E+00 -0.454432E-01  0.609655E+00  0.000000E+00
  0.200000E-02 -0.301923E+00  0.286970E+00  0.868181E+00  0.304948E+00  0.334018E+00 -0.000000E+00
  0.200000E-02 -0.377304E+00  0.653636E+00  0.135752E+00  0.443384E+00  0.260833E+00 -0.000000E+00
  0.200000E-02  0.286691E+00  0.698132E+00 -0.206317E+00  0.475267E+00 -0.197245E+00  0.000000E+00
  0.200000E-02  0.482188E+00  0.239123E+00  0.952613E-01  0.261255E+00 -0.548995E+00  0.000000E+00
  0.200000E-02  0.549786E+00  0.881989E-01 -0.328979E+00  0.798801E-01 -0.562035E+00  0.000000E+00
  0.200000E-02 -0.243367E+00 -0.345876E+00 -0.648887E+00 -0.427593E+00  0.293661E+00  0.000000E+00
  0.200000E-02  0.158488E+00 -0.801144E+00 -0.364349E-01 -0.485941E+00 -0.942030E-01  0.000000E+00
  0.200000E-02  0.760869E+00  0.918997E-01 -0.571615E+00  0.497441E-01 -0.462708E+00  0.000000E+00
  0.200000E-02 -0.231382E+00  0.231713E+00 -0.589950E+00  0.386937E+00  0.406323E+00 -0.000000E+00
  0.200000E-02  0.512479E-01 -0.645685E+00 -0.177067E+00 -0.546747E+00 -0.417201E-01  0.000000E+00
  0.200000E-02  0.151079E+00 -0.167643E+00  0.425239E+00 -0.480187E+00 -0.404619E+00  0.000000E+00
  0.200000E-02  0.605341E+00 -0.275365E+00  0.518608E+00 -0.206633E+00 -0.437107E+00  0.000000E+00
  0.200000E-02 -0.398851E+00  0.645637E+00 -0.310390E-01  0.439472E+00  0.276689E+00 -0.000000E+00
  0.200000E-02  0.500601E+00 -0.512703E+00 -0.624318E+00 -0.336680E+00 -0.321532E+00  0.000000E+00
  0.200000E-02 -0.153529E-01 -0.406482E+00 -0.782441E-01 -0.694210E+00  0.275718E-01  0.000000E+00
  0.200000E-02 -0.574989E+00  0.528603E+00  0.445290E-01  0.341028E+00  0.379062E+00 -0.000000E+00
  0.200000E-02 -0.819050E+00  0.728778E-01  0.428885E-01  0.377047E-01  0.493667E+00 -0.000000E+00
  0.200000E-02  0.325105E+00  0.623202E+00 -0.477890E-01  0.477781E+00 -0.252470E+00  0.000000E+00
  0.200000E-02 -0.336456E-02  0.198060E+00  0.466945E+00  0.615767E+00  0.149561E-01 -0.000000E+00
  0.200000E-02  0.247206E+00  0.471334E+00 -0.659426E+00  0.439494E+00 -0.234479E+00  0.000000E+00
  0.200000E-02  0.343719E+00  0.175799E+00 -0.842380E+00  0.207051E+00 -0.428338E+00  0.000000E+00
  0.200000E-02  0.304624E+00 -0.103413E+00  0.935154E+00 -0.156232E+00 -0.417140E+00  0.000000E+00
  0.200000E-02  0.414118E+00 -0.451148E+00 -0.264544E+00 -0.412383E+00 -0.369071E+00  0.000000E+00
  0.200000E-02  0.572777E+00  0.534226E+00  0.451658E+00  0.318036E+00 -0.346916E+00  0.000000E+00
  0.200000E-02  0.334042E+00  0.591502E-01 -0.897572E+00  0.679254E-01 -0.462152E+00  0.000000E+00
  0.200000E-02  0.334093E+00  0.628023E+00 -0.210243E+00  0.465606E+00 -0.250890E+00  0.000000E+00
  0.200000E-02 -0.372913E+00  0.324277E+00 -0.496192E+00  0.352574E+00  0.420006E+00 -0.000000E+00
  0.200000E-02  0.773054E-01  0.450158E+00 -0.504312E+00  0.550214E+00 -0.951873E-01  0.000000E+00
  0.200000E-02  0.404393E+00  0.747572E+00  0.346253E+00  0.411222E+00 -0.224866E+00  0.000000E+00
  0.200000E-02 -0.215326E+00 -0.719669E+00  0.208314E+00 -0.482775E+00  0.143215E+00  0.000000E+00
  0.200000E-02 -0.507327E-01  0.800553E+00 -0.205395E+00  0.498724E+00  0.327700E-01 -0.000000E+00
  0.200000E-02  0.814700E+00 -0.752202E-01 -0.303235E+00 -0.506452E-01 -0.482152E+00  0.000000E+00
  0.200000E-02 -0.574795E-01 -0.509455E+00 -0.274242E+00 -0.589134E+00  0.665186E-01  0.000000E+00
  0.200000E-02 -0.616467E+00  0.366098E-01  0.308615E+00  0.228499E-01  0.535014E+00 -0.000000E+00
  0.200000E-02  0.651253E+00 -0.508098E+00  0.519587E+00 -0.280814E+00 -0.352179E+00  0.000000E+00
  0.200000E-02 -0.369908E+00 -0.370242E+00 -0.388390E+00 -0.402812E+00  0.392896E+00  0.000000E+00
  0.200000E-02  0.277707E+00 -0.181435E+00 -0.439864E+00 -0.352724E+00 -0.508865E+00  0.000000E+00
  0.200000E-02 -0.226007E+00 -0.426017E+00 -0.351826E+00 -0.521215E+00  0.271457E+00  0.000000E+00
  0.200000E-02 -0.284373E+00 -0.218801E+00  0.331747E+00 -0.391746E+00  0.488455E+00  0.000000E+00
  0.200000E-02 -0.379502E+00  0.632810E+00 -0.258018E+00  0.439292E+00  0.268621E+00 -0.000000E+00
  0.200000E-02 -0.337149E+00 -0.610302E+00  0.677324E+00 -0.394733E+00  0.215229E+00  0.000000E+00
  0.200000E-02  0.164050E+00 -0.289067E+00 -0.870267E+00 -0.415670E+00 -0.226173E+00  0.000000E+00
  0.200000E-02 -0.353990E+00 -0.620982E+00 -0.556204E-01 -0.460697E+00  0.259237E+00  0.000000E+00
  0.200000E-02  0.578898E+00 -0.188420E+00 -0.336683E+00 -0.177140E+00 -0.515148E+00  0.000000E+00
  0.200000E-02 -0.547506E-02 -0.177302E-01  0.891035E+00 -0.455323E+00  0.108662E+00  0.000000E+00
  0.200000E-02  0.137901E+00 -0.890164E+00 -0.364878E+00 -0.451864E+00 -0.686049E-01  0.000000E+00
  0.200000E-02  0.333192E+00  0.221083E+00 -0.310342E+00  0.347695E+00 -0.547457E+00  0.000000E+00
  0.200000E-02  0.745105E-01  0.951084E+00  0.235178E+00  0.452970E+00 -0.352962E-01  0.000000E+00
  0.200000E-02  0.185712E+00  0.112464E-01 -0.501686E+00  0.349169E-02 -0.633835E+00  0.000000E+00
  0.200000E-02  0.921224E-01  0.840796E+00 -0.151033E+00  0.486953E+00 -0.533083E-01  0.000000E+00
  0.200000E-02  0.758820E+00  0.290976E+00  0.902337E-01  0.172963E+00 -0.466759E+00  0.000000E+00
  0.200000E-02 -0.565123E+00  0.639158E+00  0.193541E-01  0.363159E+00  0.327008E+00 -0.000000E+00
  0.200000E-02  0.332405E+00  0.501651E+00 -0.363285E+00  0.452983E+00 -0.305301E+00  0.000000E+00
  0.200000E-02 -0.448708E+00 -0.185910E+00 -0.341876E+00 -0.236115E+00  0.541599E+00  0.000000E+00
  0.200000E-02  0.701767E+00 -0.519967E+00  0.391075E+00 -0.274961E+00 -0.363317E+00  0.000000E+00
  0.200000E-02  0.821182E+00  0.338487E+00  0.998906E-01  0.176964E+00 -0.442055E+00  0.000000E+00
  0.200000E-02 -0.510341E-01  0.830140E+00  0.280347E+00  0.478957E+00  0.305115E-01 -0.000000E+00
  0.200000E-02 -0.366956E+00 -0.523475E+00  0.620192E+00 -0.386170E+00  0.266383E+00  0.000000E+00
  0.200000E-02  0.303227E+00  0.450911E+00  0.214021E+00  0.483884E+00 -0.331640E+00  0.000000E+00
  0.200000E-02 -0.194339E+00  0.417302E+00 -0.816668E+00  0.426439E+00  0.204839E+00 -0.000000E+00
  0.200000E-02  0.581745E-01  0.190627E+00  0.781692E+00  0.469306E+00 -0.148226E+00  0.000000E+00
  0.200000E-02 -0.291136E+00  0.372725E+00  0.121760E+00  0.500096E+00  0.403302E+00 -0.000000E+00
  0.200000E-02  0.787534E+00 -0.324625E+00  0.566390E-01 -0.190194E+00 -0.446631E+00  0.000000E+00
  0.200000E-02  0.110533E+00  0.131521E+00  0.768219E+00  0.369713E+00 -0.333268E+00  0.000000E+00
  0.200000E-02 -0.382094E-01  0.461152E+00 -0.322531E+00  0.611457E+00  0.534365E-01 -0.000000E+00
  0.200000E-02  0.118647E+00 -0.483898E+00  0.223075E+00 -0.580579E+00 -0.137998E+00  0.000000E+00
  0.200000E-02 -0.102973E+00  0.377938E+00 -0.661890E+00  0.504599E+00  0.142951E+00 -0.000000E+00
  0.200000E-02 -0.279099E+00 -0.781067E+00  0.403073E+00 -0.436156E+00  0.154497E+00  0.000000E+00
  0.200000E-02  0.434114E-01  0.131499E+00  0.699706E+00  0.492867E+00 -0.171568E+00  0.000000E+00
  0.200000E-02  0.307645E+00 -0.585869E+00 -0.538395E+00 -0.436755E+00 -0.224530E+00  0.000000E+00
  0.200000E-02  0.599054E+00 -0.251821E+00 -0.328431E+00 -0.213396E+00 -0.486852E+00  0.000000E+00
  0.200000E-02  0.256171E+00  0.586653E+00 -0.194165E+00  0.510187E+00 -0.225675E+00  0.000000E+00
  0.200000E-02  0.655542E+00 -0.325070E+00 -0.262706E+00 -0.233804E+00 -0.456273E+00  0.000000E+00
  0.200000E-02 -0.652154E+00 -0.278318E+00 -0.389048E+00 -0.203484E+00  0.460743E+00  0.000000E+00
  0.200000E-02  0.428831E+00  0.388555E+00  0.390803E+00  0.353656E+00 -0.399748E+00  0.000000E+00
  0.200000E-02 -0.687597E+00  0.487427E+00 -0.413940E-01  0.279946E+00  0.404078E+00 -0.000000E+00
  0.200000E-02  0.452767E+00  0.521125E+00  0.612864E+00  0.347963E+00 -0.307557E+00  0.000000E+00
  0.200000E-02  0.385383E+00  0.571069E+00  0.293011E+00  0.427604E+00 -0.292916E+00  0.000000E+00
  0.200000E-02  0.231630E+00 -0.447424E+00 -0.246443E+00 -0.539409E+00 -0.271597E+00  0.000000E+00
  0.200000E-02 -0.617185E+00  0.212581E+00 -0.425777E+00  0.160513E+00  0.490524E+00 -0.000000E+00
  0.200000E-02 -0.420676E+00  0.345810E+00  0.214000E+00  0.363840E+00  0.457400E+00 -0.000000E+00
  0.200000E-02  0.565912E+00 -0.170006E+00 -0.618049E+00 -0.149902E+00 -0.469672E+00  0.000000E+00
  0.200000E-02  0.906765E+00  0.313921E+00 -0.131919E+00  0.146010E+00 -0.435382E+00  0.000000E+00
  0.200000E-02  0.617554E+00 -0.197264E+00  0.730228E-01 -0.176878E+00 -0.525411E+00  0.000000E+00
  0.200000E-02 -0.603140E-01 -0.698348E+00 -0.659050E+00 -0.460503E+00  0.399762E-01  0.000000E+00
  0.200000E-02 -0.526250E-02  0.389701E+00 -0.428767E+00  0.607469E+00  0.103415E-01 -0.000000E+00
  0.200000E-02 -0.862779E-01  0.695048E+00 -0.989079E-01  0.535991E+00  0.684651E-01 -0.000000E+00
  0.200000E-02  0.432306E+00 -0.304438E+00 -0.537013E+00 -0.309593E+00 -0.424156E+00  0.000000E+00
  0.200000E-02  0.313375E+00  0.117450E+00 -0.916209E+00  0.150511E+00 -0.438223E+00  0.000000E+00
  0.200000E-02  0.116625E+00  0.151557E+00 -0.217457E+00  0.683887E+00 -0.558560E+00  0.000000E+00
  0.200000E-02 -0.420848E-01 -0.502934E-01 -0.839256E+00 -0.406693E+00  0.290841E+00  0.000000E+00
  0.200000E-02  0.824854E+00  0.604696E-01  0.516794E+00  0.275162E-01 -0.451116E+00  0.000000E+00
  0.200000E-02 -0.765435E+00 -0.242451E+00  0.164931E+00 -0.154524E+00  0.468824E+00  0.000000E+00
  0.200000E-02  0.727424E-01  0.546248E-02  0.300648E+00 -0.512432E-01 -0.769002E+00  0.000000E+00
  0.200000E-02 -0.394127E+00 -0.336590E+00  0.765963E+00 -0.303488E+00  0.345932E+00  0.000000E+00
  0.200000E-02 -0.310747E+00  0.260392E+00 -0.407539E+00  0.380263E+00  0.474176E+00 -0.000000E+00
  0.200000E-02  0.326041E+00  0.678911E+00 -0.623550E+00  0.415357E+00 -0.201780E+00  0.000000E+00
  0.200000E-02  0.122264E+00  0.210869E-01 -0.166388E+00  0.945459E-01 -0.105429E+01  0.000000E+00
  0.200000E-02 -0.128331E+00  0.334274E+00 -0.550899E+00  0.528633E+00  0.211308E+00 -0.000000E+00
  0.200000E-02  0.222201E-01 -0.233312E+00  0.469810E+00 -0.599775E+00 -0.517723E-01  0.000000E+00
  0.200000E-02 -0.105452E+00 -0.178409E+00  0.603828E+00 -0.477736E+00  0.270096E+00  0.000000E+00
  0.200000E-02  0.381375E-01  0.819133E+00 -0.542384E+00  0.459560E+00 -0.209866E-01  0.000000E+00
  0.200000E-02 -0.545872E+00  0.577694E-01 -0.819713E+00  0.397670E-01  0.457626E+00 -0.000000E+00
  0.200000E-02 -0.451490E+00  0.342851E+00 -0.440079E+00  0.319856E+00  0.435315E+00 -0.000000E+00
  0.200000E-02 -0.462025E+00  0.188101E+00 -0.159490E-01  0.228935E+00  0.596205E+00 -0.000000E+00
  0.200000E-02 -0.470969E+00  0.104278E+00  0.254157E+00  0.117429E+00  0.589546E+00 -0.000000E+00
  0.200000E-02  0.431482E+00  0.663892E+00  0.127281E+00  0.420569E+00 -0.276847E+00  0.000000E+00
  0.200000E-02  0.553807E+00 -0.156809E-01  0.585035E+00 -0.231456E-01 -0.493635E+00  0.000000E+00
  0.200000E-02 -0.271946E+00 -0.142578E+00  0.502876E+00 -0.278964E+00  0.498648E+00  0.000000E+00
  0.200000E-02 -0.285447E+00 -0.229701E+00 -0.204288E+00 -0.450355E+00  0.538036E+00  0.000000E+00
  0.200000E-02  0.694075E+00 -0.126584E+00 -0.463427E+00 -0.958427E-01 -0.485382E+00  0.000000E+00
  0.200000E-02 -0.156936E+00  0.381114E+00  0.769278E+00  0.436926E+00  0.186292E+00 -0.000000E+00
  0.200000E-02  0.152474E+00  0.266570E+00 -0.520178E-01  0.709600E+00 -0.418763E+00  0.000000E+00
  0.200000E-02  0.422739E+00  0.657930E-01  0.258299E+00  0.819275E-01 -0.621562E+00  0.000000E+00
  0.200000E-02  0.683341E+00  0.619953E+00 -0.104509E+00  0.313041E+00 -0.350223E+00  0.000000E+00
  0.200000E-02  0.309620E+00  0.741509E+00 -0.351827E+00  0.448299E+00 -0.189074E+00  0.000000E+00
  0.200000E-02  0.217641E+00 -0.719502E+00 -0.543954E-01 -0.494399E+00 -0.146642E+00  0.000000E+00
  0.200000E-02  0.232017E+00 -0.789723E+00  0.133387E+00 -0.469243E+00 -0.135396E+00  0.000000E+00
  0.200000E-02  0.641172E+00  0.283258E+00  0.634286E+00  0.179868E+00 -0.421609E+00  0.000000E+00
  0.200000E-02  0.838331E+00 -0.350805E+00 -0.858173E-02 -0.186608E+00 -0.432690E+00  0.000000E+00
  0.200000E-02  0.216746E+00 -0.299325E-01 -0.103662E-02 -0.175132E+00 -0.939920E+00  0.000000E+00
  0.200000E-02  0.579215E+00  0.670559E+00 -0.186827E+00  0.358712E+00 -0.313997E+00  0.000000E+00
  0.200000E-02  0.241632E+00  0.721751E-01 -0.681142E+00  0.134729E+00 -0.522938E+00  0.000000E+00
  0.200000E-02  0.724258E-01  0.309693E+00 -0.202929E+00  0.738119E+00 -0.175564E+00  0.000000E+00
  0.200000E-02  0.237766E+00  0.468786E+00 -0.225576E+00  0.538820E+00 -0.277976E+00  0.000000E+00
  0.200000E-02 -0.209037E+00 -0.644041E+00  0.159145E+00 -0.507207E+00  0.162979E+00  0.000000E+00
  0.200000E-02  0.928620E+00  0.235481E+00  0.811433E-01  0.108333E+00 -0.446039E+00  0.000000E+00
  0.200000E-02  0.527752E+00 -0.276543E+00  0.494114E+00 -0.240920E+00 -0.442362E+00  0.000000E+00
  0.200000E-02 -0.212871E+00  0.222745E+00  0.651859E+00  0.366568E+00  0.369248E+00 -0.000000E+00
  0.200000E-02 -0.385603E+00 -0.831442E+00 -0.971955E-01 -0.424330E+00  0.195006E+00  0.000000E+00
  0.200000E-02  0.272628E+00 -0.729416E+00 -0.312195E-01 -0.475936E+00 -0.174656E+00  0.000000E+00
  0.200000E-02 -0.126017E+00 -0.316983E+00  0.432345E+00 -0.549475E+00  0.213626E+00  0.000000E+00
  0.200000E-02  0.453731E+00  0.292351E+00  0.541975E+00  0.268879E+00 -0.431294E+00  0.000000E+00
  0.200000E-02 -0.332580E+00  0.338859E+00  0.291378E+00  0.418338E+00  0.424892E+00 -0.000000E+00
  0.200000E-02  0.456634E+00 -0.590481E+00 -0.418613E+00 -0.389655E+00 -0.295422E+00  0.000000E+00
  0.200000E-02 -0.100735E+00 -0.162514E+00 -0.435622E+00 -0.577648E+00  0.340859E+00  0.000000E+00
  0.200000E-02 -0.261811E+00 -0.523735E+00  0.226467E+00 -0.501030E+00  0.246786E+00  0.000000E+00
  0.200000E-02 -0.642026E+00  0.499903E+00 -0.270612E+00  0.296930E+00  0.390040E+00 -0.000000E+00
  0.200000E-02 -0.152785E+00 -0.238852E+00 -0.327360E-01 -0.707326E+00  0.437270E+00  0.000000E+00
  0.200000E-02  0.782244E+00  0.489064E-01 -0.268146E+00  0.246275E-01 -0.497337E+00  0.000000E+00
  0.200000E-02  0.108841E+00 -0.519851E-01  0.425600E-01 -0.590741E+00 -0.102209E+01  0.000000E+00
  0.200000E-02 -0.634051E+00  0.577865E+00  0.109399E+00  0.322637E+00  0.361068E+00 -0.000000E+00
  0.200000E-02  0.705030E+00  0.569185E+00  0.357219E+00  0.282741E+00 -0.356026E+00  0.000000E+00
  0.200000E-02 -0.492015E+00 -0.586626E+00  0.106871E+00 -0.391087E+00  0.323175E+00  0.000000E+00
  0.200000E-02  0.474445E+00 -0.503350E+00 -0.202553E+00 -0.390341E+00 -0.359686E+00  0.000000E+00
  0.200000E-02 -0.616717E+00  0.301943E+00  0.162064E+00  0.227911E+00  0.482766E+00 -0.000000E+00
  0.200000E-02  0.277708E+00 -0.152857E-02  0.675422E+00 -0.219274E-01 -0.515641E+00  0.000000E+00
  0.200000E-02  0.468289E+00  0.665558E+00 -0.516436E+00  0.378163E+00 -0.269540E+00  0.000000E+00
  0.200000E-02 -0.469893E+00  0.619330E-01  0.309242E+00  0.642216E-01  0.585154E+00 -0.000000E+00
  0.200000E-02 -0.873228E-01  0.978458E+00  0.164166E+00  0.449938E+00  0.411356E-01 -0.000000E+00
  0.200000E-02  0.360730E+00  0.580478E+00  0.388306E+00  0.426989E+00 -0.269210E+00  0.000000E+00
  0.200000E-02  0.586490E+00  0.707766E+00 -0.166919E+00  0.359318E+00 -0.301499E+00  0.000000E+00
  0.200000E-02  0.630479E+00  0.471009E+00 -0.489923E+00  0.279596E+00 -0.381841E+00  0.000000E+00
  0.200000E-02  0.350374E+00  0.351425E+00 -0.241756E+00  0.431549E+00 -0.441644E+00  0.000000E+00
  0.200000E-02 -0.126780E+00  0.290556E+00  0.923148E+00  0.408494E+00  0.186490E+00 -0.000000E+00
  0.200000E-02 -0.216600E+00 -0.296355E+00  0.139613E+00 -0.570399E+00  0.405211E+00  0.000000E+00
  0.200000E-02 -0.259197E+00 -0.721930E+00 -0.310600E+00 -0.466705E+00  0.165985E+00  0.000000E+00
  0.200000E-02 -0.908302E-02  0.478107E+00  0.354401E+00  0.577305E+00  0.126850E-01 -0.000000E+00
  0.200000E-02  0.305053E+00 -0.624950E+00  0.103830E+00 -0.479333E+00 -0.229302E+00  0.000000E+00
  0.200000E-02 -0.193750E+00  0.849622E-01 -0.270131E+00  0.286445E+00  0.747221E+00 -0.000000E+00
  0.200000E-02  0.517467E+00  0.252971E+00 -0.153761E+00  0.250726E+00 -0.533251E+00  0.000000E+00
  0.200000E-02  0.333086E+00  0.686695E+00  0.316070E+00  0.443371E+00 -0.217527E+00  0.000000E+00
  0.200000E-02  0.471554E+00 -0.182808E+00  0.497648E+00 -0.199337E+00 -0.485703E+00  0.000000E+00
  0.200000E-02  0.463640E+00  0.846538E+00 -0.217997E+00  0.399137E+00 -0.220705E+00  0.000000E+00
  0.200000E-02 -0.311099E+00 -0.143385E+00  0.328639E+00 -0.280432E+00  0.570112E+00  0.000000E+00
  0.200000E-02 -0.812000E-01 -0.822274E-01  0.455664E+00 -0.473325E+00  0.421825E+00  0.000000E+00
  0.200000E-02 -0.246770E+00 -0.182616E+00 -0.390775E+00 -0.400256E+00  0.514661E+00  0.000000E+00
  0.200000E-02 -0.583723E+00  0.101202E+00  0.739362E+00  0.701156E-01  0.450821E+00 -0.000000E+00
  0.200000E-02 -0.693176E+00 -0.731674E-01  0.113598E+00 -0.634838E-01  0.528572E+00  0.000000E+00
  0.200000E-02 -0.501143E+00 -0.217176E+00  0.240769E+00 -0.236553E+00  0.522547E+00  0.000000E+00
  0.200000E-02  0.130367E+00 -0.539813E+00 -0.342834E+00 -0.545665E+00 -0.128141E+00  0.000000E+00
  0.200000E-02  0.130744E+00  0.847663E+00 -0.107974E+00  0.482148E+00 -0.745859E-01  0.000000E+00
  0.200000E-02  0.178824E+00  0.266230E+00 -0.310400E+00  0.572251E+00 -0.397059E+00  0.000000E+00
  0.200000E-02 -0.332349E+00  0.213021E+00  0.159881E+00  0.354350E+00  0.582827E+00 -0.000000E+00
  0.200000E-02 -0.327867E+00  0.227246E+00 -0.823262E+00  0.263584E+00  0.399677E+00 -0.000000E+00
  0.200000E-02  0.653629E-01  0.774927E-01 -0.684221E+00  0.401349E+00 -0.382867E+00  0.000000E+00
  0.200000E-02 -0.798357E+00  0.596977E+00  0.436995E-01  0.266945E+00  0.363763E+00 -0.000000E+00
  0.200000E-02  0.188365E+00  0.371479E+00  0.624458E+00  0.454494E+00 -0.235478E+00  0.000000E+00
  0.200000E-02  0.411788E+00 -0.859200E+00 -0.204528E+00 -0.411722E+00 -0.194437E+00  0.000000E+00
  0.200000E-02 -0.977149E-01  0.170245E+00 -0.331735E+00  0.643945E+00  0.398052E+00 -0.000000E+00
  0.200000E-02 -0.525601E+00 -0.240053E+00  0.607854E+00 -0.207482E+00  0.436711E+00  0.000000E+00
  0.200000E-02  0.333221E+00 -0.494112E+00 -0.393054E+00 -0.448216E+00 -0.295075E+00  0.000000E+00
  0.200000E-02 -0.410330E+00 -0.421566E+00  0.309141E+00 -0.392879E+00  0.374437E+00  0.000000E+00
  0.200000E-02 -0.337556E+00 -0.600132E+00 -0.396514E+00 -0.443464E+00  0.246124E+00  0.000000E+00
  0.200000E-02 -0.464869E+00  0.548098E+00 -0.228031E+00  0.395869E+00  0.343023E+00 -0.000000E+00
  0.200000E-02 -0.555331E+00 -0.449579E+00  0.134393E+00 -0.332971E+00  0.403011E+00  0.000000E+00
  0.200000E-02 -0.125435E+00  0.711508E+00  0.517304E+00  0.466754E+00  0.842837E-01 -0.000000E+00
  0.200000E-02 -0.846934E+00 -0.230324E+00  0.129460E+00 -0.129693E+00  0.457266E+00  0.000000E+00
  0.200000E-02 -0.458945E+00 -0.127630E-01  0.836728E+00 -0.226411E-01  0.453101E+00  0.000000E+00
  0.200000E-02  0.709021E+00 -0.821081E-01 -0.625592E+00 -0.604278E-01 -0.463213E+00  0.000000E+00
  0.200000E-02  0.481595E-01 -0.757848E+00 -0.268243E+00 -0.500687E+00 -0.306130E-01  0.000000E+00
  0.200000E-02 -0.288962E+00  0.477945E+00  0.601617E+00  0.417278E+00  0.258869E+00 -0.000000E+00
  0.200000E-02 -0.702479E+00  0.286460E+00 -0.317929E+00  0.182930E+00  0.466001E+00 -0.000000E+00
  0.200000E-02 -0.419136E+00 -0.303986E+00  0.239015E+00 -0.350491E+00  0.468861E+00  0.000000E+00
  0.200000E-02 -0.249953E+00  0.290873E+00  0.799840E+00  0.350807E+00  0.313941E+00 -0.000000E+00
  0.200000E-02 -0.872589E+00 -0.273121E+00 -0.577769E-01 -0.144804E+00  0.446540E+00  0.000000E+00
  0.200000E-02 -0.528455E-02 -0.546025E+00  0.252783E+00 -0.569061E+00  0.663136E-02  0.000000E+00
  0.200000E-02  0.803067E+00  0.231275E+00  0.104375E+00  0.130249E+00 -0.472496E+00  0.000000E+00
  0.200000E-02 -0.260697E+00 -0.797891E+00 -0.231114E+00 -0.458326E+00  0.148533E+00  0.000000E+00
  0.200000E-02 -0.127372E+00  0.223613E+00 -0.187394E+00  0.711736E+00  0.428843E+00 -0.000000E+00
  0.200000E-02 -0.718389E+00 -0.150404E+00  0.460397E+00 -0.104101E+00  0.466338E+00  0.000000E+00
  0.200000E-02 -0.581145E+00 -0.273797E+00 -0.143041E+00 -0.243325E+00  0.498892E+00  0.000000E+00
  0.200000E-02 -0.599531E-01 -0.412819E+00  0.839130E+00 -0.451991E+00  0.653341E-01  0.000000E+00
  0.200000E-02  0.822820E+00  0.480549E+00 -0.197469E+00  0.228053E+00 -0.398397E+00  0.000000E+00
  0.200000E-02  0.424139E+00 -0.450810E+00 -0.532917E+00 -0.370497E+00 -0.339881E+00  0.000000E+00
  0.200000E-02  0.415933E+00 -0.453616E+00 -0.416581E+00 -0.392321E+00 -0.350782E+00  0.000000E+00
  0.200000E-02 -0.372478E+00  0.523169E+00 -0.192865E+00  0.449573E+00  0.327514E+00 -0.000000E+00
  0.200000E-02 -0.375124E+00 -0.234066E+00  0.791579E+00 -0.252935E+00  0.389630E+00  0.000000E+00
  0.200000E-02  0.509231E+00  0.437213E+00  0.673929E+00  0.294071E+00 -0.349891E+00  0.000000E+00
  0.200000E-02 -0.806257E+00  0.622410E-01  0.109039E+00  0.319157E-01  0.495480E+00 -0.000000E+00
  0.200000E-02 -0.301627E-01  0.486164E+00  0.464740E+00  0.540910E+00  0.356417E-01 -0.000000E+00
  0.200000E-02 -0.320157E+00 -0.493008E+00  0.777955E+00 -0.377990E+00  0.241375E+00  0.000000E+00
  0.200000E-02 -0.709945E-01  0.975808E-02  0.606470E+00 -0.366745E-02  0.561098E+00  0.000000E+00
  0.200000E-02  0.268618E+00 -0.266408E+00  0.796906E+00 -0.338341E+00 -0.327068E+00  0.000000E+00
  0.200000E-02  0.909571E+00  0.762682E-01  0.393245E-02  0.341759E-01 -0.470098E+00  0.000000E+00
  0.200000E-02  0.841464E+00 -0.170631E+00  0.165408E+00 -0.100824E+00 -0.468421E+00  0.000000E+00
  0.200000E-02 -0.256114E+00 -0.333369E+00  0.564762E+00 -0.419958E+00  0.314495E+00  0.000000E+00
  0.200000E-02  0.530263E-01  0.385615E+00 -0.497468E+00  0.575622E+00 -0.794751E-01  0.000000E+00
  0.200000E-02  0.285813E+00  0.184640E+00 -0.149481E-01  0.406672E+00 -0.663636E+00  0.000000E+00
